-3.927200000000e-06	0.000000000000e+00	0.000000000000e+00	0.000000000000e+00
-3.927000000000e-06	0.000000000000e+00	0.000000000000e+00	0.000000000000e+00
-3.926800000000e-06	0.000000000000e+00	0.000000000000e+00	0.000000000000e+00
-3.926600000000e-06	0.000000000000e+00	0.000000000000e+00	0.000000000000e+00
-3.926400000000e-06	0.000000000000e+00	0.000000000000e+00	0.000000000000e+00
-3.926200000000e-06	0.000000000000e+00	0.000000000000e+00	0.000000000000e+00
-3.926000000000e-06	0.000000000000e+00	0.000000000000e+00	0.000000000000e+00
-3.925800000000e-06	0.000000000000e+00	0.000000000000e+00	0.000000000000e+00
-3.925600000000e-06	0.000000000000e+00	0.000000000000e+00	0.000000000000e+00
-3.925400000000e-06	0.000000000000e+00	0.000000000000e+00	0.000000000000e+00
-3.925200000000e-06	0.000000000000e+00	0.000000000000e+00	0.000000000000e+00
-3.925000000000e-06	0.000000000000e+00	0.000000000000e+00	0.000000000000e+00
-3.924800000000e-06	0.000000000000e+00	0.000000000000e+00	0.000000000000e+00
-3.924600000000e-06	0.000000000000e+00	0.000000000000e+00	0.000000000000e+00
-3.924400000000e-06	0.000000000000e+00	0.000000000000e+00	0.000000000000e+00
-3.924200000000e-06	0.000000000000e+00	0.000000000000e+00	0.000000000000e+00
-3.924000000000e-06	0.000000000000e+00	0.000000000000e+00	0.000000000000e+00
-3.923800000000e-06	0.000000000000e+00	0.000000000000e+00	0.000000000000e+00
-3.923600000000e-06	0.000000000000e+00	0.000000000000e+00	0.000000000000e+00
-3.923400000000e-06	0.000000000000e+00	0.000000000000e+00	0.000000000000e+00
-3.923200000000e-06	0.000000000000e+00	0.000000000000e+00	0.000000000000e+00
-3.923000000000e-06	0.000000000000e+00	0.000000000000e+00	0.000000000000e+00
-3.922800000000e-06	0.000000000000e+00	0.000000000000e+00	0.000000000000e+00
-3.922600000000e-06	0.000000000000e+00	0.000000000000e+00	0.000000000000e+00
-3.922400000000e-06	0.000000000000e+00	0.000000000000e+00	0.000000000000e+00
-3.922200000000e-06	0.000000000000e+00	0.000000000000e+00	0.000000000000e+00
-3.922000000000e-06	0.000000000000e+00	0.000000000000e+00	0.000000000000e+00
-3.921800000000e-06	0.000000000000e+00	0.000000000000e+00	0.000000000000e+00
-3.921600000000e-06	0.000000000000e+00	0.000000000000e+00	0.000000000000e+00
-3.921400000000e-06	0.000000000000e+00	0.000000000000e+00	0.000000000000e+00
-3.921200000000e-06	0.000000000000e+00	0.000000000000e+00	0.000000000000e+00
-3.921000000000e-06	0.000000000000e+00	0.000000000000e+00	0.000000000000e+00
-3.920800000000e-06	0.000000000000e+00	0.000000000000e+00	0.000000000000e+00
-3.920600000000e-06	0.000000000000e+00	0.000000000000e+00	0.000000000000e+00
-3.920400000000e-06	0.000000000000e+00	0.000000000000e+00	0.000000000000e+00
-3.920200000000e-06	0.000000000000e+00	0.000000000000e+00	0.000000000000e+00
-3.920000000000e-06	0.000000000000e+00	0.000000000000e+00	0.000000000000e+00
-3.919800000000e-06	0.000000000000e+00	0.000000000000e+00	0.000000000000e+00
-3.919600000000e-06	0.000000000000e+00	0.000000000000e+00	0.000000000000e+00
-3.919400000000e-06	0.000000000000e+00	0.000000000000e+00	0.000000000000e+00
-3.919200000000e-06	0.000000000000e+00	0.000000000000e+00	0.000000000000e+00
-3.919000000000e-06	0.000000000000e+00	0.000000000000e+00	0.000000000000e+00
-3.918800000000e-06	0.000000000000e+00	0.000000000000e+00	0.000000000000e+00
-3.918600000000e-06	0.000000000000e+00	0.000000000000e+00	0.000000000000e+00
-3.918400000000e-06	0.000000000000e+00	0.000000000000e+00	0.000000000000e+00
-3.918200000000e-06	0.000000000000e+00	0.000000000000e+00	0.000000000000e+00
-3.918000000000e-06	0.000000000000e+00	0.000000000000e+00	0.000000000000e+00
-3.917800000000e-06	0.000000000000e+00	0.000000000000e+00	0.000000000000e+00
-3.917600000000e-06	0.000000000000e+00	0.000000000000e+00	0.000000000000e+00
-3.917400000000e-06	0.000000000000e+00	0.000000000000e+00	0.000000000000e+00
-3.917200000000e-06	0.000000000000e+00	0.000000000000e+00	0.000000000000e+00
-3.917000000000e-06	0.000000000000e+00	0.000000000000e+00	0.000000000000e+00
-3.916800000000e-06	0.000000000000e+00	0.000000000000e+00	0.000000000000e+00
-3.916600000000e-06	0.000000000000e+00	0.000000000000e+00	0.000000000000e+00
-3.916400000000e-06	0.000000000000e+00	0.000000000000e+00	0.000000000000e+00
-3.916200000000e-06	0.000000000000e+00	0.000000000000e+00	0.000000000000e+00
-3.916000000000e-06	0.000000000000e+00	0.000000000000e+00	0.000000000000e+00
-3.915800000000e-06	0.000000000000e+00	0.000000000000e+00	0.000000000000e+00
-3.915600000000e-06	0.000000000000e+00	0.000000000000e+00	0.000000000000e+00
-3.915400000000e-06	0.000000000000e+00	0.000000000000e+00	0.000000000000e+00
-3.915200000000e-06	0.000000000000e+00	0.000000000000e+00	0.000000000000e+00
-3.915000000000e-06	0.000000000000e+00	0.000000000000e+00	0.000000000000e+00
-3.914800000000e-06	0.000000000000e+00	0.000000000000e+00	0.000000000000e+00
-3.914600000000e-06	0.000000000000e+00	0.000000000000e+00	0.000000000000e+00
-3.914400000000e-06	0.000000000000e+00	0.000000000000e+00	0.000000000000e+00
-3.914200000000e-06	0.000000000000e+00	0.000000000000e+00	0.000000000000e+00
-3.914000000000e-06	0.000000000000e+00	0.000000000000e+00	0.000000000000e+00
-3.913800000000e-06	0.000000000000e+00	0.000000000000e+00	0.000000000000e+00
-3.913600000000e-06	0.000000000000e+00	0.000000000000e+00	0.000000000000e+00
-3.913400000000e-06	0.000000000000e+00	0.000000000000e+00	0.000000000000e+00
-3.913200000000e-06	0.000000000000e+00	0.000000000000e+00	0.000000000000e+00
-3.913000000000e-06	0.000000000000e+00	0.000000000000e+00	0.000000000000e+00
-3.912800000000e-06	0.000000000000e+00	0.000000000000e+00	0.000000000000e+00
-3.912600000000e-06	0.000000000000e+00	0.000000000000e+00	0.000000000000e+00
-3.912400000000e-06	0.000000000000e+00	0.000000000000e+00	0.000000000000e+00
-3.912200000000e-06	0.000000000000e+00	0.000000000000e+00	0.000000000000e+00
-3.912000000000e-06	0.000000000000e+00	0.000000000000e+00	0.000000000000e+00
-3.911800000000e-06	0.000000000000e+00	0.000000000000e+00	0.000000000000e+00
-3.911600000000e-06	0.000000000000e+00	0.000000000000e+00	0.000000000000e+00
-3.911400000000e-06	0.000000000000e+00	0.000000000000e+00	0.000000000000e+00
-3.911200000000e-06	0.000000000000e+00	0.000000000000e+00	0.000000000000e+00
-3.911000000000e-06	0.000000000000e+00	0.000000000000e+00	0.000000000000e+00
-3.910800000000e-06	0.000000000000e+00	0.000000000000e+00	0.000000000000e+00
-3.910600000000e-06	0.000000000000e+00	0.000000000000e+00	0.000000000000e+00
-3.910400000000e-06	0.000000000000e+00	0.000000000000e+00	0.000000000000e+00
-3.910200000000e-06	0.000000000000e+00	0.000000000000e+00	0.000000000000e+00
-3.910000000000e-06	0.000000000000e+00	0.000000000000e+00	0.000000000000e+00
-3.909800000000e-06	0.000000000000e+00	0.000000000000e+00	0.000000000000e+00
-3.909600000000e-06	0.000000000000e+00	0.000000000000e+00	0.000000000000e+00
-3.909400000000e-06	0.000000000000e+00	0.000000000000e+00	0.000000000000e+00
-3.909200000000e-06	0.000000000000e+00	0.000000000000e+00	0.000000000000e+00
-3.909000000000e-06	0.000000000000e+00	0.000000000000e+00	0.000000000000e+00
-3.908800000000e-06	0.000000000000e+00	0.000000000000e+00	0.000000000000e+00
-3.908600000000e-06	0.000000000000e+00	0.000000000000e+00	0.000000000000e+00
-3.908400000000e-06	0.000000000000e+00	0.000000000000e+00	0.000000000000e+00
-3.908200000000e-06	0.000000000000e+00	0.000000000000e+00	0.000000000000e+00
-3.908000000000e-06	0.000000000000e+00	0.000000000000e+00	0.000000000000e+00
-3.907800000000e-06	0.000000000000e+00	0.000000000000e+00	0.000000000000e+00
-3.907600000000e-06	0.000000000000e+00	0.000000000000e+00	0.000000000000e+00
-3.907400000000e-06	0.000000000000e+00	0.000000000000e+00	0.000000000000e+00
-3.907200000000e-06	0.000000000000e+00	0.000000000000e+00	0.000000000000e+00
-3.907000000000e-06	0.000000000000e+00	0.000000000000e+00	0.000000000000e+00
-3.906800000000e-06	0.000000000000e+00	0.000000000000e+00	0.000000000000e+00
-3.906600000000e-06	0.000000000000e+00	0.000000000000e+00	0.000000000000e+00
-3.906400000000e-06	0.000000000000e+00	0.000000000000e+00	0.000000000000e+00
-3.906200000000e-06	0.000000000000e+00	0.000000000000e+00	0.000000000000e+00
-3.906000000000e-06	0.000000000000e+00	0.000000000000e+00	0.000000000000e+00
-3.905800000000e-06	0.000000000000e+00	0.000000000000e+00	0.000000000000e+00
-3.905600000000e-06	0.000000000000e+00	0.000000000000e+00	0.000000000000e+00
-3.905400000000e-06	-4.128845560532e-18	8.885576846701e-18	-2.859099992871e-18
-3.905200000000e-06	0.000000000000e+00	0.000000000000e+00	0.000000000000e+00
-3.905000000000e-06	0.000000000000e+00	0.000000000000e+00	0.000000000000e+00
-3.904800000000e-06	0.000000000000e+00	0.000000000000e+00	0.000000000000e+00
-3.904600000000e-06	0.000000000000e+00	0.000000000000e+00	0.000000000000e+00
-3.904400000000e-06	0.000000000000e+00	0.000000000000e+00	0.000000000000e+00
-3.904200000000e-06	-2.835315369506e-17	-2.833351856657e-17	1.027496851538e-16
-3.904000000000e-06	9.510782157976e-17	-2.616850039689e-16	1.500460781764e-16
-3.903800000000e-06	0.000000000000e+00	0.000000000000e+00	0.000000000000e+00
-3.903600000000e-06	-2.401561689611e-15	1.118498571255e-15	3.796420262884e-15
-3.903400000000e-06	2.389545663967e-15	-3.505828268414e-15	-5.457754258726e-16
-3.903200000000e-06	9.867932652514e-16	-6.891160207850e-16	-1.247616057778e-15
-3.903000000000e-06	-1.399317990226e-15	7.241450216749e-16	2.128736951208e-15
-3.902800000000e-06	-8.319020676914e-14	1.509813390170e-13	-2.138739922960e-14
-3.902600000000e-06	-7.737604119599e-13	1.857665098851e-12	-9.065239048736e-13
-3.902400000000e-06	-6.924996768884e-13	2.864236483796e-13	1.109089081733e-12
-3.902200000000e-06	8.935803016615e-13	-1.593282706515e-12	2.215182202995e-13
-3.902000000000e-06	1.680137874319e-12	-1.608020870618e-12	-1.413127698307e-12
-3.901800000000e-06	-1.714010581326e-12	1.242460657374e-12	2.053947463038e-12
-3.901600000000e-06	-5.333150450130e-13	1.368156320308e-12	-6.890964718343e-13
-3.901400000000e-06	-7.117112255819e-13	1.081935787546e-12	9.085725189762e-14
-3.901200000000e-06	1.629651077549e-12	-1.445651738675e-12	-1.591360085525e-12
-3.901000000000e-06	7.690510216081e-13	-1.995119577074e-12	1.010098013780e-12
-3.900800000000e-06	-1.934067010407e-12	2.574507482366e-12	7.616725707615e-13
-3.900600000000e-06	6.176502277925e-13	-4.575856208159e-13	-7.185450341730e-13
-3.900400000000e-06	1.315193081467e-13	-1.712835603650e-13	-6.290329580023e-14
-3.900200000000e-06	1.182747514574e-13	-2.526398840848e-13	8.856702913818e-14
-3.900000000000e-06	-2.716600597385e-13	3.799886104915e-13	7.905130595617e-14
-3.899800000000e-06	-1.519571758120e-12	1.863163137623e-12	7.904999785874e-13
-3.899600000000e-06	-3.096617615450e-13	1.404067005507e-12	-1.188317363177e-12
-3.899400000000e-06	2.012481009341e-12	3.634745529799e-13	-4.839401143152e-12
-3.899200000000e-06	-3.342534580146e-12	2.603961548791e-12	3.725006746054e-12
-3.899000000000e-06	1.272740525938e-13	-1.760879816231e-12	2.065861031465e-12
-3.898800000000e-06	5.641568498908e-13	-1.260878893054e-13	-1.031635891097e-12
-3.898600000000e-06	1.405631388803e-12	-5.263168138472e-13	-2.312946071383e-12
-3.898400000000e-06	-1.851731897183e-12	2.660766355725e-12	4.104510457001e-13
-3.898200000000e-06	-1.421414835969e-12	1.467938738839e-12	1.114406243147e-12
-3.898000000000e-06	-1.374059336315e-12	2.741199025977e-12	-6.657532346664e-13
-3.897800000000e-06	2.790355069363e-12	2.588482188170e-12	-9.435193909106e-12
-3.897600000000e-06	-1.625533701035e-12	1.097971142311e-12	2.057410992483e-12
-3.897400000000e-06	2.758052968270e-12	-5.091182951772e-12	8.606750283596e-13
-3.897200000000e-06	-4.149392875439e-12	6.544425872926e-12	2.670236299007e-13
-3.897000000000e-06	-2.711136859846e-12	7.920242335504e-12	-4.687306558270e-12
-3.896800000000e-06	-4.127608643910e-12	7.668238562827e-12	-1.245013756103e-12
-3.896600000000e-06	-7.299348250261e-13	1.597917736823e-12	-5.146478996187e-13
-3.896400000000e-06	2.682260939713e-13	4.059268967685e-13	-1.172817213646e-12
-3.896200000000e-06	-7.361922609753e-12	7.510248808139e-12	5.886372642296e-12
-3.896000000000e-06	3.192580689028e-12	2.062344605215e-13	-7.175418747285e-12
-3.895800000000e-06	-9.230346424855e-12	1.180651399259e-11	4.110414224177e-12
-3.895600000000e-06	-1.208857646014e-11	1.504701398974e-11	6.331343655198e-12
-3.895400000000e-06	8.497974352703e-12	2.997038961082e-12	-2.223559411646e-11
-3.895200000000e-06	-1.314704676053e-11	2.171905812095e-11	-8.840712419696e-13
-3.895000000000e-06	-1.219691525306e-11	2.239325633551e-11	-3.675725446726e-12
-3.894800000000e-06	-1.235065488341e-11	3.444308333758e-11	-1.908329218549e-11
-3.894600000000e-06	-3.532489890137e-12	1.117296824753e-11	-6.927510826085e-12
-3.894400000000e-06	-2.812912008088e-11	5.702242046547e-11	-1.576697139995e-11
-3.894200000000e-06	-6.428399219401e-12	1.695336718700e-11	-8.290609301603e-12
-3.894000000000e-06	-1.757117775089e-11	3.406686253403e-11	-7.400047623900e-12
-3.893800000000e-06	-1.601159157745e-11	5.803316459864e-11	-4.270557691432e-11
-3.893600000000e-06	-4.412704743511e-11	8.340028005619e-11	-1.569700513423e-11
-3.893400000000e-06	-2.606701663747e-11	8.435175404049e-11	-5.609568101180e-11
-3.893200000000e-06	-4.572757660578e-11	1.081100526917e-10	-4.508759124666e-11
-3.893000000000e-06	-3.177501155042e-11	8.085152544934e-11	-3.869064159922e-11
-3.892800000000e-06	-8.584595472155e-11	1.539547185863e-10	-2.023259601735e-11
-3.892600000000e-06	-9.365018780910e-11	1.444347090569e-10	9.855319373693e-12
-3.892400000000e-06	-5.325630112666e-11	1.378455486188e-10	-6.869253584179e-11
-3.892200000000e-06	-1.117453135137e-10	2.139490684250e-10	-4.433550841882e-11
-3.892000000000e-06	-5.084274021285e-11	1.676977014440e-10	-1.128952449595e-10
-3.891800000000e-06	-8.617768967729e-11	1.930923310123e-10	-7.179303279223e-11
-3.891600000000e-06	-1.612504603184e-10	3.355938736646e-10	-9.905395803105e-11
-3.891400000000e-06	-9.520215397493e-11	2.936671356340e-10	-1.852805354438e-10
-3.891200000000e-06	-1.663007572612e-10	3.891723761402e-10	-1.594366251071e-10
-3.891000000000e-06	-1.496166876620e-10	3.698201105770e-10	-1.698971345131e-10
-3.890800000000e-06	-2.301722298038e-10	4.827160096883e-10	-1.462834658437e-10
-3.890600000000e-06	-1.953732963046e-10	5.111319769273e-10	-2.600780091473e-10
-3.890400000000e-06	-2.853952356663e-10	6.082389277562e-10	-1.959707156493e-10
-3.890200000000e-06	-3.919465030567e-10	8.195720155177e-10	-2.476302733192e-10
-3.890000000000e-06	-3.999273102632e-10	7.898404612632e-10	-1.921373389631e-10
-3.889800000000e-06	-3.766806606811e-10	9.338247754160e-10	-4.326283280883e-10
-3.889600000000e-06	-3.676967116228e-10	9.141611800331e-10	-4.265073211937e-10
-3.889400000000e-06	-3.422283756475e-10	1.044238795479e-09	-6.528465833647e-10
-3.889200000000e-06	-6.417703280345e-10	1.427393773464e-09	-5.218918624197e-10
-3.889000000000e-06	-7.976372241773e-10	1.579870809991e-09	-3.898367756450e-10
-3.888800000000e-06	-7.542199311630e-10	1.724799024359e-09	-6.794720973895e-10
-3.888600000000e-06	-5.928778715307e-10	1.670967001533e-09	-9.502135705498e-10
-3.888400000000e-06	-1.075910285888e-09	2.208796126297e-09	-6.339853128526e-10
-3.888200000000e-06	-1.137481469618e-09	2.672027958575e-09	-1.117626019246e-09
-3.888000000000e-06	-1.295699568826e-09	2.795236991926e-09	-9.472002781890e-10
-3.887800000000e-06	-1.272326411755e-09	2.923070228418e-09	-1.171109352547e-09
-3.887600000000e-06	-1.505090741275e-09	3.266917091098e-09	-1.129848703450e-09
-3.887400000000e-06	-1.705667846057e-09	3.566262770369e-09	-1.099285797669e-09
-3.887200000000e-06	-1.610387341863e-09	3.857096958233e-09	-1.689146658119e-09
-3.887000000000e-06	-2.235673015728e-09	4.417018087094e-09	-1.106679785895e-09
-3.886800000000e-06	-2.091556488852e-09	4.551479304539e-09	-1.591997868438e-09
-3.886600000000e-06	-2.165479366614e-09	4.949642513464e-09	-1.963478910913e-09
-3.886400000000e-06	-2.395112141138e-09	4.960290778097e-09	-1.492813021386e-09
-3.886200000000e-06	-2.719547084466e-09	5.709104300488e-09	-1.800864596219e-09
-3.886000000000e-06	-2.487483424881e-09	5.338410197548e-09	-1.809576153193e-09
-3.885800000000e-06	-2.752302856226e-09	6.099188793603e-09	-2.254974052673e-09
-3.885600000000e-06	-3.406010936098e-09	6.605503211945e-09	-1.551025370517e-09
-3.885400000000e-06	-3.471021603826e-09	6.967797640346e-09	-1.891455301610e-09
-3.885200000000e-06	-3.822609308779e-09	7.029010941924e-09	-1.228943883905e-09
-3.885000000000e-06	-3.876843296372e-09	7.042685681486e-09	-1.146021352160e-09
-3.884800000000e-06	-4.526751906621e-09	7.363573294439e-09	-2.034046470043e-10
-3.884600000000e-06	-2.850721223866e-09	5.620865110406e-09	-1.404338600583e-09
-3.884400000000e-06	-2.473598292380e-09	5.284486285547e-09	-1.768719211383e-09
-3.884200000000e-06	-3.089639563438e-09	6.612793249435e-09	-2.228989999818e-09
-3.884000000000e-06	-3.087807610730e-09	6.445084219239e-09	-2.012262549168e-09
-3.883800000000e-06	-3.201722378167e-09	6.678548810862e-09	-2.081739125824e-09
-3.883600000000e-06	-3.443612649742e-09	6.931198231025e-09	-1.904950291862e-09
-3.883400000000e-06	-3.790797925380e-09	7.908276624996e-09	-2.465513406801e-09
-3.883200000000e-06	-4.210982430401e-09	8.183430339308e-09	-1.945130364357e-09
-3.883000000000e-06	-3.904467915116e-09	7.982052693379e-09	-2.327981105432e-09
-3.882800000000e-06	-4.443903317800e-09	8.642054512329e-09	-2.064976073847e-09
-3.882600000000e-06	-4.447895024969e-09	9.174383292760e-09	-2.765769644156e-09
-3.882400000000e-06	-4.552721836565e-09	9.352044917713e-09	-2.783654321118e-09
-3.882200000000e-06	-4.875616288123e-09	9.640458069313e-09	-2.481040087564e-09
-3.882000000000e-06	-5.259928408054e-09	1.037061983106e-08	-2.638966179613e-09
-3.881800000000e-06	-5.331868539207e-09	1.072700220430e-08	-2.961913609093e-09
-3.881600000000e-06	-5.186729481475e-09	1.099529826703e-08	-3.632750156160e-09
-3.881400000000e-06	-5.715410457945e-09	1.138986450901e-08	-3.043278727576e-09
-3.881200000000e-06	-5.671116810167e-09	1.150761618992e-08	-3.291685145290e-09
-3.881000000000e-06	-6.372389609605e-09	1.221418038950e-08	-2.753656041658e-09
-3.880800000000e-06	-6.055527207952e-09	1.252771462512e-08	-3.839446549918e-09
-3.880600000000e-06	-6.628001138265e-09	1.296728373845e-08	-3.216898152367e-09
-3.880400000000e-06	-7.049696032709e-09	1.370722140578e-08	-3.314969305459e-09
-3.880200000000e-06	-6.954664447121e-09	1.367942608690e-08	-3.490441371096e-09
-3.880000000000e-06	-7.100082643956e-09	1.430029201565e-08	-4.002161539907e-09
-3.879800000000e-06	-7.267142607389e-09	1.473224148884e-08	-4.235980259168e-09
-3.879600000000e-06	-7.946446660328e-09	1.518968833472e-08	-3.415553816844e-09
-3.879400000000e-06	-6.806643462621e-09	1.441870070457e-08	-4.796920312403e-09
-3.879200000000e-06	-8.187086788063e-09	1.588347633842e-08	-3.841610372768e-09
-3.879000000000e-06	-8.962041281209e-09	1.739319224139e-08	-4.204664947831e-09
-3.878800000000e-06	-8.901325223665e-09	1.734214587035e-08	-4.278733239771e-09
-3.878600000000e-06	-8.189017129061e-09	1.694542711840e-08	-5.253591646329e-09
-3.878400000000e-06	-9.513342639954e-09	1.827432183658e-08	-4.241631288291e-09
-3.878200000000e-06	-8.758407870877e-09	1.726790179523e-08	-4.491078585959e-09
-3.878000000000e-06	-9.813885109413e-09	1.904453124349e-08	-4.642410977476e-09
-3.877800000000e-06	-9.400466763147e-09	1.884901230026e-08	-5.263071095306e-09
-3.877600000000e-06	-1.002268379164e-08	1.926155278347e-08	-4.506949545347e-09
-3.877400000000e-06	-9.435834110979e-09	1.890380648448e-08	-5.267735887063e-09
-3.877200000000e-06	-1.057071743220e-08	2.023994311942e-08	-4.665261514014e-09
-3.877000000000e-06	-9.919072536857e-09	1.947478074540e-08	-5.020149853099e-09
-3.876800000000e-06	-1.069045222685e-08	2.077725004189e-08	-5.147500313352e-09
-3.876600000000e-06	-1.078156933312e-08	2.111448886647e-08	-5.403916106894e-09
-3.876400000000e-06	-1.132745479617e-08	2.129787892274e-08	-4.511209726884e-09
-3.876200000000e-06	-1.133307485143e-08	2.196111554369e-08	-5.383882054203e-09
-3.876000000000e-06	-1.207562074309e-08	2.325439514472e-08	-5.540613535945e-09
-3.875800000000e-06	-1.112047386913e-08	2.181253135368e-08	-5.650117966399e-09
-3.875600000000e-06	-1.243313714646e-08	2.389154375436e-08	-5.664006914619e-09
-3.875400000000e-06	-1.239976126085e-08	2.393204518705e-08	-5.803166475172e-09
-3.875200000000e-06	-1.260050625670e-08	2.409507756397e-08	-5.606428220378e-09
-3.875000000000e-06	-1.231920217086e-08	2.310499470588e-08	-4.880201160088e-09
-3.874800000000e-06	-1.181620128011e-08	2.312012158601e-08	-5.964423216763e-09
-3.874600000000e-06	-1.371833372498e-08	2.547071876626e-08	-5.113804365424e-09
-3.874400000000e-06	-1.260324840215e-08	2.426948891437e-08	-5.857455466538e-09
-3.874200000000e-06	-1.352026614751e-08	2.546438979908e-08	-5.526029381013e-09
-3.874000000000e-06	-1.366039596728e-08	2.607636221912e-08	-6.059538939360e-09
-3.873800000000e-06	-1.375706396312e-08	2.603740182034e-08	-5.811335100354e-09
-3.873600000000e-06	-1.340743509076e-08	2.491516901848e-08	-5.075768615454e-09
-3.873400000000e-06	-1.315997945719e-08	2.485898976869e-08	-5.525936683147e-09
-3.873200000000e-06	-1.358463709109e-08	2.524351618204e-08	-5.161253303273e-09
-3.873000000000e-06	-1.352347301032e-08	2.537876378662e-08	-5.475705568289e-09
-3.872800000000e-06	-1.382902875486e-08	2.594022450152e-08	-5.578559110981e-09
-3.872600000000e-06	-1.427544746555e-08	2.658321363138e-08	-5.519942035931e-09
-3.872400000000e-06	-1.337466724783e-08	2.483640336669e-08	-5.104387609582e-09
-3.872200000000e-06	-1.358486185901e-08	2.629788968168e-08	-6.611063811777e-09
-3.872000000000e-06	-1.381272150859e-08	2.500386244349e-08	-4.415797568782e-09
-3.871800000000e-06	-1.429181471644e-08	2.619944071529e-08	-5.022024022262e-09
-3.871600000000e-06	-1.419358545979e-08	2.650348057251e-08	-5.642445696597e-09
-3.871400000000e-06	-1.362784963751e-08	2.601832460662e-08	-6.175541475811e-09
-3.871200000000e-06	-1.467903816743e-08	2.632118059372e-08	-4.402988545665e-09
-3.871000000000e-06	-1.395684120312e-08	2.667123064077e-08	-6.378806534569e-09
-3.870800000000e-06	-1.439624289647e-08	2.656938054827e-08	-5.343479392601e-09
-3.870600000000e-06	-1.388495320076e-08	2.641590025884e-08	-6.212024855043e-09
-3.870400000000e-06	-1.429646977818e-08	2.532971150799e-08	-3.923138340494e-09
-3.870200000000e-06	-1.511613903004e-08	2.817220859454e-08	-6.002746721935e-09
-3.870000000000e-06	-1.490934363812e-08	2.805908069391e-08	-6.286583263974e-09
-3.869800000000e-06	-1.506353187339e-08	2.678756602598e-08	-4.285129745085e-09
-3.869600000000e-06	-1.504401257146e-08	2.718320260405e-08	-4.876636533849e-09
-3.869400000000e-06	-1.347336807913e-08	2.559750545456e-08	-6.044604748146e-09
-3.869200000000e-06	-1.395955989722e-08	2.587362225320e-08	-5.393664125390e-09
-3.869000000000e-06	-1.482486149369e-08	2.685928569454e-08	-4.919776576247e-09
-3.868800000000e-06	-1.450867578848e-08	2.582350372114e-08	-4.227370486228e-09
-3.868600000000e-06	-1.355273641569e-08	2.491938962073e-08	-5.023985218632e-09
-3.868400000000e-06	-1.339531559033e-08	2.454158764923e-08	-4.844280392658e-09
-3.868200000000e-06	-1.397603800315e-08	2.592403135229e-08	-5.484298819510e-09
-3.868000000000e-06	-1.465607344823e-08	2.549747364928e-08	-3.522026703120e-09
-3.867800000000e-06	-1.341737440598e-08	2.518919095004e-08	-5.701008207875e-09
-3.867600000000e-06	-1.429891094463e-08	2.534884129818e-08	-4.086182265446e-09
-3.867400000000e-06	-1.348799988675e-08	2.434002991279e-08	-4.444168035324e-09
-3.867200000000e-06	-1.383128881751e-08	2.554741061473e-08	-5.353528108258e-09
-3.867000000000e-06	-1.270106926678e-08	2.301965233597e-08	-4.324065296585e-09
-3.866800000000e-06	-1.307460644437e-08	2.414318466974e-08	-5.068608678347e-09
-3.866600000000e-06	-1.401468920463e-08	2.481770626507e-08	-4.020067648544e-09
-3.866400000000e-06	-1.346185562074e-08	2.439347689013e-08	-4.609347387892e-09
-3.866200000000e-06	-1.220798783143e-08	2.217937127645e-08	-4.271363243483e-09
-3.866000000000e-06	-1.400775033119e-08	2.474010839942e-08	-3.952363943028e-09
-3.865800000000e-06	-1.401367218170e-08	2.474409665985e-08	-3.949369771080e-09
-3.865600000000e-06	-1.213273355102e-08	2.137335542305e-08	-3.393388815934e-09
-3.865400000000e-06	-1.214008827568e-08	2.296830921940e-08	-5.493974485268e-09
-3.865200000000e-06	-1.330649342837e-08	2.320625745409e-08	-3.426631774326e-09
-3.865000000000e-06	-1.319797877515e-08	2.223690022792e-08	-2.336099967381e-09
-3.864800000000e-06	-1.118937118702e-08	2.149727903948e-08	-5.540264668884e-09
-3.864600000000e-06	-1.262354053381e-08	2.257807605867e-08	-3.998813841343e-09
-3.864400000000e-06	-1.230115668770e-08	2.246740535260e-08	-4.548329801836e-09
-3.864200000000e-06	-1.246020299836e-08	2.231468759417e-08	-4.029479714639e-09
-3.864000000000e-06	-1.187950849291e-08	1.998195355858e-08	-2.115503853936e-09
-3.863800000000e-06	-1.166404788858e-08	2.099232321101e-08	-3.928425061073e-09
-3.863600000000e-06	-1.162501802895e-08	2.021733855339e-08	-2.962078421788e-09
-3.863400000000e-06	-1.145013056161e-08	1.944755805648e-08	-2.339907551068e-09
-3.863200000000e-06	-1.167137497800e-08	2.059148135901e-08	-3.391026652793e-09
-3.863000000000e-06	-1.076871238834e-08	1.906131797317e-08	-3.234025868533e-09
-3.862800000000e-06	-1.115641910095e-08	2.018412767484e-08	-3.942495113189e-09
-3.862600000000e-06	-1.129284568434e-08	2.027479084975e-08	-3.775492913164e-09
-3.862400000000e-06	-1.107887438902e-08	1.974951678663e-08	-3.521420007823e-09
-3.862200000000e-06	-1.135687995976e-08	1.900781237526e-08	-1.986659753617e-09
-3.862000000000e-06	-1.023988257066e-08	1.835185065869e-08	-3.413765945923e-09
-3.861800000000e-06	-1.010901276202e-08	1.866321276962e-08	-4.118076701502e-09
-3.861600000000e-06	-1.050519506809e-08	1.795676725813e-08	-2.377614299366e-09
-3.861400000000e-06	-9.902301368272e-09	1.695717963428e-08	-2.278442989663e-09
-3.861200000000e-06	-1.010132277096e-08	1.661437189146e-08	-1.441672737894e-09
-3.861000000000e-06	-1.004477394644e-08	1.831289528280e-08	-3.811379426945e-09
-3.860800000000e-06	-1.019053931604e-08	1.602430608017e-08	-4.683499671655e-10
-3.860600000000e-06	-1.072741121844e-08	1.861226675988e-08	-2.815671417275e-09
-3.860400000000e-06	-1.048207330259e-08	1.773313831886e-08	-2.159315654343e-09
-3.860200000000e-06	-8.274696764129e-09	1.524112246302e-08	-3.385047105384e-09
-3.860000000000e-06	-9.197881570548e-09	1.605335069345e-08	-2.587075824142e-09
-3.859800000000e-06	-9.263647688984e-09	1.640537413569e-08	-2.934035578514e-09
-3.859600000000e-06	-8.338378833465e-09	1.514160458416e-08	-3.148049112343e-09
-3.859400000000e-06	-7.859426919295e-09	1.386232787673e-08	-2.417597562625e-09
-3.859200000000e-06	-9.321786691257e-09	1.542926485096e-08	-1.519333297838e-09
-3.859000000000e-06	-8.681854320470e-09	1.510764894907e-08	-2.404917375817e-09
-3.858800000000e-06	-8.089405512680e-09	1.414535360624e-08	-2.355809891204e-09
-3.858600000000e-06	-7.901388081915e-09	1.367025417197e-08	-2.098178445222e-09
-3.858400000000e-06	-8.766559422405e-09	1.423425515813e-08	-1.080767174451e-09
-3.858200000000e-06	-7.126288430519e-09	1.247020272276e-08	-2.109495954908e-09
-3.858000000000e-06	-7.082232821065e-09	1.176438141675e-08	-1.277264606950e-09
-3.857800000000e-06	-8.705322442237e-09	1.398670790360e-08	-8.985423551391e-10
-3.857600000000e-06	-6.859150682624e-09	1.177195561619e-08	-1.750007322766e-09
-3.857400000000e-06	-7.842367126855e-09	1.373913253583e-08	-2.341252340098e-09
-3.857200000000e-06	-6.030186680315e-09	1.021324408840e-08	-1.384209805364e-09
-3.857000000000e-06	-8.601296516518e-09	1.357978783096e-08	-6.002967735904e-10
-3.856800000000e-06	-7.415024318650e-09	1.308922901833e-08	-2.402036295333e-09
-3.856600000000e-06	-5.943401825390e-09	1.046997143452e-08	-1.905685732832e-09
-3.856400000000e-06	-6.571163207080e-09	1.053193163760e-08	-7.062329420844e-10
-3.856200000000e-06	-7.088929148610e-09	1.191838091158e-08	-1.514238029224e-09
-3.856000000000e-06	-6.261149805630e-09	1.113404431548e-08	-2.163849105493e-09
-3.855800000000e-06	-5.126782346566e-09	9.222868103314e-09	-1.948407940003e-09
-3.855600000000e-06	-5.727907654630e-09	1.004466818099e-08	-1.812085145012e-09
-3.855400000000e-06	-6.643919908349e-09	1.095572892734e-08	-1.166059345099e-09
-3.855200000000e-06	-5.795224960007e-09	9.925395852432e-09	-1.535212567475e-09
-3.855000000000e-06	-6.022554328829e-09	9.389007105901e-09	-3.319306773250e-10
-3.854800000000e-06	-5.378100313283e-09	9.774613675285e-09	-2.183190934884e-09
-3.854600000000e-06	-6.501692465694e-09	1.010475312546e-08	-3.250176913459e-10
-3.854400000000e-06	-5.532043682510e-09	8.757603062201e-09	-5.514324623337e-10
-3.854200000000e-06	-5.866158027375e-09	9.249306564315e-09	-4.939252120689e-10
-3.854000000000e-06	-5.686005387531e-09	9.503059481044e-09	-1.217685495164e-09
-3.853800000000e-06	-4.410183835079e-09	7.787739757290e-09	-1.513517000546e-09
-3.853600000000e-06	-4.221882176506e-09	7.307694458889e-09	-1.271571064546e-09
-3.853400000000e-06	-4.278470223567e-09	6.958074888585e-09	-7.383016203956e-10
-3.853200000000e-06	-4.332454899473e-09	7.391239118372e-09	-1.165044483868e-09
-3.853000000000e-06	-4.685221244197e-09	7.259712168466e-09	-2.828661662463e-10
-3.852800000000e-06	-3.886562942435e-09	7.861155899748e-09	-2.695272606114e-09
-3.852600000000e-06	-4.687437621163e-09	6.977917041219e-09	8.360812551170e-11
-3.852400000000e-06	-3.692492277905e-09	6.119667136978e-09	-8.190274046031e-10
-3.852200000000e-06	-3.757033901631e-09	6.769558874793e-09	-1.525579809683e-09
-3.852000000000e-06	-3.233297147982e-09	5.307944959368e-09	-6.407444096000e-10
-3.851800000000e-06	-3.205820610844e-09	5.604271690376e-09	-1.131636661818e-09
-3.851600000000e-06	-4.106795237288e-09	5.741124396430e-09	5.438714620750e-10
-3.851400000000e-06	-3.611562333751e-09	6.247578128904e-09	-1.151798056239e-09
-3.851200000000e-06	-3.702506759423e-09	5.050030698765e-09	5.841826580309e-10
-3.851000000000e-06	-2.479404688299e-09	5.122656288604e-09	-1.958553362136e-09
-3.850800000000e-06	-2.963205016760e-09	4.224637246197e-09	1.994012766094e-10
-3.850600000000e-06	-3.674643086845e-09	5.788221757746e-09	-4.186759103550e-10
-3.850400000000e-06	-2.961588353665e-09	5.112371212648e-09	-9.798771939987e-10
-3.850200000000e-06	-3.604337538106e-09	5.146687910522e-09	2.741093694536e-10
-3.850000000000e-06	-2.120648537294e-09	3.547294045396e-09	-6.057360277681e-10
-3.849800000000e-06	-2.635368983985e-09	4.742221016130e-09	-1.144768412119e-09
-3.849600000000e-06	-3.847693613690e-09	5.554182146199e-09	2.399379906200e-10
-3.849400000000e-06	-2.541949219416e-09	3.713748626295e-09	1.322193811539e-11
-3.849200000000e-06	-1.982926044306e-09	2.895256236730e-09	-3.348095532786e-11
-3.849000000000e-06	-2.099418919775e-09	2.936159987821e-09	1.425459494084e-10
-3.848800000000e-06	-2.460916676558e-09	4.131352584098e-09	-7.134636854349e-10
-3.848600000000e-06	-3.341676498692e-09	4.189392422560e-09	9.919040223244e-10
-3.848400000000e-06	-1.426211456989e-09	2.215502959732e-09	-2.586957263031e-10
-3.848200000000e-06	-1.746470862270e-09	3.006055890957e-09	-6.703310611407e-10
-3.848000000000e-06	-2.100841003502e-09	2.904291398333e-09	1.870821431492e-10
-3.847800000000e-06	-8.502557340322e-10	1.405084222187e-09	-3.302005370943e-10
-3.847600000000e-06	-1.924079964770e-09	2.405135545466e-09	4.854920600713e-10
-3.847400000000e-06	-1.428764372351e-09	2.400477307062e-09	-5.070330840481e-10
-3.847200000000e-06	-2.214536892012e-09	3.431113644023e-09	-2.821117732230e-10
-3.847000000000e-06	-4.905117007784e-10	9.005213337278e-10	-3.956441377048e-10
-3.846800000000e-06	-1.108425325252e-09	1.800013702945e-09	-4.025422658650e-10
-3.846600000000e-06	-1.520350591176e-09	1.803336946043e-09	4.578837973887e-10
-3.846400000000e-06	-9.996565858610e-10	2.238672641938e-09	-1.162929064909e-09
-3.846200000000e-06	-7.865075428688e-10	1.176786029398e-09	-1.618333582705e-10
-3.846000000000e-06	-1.499684154832e-09	1.993953797357e-09	1.496073727311e-10
-3.845800000000e-06	-1.389600835877e-09	1.578870506916e-09	5.178614784138e-10
-3.845600000000e-06	-8.065179705261e-10	1.293010648497e-09	-3.098237372955e-10
-3.845400000000e-06	-8.693677224554e-10	-7.245013216270e-11	1.622892008943e-09
-3.845200000000e-06	-1.058350946213e-09	1.993480060268e-09	-7.372200007223e-10
-3.845000000000e-06	-1.281981077990e-10	3.485150298899e-10	-4.006072098973e-10
-3.844800000000e-06	1.593870510399e-10	-3.702997710768e-10	-6.824762885314e-11
-3.844600000000e-06	-3.938365904116e-10	7.262095191404e-10	-4.086753400895e-10
-3.844400000000e-06	-4.079148314715e-11	2.359854031936e-10	-4.186339380198e-10
-3.844200000000e-06	-1.500845885728e-10	-5.524522226753e-11	1.503224040686e-10
-3.844000000000e-06	-9.459763566564e-10	1.165650997020e-09	1.261855927266e-10
-3.843800000000e-06	-2.369314202947e-10	1.673644273312e-10	3.193689947634e-11
-3.843600000000e-06	-7.089460041405e-10	1.236593878713e-10	1.021693383037e-09
-3.843400000000e-06	2.067989397806e-10	-6.822256632681e-10	2.851244881808e-10
-3.843200000000e-06	2.104689356683e-10	-8.323194996475e-10	4.793701612991e-10
-3.843000000000e-06	-1.012694131901e-09	1.090989940985e-09	3.504980736106e-10
-3.842800000000e-06	4.306528320331e-10	-6.657357826165e-10	-1.927481463909e-10
-3.842600000000e-06	-2.035023847240e-10	4.799218808819e-10	-4.610576252148e-10
-3.842400000000e-06	1.588067228904e-10	-8.994245644553e-10	6.272897069375e-10
-3.842200000000e-06	3.815162945402e-10	-8.663152604508e-10	1.698355311372e-10
-3.842000000000e-06	7.744680279000e-10	-1.773501257047e-09	5.735558166152e-10
-3.841800000000e-06	3.331036558295e-10	-8.021960316703e-10	1.932754891479e-10
-3.841600000000e-06	2.400496857529e-10	-1.148749408900e-09	8.281795131767e-10
-3.841400000000e-06	-1.221104502725e-10	-4.794145245209e-11	7.129365617841e-11
-3.841200000000e-06	5.751155020964e-10	-9.090124149419e-10	-1.707203519334e-10
-3.841000000000e-06	8.633657530713e-10	-1.841249093911e-09	4.696139270703e-10
-3.840800000000e-06	1.119091198491e-09	-1.631832504449e-09	-3.096592570630e-10
-3.840600000000e-06	4.568047100070e-10	-1.167422948692e-09	4.006761557342e-10
-3.840400000000e-06	4.051979004193e-10	-7.174473553671e-10	-9.218192881983e-11
-3.840200000000e-06	2.387086350958e-11	-6.466273642767e-10	5.827002020343e-10
-3.840000000000e-06	4.917192288904e-10	-2.367344282791e-09	1.922780706486e-09
-3.839800000000e-06	3.576910559685e-10	-8.024195907488e-10	1.084671194200e-10
-3.839600000000e-06	6.648984111523e-10	-1.896132810776e-09	9.493892029341e-10
-3.839400000000e-06	1.362083561768e-09	-1.521095578265e-09	-8.954960431327e-10
-3.839200000000e-06	4.386827389793e-10	-1.450307158437e-09	8.111967535719e-10
-3.839000000000e-06	1.221197217060e-09	-2.460857417501e-09	5.997674066326e-10
-3.838800000000e-06	7.484215465076e-10	-1.912496909783e-09	8.139259105990e-10
-3.838600000000e-06	5.321252316186e-10	-1.656313567305e-09	9.025786206827e-10
-3.838400000000e-06	8.259589115768e-10	-2.386688244841e-09	1.236963716433e-09
-3.838200000000e-06	9.996915129626e-10	-1.346332399985e-09	-4.379664496197e-10
-3.838000000000e-06	1.214866487043e-09	-2.576601524905e-09	7.781194951842e-10
-3.837800000000e-06	1.344171080220e-09	-2.101805252732e-09	-1.574885150906e-10
-3.837600000000e-06	1.212329770866e-09	-2.130053831992e-09	1.778911417563e-10
-3.837400000000e-06	1.812425841466e-09	-3.062557728810e-09	2.319250012009e-10
-3.837200000000e-06	1.694261053931e-09	-3.279933410867e-09	7.810997276654e-10
-3.837000000000e-06	5.015958504970e-10	-1.583225464911e-09	8.612505653808e-10
-3.836800000000e-06	1.885352061179e-09	-3.272288467528e-09	2.934742867578e-10
-3.836600000000e-06	1.104730317173e-09	-2.409837967248e-09	7.804009677577e-10
-3.836400000000e-06	1.237418537703e-09	-2.855021469016e-09	1.060172920601e-09
-3.836200000000e-06	1.465584105723e-09	-2.422617488214e-09	5.087147655490e-11
-3.836000000000e-06	1.762993128548e-09	-3.329369987336e-09	8.125991884720e-10
-3.835800000000e-06	9.154973416264e-10	-2.198377530323e-09	8.267522049327e-10
-3.835600000000e-06	1.006613009034e-09	-1.823281464256e-09	1.796610338235e-10
-3.835400000000e-06	1.976446478234e-09	-4.180689498876e-09	1.385926058380e-09
-3.835200000000e-06	1.633086250712e-09	-2.844826686780e-09	2.977404761177e-10
-3.835000000000e-06	5.172431001372e-10	-2.367373876280e-09	1.862010927546e-09
-3.834800000000e-06	2.055506959269e-09	-3.503555435815e-09	3.057254239527e-10
-3.834600000000e-06	1.521113613035e-09	-2.859686216420e-09	5.325346169319e-10
-3.834400000000e-06	1.782686519310e-09	-3.299193302275e-09	5.921745616213e-10
-3.834200000000e-06	1.319879662752e-09	-2.936134961286e-09	1.028861584940e-09
-3.834000000000e-06	1.677680060315e-09	-3.464473270487e-09	1.022731582532e-09
-3.833800000000e-06	1.750717427368e-09	-3.201006982905e-09	5.631142277329e-10
-3.833600000000e-06	2.109010980478e-09	-3.824986055628e-09	6.222179445578e-10
-3.833400000000e-06	1.240527814429e-09	-2.390576973144e-09	4.478129736387e-10
-3.833200000000e-06	2.408575994764e-09	-3.516505641831e-09	-3.605400831575e-10
-3.833000000000e-06	1.881410491200e-09	-4.095601608339e-09	1.465189143192e-09
-3.832800000000e-06	2.141018096159e-09	-5.003057610545e-09	2.138661732770e-09
-3.832600000000e-06	1.642571337055e-09	-2.774482897720e-09	1.843811468400e-10
-3.832400000000e-06	2.135575075201e-09	-4.068423668955e-09	9.174265680423e-10
-3.832200000000e-06	1.333865470724e-09	-2.979261551661e-09	1.050517157246e-09
-3.832000000000e-06	2.140608895346e-09	-3.689427156549e-09	3.676557190359e-10
-3.831800000000e-06	2.590659305288e-09	-4.213383076918e-09	1.921144821645e-10
-3.831600000000e-06	1.936672318937e-09	-3.495249139691e-09	5.412088362417e-10
-3.831400000000e-06	1.707289310100e-09	-2.545204090751e-09	-2.477449238949e-10
-3.831200000000e-06	1.357976742671e-09	-3.769837838823e-09	2.098797302970e-09
-3.831000000000e-06	2.157039041210e-09	-3.313617651885e-09	-1.549835467376e-10
-3.830800000000e-06	2.084074347504e-09	-4.013509339038e-09	9.879516917174e-10
-3.830600000000e-06	2.198589635226e-09	-3.898320009656e-09	5.740009072784e-10
-3.830400000000e-06	1.252059293315e-09	-3.091353975222e-09	1.378434565073e-09
-3.830200000000e-06	1.978809263758e-09	-3.246520184869e-09	1.229588302206e-10
-3.830000000000e-06	2.358934100595e-09	-3.621365101725e-09	-1.360026469860e-10
-3.829800000000e-06	1.851549819657e-09	-3.847995082789e-09	1.189005618879e-09
-3.829600000000e-06	2.451539677446e-09	-4.484952285032e-09	8.471933780854e-10
-3.829400000000e-06	2.471759267416e-09	-4.590436760928e-09	9.575264879601e-10
-3.829200000000e-06	2.380241767665e-09	-4.170289545265e-09	5.632647469121e-10
-3.829000000000e-06	2.648818766434e-09	-4.466263034523e-09	4.184174660663e-10
-3.828800000000e-06	1.975223119857e-09	-3.784447898259e-09	8.671727933666e-10
-3.828600000000e-06	2.109781470041e-09	-3.974092465528e-09	8.382903773105e-10
-3.828400000000e-06	2.306605099365e-09	-3.530742448946e-09	-1.368873951887e-10
-3.828200000000e-06	2.119480970491e-09	-3.855831006880e-09	6.909924641481e-10
-3.828000000000e-06	2.051229913664e-09	-3.869297610428e-09	8.480849061481e-10
-3.827800000000e-06	2.761934461720e-09	-5.006103662806e-09	9.079081249194e-10
-3.827600000000e-06	2.382806584444e-09	-4.596942384593e-09	1.135077194363e-09
-3.827400000000e-06	2.068020381242e-09	-3.677035432717e-09	5.213569178251e-10
-3.827200000000e-06	2.823891053921e-09	-5.098255707184e-09	9.300944318633e-10
-3.827000000000e-06	1.930710753993e-09	-3.903178487627e-09	1.111261866125e-09
-3.826800000000e-06	2.621582972230e-09	-4.383033963427e-09	3.974179398560e-10
-3.826600000000e-06	2.056345499211e-09	-3.724375595926e-09	6.473661315013e-10
-3.826400000000e-06	1.840562024868e-09	-3.469293258585e-09	6.906941224838e-10
-3.826200000000e-06	2.840151082646e-09	-4.471713999983e-09	7.981970012894e-11
-3.826000000000e-06	2.260086913536e-09	-4.376702984528e-09	1.091038328716e-09
-3.825800000000e-06	2.221502601438e-09	-4.208899108217e-09	9.622089400658e-10
-3.825600000000e-06	2.948393283269e-09	-4.720162496836e-09	1.414919111346e-10
-3.825400000000e-06	2.109315407384e-09	-4.439457166449e-09	1.488987366824e-09
-3.825200000000e-06	2.341836700134e-09	-4.553468587914e-09	1.170020288672e-09
-3.825000000000e-06	2.150568047269e-09	-4.284247252616e-09	1.189539304628e-09
-3.824800000000e-06	2.602682124883e-09	-4.301872651017e-09	3.064764097531e-10
-3.824600000000e-06	2.099080884918e-09	-3.855134949439e-09	7.521642110881e-10
-3.824400000000e-06	2.505295272614e-09	-4.856218767758e-09	1.252262527798e-09
-3.824200000000e-06	2.567280479808e-09	-4.403204931241e-09	5.246570897919e-10
-3.824000000000e-06	2.843470128266e-09	-5.303117356541e-09	1.177067495365e-09
-3.823800000000e-06	2.657217154122e-09	-4.699177940224e-09	7.498032781478e-10
-3.823600000000e-06	2.370495076458e-09	-4.350781901454e-09	8.745044709608e-10
-3.823400000000e-06	2.483790833657e-09	-4.828860003071e-09	1.278544367421e-09
-3.823200000000e-06	2.446707799035e-09	-4.532605544585e-09	9.541214479010e-10
-3.823000000000e-06	2.332842536482e-09	-4.357358868554e-09	9.299059954758e-10
-3.822800000000e-06	2.499021037886e-09	-4.717627186684e-09	1.086252999449e-09
-3.822600000000e-06	2.726984142304e-09	-4.717558575542e-09	6.325943746431e-10
-3.822400000000e-06	2.245408666199e-09	-4.238398966933e-09	9.769700715407e-10
-3.822200000000e-06	2.176377501964e-09	-4.398440575270e-09	1.299628247683e-09
-3.822000000000e-06	2.563889246136e-09	-4.886139228749e-09	1.207051086279e-09
-3.821800000000e-06	2.899691795266e-09	-4.828375158697e-09	4.330530717778e-10
-3.821600000000e-06	2.618532612682e-09	-4.441416348915e-09	4.852776379698e-10
-3.821400000000e-06	2.876620690438e-09	-4.409718891939e-09	-6.790093169741e-11
-3.821200000000e-06	2.431216646330e-09	-4.336051423061e-09	7.252627171499e-10
-3.821000000000e-06	2.350637371826e-09	-4.877241718805e-09	1.632548088742e-09
-3.820800000000e-06	2.538456809265e-09	-4.851289154416e-09	1.159465972663e-09
-3.820600000000e-06	3.080451370298e-09	-5.039503975678e-09	3.691579187461e-10
-3.820400000000e-06	2.208664872378e-09	-4.670851724987e-09	1.599467563187e-09
-3.820200000000e-06	2.650032948157e-09	-4.786141393844e-09	8.772470398082e-10
-3.820000000000e-06	2.697843567144e-09	-4.885808224756e-09	9.305894769843e-10
-3.819800000000e-06	2.448086767204e-09	-4.250883033426e-09	5.819484342312e-10
-3.819600000000e-06	2.782693653061e-09	-4.898946790354e-09	7.708606579312e-10
-3.819400000000e-06	2.954411092307e-09	-5.144712476233e-09	7.765877644001e-10
-3.819200000000e-06	2.215433543322e-09	-4.081203839261e-09	8.095867612913e-10
-3.819000000000e-06	2.516250326057e-09	-4.788137319927e-09	1.155342542526e-09
-3.818800000000e-06	2.460287216956e-09	-4.716710846411e-09	1.178524128409e-09
-3.818600000000e-06	2.462962762501e-09	-4.385290757720e-09	7.366150966968e-10
-3.818400000000e-06	2.655380224822e-09	-5.087713495262e-09	1.299940006593e-09
-3.818200000000e-06	2.665858285907e-09	-4.850133415002e-09	9.718383924964e-10
-3.818000000000e-06	2.850560531134e-09	-4.785083021992e-09	5.210798091763e-10
-3.817800000000e-06	2.655103555966e-09	-4.601818102685e-09	6.445501415982e-10
-3.817600000000e-06	2.613086663580e-09	-5.085913651747e-09	1.377680099763e-09
-3.817400000000e-06	2.836133500860e-09	-4.864932025066e-09	6.340262913191e-10
-3.817200000000e-06	2.893542058733e-09	-4.794556031656e-09	4.489411729403e-10
-3.817000000000e-06	2.654290798960e-09	-4.825151867875e-09	9.417072663371e-10
-3.816800000000e-06	2.678579816223e-09	-4.815664793429e-09	9.025987575316e-10
-3.816600000000e-06	2.030005095573e-09	-4.379341818200e-09	1.580488420226e-09
-3.816400000000e-06	2.971833303307e-09	-4.966341859020e-09	5.021197438417e-10
-3.816200000000e-06	2.547674197499e-09	-4.300798351412e-09	4.300673916116e-10
-3.816000000000e-06	3.079993787658e-09	-5.161742025593e-09	5.390147852128e-10
-3.815800000000e-06	2.256388155460e-09	-4.127236679993e-09	7.920116348700e-10
-3.815600000000e-06	2.857170362202e-09	-5.046674092340e-09	8.599244358064e-10
-3.815400000000e-06	2.329982699288e-09	-4.302813076056e-09	8.834405632611e-10
-3.815200000000e-06	2.480582836751e-09	-4.730188500168e-09	1.171165861771e-09
-3.815000000000e-06	2.910350378854e-09	-4.895710373986e-09	5.455339444801e-10
-3.814800000000e-06	2.911684942415e-09	-4.977838540044e-09	6.357004051792e-10
-3.814600000000e-06	2.612573384638e-09	-4.647191583209e-09	8.098176837512e-10
-3.814400000000e-06	2.373669335411e-09	-4.508592683543e-09	1.099879668536e-09
-3.814200000000e-06	2.606729977398e-09	-5.002991317915e-09	1.278893748491e-09
-3.814000000000e-06	3.106705212116e-09	-5.377618612987e-09	8.239127849597e-10
-3.813800000000e-06	2.511795548450e-09	-4.876829727791e-09	1.290409570019e-09
-3.813600000000e-06	2.125915535666e-09	-4.466319768903e-09	1.531510193227e-09
-3.813400000000e-06	2.781767412661e-09	-4.778990950274e-09	6.424135270659e-10
-3.813200000000e-06	2.381225409491e-09	-4.657257881630e-09	1.291770920357e-09
-3.813000000000e-06	2.935273143579e-09	-5.001556465170e-09	6.609488902391e-10
-3.812800000000e-06	2.355464145867e-09	-4.467066601175e-09	1.080558254955e-09
-3.812600000000e-06	2.512590872477e-09	-4.500588511018e-09	8.152406173145e-10
-3.812400000000e-06	2.646817618662e-09	-4.768560625551e-09	9.045753862969e-10
-3.812200000000e-06	2.711496141055e-09	-4.825524211871e-09	8.557409530859e-10
-3.812000000000e-06	2.882737511360e-09	-5.049991144089e-09	8.121810729045e-10
-3.811800000000e-06	2.415432515003e-09	-4.700579324413e-09	1.285627012847e-09
-3.811600000000e-06	2.855567535037e-09	-4.749781026011e-09	4.886301254800e-10
-3.811400000000e-06	2.543166073519e-09	-4.657654008279e-09	9.633532749037e-10
-3.811200000000e-06	2.829692839254e-09	-4.785832983947e-09	5.870965135748e-10
-3.811000000000e-06	2.828613586442e-09	-4.721924537314e-09	4.880449654502e-10
