6.024000000000e-07	0.000000000000e+00	0.000000000000e+00	0.000000000000e+00
6.026000000000e-07	0.000000000000e+00	0.000000000000e+00	0.000000000000e+00
6.028000000000e-07	0.000000000000e+00	0.000000000000e+00	0.000000000000e+00
6.030000000000e-07	0.000000000000e+00	0.000000000000e+00	0.000000000000e+00
6.032000000000e-07	0.000000000000e+00	0.000000000000e+00	0.000000000000e+00
6.034000000000e-07	0.000000000000e+00	0.000000000000e+00	0.000000000000e+00
6.036000000000e-07	0.000000000000e+00	0.000000000000e+00	0.000000000000e+00
6.038000000000e-07	0.000000000000e+00	0.000000000000e+00	0.000000000000e+00
6.040000000000e-07	0.000000000000e+00	0.000000000000e+00	0.000000000000e+00
6.042000000000e-07	0.000000000000e+00	0.000000000000e+00	0.000000000000e+00
6.044000000000e-07	0.000000000000e+00	0.000000000000e+00	0.000000000000e+00
6.046000000000e-07	0.000000000000e+00	0.000000000000e+00	0.000000000000e+00
6.048000000000e-07	0.000000000000e+00	0.000000000000e+00	0.000000000000e+00
6.050000000000e-07	0.000000000000e+00	0.000000000000e+00	0.000000000000e+00
6.052000000000e-07	0.000000000000e+00	0.000000000000e+00	0.000000000000e+00
6.054000000000e-07	0.000000000000e+00	0.000000000000e+00	0.000000000000e+00
6.056000000000e-07	0.000000000000e+00	0.000000000000e+00	0.000000000000e+00
6.058000000000e-07	0.000000000000e+00	0.000000000000e+00	0.000000000000e+00
6.060000000000e-07	0.000000000000e+00	0.000000000000e+00	0.000000000000e+00
6.062000000000e-07	0.000000000000e+00	0.000000000000e+00	0.000000000000e+00
6.064000000000e-07	0.000000000000e+00	0.000000000000e+00	0.000000000000e+00
6.066000000000e-07	0.000000000000e+00	0.000000000000e+00	0.000000000000e+00
6.068000000000e-07	0.000000000000e+00	0.000000000000e+00	0.000000000000e+00
6.070000000000e-07	0.000000000000e+00	0.000000000000e+00	0.000000000000e+00
6.072000000000e-07	0.000000000000e+00	0.000000000000e+00	0.000000000000e+00
6.074000000000e-07	0.000000000000e+00	0.000000000000e+00	0.000000000000e+00
6.076000000000e-07	0.000000000000e+00	0.000000000000e+00	0.000000000000e+00
6.078000000000e-07	0.000000000000e+00	0.000000000000e+00	0.000000000000e+00
6.080000000000e-07	0.000000000000e+00	0.000000000000e+00	0.000000000000e+00
6.082000000000e-07	0.000000000000e+00	0.000000000000e+00	0.000000000000e+00
6.084000000000e-07	0.000000000000e+00	0.000000000000e+00	0.000000000000e+00
6.086000000000e-07	0.000000000000e+00	0.000000000000e+00	0.000000000000e+00
6.088000000000e-07	0.000000000000e+00	0.000000000000e+00	0.000000000000e+00
6.090000000000e-07	0.000000000000e+00	0.000000000000e+00	0.000000000000e+00
6.092000000000e-07	0.000000000000e+00	0.000000000000e+00	0.000000000000e+00
6.094000000000e-07	0.000000000000e+00	0.000000000000e+00	0.000000000000e+00
6.096000000000e-07	0.000000000000e+00	0.000000000000e+00	0.000000000000e+00
6.098000000000e-07	0.000000000000e+00	0.000000000000e+00	0.000000000000e+00
6.100000000000e-07	0.000000000000e+00	0.000000000000e+00	0.000000000000e+00
6.102000000000e-07	0.000000000000e+00	0.000000000000e+00	0.000000000000e+00
6.104000000000e-07	0.000000000000e+00	0.000000000000e+00	0.000000000000e+00
6.106000000000e-07	0.000000000000e+00	0.000000000000e+00	0.000000000000e+00
6.108000000000e-07	0.000000000000e+00	0.000000000000e+00	0.000000000000e+00
6.110000000000e-07	0.000000000000e+00	0.000000000000e+00	0.000000000000e+00
6.112000000000e-07	0.000000000000e+00	0.000000000000e+00	0.000000000000e+00
6.114000000000e-07	0.000000000000e+00	0.000000000000e+00	0.000000000000e+00
6.116000000000e-07	0.000000000000e+00	0.000000000000e+00	0.000000000000e+00
6.118000000000e-07	0.000000000000e+00	0.000000000000e+00	0.000000000000e+00
6.120000000000e-07	0.000000000000e+00	0.000000000000e+00	0.000000000000e+00
6.122000000000e-07	0.000000000000e+00	0.000000000000e+00	0.000000000000e+00
6.124000000000e-07	0.000000000000e+00	0.000000000000e+00	0.000000000000e+00
6.126000000000e-07	0.000000000000e+00	0.000000000000e+00	0.000000000000e+00
6.128000000000e-07	0.000000000000e+00	0.000000000000e+00	0.000000000000e+00
6.130000000000e-07	0.000000000000e+00	0.000000000000e+00	0.000000000000e+00
6.132000000000e-07	0.000000000000e+00	0.000000000000e+00	0.000000000000e+00
6.134000000000e-07	0.000000000000e+00	0.000000000000e+00	0.000000000000e+00
6.136000000000e-07	0.000000000000e+00	0.000000000000e+00	0.000000000000e+00
6.138000000000e-07	0.000000000000e+00	0.000000000000e+00	0.000000000000e+00
6.140000000000e-07	0.000000000000e+00	0.000000000000e+00	0.000000000000e+00
6.142000000000e-07	0.000000000000e+00	0.000000000000e+00	0.000000000000e+00
6.144000000000e-07	0.000000000000e+00	0.000000000000e+00	0.000000000000e+00
6.146000000000e-07	0.000000000000e+00	0.000000000000e+00	0.000000000000e+00
6.148000000000e-07	0.000000000000e+00	0.000000000000e+00	0.000000000000e+00
6.150000000000e-07	0.000000000000e+00	0.000000000000e+00	0.000000000000e+00
6.152000000000e-07	0.000000000000e+00	0.000000000000e+00	0.000000000000e+00
6.154000000000e-07	0.000000000000e+00	0.000000000000e+00	0.000000000000e+00
6.156000000000e-07	-1.206094852314e-14	4.580605560671e-14	-3.108340396386e-14
6.158000000000e-07	1.826084231208e-15	-2.697059149441e-14	2.958242695580e-14
6.160000000000e-07	6.551639561189e-15	-4.213660081791e-15	-8.860136938856e-15
6.162000000000e-07	-7.198277393504e-13	5.906762527391e-13	8.980313341796e-13
6.164000000000e-07	1.332424267551e-13	-3.249462345177e-13	-6.616123854247e-14
6.166000000000e-07	-8.544272664959e-12	3.752995023149e-12	1.389336291108e-11
6.168000000000e-07	1.487532946668e-11	-1.629651295279e-11	-1.121138858266e-11
6.170000000000e-07	-6.325056328905e-12	2.293073569315e-11	-1.701858631600e-11
6.172000000000e-07	-3.967874668453e-12	6.686403175734e-12	-1.590651733690e-13
6.174000000000e-07	7.557072454918e-12	-8.491109425648e-12	-5.260994748700e-12
6.176000000000e-07	-1.508655266605e-12	3.485421626532e-11	-3.798098077817e-11
6.178000000000e-07	-2.376710407555e-11	1.894705069415e-11	2.416648844010e-11
6.180000000000e-07	7.168472031037e-12	-3.863334579567e-11	3.399877462558e-11
6.182000000000e-07	2.903910269518e-12	-1.167737357551e-13	-6.521743640542e-12
6.184000000000e-07	-1.184358372343e-12	-4.626900987742e-13	3.742703795812e-12
6.186000000000e-07	-2.204007260617e-11	1.778832927682e-11	2.451519332486e-11
6.188000000000e-07	2.044879608070e-12	1.283124970018e-11	-2.059011131227e-11
6.190000000000e-07	-1.878695284050e-11	2.810654928141e-11	3.386979541116e-12
6.192000000000e-07	1.501726898442e-11	-2.909946560323e-11	7.045653869611e-12
6.194000000000e-07	-2.978051079853e-11	8.224052724210e-11	-4.444479869570e-11
6.196000000000e-07	2.424393222842e-11	4.717750691836e-12	-6.144444332480e-11
6.198000000000e-07	-5.855768711701e-11	7.986352669772e-11	2.115108295671e-11
6.200000000000e-07	-2.790250154888e-11	8.214978035157e-11	-4.927814054307e-11
6.202000000000e-07	-1.026316004914e-10	2.298074572623e-10	-8.091524184655e-11
6.204000000000e-07	-1.802722146930e-10	4.612739436239e-10	-2.331539547040e-10
6.206000000000e-07	-3.736688114625e-10	6.938486887962e-10	-1.111474559535e-10
6.208000000000e-07	-6.703076960175e-10	1.378335800712e-09	-3.815327880056e-10
6.210000000000e-07	-1.613321675373e-09	3.347939604319e-09	-9.537253640700e-10
6.212000000000e-07	-3.619946896602e-09	7.452060997676e-09	-2.043689270426e-09
6.214000000000e-07	-8.125979573401e-09	1.680806676293e-08	-4.694659964420e-09
6.216000000000e-07	-1.913592638540e-08	3.869184853650e-08	-9.757893749518e-09
6.218000000000e-07	-2.258558594543e-08	4.599980411853e-08	-1.202761896185e-08
6.220000000000e-07	-2.355516259234e-08	4.767432523413e-08	-1.219494924124e-08
6.222000000000e-07	-2.403899749801e-08	4.936869443863e-08	-1.350557913639e-08
6.224000000000e-07	-2.334818459923e-08	4.733212585444e-08	-1.235576812372e-08
6.226000000000e-07	-2.152964768552e-08	4.391690616435e-08	-1.181956174396e-08
6.228000000000e-07	-2.054995037457e-08	4.087113764614e-08	-9.909931118287e-09
6.230000000000e-07	-1.726817929559e-08	3.573749216688e-08	-1.027925152642e-08
6.232000000000e-07	-1.658152387114e-08	3.332714288032e-08	-8.571287503449e-09
6.234000000000e-07	-1.490242338982e-08	2.929119386582e-08	-6.813085494817e-09
6.236000000000e-07	-1.281841209636e-08	2.623428604731e-08	-7.315086043303e-09
6.238000000000e-07	-1.033711203069e-08	2.073187314566e-08	-5.351398122686e-09
6.240000000000e-07	-9.472458575998e-09	1.854583537910e-08	-4.266117584130e-09
6.242000000000e-07	-9.046857086877e-09	1.882121608472e-08	-5.585319627558e-09
6.244000000000e-07	-8.018072968722e-09	1.620476812633e-08	-4.302261491170e-09
6.246000000000e-07	-8.152537925755e-09	1.536945583358e-08	-2.814910066837e-09
6.248000000000e-07	-6.895983485426e-09	1.483699581997e-08	-4.869974951485e-09
6.250000000000e-07	-6.987037965007e-09	1.410726705271e-08	-3.628457021888e-09
6.252000000000e-07	-2.401807032129e-09	4.871433519385e-09	-1.343803906297e-09
6.254000000000e-07	6.298358858661e-10	-6.590330880094e-10	-6.240051364534e-10
6.256000000000e-07	-9.583289452525e-10	1.935783990223e-09	-6.062072529505e-10
6.258000000000e-07	-2.422844823863e-10	3.290068016734e-10	1.387138082712e-11
6.260000000000e-07	-5.795223405806e-10	5.310522058826e-10	4.967528765748e-10
6.262000000000e-07	-6.758561459215e-10	1.543941877082e-09	-6.716200674112e-10
6.264000000000e-07	3.779127804542e-10	-3.045142996463e-10	-4.979297043310e-10
6.266000000000e-07	-5.855203857468e-10	9.665280402913e-10	-5.374114417523e-11
6.268000000000e-07	-3.597961778214e-10	6.799895108605e-10	-1.612481237697e-10
6.270000000000e-07	-1.225554003579e-09	2.554382140789e-09	-8.302884970504e-10
6.272000000000e-07	-3.017357268868e-09	5.950672682059e-09	-1.452742200962e-09
6.274000000000e-07	-4.652596277890e-09	9.963668316409e-09	-3.261276766911e-09
6.276000000000e-07	-1.041231598095e-08	2.047140640712e-08	-4.756927321694e-09
6.278000000000e-07	-1.727738684327e-08	3.450414925349e-08	-8.573128213078e-09
6.280000000000e-07	-3.142938488400e-08	6.393622157290e-08	-1.724906405290e-08
6.282000000000e-07	-5.940192144142e-08	1.213974693582e-07	-3.332138198202e-08
6.284000000000e-07	-1.101832860514e-07	2.250905413068e-07	-6.165533579223e-08
6.286000000000e-07	-1.897469821921e-07	3.860057975048e-07	-1.038025886092e-07
6.288000000000e-07	-4.706138252492e-07	9.539906671050e-07	-2.539278479525e-07
6.290000000000e-07	-4.312852507433e-07	8.739105337763e-07	-2.290364008539e-07
6.292000000000e-07	-3.014691539690e-07	6.164122789339e-07	-1.655649817330e-07
6.294000000000e-07	-2.007948012496e-07	4.110260478849e-07	-1.098451641968e-07
6.296000000000e-07	-1.056002132055e-07	2.191927284214e-07	-6.140396457874e-08
6.298000000000e-07	-4.205247110738e-08	8.263180664976e-08	-1.820870608933e-08
6.300000000000e-07	4.360679931938e-09	-1.030692704970e-08	4.065099239755e-09
6.302000000000e-07	2.083534483440e-08	-4.324702380075e-08	1.167913706975e-08
6.304000000000e-07	2.330810418934e-08	-4.804516641426e-08	1.276263689684e-08
6.306000000000e-07	1.394816576543e-08	-3.276390429055e-08	1.291125292305e-08
6.308000000000e-07	1.558808561801e-08	-3.281078212338e-08	9.509915742933e-09
6.310000000000e-07	1.353281972005e-08	-2.857076678495e-08	8.304106568917e-09
6.312000000000e-07	1.427290703980e-08	-2.894834467055e-08	7.266444665478e-09
6.314000000000e-07	1.269176246614e-08	-2.578404310876e-08	6.538233623826e-09
6.316000000000e-07	1.204761839974e-08	-2.209156376939e-08	2.952622498803e-09
6.318000000000e-07	1.219574876289e-08	-2.420577270902e-08	5.534344733537e-09
6.320000000000e-07	1.011392466959e-08	-2.227539947926e-08	7.566560389176e-09
6.322000000000e-07	1.158978953756e-08	-2.217818900710e-08	4.226977756880e-09
6.324000000000e-07	9.747568929418e-09	-2.013193880273e-08	5.543063683695e-09
6.326000000000e-07	9.971399756607e-09	-1.958469523176e-08	4.287922933834e-09
6.328000000000e-07	9.536634062642e-09	-2.044443566407e-08	6.441804318536e-09
6.330000000000e-07	8.526390270502e-09	-1.610631492064e-08	2.779840698575e-09
6.332000000000e-07	8.679404084761e-09	-1.900788449605e-08	6.468875964245e-09
6.334000000000e-07	9.409945713294e-09	-1.909864647745e-08	4.990149816762e-09
6.336000000000e-07	7.234204907720e-09	-1.550506958614e-08	4.873962035439e-09
6.338000000000e-07	8.060378777819e-09	-1.728030192697e-08	5.517410588467e-09
6.340000000000e-07	7.875471176532e-09	-1.611278515345e-08	4.279066503482e-09
6.342000000000e-07	8.567721993921e-09	-1.646201143201e-08	3.298412475901e-09
6.344000000000e-07	6.099947163780e-09	-1.389109535691e-08	5.283030739511e-09
6.346000000000e-07	7.250026993415e-09	-1.461168130840e-08	3.699616077417e-09
6.348000000000e-07	7.535416406040e-09	-1.530290799240e-08	4.025774764984e-09
6.350000000000e-07	8.122494141534e-09	-1.572171306800e-08	3.272026889996e-09
6.352000000000e-07	7.192054915261e-09	-1.489228092100e-08	4.229046545261e-09
6.354000000000e-07	7.874119048524e-09	-1.433982952323e-08	1.968603993888e-09
6.356000000000e-07	6.634631354538e-09	-1.401513068999e-08	4.269456756014e-09
6.358000000000e-07	6.777543193669e-09	-1.437429614962e-08	4.477835209616e-09
6.360000000000e-07	5.883276467042e-09	-1.319323110159e-08	4.918102872316e-09
6.362000000000e-07	6.736632986832e-09	-1.211847228343e-08	1.416388622100e-09
6.364000000000e-07	7.004868841173e-09	-1.376649911028e-08	3.130720245421e-09
6.366000000000e-07	6.562328802553e-09	-1.380436337516e-08	4.215349107078e-09
6.368000000000e-07	6.328480232797e-09	-1.320411102437e-08	3.920796143282e-09
6.370000000000e-07	7.048754087228e-09	-1.344728305451e-08	2.679538578167e-09
6.372000000000e-07	6.037966519678e-09	-1.244426249165e-08	3.489417035069e-09
6.374000000000e-07	5.641394020141e-09	-1.218688382382e-08	4.027991227821e-09
6.376000000000e-07	6.882494115234e-09	-1.339628207090e-08	2.930719839252e-09
6.378000000000e-07	5.621617300135e-09	-1.218900484984e-08	4.159826253395e-09
6.380000000000e-07	5.838292781419e-09	-1.260321112388e-08	4.149401341288e-09
6.382000000000e-07	6.123749605802e-09	-1.174370284297e-08	2.386508629267e-09
6.384000000000e-07	5.714269575082e-09	-1.221783368005e-08	3.994876354973e-09
6.386000000000e-07	5.751817548358e-09	-1.194414085749e-08	3.472264541815e-09
6.388000000000e-07	5.856824832336e-09	-1.152456785811e-08	2.687967226595e-09
6.390000000000e-07	5.528094998920e-09	-1.202987631355e-08	4.052311220173e-09
6.392000000000e-07	5.996794311163e-09	-1.177595957776e-08	2.739908308107e-09
6.394000000000e-07	5.151207335089e-09	-1.103012475799e-08	3.543183763450e-09
6.396000000000e-07	4.651527543082e-09	-1.024547811943e-08	3.674125529694e-09
6.398000000000e-07	5.609646111370e-09	-1.122776886180e-08	2.779274471250e-09
6.400000000000e-07	5.643098954537e-09	-1.083270581803e-08	2.228320678921e-09
6.402000000000e-07	5.954463728038e-09	-1.184290216320e-08	2.929391147863e-09
6.404000000000e-07	5.153424124507e-09	-1.115324486558e-08	3.773269349525e-09
6.406000000000e-07	5.401150582436e-09	-1.067115517070e-08	2.536102022428e-09
6.408000000000e-07	5.404914090796e-09	-1.115824179255e-08	3.170511882506e-09
6.410000000000e-07	5.290667155405e-09	-1.092342110229e-08	3.177613733386e-09
6.412000000000e-07	5.517922953565e-09	-1.077961376677e-08	2.440133336663e-09
6.414000000000e-07	4.642062807086e-09	-1.006876966799e-08	3.438225463521e-09
6.416000000000e-07	5.944947775524e-09	-1.119987638120e-08	2.058154749298e-09
6.418000000000e-07	4.594729779199e-09	-8.970547313163e-09	2.017064306607e-09
6.420000000000e-07	4.932240872283e-09	-1.000029456845e-08	2.669983087331e-09
6.422000000000e-07	4.539686991223e-09	-9.739131329111e-09	3.200247328921e-09
6.424000000000e-07	4.921106214680e-09	-1.012825447625e-08	2.860497597713e-09
6.426000000000e-07	4.944960113286e-09	-1.017517299035e-08	2.935847263747e-09
6.428000000000e-07	4.819109292164e-09	-9.790979953737e-09	2.624025707192e-09
6.430000000000e-07	5.031069031304e-09	-9.976874248620e-09	2.404845384123e-09
6.432000000000e-07	5.042218957957e-09	-1.048934669178e-08	3.138940439646e-09
6.434000000000e-07	4.827115739931e-09	-9.540187639572e-09	2.296749653753e-09
6.436000000000e-07	4.622491893974e-09	-8.555183355039e-09	1.389819734013e-09
6.438000000000e-07	3.784069646265e-09	-8.402260460120e-09	3.082606893921e-09
6.440000000000e-07	5.618949184082e-09	-1.088089622892e-08	2.349294301147e-09
6.442000000000e-07	4.649917468124e-09	-9.477659031265e-09	2.613526841357e-09
6.444000000000e-07	4.876967911036e-09	-9.702484511018e-09	2.424282186928e-09
6.446000000000e-07	4.302081528842e-09	-8.806807359099e-09	2.397798477393e-09
6.448000000000e-07	4.321020970247e-09	-9.265399831760e-09	3.070312298541e-09
6.450000000000e-07	4.760818331008e-09	-9.409281568661e-09	2.304944186505e-09
6.452000000000e-07	4.453668507939e-09	-8.969339068435e-09	2.345966557094e-09
6.454000000000e-07	4.849295839507e-09	-9.602516318008e-09	2.366492853682e-09
6.456000000000e-07	4.324987065966e-09	-8.979762201678e-09	2.604580570659e-09
6.458000000000e-07	4.682600339828e-09	-9.299792048468e-09	2.312032223381e-09
6.460000000000e-07	4.235366540580e-09	-8.884056567884e-09	2.686333409201e-09
6.462000000000e-07	4.664887641163e-09	-9.650014407071e-09	2.850944127438e-09
6.464000000000e-07	4.452330460070e-09	-8.955465666666e-09	2.315000878878e-09
6.466000000000e-07	4.595895392749e-09	-8.976090951756e-09	2.086685162736e-09
6.468000000000e-07	4.289977465234e-09	-8.497096465407e-09	2.113920669382e-09
6.470000000000e-07	4.181030869802e-09	-9.059598746142e-09	3.113600466155e-09
6.472000000000e-07	4.622780335830e-09	-8.979731653617e-09	1.993327681788e-09
6.474000000000e-07	4.204622326598e-09	-8.709289360351e-09	2.508182313731e-09
6.476000000000e-07	4.897446570917e-09	-9.575970963242e-09	2.200055473254e-09
6.478000000000e-07	4.010593406503e-09	-8.191373256434e-09	2.297711528792e-09
6.480000000000e-07	4.180753899264e-09	-8.635360355668e-09	2.519594511723e-09
6.482000000000e-07	4.422421682786e-09	-8.964397733965e-09	2.441563403583e-09
6.484000000000e-07	4.637180475180e-09	-8.418452993412e-09	1.213939684917e-09
6.486000000000e-07	4.315342599433e-09	-9.125084610017e-09	2.860567343332e-09
6.488000000000e-07	3.926348189619e-09	-8.448603875117e-09	2.831238969240e-09
6.490000000000e-07	4.206640973877e-09	-8.681090489677e-09	2.554583244756e-09
6.492000000000e-07	4.486666577234e-09	-8.908905639323e-09	2.190179333565e-09
6.494000000000e-07	3.899025389283e-09	-8.638114839047e-09	3.173310522632e-09
6.496000000000e-07	4.028603652428e-09	-8.220773101008e-09	2.289194019080e-09
6.498000000000e-07	4.218246350716e-09	-8.508630882151e-09	2.277591044216e-09
6.500000000000e-07	4.129080518480e-09	-7.770762916985e-09	1.442522089101e-09
6.502000000000e-07	4.489949197529e-09	-8.628203210855e-09	1.829299967430e-09
6.504000000000e-07	4.406020099394e-09	-8.784765454695e-09	2.264249501384e-09
6.506000000000e-07	3.886900665582e-09	-8.575191622564e-09	3.077902811354e-09
6.508000000000e-07	3.966647276454e-09	-8.042366631183e-09	2.178569545985e-09
6.510000000000e-07	4.168725639599e-09	-8.994109834259e-09	3.034476458436e-09
6.512000000000e-07	3.889277584654e-09	-8.312080670091e-09	2.720269185947e-09
6.514000000000e-07	4.123684302347e-09	-8.144024520021e-09	2.018437336097e-09
6.516000000000e-07	4.174029657654e-09	-7.582491956818e-09	1.137053620019e-09
6.518000000000e-07	3.960491781194e-09	-8.275290491271e-09	2.484198010172e-09
6.520000000000e-07	3.682626591413e-09	-7.624930563443e-09	2.314401325482e-09
6.522000000000e-07	4.232631425643e-09	-8.721947053595e-09	2.538707830341e-09
6.524000000000e-07	3.729115560882e-09	-7.422434092410e-09	1.870201023483e-09
6.526000000000e-07	4.117870348858e-09	-8.377846908136e-09	2.218394917381e-09
6.528000000000e-07	4.228380215435e-09	-7.708987855655e-09	1.118365478001e-09
6.530000000000e-07	3.763630963358e-09	-7.578895516220e-09	2.005081614127e-09
6.532000000000e-07	4.031919820035e-09	-7.885661949656e-09	1.847700998227e-09
6.534000000000e-07	4.010687213743e-09	-7.922914288525e-09	1.933863144625e-09
6.536000000000e-07	3.948098502974e-09	-7.967332227596e-09	2.138002273289e-09
6.538000000000e-07	3.776856135867e-09	-7.621483251517e-09	2.015624560610e-09
6.540000000000e-07	3.766176514630e-09	-7.915354973441e-09	2.472476197516e-09
6.542000000000e-07	4.188034540725e-09	-8.194378780523e-09	1.922756550398e-09
6.544000000000e-07	3.802080372655e-09	-7.582395347020e-09	1.929565663052e-09
6.546000000000e-07	3.788083204379e-09	-7.989065608457e-09	2.516853625041e-09
6.548000000000e-07	3.732592635357e-09	-7.263074005064e-09	1.625311140547e-09
6.550000000000e-07	3.884246489228e-09	-8.032162580511e-09	2.382930679582e-09
6.552000000000e-07	4.083907981468e-09	-8.350928987497e-09	2.418948953272e-09
6.554000000000e-07	3.489258690020e-09	-7.006054144075e-09	1.836089288606e-09
6.556000000000e-07	3.446570995329e-09	-7.181115858958e-09	2.169548811613e-09
6.558000000000e-07	3.862341237782e-09	-7.245384491898e-09	1.345237341050e-09
6.560000000000e-07	3.558317267939e-09	-7.365411711231e-09	2.105789339721e-09
6.562000000000e-07	3.666811629813e-09	-7.646940894376e-09	2.325148821164e-09
6.564000000000e-07	3.631695487974e-09	-7.284148725204e-09	1.912772826088e-09
6.566000000000e-07	3.470365955359e-09	-7.457918270743e-09	2.495477303794e-09
6.568000000000e-07	4.371603667540e-09	-7.702540703585e-09	8.421134723732e-10
6.570000000000e-07	3.237374030010e-09	-6.974079032271e-09	2.362490175407e-09
6.572000000000e-07	3.526625811404e-09	-7.336198956238e-09	2.228241656289e-09
6.574000000000e-07	3.302991633913e-09	-6.861319869366e-09	2.091159556828e-09
6.576000000000e-07	3.334696642642e-09	-7.053220563788e-09	2.233197156402e-09
6.578000000000e-07	3.923971331570e-09	-7.651306872713e-09	1.781113886570e-09
6.580000000000e-07	3.490155378575e-09	-7.193808077531e-09	2.083160105073e-09
6.582000000000e-07	3.403164685018e-09	-6.547184832236e-09	1.370407402104e-09
6.584000000000e-07	3.280927428478e-09	-6.956149604977e-09	2.209697369100e-09
6.586000000000e-07	3.542043345195e-09	-6.984213889474e-09	1.677298146225e-09
6.588000000000e-07	3.883804800806e-09	-7.515364182886e-09	1.697208649558e-09
6.590000000000e-07	3.532277736632e-09	-7.080816891792e-09	1.880800220975e-09
6.592000000000e-07	3.671985369179e-09	-7.489000380496e-09	2.121338585525e-09
6.594000000000e-07	3.730801265503e-09	-7.108393627890e-09	1.449283496204e-09
6.596000000000e-07	3.441276681096e-09	-6.892882405933e-09	1.782275779698e-09
6.598000000000e-07	3.233146405851e-09	-6.728674708759e-09	2.060980651483e-09
6.600000000000e-07	3.580452554824e-09	-7.348146390676e-09	2.143953607799e-09
6.602000000000e-07	3.560815973919e-09	-7.372715797280e-09	2.181867504027e-09
6.604000000000e-07	3.195559812694e-09	-6.712195991348e-09	2.126950290686e-09
6.606000000000e-07	3.444985190068e-09	-6.945375819587e-09	1.846434678021e-09
6.608000000000e-07	3.511633367630e-09	-7.032683320812e-09	1.863970332687e-09
6.610000000000e-07	3.583620296761e-09	-7.082762043325e-09	1.709639314076e-09
6.612000000000e-07	3.356484553512e-09	-7.148213486269e-09	2.308660383324e-09
6.614000000000e-07	3.572650406501e-09	-6.609201101889e-09	1.131072919801e-09
6.616000000000e-07	3.282805850598e-09	-6.548161474658e-09	1.687415918200e-09
6.618000000000e-07	3.299152401588e-09	-6.811737144703e-09	1.984940311051e-09
6.620000000000e-07	3.420066818455e-09	-6.778006814953e-09	1.680852563641e-09
6.622000000000e-07	3.329270423674e-09	-7.113476090970e-09	2.378426837906e-09
6.624000000000e-07	3.134867307506e-09	-6.420584406111e-09	1.839279888528e-09
6.626000000000e-07	3.385043717242e-09	-6.613526661385e-09	1.541889488361e-09
6.628000000000e-07	3.396073523393e-09	-6.770087237326e-09	1.737599434521e-09
6.630000000000e-07	3.342002657865e-09	-6.704005296456e-09	1.778467418438e-09
6.632000000000e-07	3.520854682722e-09	-6.810650060165e-09	1.569956274619e-09
6.634000000000e-07	3.427705670256e-09	-6.784245250808e-09	1.663590568783e-09
6.636000000000e-07	3.141585465239e-09	-6.376480656003e-09	1.760715951778e-09
6.638000000000e-07	3.308945531683e-09	-6.485854437083e-09	1.535916944782e-09
6.640000000000e-07	3.134016096757e-09	-6.511040047378e-09	1.939014746590e-09
6.642000000000e-07	3.016246168228e-09	-6.494121873168e-09	2.183459534305e-09
6.644000000000e-07	3.401628904886e-09	-6.589675531635e-09	1.465727624630e-09
6.646000000000e-07	3.042493480956e-09	-6.361601908300e-09	1.960779370199e-09
6.648000000000e-07	2.961789401060e-09	-6.569946938284e-09	2.430000697627e-09
6.650000000000e-07	3.537645081420e-09	-6.906872626636e-09	1.607432578949e-09
6.652000000000e-07	3.084388212746e-09	-6.123123289434e-09	1.544715670564e-09
6.654000000000e-07	3.231010233366e-09	-6.728115377506e-09	2.038695603137e-09
6.656000000000e-07	3.376574238952e-09	-6.568730057107e-09	1.499525500474e-09
6.658000000000e-07	3.265208327259e-09	-6.627249836219e-09	1.862190014135e-09
6.660000000000e-07	3.286955553902e-09	-6.352792268626e-09	1.400666758447e-09
6.662000000000e-07	2.927724443428e-09	-5.915709599099e-09	1.642894407703e-09
6.664000000000e-07	3.139144137314e-09	-6.231165642149e-09	1.571312412576e-09
6.666000000000e-07	3.013343819195e-09	-6.329577949964e-09	1.978737689433e-09
6.668000000000e-07	3.266267466675e-09	-6.592504709766e-09	1.785386778268e-09
6.670000000000e-07	3.340308661878e-09	-6.438012761408e-09	1.406892221553e-09
6.672000000000e-07	2.967021117882e-09	-6.118291238907e-09	1.749942769184e-09
6.674000000000e-07	3.088047003350e-09	-6.056968570217e-09	1.450957664549e-09
6.676000000000e-07	3.119796438765e-09	-6.232541673690e-09	1.597724848150e-09
6.678000000000e-07	3.014483736268e-09	-6.092671759327e-09	1.641203677601e-09
6.680000000000e-07	3.048456894368e-09	-6.450292569002e-09	2.091805327957e-09
6.682000000000e-07	2.990543265888e-09	-6.192332411563e-09	1.838113665890e-09
6.684000000000e-07	2.888918599185e-09	-5.972649685067e-09	1.761532752613e-09
6.686000000000e-07	3.142065435958e-09	-6.443529487677e-09	1.505025565952e-09
6.688000000000e-07	2.888673830182e-09	-6.046893606912e-09	1.859442045526e-09
6.690000000000e-07	2.931033444755e-09	-6.144895123826e-09	1.895000239174e-09
6.692000000000e-07	2.809735589047e-09	-6.028050690281e-09	2.021329478975e-09
6.694000000000e-07	3.021309657312e-09	-6.271525484877e-09	1.895680832622e-09
6.696000000000e-07	3.219221040817e-09	-5.954020357297e-09	1.061888389180e-09
6.698000000000e-07	2.948383806219e-09	-5.905116578649e-09	1.527108048952e-09
6.700000000000e-07	2.858964346041e-09	-5.846202481134e-09	1.674285761421e-09
6.702000000000e-07	3.080291287989e-09	-6.621970676400e-09	2.251706621096e-09
6.704000000000e-07	3.028181961654e-09	-6.026892550115e-09	1.481485938337e-09
6.706000000000e-07	2.810429262510e-09	-5.574221956906e-09	1.421671010090e-09
6.708000000000e-07	2.999848482844e-09	-6.170433378503e-09	1.810004202490e-09
6.710000000000e-07	2.811100364395e-09	-5.549910817324e-09	1.378122468941e-09
6.712000000000e-07	2.876953568701e-09	-5.845249743626e-09	1.649175482570e-09
6.714000000000e-07	3.125383317784e-09	-6.152499427769e-09	1.470515378221e-09
6.716000000000e-07	2.956742819485e-09	-5.989709261884e-09	1.639674900820e-09
6.718000000000e-07	2.755111957721e-09	-5.734260092161e-09	1.716005088553e-09
6.720000000000e-07	2.716012195107e-09	-5.788979340088e-09	1.807801293872e-09
6.722000000000e-07	2.912814669066e-09	-5.924320812691e-09	1.642568752889e-09
6.724000000000e-07	2.906292848007e-09	-5.801369356942e-09	1.527406071644e-09
6.726000000000e-07	3.001855537317e-09	-5.900144793772e-09	1.399000897820e-09
6.728000000000e-07	2.882521328338e-09	-5.822843288943e-09	1.658076586983e-09
6.730000000000e-07	2.642232441496e-09	-5.631777693855e-09	1.829352952071e-09
6.732000000000e-07	2.770797829580e-09	-5.796652567531e-09	1.812147081016e-09
6.734000000000e-07	2.681618816968e-09	-5.266324360298e-09	1.221530667059e-09
6.736000000000e-07	2.852563671681e-09	-5.735369992046e-09	1.542041416095e-09
6.738000000000e-07	2.961259335812e-09	-5.657017350885e-09	1.173486145829e-09
6.740000000000e-07	2.942763286043e-09	-5.865607805777e-09	1.484343399049e-09
6.742000000000e-07	2.679098865804e-09	-5.500952702904e-09	1.561003759839e-09
6.744000000000e-07	2.687441069894e-09	-5.582498199579e-09	1.693787058889e-09
6.746000000000e-07	2.805371094929e-09	-5.325000995585e-09	1.156845579592e-09
6.748000000000e-07	2.884629252278e-09	-5.584526063837e-09	1.210271995831e-09
6.750000000000e-07	2.901332134612e-09	-5.369411898706e-09	9.372421775165e-10
6.752000000000e-07	2.919828525212e-09	-5.612745203765e-09	1.240754928441e-09
6.754000000000e-07	2.703211414629e-09	-5.877285684837e-09	2.098138562853e-09
6.756000000000e-07	2.778398156164e-09	-5.355716516381e-09	1.165146353592e-09
6.758000000000e-07	2.798982366912e-09	-5.453316218358e-09	1.301141759051e-09
6.760000000000e-07	2.305131800563e-09	-5.118867329779e-09	1.867217590411e-09
6.762000000000e-07	2.465533202704e-09	-5.263870287620e-09	1.767848308651e-09
6.764000000000e-07	2.908739602880e-09	-5.398627775806e-09	9.185245488279e-10
6.766000000000e-07	2.893645041068e-09	-5.732068370674e-09	1.431094540534e-09
6.768000000000e-07	2.717827196374e-09	-5.515172662147e-09	1.568038738959e-09
6.770000000000e-07	2.578145642373e-09	-5.340745836046e-09	1.605748718928e-09
6.772000000000e-07	2.740623124286e-09	-5.398965933324e-09	1.326754207068e-09
6.774000000000e-07	2.674392637519e-09	-5.258677130715e-09	1.309875535571e-09
6.776000000000e-07	2.602268631574e-09	-5.517539546453e-09	1.799899416323e-09
6.778000000000e-07	2.676337768291e-09	-5.354083761196e-09	1.435982494676e-09
6.780000000000e-07	2.561113012445e-09	-5.362131236592e-09	1.703264096292e-09
6.782000000000e-07	2.714525889863e-09	-5.392526702637e-09	1.387679068383e-09
6.784000000000e-07	2.553472461189e-09	-5.211509631343e-09	1.510131205600e-09
6.786000000000e-07	2.658146518259e-09	-5.271859055182e-09	1.330303545922e-09
6.788000000000e-07	2.531694274189e-09	-5.227875329899e-09	1.553152467631e-09
6.790000000000e-07	2.611916232671e-09	-5.420251946797e-09	1.662344864525e-09
6.792000000000e-07	2.670982294202e-09	-5.304323670781e-09	1.355701830092e-09
6.794000000000e-07	2.686710510531e-09	-5.354189035110e-09	1.382064072586e-09
6.796000000000e-07	2.498594777962e-09	-5.162008993215e-09	1.535345358851e-09
6.798000000000e-07	2.450943563746e-09	-5.068947129177e-09	1.494393526176e-09
6.800000000000e-07	2.646987209399e-09	-5.207990007663e-09	1.273881743447e-09
6.802000000000e-07	2.646812890772e-09	-5.432678677761e-09	1.537388515467e-09
6.804000000000e-07	2.511840155159e-09	-5.039037615598e-09	1.286597707290e-09
6.806000000000e-07	2.594550733789e-09	-5.252346061508e-09	1.474322504094e-09
6.808000000000e-07	2.497118303696e-09	-5.069508929561e-09	1.401821246996e-09
6.810000000000e-07	2.575814510364e-09	-5.099539734921e-09	1.286938996538e-09
6.812000000000e-07	2.426036702879e-09	-4.959303176300e-09	1.431626404977e-09
6.814000000000e-07	2.539266200904e-09	-5.158219684098e-09	1.397019473276e-09
6.816000000000e-07	2.255135473640e-09	-4.847047756097e-09	1.674130263093e-09
6.818000000000e-07	2.429509230519e-09	-5.118634069208e-09	1.620562705279e-09
6.820000000000e-07	2.403843886875e-09	-4.820100457223e-09	1.279854614456e-09
6.822000000000e-07	2.493379361738e-09	-5.057517307919e-09	1.438327487859e-09
6.824000000000e-07	2.513836552686e-09	-5.042105784698e-09	1.332861161529e-09
6.826000000000e-07	2.342187306097e-09	-4.892852705549e-09	1.540818540906e-09
6.828000000000e-07	2.444358534966e-09	-4.640071685909e-09	9.277325373704e-10
6.830000000000e-07	2.393100348597e-09	-5.059617852891e-09	1.643989196603e-09
6.832000000000e-07	2.369545148924e-09	-4.884652148686e-09	1.348455054205e-09
6.834000000000e-07	2.696681312036e-09	-5.099827100261e-09	1.082008896149e-09
6.836000000000e-07	2.360359010338e-09	-4.877725087367e-09	1.343626668758e-09
6.838000000000e-07	2.493260772925e-09	-5.080305318265e-09	1.510303003326e-09
6.840000000000e-07	2.534061717301e-09	-5.014402825920e-09	1.268526743053e-09
6.842000000000e-07	2.350670650549e-09	-5.012779686800e-09	1.725680038649e-09
6.844000000000e-07	2.479701214479e-09	-5.078428288311e-09	1.449088222704e-09
6.846000000000e-07	2.348405258181e-09	-4.731967049716e-09	1.292964144659e-09
6.848000000000e-07	2.466227942002e-09	-5.008765563601e-09	1.348940545993e-09
6.850000000000e-07	2.422428052835e-09	-4.923789549526e-09	1.370103363755e-09
6.852000000000e-07	2.403334092322e-09	-4.921117740161e-09	1.429657579502e-09
6.854000000000e-07	2.408509775652e-09	-4.760141775229e-09	1.166378388196e-09
6.856000000000e-07	2.465391967671e-09	-4.820903902142e-09	1.152241785004e-09
6.858000000000e-07	2.483320144572e-09	-4.862605330085e-09	1.286659155813e-09
6.860000000000e-07	2.275101292167e-09	-4.755818832700e-09	1.455420076621e-09
6.862000000000e-07	2.291004714759e-09	-4.684035981081e-09	1.291749358642e-09
6.864000000000e-07	2.383199705966e-09	-4.870121848725e-09	1.361075811739e-09
6.866000000000e-07	2.358055509252e-09	-4.605556636750e-09	1.123474317669e-09
6.868000000000e-07	2.393915201689e-09	-4.833147317065e-09	1.342695688860e-09
6.870000000000e-07	2.424797393150e-09	-4.661334819599e-09	1.009824345929e-09
6.872000000000e-07	2.411455071617e-09	-4.609583145627e-09	1.010830778720e-09
6.874000000000e-07	2.351412222421e-09	-4.738024191493e-09	1.262908847033e-09
6.876000000000e-07	2.194865702340e-09	-4.411535148932e-09	1.210343972391e-09
6.878000000000e-07	2.489388779012e-09	-4.903567585991e-09	1.241940550104e-09
6.880000000000e-07	2.314080723673e-09	-4.611820003572e-09	1.203353308587e-09
6.882000000000e-07	2.424025108711e-09	-4.697458278843e-09	1.099928933246e-09
6.884000000000e-07	2.293674114100e-09	-4.667536968418e-09	1.290970257897e-09
6.886000000000e-07	2.390147576739e-09	-4.520465327362e-09	9.106850340800e-10
6.888000000000e-07	2.516051740296e-09	-4.891371058513e-09	1.144066878343e-09
6.890000000000e-07	2.391829771080e-09	-4.687389147541e-09	1.178377214887e-09
6.892000000000e-07	2.239426845499e-09	-4.554934618246e-09	1.296064229113e-09
6.894000000000e-07	2.262011876251e-09	-4.532195245938e-09	1.180573011199e-09
6.896000000000e-07	2.061926921253e-09	-4.239668677682e-09	1.228731382410e-09
6.898000000000e-07	2.265012278676e-09	-4.602022192873e-09	1.238793850353e-09
6.900000000000e-07	2.259345116430e-09	-4.644145824365e-09	1.357641346113e-09
6.902000000000e-07	2.311248355349e-09	-4.622905114863e-09	1.253199079657e-09
6.904000000000e-07	2.107586544809e-09	-4.466024757009e-09	1.466633893233e-09
6.906000000000e-07	2.135645470611e-09	-4.465690501988e-09	1.384361911501e-09
6.908000000000e-07	2.281670934470e-09	-4.528785051071e-09	1.183749963775e-09
6.910000000000e-07	2.360808877937e-09	-4.733558809098e-09	1.271012098171e-09
6.912000000000e-07	2.302516980049e-09	-4.451973495291e-09	9.724239755254e-10
6.914000000000e-07	2.343748171428e-09	-4.681295507443e-09	1.250257916115e-09
6.916000000000e-07	2.461999268480e-09	-4.765744979448e-09	1.068735324466e-09
6.918000000000e-07	2.178196447435e-09	-4.256936023943e-09	9.878328890507e-10
6.920000000000e-07	2.222692712372e-09	-4.353860018965e-09	1.103193164424e-09
6.922000000000e-07	2.231867414425e-09	-4.222866414556e-09	8.009525591741e-10
6.924000000000e-07	2.056137458651e-09	-4.164852751403e-09	1.204953662600e-09
6.926000000000e-07	2.192631742363e-09	-4.370448928347e-09	1.131099334953e-09
6.928000000000e-07	2.245764771022e-09	-4.403974581453e-09	1.044561737353e-09
6.930000000000e-07	2.138834489588e-09	-4.446398505253e-09	1.372492893007e-09
6.932000000000e-07	1.891316177430e-09	-4.034450612752e-09	1.363264418064e-09
6.934000000000e-07	2.183410208327e-09	-4.521108852637e-09	1.320734832171e-09
6.936000000000e-07	2.332605756694e-09	-4.517254278454e-09	1.035433821963e-09
6.938000000000e-07	2.166252012659e-09	-4.236273213508e-09	1.029141545639e-09
6.940000000000e-07	2.264066241565e-09	-4.384881438212e-09	9.925572338634e-10
6.942000000000e-07	2.150731438730e-09	-4.417452933402e-09	1.280867396304e-09
6.944000000000e-07	2.193380405717e-09	-4.214597858337e-09	9.261433810164e-10
6.946000000000e-07	2.218584693749e-09	-4.453435014175e-09	1.158192277149e-09
6.948000000000e-07	2.120937341841e-09	-4.206924770142e-09	1.057376075496e-09
6.950000000000e-07	2.242487355612e-09	-4.519196239222e-09	1.229038822701e-09
6.952000000000e-07	1.992880850580e-09	-4.200116339458e-09	1.347814248094e-09
6.954000000000e-07	2.081916500919e-09	-3.981705305458e-09	8.710442587918e-10
6.956000000000e-07	2.171493183012e-09	-4.291952986632e-09	1.073546896701e-09
6.958000000000e-07	2.065473411046e-09	-4.076034262457e-09	9.899569774286e-10
6.960000000000e-07	1.940787410094e-09	-4.116786005946e-09	1.316842669905e-09
6.962000000000e-07	2.130385174405e-09	-4.246924238102e-09	1.107953665117e-09
6.964000000000e-07	2.092442322713e-09	-4.207297638929e-09	1.158549678029e-09
6.966000000000e-07	2.007749563357e-09	-4.097920269833e-09	1.147949489767e-09
6.968000000000e-07	2.167734567267e-09	-4.462167699040e-09	1.313789712894e-09
6.970000000000e-07	1.951301942640e-09	-3.957514674840e-09	1.079629561044e-09
6.972000000000e-07	2.034934451813e-09	-4.001244475846e-09	1.019296165759e-09
6.974000000000e-07	2.004078023706e-09	-4.153031996588e-09	1.228214253096e-09
6.976000000000e-07	2.082547648670e-09	-4.023945491835e-09	9.139869305829e-10
6.978000000000e-07	2.208712610874e-09	-4.240374784901e-09	9.041549711991e-10
6.980000000000e-07	2.122617448804e-09	-4.251397183079e-09	1.142150492739e-09
6.982000000000e-07	1.837313260408e-09	-3.711887250539e-09	1.025827263733e-09
6.984000000000e-07	2.173919377668e-09	-4.210673138410e-09	9.515326881355e-10
6.986000000000e-07	2.147601235763e-09	-4.311052737354e-09	1.173442880447e-09
6.988000000000e-07	1.988010182036e-09	-4.090616654227e-09	1.204099791624e-09
6.990000000000e-07	1.939601523912e-09	-4.141725642403e-09	1.338413132783e-09
6.992000000000e-07	1.919967594006e-09	-4.005556947736e-09	1.269498679494e-09
6.994000000000e-07	2.007716546271e-09	-3.998720656416e-09	1.009594407754e-09
6.996000000000e-07	2.148776788997e-09	-4.201426306288e-09	1.012220426697e-09
6.998000000000e-07	1.783991021998e-09	-3.841358349368e-09	1.272741534990e-09
7.000000000000e-07	1.902524133796e-09	-3.883963714625e-09	1.103661784002e-09
7.002000000000e-07	2.002987885173e-09	-4.090897078944e-09	1.196228965928e-09
7.004000000000e-07	2.012644873713e-09	-4.055725303447e-09	1.094285862747e-09
7.006000000000e-07	2.071734512026e-09	-4.002394646313e-09	9.222010680140e-10
7.008000000000e-07	1.857101657179e-09	-3.897327970845e-09	1.186326471487e-09
7.010000000000e-07	1.940925471676e-09	-3.922848140968e-09	1.084625864345e-09
7.012000000000e-07	1.995285739011e-09	-3.935057753759e-09	9.994874712282e-10
7.014000000000e-07	1.829017200009e-09	-3.867215347737e-09	1.249873062626e-09
7.016000000000e-07	2.105229901143e-09	-4.066168874658e-09	9.345112255805e-10
7.018000000000e-07	1.994399259104e-09	-3.990485450582e-09	1.055657599401e-09
7.020000000000e-07	1.895941640389e-09	-3.766176008498e-09	9.419306711572e-10
7.022000000000e-07	1.967206104106e-09	-4.040886651271e-09	1.178624956818e-09
7.024000000000e-07	1.831973116648e-09	-3.737990886759e-09	1.008457822989e-09
7.026000000000e-07	2.023345253581e-09	-3.916875121845e-09	8.939338301816e-10
7.028000000000e-07	1.897384395258e-09	-3.865256137743e-09	1.101078214090e-09
7.030000000000e-07	1.919818994000e-09	-3.827647590051e-09	9.573853264978e-10
7.032000000000e-07	1.922446310757e-09	-3.876759218804e-09	1.070489368249e-09
7.034000000000e-07	1.768780144185e-09	-3.593894775043e-09	1.006310491748e-09
7.036000000000e-07	1.888731398435e-09	-3.748809736951e-09	9.666048578503e-10
7.038000000000e-07	2.037188612507e-09	-3.870767637347e-09	7.742330753404e-10
7.040000000000e-07	1.908222702057e-09	-3.775658380341e-09	9.908612466966e-10
7.042000000000e-07	1.777330718002e-09	-3.724501909830e-09	1.168516736415e-09
7.044000000000e-07	1.822980663316e-09	-3.638334269208e-09	9.023147164658e-10
7.046000000000e-07	1.737696888272e-09	-3.830267449231e-09	1.398525890499e-09
7.048000000000e-07	1.962757607719e-09	-3.842915493612e-09	9.493603768896e-10
7.050000000000e-07	1.798341443848e-09	-3.627298814387e-09	9.576747856229e-10
7.052000000000e-07	1.897051364598e-09	-3.751618210388e-09	9.467944539482e-10
7.054000000000e-07	1.970826384547e-09	-3.807809606717e-09	8.710355092602e-10
7.056000000000e-07	1.806564733400e-09	-3.706827519243e-09	1.111567805827e-09
7.058000000000e-07	1.991728518471e-09	-3.793144821806e-09	7.480302015873e-10
7.060000000000e-07	1.782294459885e-09	-3.737851711064e-09	1.187198437553e-09
7.062000000000e-07	1.812408063513e-09	-3.640250229672e-09	9.695944156624e-10
7.064000000000e-07	1.833059281644e-09	-3.868705295241e-09	1.244645534529e-09
7.066000000000e-07	1.834967457419e-09	-3.624633924277e-09	9.256377507433e-10
7.068000000000e-07	1.863767447401e-09	-3.643115269477e-09	8.126132765876e-10
7.070000000000e-07	1.811218221820e-09	-3.621820647493e-09	9.897804241297e-10
7.072000000000e-07	1.923069745999e-09	-3.669366490424e-09	7.637940941107e-10
7.074000000000e-07	1.750408718286e-09	-3.433220994491e-09	8.335666871602e-10
7.076000000000e-07	1.797772453948e-09	-3.692542154148e-09	1.088114725195e-09
7.078000000000e-07	1.816855110526e-09	-3.459482627746e-09	7.339831377395e-10
7.080000000000e-07	1.734732611801e-09	-3.538024694851e-09	9.833937587251e-10
7.082000000000e-07	1.872584417630e-09	-3.748000773469e-09	9.872503041592e-10
7.084000000000e-07	1.780619659950e-09	-3.609803155204e-09	9.291277305721e-10
7.086000000000e-07	1.646483024780e-09	-3.350090537480e-09	9.800514158925e-10
7.088000000000e-07	1.876635973643e-09	-3.676877220335e-09	8.827897479731e-10
7.090000000000e-07	1.947547344992e-09	-3.713099058151e-09	7.755746221705e-10
7.092000000000e-07	1.819621035605e-09	-3.724591820019e-09	1.088343053183e-09
7.094000000000e-07	1.873663564859e-09	-3.708845177350e-09	9.028857009181e-10
7.096000000000e-07	1.726397543083e-09	-3.415956534404e-09	8.635590025399e-10
7.098000000000e-07	1.725532942295e-09	-3.583968397687e-09	1.108193295369e-09
7.100000000000e-07	1.712614156126e-09	-3.516897603974e-09	1.049632124910e-09
7.102000000000e-07	1.728808244472e-09	-3.301711635079e-09	6.848049387229e-10
7.104000000000e-07	1.733741622834e-09	-3.342961385266e-09	7.430440340432e-10
7.106000000000e-07	1.812458089077e-09	-3.449227578376e-09	7.366511497352e-10
7.108000000000e-07	1.711355928032e-09	-3.518262539297e-09	1.042013576984e-09
7.110000000000e-07	1.852684988743e-09	-3.516630034844e-09	7.245764943643e-10
7.112000000000e-07	1.615613201409e-09	-3.397994412194e-09	1.069229713130e-09
7.114000000000e-07	1.630565584806e-09	-3.390546332877e-09	1.028884054314e-09
7.116000000000e-07	1.781951274046e-09	-3.472569292600e-09	8.425665564041e-10
7.118000000000e-07	1.648002364507e-09	-3.285604867178e-09	9.023806498490e-10
7.120000000000e-07	1.772121237928e-09	-3.395548992367e-09	7.953867109520e-10
7.122000000000e-07	1.729785204001e-09	-3.445253902162e-09	8.904657337150e-10
7.124000000000e-07	1.641766943558e-09	-3.386114748988e-09	1.002326143771e-09
7.126000000000e-07	1.701649785941e-09	-3.452356700109e-09	9.879338167704e-10
7.128000000000e-07	1.637618775306e-09	-3.352570510208e-09	9.657221860499e-10
7.130000000000e-07	1.709056123291e-09	-3.383494556186e-09	8.657398490019e-10
7.132000000000e-07	1.640862521447e-09	-3.412663457834e-09	1.040204787420e-09
7.134000000000e-07	1.706336867756e-09	-3.455769140081e-09	9.682058062792e-10
7.136000000000e-07	1.642044287906e-09	-3.238425610972e-09	8.008986773830e-10
7.138000000000e-07	1.666573498345e-09	-3.226731274692e-09	7.351612783204e-10
7.140000000000e-07	1.711022079445e-09	-3.442946808602e-09	9.419678198276e-10
7.142000000000e-07	1.652604604476e-09	-3.254968881288e-09	8.199898585398e-10
7.144000000000e-07	1.479249891993e-09	-3.260609841382e-09	1.225036024712e-09
7.146000000000e-07	1.748272813579e-09	-3.300324031072e-09	6.411729730012e-10
7.148000000000e-07	1.675931477376e-09	-3.474553225608e-09	1.061047997930e-09
7.150000000000e-07	1.653232959329e-09	-3.342027065665e-09	9.454016349838e-10
7.152000000000e-07	1.633652143282e-09	-3.212903299937e-09	7.721504211430e-10
7.154000000000e-07	1.561915477505e-09	-3.258451880842e-09	1.084798379941e-09
7.156000000000e-07	1.514015529946e-09	-3.284790297393e-09	1.153243696718e-09
7.158000000000e-07	1.587641803619e-09	-3.230182501976e-09	9.150727102845e-10
7.160000000000e-07	1.560010797686e-09	-3.119824705430e-09	8.053820543594e-10
7.162000000000e-07	1.711572658009e-09	-3.431151184331e-09	8.988114324591e-10
7.164000000000e-07	1.724239104339e-09	-3.342743318679e-09	7.935296826880e-10
7.166000000000e-07	1.553195255244e-09	-3.198693077322e-09	9.262583519158e-10
7.168000000000e-07	1.598159820933e-09	-3.145888974476e-09	7.777429091382e-10
7.170000000000e-07	1.713865892811e-09	-3.373981087965e-09	8.357139272684e-10
7.172000000000e-07	1.631275142800e-09	-3.152421267891e-09	7.720656967533e-10
7.174000000000e-07	1.609225218048e-09	-3.232602406289e-09	8.818628484602e-10
7.176000000000e-07	1.622383515409e-09	-3.284814027808e-09	9.034973126552e-10
7.178000000000e-07	1.540247074647e-09	-3.181744509201e-09	9.435330054741e-10
7.180000000000e-07	1.471208778862e-09	-3.028265521487e-09	8.856185488704e-10
7.182000000000e-07	1.600809959821e-09	-3.373389377728e-09	1.061506244348e-09
7.184000000000e-07	1.532965547276e-09	-2.981306588780e-09	6.996418711230e-10
7.186000000000e-07	1.524206277288e-09	-3.094307080414e-09	8.707920142546e-10
