1.867200000000e-06	0.000000000000e+00	0.000000000000e+00	0.000000000000e+00
1.867400000000e-06	0.000000000000e+00	0.000000000000e+00	0.000000000000e+00
1.867600000000e-06	0.000000000000e+00	0.000000000000e+00	0.000000000000e+00
1.867800000000e-06	0.000000000000e+00	0.000000000000e+00	0.000000000000e+00
1.868000000000e-06	0.000000000000e+00	0.000000000000e+00	0.000000000000e+00
1.868200000000e-06	0.000000000000e+00	0.000000000000e+00	0.000000000000e+00
1.868400000000e-06	0.000000000000e+00	0.000000000000e+00	0.000000000000e+00
1.868600000000e-06	0.000000000000e+00	0.000000000000e+00	0.000000000000e+00
1.868800000000e-06	0.000000000000e+00	0.000000000000e+00	0.000000000000e+00
1.869000000000e-06	0.000000000000e+00	0.000000000000e+00	0.000000000000e+00
1.869200000000e-06	0.000000000000e+00	0.000000000000e+00	0.000000000000e+00
1.869400000000e-06	0.000000000000e+00	0.000000000000e+00	0.000000000000e+00
1.869600000000e-06	0.000000000000e+00	0.000000000000e+00	0.000000000000e+00
1.869800000000e-06	0.000000000000e+00	0.000000000000e+00	0.000000000000e+00
1.870000000000e-06	0.000000000000e+00	0.000000000000e+00	0.000000000000e+00
1.870200000000e-06	0.000000000000e+00	0.000000000000e+00	0.000000000000e+00
1.870400000000e-06	0.000000000000e+00	0.000000000000e+00	0.000000000000e+00
1.870600000000e-06	0.000000000000e+00	0.000000000000e+00	0.000000000000e+00
1.870800000000e-06	0.000000000000e+00	0.000000000000e+00	0.000000000000e+00
1.871000000000e-06	0.000000000000e+00	0.000000000000e+00	0.000000000000e+00
1.871200000000e-06	0.000000000000e+00	0.000000000000e+00	0.000000000000e+00
1.871400000000e-06	0.000000000000e+00	0.000000000000e+00	0.000000000000e+00
1.871600000000e-06	0.000000000000e+00	0.000000000000e+00	0.000000000000e+00
1.871800000000e-06	0.000000000000e+00	0.000000000000e+00	0.000000000000e+00
1.872000000000e-06	0.000000000000e+00	0.000000000000e+00	0.000000000000e+00
1.872200000000e-06	0.000000000000e+00	0.000000000000e+00	0.000000000000e+00
1.872400000000e-06	0.000000000000e+00	0.000000000000e+00	0.000000000000e+00
1.872600000000e-06	0.000000000000e+00	0.000000000000e+00	0.000000000000e+00
1.872800000000e-06	0.000000000000e+00	0.000000000000e+00	0.000000000000e+00
1.873000000000e-06	0.000000000000e+00	0.000000000000e+00	0.000000000000e+00
1.873200000000e-06	0.000000000000e+00	0.000000000000e+00	0.000000000000e+00
1.873400000000e-06	0.000000000000e+00	0.000000000000e+00	0.000000000000e+00
1.873600000000e-06	0.000000000000e+00	0.000000000000e+00	0.000000000000e+00
1.873800000000e-06	0.000000000000e+00	0.000000000000e+00	0.000000000000e+00
1.874000000000e-06	0.000000000000e+00	0.000000000000e+00	0.000000000000e+00
1.874200000000e-06	0.000000000000e+00	0.000000000000e+00	0.000000000000e+00
1.874400000000e-06	0.000000000000e+00	0.000000000000e+00	0.000000000000e+00
1.874600000000e-06	0.000000000000e+00	0.000000000000e+00	0.000000000000e+00
1.874800000000e-06	0.000000000000e+00	0.000000000000e+00	0.000000000000e+00
1.875000000000e-06	0.000000000000e+00	0.000000000000e+00	0.000000000000e+00
1.875200000000e-06	0.000000000000e+00	0.000000000000e+00	0.000000000000e+00
1.875400000000e-06	0.000000000000e+00	0.000000000000e+00	0.000000000000e+00
1.875600000000e-06	0.000000000000e+00	0.000000000000e+00	0.000000000000e+00
1.875800000000e-06	0.000000000000e+00	0.000000000000e+00	0.000000000000e+00
1.876000000000e-06	0.000000000000e+00	0.000000000000e+00	0.000000000000e+00
1.876200000000e-06	0.000000000000e+00	0.000000000000e+00	0.000000000000e+00
1.876400000000e-06	0.000000000000e+00	0.000000000000e+00	0.000000000000e+00
1.876600000000e-06	0.000000000000e+00	0.000000000000e+00	0.000000000000e+00
1.876800000000e-06	0.000000000000e+00	0.000000000000e+00	0.000000000000e+00
1.877000000000e-06	0.000000000000e+00	0.000000000000e+00	0.000000000000e+00
1.877200000000e-06	0.000000000000e+00	0.000000000000e+00	0.000000000000e+00
1.877400000000e-06	0.000000000000e+00	0.000000000000e+00	0.000000000000e+00
1.877600000000e-06	0.000000000000e+00	0.000000000000e+00	0.000000000000e+00
1.877800000000e-06	0.000000000000e+00	0.000000000000e+00	0.000000000000e+00
1.878000000000e-06	0.000000000000e+00	0.000000000000e+00	0.000000000000e+00
1.878200000000e-06	0.000000000000e+00	0.000000000000e+00	0.000000000000e+00
1.878400000000e-06	0.000000000000e+00	0.000000000000e+00	0.000000000000e+00
1.878600000000e-06	0.000000000000e+00	0.000000000000e+00	0.000000000000e+00
1.878800000000e-06	0.000000000000e+00	0.000000000000e+00	0.000000000000e+00
1.879000000000e-06	0.000000000000e+00	0.000000000000e+00	0.000000000000e+00
1.879200000000e-06	0.000000000000e+00	0.000000000000e+00	0.000000000000e+00
1.879400000000e-06	0.000000000000e+00	0.000000000000e+00	0.000000000000e+00
1.879600000000e-06	0.000000000000e+00	0.000000000000e+00	0.000000000000e+00
1.879800000000e-06	0.000000000000e+00	0.000000000000e+00	0.000000000000e+00
1.880000000000e-06	0.000000000000e+00	0.000000000000e+00	0.000000000000e+00
1.880200000000e-06	0.000000000000e+00	0.000000000000e+00	0.000000000000e+00
1.880400000000e-06	0.000000000000e+00	0.000000000000e+00	0.000000000000e+00
1.880600000000e-06	0.000000000000e+00	0.000000000000e+00	0.000000000000e+00
1.880800000000e-06	0.000000000000e+00	0.000000000000e+00	0.000000000000e+00
1.881000000000e-06	0.000000000000e+00	0.000000000000e+00	0.000000000000e+00
1.881200000000e-06	0.000000000000e+00	0.000000000000e+00	0.000000000000e+00
1.881400000000e-06	0.000000000000e+00	0.000000000000e+00	0.000000000000e+00
1.881600000000e-06	0.000000000000e+00	0.000000000000e+00	0.000000000000e+00
1.881800000000e-06	0.000000000000e+00	0.000000000000e+00	0.000000000000e+00
1.882000000000e-06	0.000000000000e+00	0.000000000000e+00	0.000000000000e+00
1.882200000000e-06	0.000000000000e+00	0.000000000000e+00	0.000000000000e+00
1.882400000000e-06	0.000000000000e+00	0.000000000000e+00	0.000000000000e+00
1.882600000000e-06	0.000000000000e+00	0.000000000000e+00	0.000000000000e+00
1.882800000000e-06	0.000000000000e+00	0.000000000000e+00	0.000000000000e+00
1.883000000000e-06	0.000000000000e+00	0.000000000000e+00	0.000000000000e+00
1.883200000000e-06	0.000000000000e+00	0.000000000000e+00	0.000000000000e+00
1.883400000000e-06	0.000000000000e+00	0.000000000000e+00	0.000000000000e+00
1.883600000000e-06	0.000000000000e+00	0.000000000000e+00	0.000000000000e+00
1.883800000000e-06	0.000000000000e+00	0.000000000000e+00	0.000000000000e+00
1.884000000000e-06	0.000000000000e+00	0.000000000000e+00	0.000000000000e+00
1.884200000000e-06	0.000000000000e+00	0.000000000000e+00	0.000000000000e+00
1.884400000000e-06	0.000000000000e+00	0.000000000000e+00	0.000000000000e+00
1.884600000000e-06	0.000000000000e+00	0.000000000000e+00	0.000000000000e+00
1.884800000000e-06	0.000000000000e+00	0.000000000000e+00	0.000000000000e+00
1.885000000000e-06	0.000000000000e+00	0.000000000000e+00	0.000000000000e+00
1.885200000000e-06	0.000000000000e+00	0.000000000000e+00	0.000000000000e+00
1.885400000000e-06	0.000000000000e+00	0.000000000000e+00	0.000000000000e+00
1.885600000000e-06	0.000000000000e+00	0.000000000000e+00	0.000000000000e+00
1.885800000000e-06	0.000000000000e+00	0.000000000000e+00	0.000000000000e+00
1.886000000000e-06	0.000000000000e+00	0.000000000000e+00	0.000000000000e+00
1.886200000000e-06	0.000000000000e+00	0.000000000000e+00	0.000000000000e+00
1.886400000000e-06	0.000000000000e+00	0.000000000000e+00	0.000000000000e+00
1.886600000000e-06	0.000000000000e+00	0.000000000000e+00	0.000000000000e+00
1.886800000000e-06	0.000000000000e+00	0.000000000000e+00	0.000000000000e+00
1.887000000000e-06	0.000000000000e+00	0.000000000000e+00	0.000000000000e+00
1.887200000000e-06	0.000000000000e+00	0.000000000000e+00	0.000000000000e+00
1.887400000000e-06	0.000000000000e+00	0.000000000000e+00	0.000000000000e+00
1.887600000000e-06	0.000000000000e+00	0.000000000000e+00	0.000000000000e+00
1.887800000000e-06	0.000000000000e+00	0.000000000000e+00	0.000000000000e+00
1.888000000000e-06	0.000000000000e+00	0.000000000000e+00	0.000000000000e+00
1.888200000000e-06	0.000000000000e+00	0.000000000000e+00	0.000000000000e+00
1.888400000000e-06	0.000000000000e+00	0.000000000000e+00	0.000000000000e+00
1.888600000000e-06	0.000000000000e+00	0.000000000000e+00	0.000000000000e+00
1.888800000000e-06	0.000000000000e+00	0.000000000000e+00	0.000000000000e+00
1.889000000000e-06	0.000000000000e+00	0.000000000000e+00	0.000000000000e+00
1.889200000000e-06	4.641190998432e-17	-1.060305715547e-16	4.048200004367e-17
1.889400000000e-06	-3.593774489485e-13	4.311260070176e-13	2.177050685321e-13
1.889600000000e-06	9.838667724854e-16	-1.438302300444e-15	-2.318365855409e-16
1.889800000000e-06	0.000000000000e+00	0.000000000000e+00	0.000000000000e+00
1.890000000000e-06	2.313846034771e-16	-1.712590098132e-15	1.900250819400e-15
1.890200000000e-06	-2.036106955021e-15	2.493537847267e-15	1.055628226954e-15
1.890400000000e-06	-2.231186325731e-14	1.551304134165e-13	-1.664723833927e-13
1.890600000000e-06	-2.294132746941e-14	-4.243834857719e-14	1.097244056207e-13
1.890800000000e-06	6.767970709889e-14	-1.321786573962e-13	3.148357018540e-14
1.891000000000e-06	-5.616254941019e-14	1.941023288933e-13	-1.447428945443e-13
1.891200000000e-06	-3.515522527680e-14	1.971718371529e-14	5.154028436675e-14
1.891400000000e-06	5.184389886686e-15	-1.804373263402e-14	1.523580657436e-14
1.891600000000e-06	7.993651490962e-15	-6.971515295871e-15	-8.326252184047e-15
1.891800000000e-06	6.757039990534e-15	-2.214424752926e-14	1.658522136250e-14
1.892000000000e-06	-9.535608891382e-15	1.617576585548e-14	-1.668286009028e-15
1.892200000000e-06	-4.210962244609e-14	-2.465344036043e-14	1.293572508405e-13
1.892400000000e-06	-4.874222416413e-14	1.709821340152e-13	-1.288881288576e-13
1.892600000000e-06	-1.263531367627e-13	2.810150078169e-13	-1.115406729866e-13
1.892800000000e-06	-1.778559346077e-13	2.352245109755e-14	3.770070138308e-13
1.893000000000e-06	8.390000736287e-13	-1.929255634151e-13	-1.666399704126e-12
1.893200000000e-06	-3.883979898370e-13	-5.127840883912e-13	1.653982312654e-12
1.893400000000e-06	-6.998875115987e-13	1.769373467675e-12	-8.995405752972e-13
1.893600000000e-06	-5.149499004056e-13	-2.861035758980e-13	1.598597729448e-12
1.893800000000e-06	-1.909705177357e-13	7.948075811377e-13	-7.048266734853e-13
1.894000000000e-06	1.248404434261e-12	-8.595884788222e-13	-1.783204307503e-12
1.894200000000e-06	-2.954917838475e-13	9.878318403221e-13	-6.698265052851e-13
1.894400000000e-06	6.521948822555e-13	-2.321817156270e-12	1.815790417087e-12
1.894600000000e-06	-6.323132546862e-13	2.130038747587e-12	-1.618456661468e-12
1.894800000000e-06	1.126136846591e-12	-6.082243373510e-13	-1.739630954396e-12
1.895000000000e-06	-1.606766096019e-12	1.184436526773e-12	2.024145866703e-12
1.895200000000e-06	-3.066871830858e-12	5.739138998683e-12	-1.074326676967e-12
1.895400000000e-06	-2.538973814986e-12	2.896627040808e-12	1.646406649579e-12
1.895600000000e-06	-1.177238852226e-12	7.779904261093e-12	-8.203714092363e-12
1.895800000000e-06	-2.019395116214e-12	1.691712119158e-12	2.374159192857e-12
1.896000000000e-06	-2.354969655459e-12	3.468770186459e-12	5.350289421328e-13
1.896200000000e-06	-5.387210049844e-12	2.984143134951e-13	1.159790085069e-11
1.896400000000e-06	-2.352423891256e-12	1.154997037498e-11	-1.078418880873e-11
1.896600000000e-06	5.495972165798e-12	-6.715179317723e-12	-3.052409756795e-12
1.896800000000e-06	-3.257299394741e-12	4.054666054047e-12	1.513582845990e-12
1.897000000000e-06	5.698791069437e-12	-4.250726131934e-12	-6.933241466836e-12
1.897200000000e-06	3.255095823904e-14	-1.891707686719e-12	2.651753297259e-12
1.897400000000e-06	-7.140654202043e-12	1.254488543355e-11	-1.606445706596e-12
1.897600000000e-06	-9.364377667440e-13	2.583955644686e-12	-1.356698241512e-12
1.897800000000e-06	-1.489785022984e-11	2.207619539673e-11	2.778752627822e-12
1.898000000000e-06	-7.021264286565e-13	7.703843675939e-12	-9.283420746779e-12
1.898200000000e-06	-1.435458714786e-11	2.756890397443e-11	-6.030318434516e-12
1.898400000000e-06	-1.202903831102e-11	1.241944349081e-11	9.797579595312e-12
1.898600000000e-06	-3.012332536278e-12	1.846297406903e-11	-1.887525625577e-11
1.898800000000e-06	-1.116406151790e-11	3.160249871377e-11	-1.897025848179e-11
1.899000000000e-06	-5.775925763818e-12	6.955886826154e-12	3.201486152280e-12
1.899200000000e-06	-2.900143017819e-11	8.128733539198e-11	-4.806708836502e-11
1.899400000000e-06	-3.311632472112e-11	4.524228171627e-11	1.124424258765e-11
1.899600000000e-06	-2.597937704745e-12	2.518657188900e-11	-2.929437734395e-11
1.899800000000e-06	-4.513563827447e-11	6.599147475467e-11	9.112084612554e-12
1.900000000000e-06	-3.238021297054e-11	6.997388780316e-11	-2.508758364849e-11
1.900200000000e-06	-4.772906748378e-11	8.439140642007e-11	-1.051551700827e-11
1.900400000000e-06	-9.389101042605e-12	6.021946987619e-11	-6.283645587421e-11
1.900600000000e-06	-3.879184370737e-11	5.017312435580e-11	1.700787863567e-11
1.900800000000e-06	-7.293300145315e-11	1.345038185699e-10	-2.385016331358e-11
1.901000000000e-06	-4.456034694205e-11	1.178239286891e-10	-6.366138951084e-11
1.901200000000e-06	-8.471926409564e-11	1.646657963188e-10	-3.910363980662e-11
1.901400000000e-06	-1.233820997511e-10	2.304804158614e-10	-4.593158678539e-11
1.901600000000e-06	-1.432503439782e-10	2.854407888570e-10	-7.595721249054e-11
1.901800000000e-06	-1.587417463371e-10	3.059666400535e-10	-7.003630789240e-11
1.902000000000e-06	-1.062114671555e-10	2.319250826578e-10	-8.522037559335e-11
1.902200000000e-06	-1.956054034687e-10	3.528713229569e-10	-5.262588855996e-11
1.902400000000e-06	-2.068525344878e-10	3.516206372412e-10	-2.711306691491e-11
1.902600000000e-06	-1.902280838920e-10	4.061501871867e-10	-1.409197201778e-10
1.902800000000e-06	-1.966056499913e-10	3.362651788982e-10	-2.827125834476e-11
1.903000000000e-06	-3.573537091630e-10	7.363535334597e-10	-2.264100626398e-10
1.903200000000e-06	-2.409877602617e-10	5.611845298978e-10	-2.437531939742e-10
1.903400000000e-06	-3.886943524561e-10	6.904509106057e-10	-9.335365045815e-11
1.903600000000e-06	-5.221828278909e-10	1.073249033462e-09	-3.296875017802e-10
1.903800000000e-06	-3.722100795583e-10	7.975758841949e-10	-2.815911710283e-10
1.904000000000e-06	-5.615856687736e-10	1.065562758742e-09	-2.310536822830e-10
1.904200000000e-06	-5.310371966211e-10	1.196562985813e-09	-4.843124963960e-10
1.904400000000e-06	-1.002992764135e-09	1.729851239592e-09	-1.693065451635e-10
1.904600000000e-06	-8.258409074997e-10	1.697596339365e-09	-5.282164269598e-10
1.904800000000e-06	-8.216288465018e-10	1.771399675948e-09	-6.404395798755e-10
1.905000000000e-06	-9.304594205205e-10	1.824212737667e-09	-4.680002923544e-10
1.905200000000e-06	-1.152429466016e-09	2.143114116486e-09	-4.190507342248e-10
1.905400000000e-06	-1.353534376677e-09	2.715337896184e-09	-7.744917520696e-10
1.905600000000e-06	-1.700446152999e-09	3.173005879280e-09	-6.391639660076e-10
1.905800000000e-06	-1.599533888116e-09	3.266501627438e-09	-9.998512668592e-10
1.906000000000e-06	-1.483456015993e-09	3.078300548534e-09	-9.949999561340e-10
1.906200000000e-06	-2.059812492160e-09	4.212673976441e-09	-1.298598419068e-09
1.906400000000e-06	-2.006149290556e-09	3.953614312999e-09	-1.055446912540e-09
1.906600000000e-06	-2.356495292799e-09	4.198539039169e-09	-6.186064094456e-10
1.906800000000e-06	-2.479637348064e-09	5.085892436748e-09	-1.592875530182e-09
1.907000000000e-06	-3.051738473041e-09	6.034878053703e-09	-1.653455587922e-09
1.907200000000e-06	-3.237512658268e-09	6.329785282274e-09	-1.652062159984e-09
1.907400000000e-06	-3.725710257855e-09	7.173505150622e-09	-1.764937709385e-09
1.907600000000e-06	-3.708449999022e-09	7.378183412538e-09	-2.095662899724e-09
1.907800000000e-06	-4.360311593609e-09	8.745982501736e-09	-2.582133366050e-09
1.908000000000e-06	-4.613631968960e-09	8.636730037625e-09	-1.863132753660e-09
1.908200000000e-06	-2.135058977721e-09	4.253411182371e-09	-1.215882973687e-09
1.908400000000e-06	-2.546053787059e-09	4.922313923999e-09	-1.224974555543e-09
1.908600000000e-06	-2.636053982503e-09	5.471402911178e-09	-1.803485404993e-09
1.908800000000e-06	-2.894810210394e-09	5.506821820712e-09	-1.279476744655e-09
1.909000000000e-06	-3.112916350059e-09	6.267294362151e-09	-1.854260674703e-09
1.909200000000e-06	-3.146137736690e-09	6.183223629312e-09	-1.669383418994e-09
1.909400000000e-06	-3.705907268127e-09	7.502864150642e-09	-2.278665767453e-09
1.909600000000e-06	-3.570018313836e-09	7.373636887035e-09	-2.398921298759e-09
1.909800000000e-06	-3.401949301844e-09	6.694118675446e-09	-1.817095720469e-09
1.910000000000e-06	-4.020701238536e-09	7.908107383015e-09	-2.141904423459e-09
1.910200000000e-06	-4.282870980459e-09	8.310275071071e-09	-2.130940999813e-09
1.910400000000e-06	-4.400936030161e-09	8.395340139333e-09	-1.983772304167e-09
1.910600000000e-06	-4.619109830691e-09	9.391626743152e-09	-2.913188693381e-09
1.910800000000e-06	-4.887019841374e-09	9.369117907462e-09	-2.277671696010e-09
1.911000000000e-06	-5.515911608623e-09	1.074848919451e-08	-2.827309390151e-09
1.911200000000e-06	-5.688620270855e-09	1.120837004272e-08	-3.085430772200e-09
1.911400000000e-06	-5.198285898030e-09	1.061928572385e-08	-3.360424600361e-09
1.911600000000e-06	-6.073567165738e-09	1.187619631886e-08	-3.183620906057e-09
1.911800000000e-06	-5.777525945602e-09	1.177511550964e-08	-3.701633534206e-09
1.912000000000e-06	-6.322904883281e-09	1.244269349388e-08	-3.428066761936e-09
1.912200000000e-06	-6.758418881831e-09	1.281687899410e-08	-2.985516671413e-09
1.912400000000e-06	-6.015447321696e-09	1.198384137768e-08	-3.485688905969e-09
1.912600000000e-06	-7.000424626303e-09	1.399910820058e-08	-4.127692687462e-09
1.912800000000e-06	-7.127288097023e-09	1.427845388564e-08	-4.252240287982e-09
1.913000000000e-06	-7.527841139446e-09	1.450269326292e-08	-3.670099348641e-09
1.913200000000e-06	-8.528551896281e-09	1.666583342744e-08	-4.502523652427e-09
1.913400000000e-06	-7.874286826933e-09	1.502030182917e-08	-3.643551305374e-09
1.913600000000e-06	-7.448920798817e-09	1.514884754496e-08	-4.782679635324e-09
1.913800000000e-06	-8.301639615266e-09	1.612564559167e-08	-4.271831788203e-09
1.914000000000e-06	-9.162473828354e-09	1.747496468926e-08	-4.262037433565e-09
1.914200000000e-06	-9.420260590653e-09	1.743635708869e-08	-3.631171599410e-09
1.914400000000e-06	-8.875711802981e-09	1.814945059881e-08	-5.880515550528e-09
1.914600000000e-06	-1.053702867637e-08	1.999291515643e-08	-4.776164123633e-09
1.914800000000e-06	-9.831722940945e-09	1.963737889295e-08	-5.857616481328e-09
1.915000000000e-06	-1.002853203754e-08	2.001632138710e-08	-5.965983142762e-09
1.915200000000e-06	-1.026446234837e-08	1.994347670191e-08	-5.347977453849e-09
1.915400000000e-06	-1.037154338883e-08	2.003312073682e-08	-5.250154657390e-09
1.915600000000e-06	-1.091184006789e-08	2.101319841770e-08	-5.446388431990e-09
1.915800000000e-06	-1.087073596393e-08	2.215337537129e-08	-7.157688814268e-09
1.916000000000e-06	-1.048966536253e-08	2.081436259334e-08	-6.138062487104e-09
1.916200000000e-06	-1.202864655356e-08	2.297643923985e-08	-5.753524612195e-09
1.916400000000e-06	-1.156248772377e-08	2.218293777821e-08	-5.680417035643e-09
1.916600000000e-06	-1.243643595496e-08	2.403110928252e-08	-6.388580442541e-09
1.916800000000e-06	-1.166218981523e-08	2.307768108938e-08	-6.762997334064e-09
1.917000000000e-06	-1.333791327657e-08	2.613014989386e-08	-7.344647680223e-09
1.917200000000e-06	-1.319489812415e-08	2.543566554443e-08	-6.714429167559e-09
1.917400000000e-06	-1.303210469329e-08	2.480318093582e-08	-6.170852203732e-09
1.917600000000e-06	-1.354647922087e-08	2.640738802298e-08	-7.335560858858e-09
1.917800000000e-06	-1.393376375890e-08	2.637283723327e-08	-6.415522079135e-09
1.918000000000e-06	-1.344056834756e-08	2.649335414877e-08	-7.723062769829e-09
1.918200000000e-06	-1.263860784736e-08	2.515942368472e-08	-7.631557582534e-09
1.918400000000e-06	-1.353293447079e-08	2.628886528682e-08	-7.251910968083e-09
1.918600000000e-06	-1.397368183427e-08	2.736945877272e-08	-7.822789851888e-09
1.918800000000e-06	-1.480764492973e-08	2.905912261800e-08	-8.376103771127e-09
1.919000000000e-06	-1.470861420443e-08	2.816263178231e-08	-7.333307116357e-09
1.919200000000e-06	-1.383904231458e-08	2.699944829549e-08	-7.637933714551e-09
1.919400000000e-06	-1.464820315259e-08	2.785408669770e-08	-7.028508275496e-09
1.919600000000e-06	-1.394115926129e-08	2.737673132329e-08	-7.975950091810e-09
1.919800000000e-06	-1.494622212902e-08	2.894837578910e-08	-8.001643229668e-09
1.920000000000e-06	-1.373872016490e-08	2.707222443034e-08	-8.018803504939e-09
1.920200000000e-06	-1.605240104360e-08	3.063359345324e-08	-7.945547702594e-09
1.920400000000e-06	-1.431564636567e-08	2.803456415000e-08	-8.148294140744e-09
1.920600000000e-06	-1.453778333623e-08	2.778850711344e-08	-7.303726063810e-09
1.920800000000e-06	-1.551790176117e-08	2.940716779369e-08	-7.435354317917e-09
1.921000000000e-06	-1.441894124264e-08	2.833199742952e-08	-8.387061700603e-09
1.921200000000e-06	-1.469072608923e-08	2.908734377327e-08	-8.856159465049e-09
1.921400000000e-06	-1.616877507451e-08	2.983601811526e-08	-6.645250835309e-09
1.921600000000e-06	-1.449397843648e-08	2.919311165044e-08	-9.497381776482e-09
1.921800000000e-06	-1.525445439260e-08	2.872193951011e-08	-7.125802117295e-09
1.922000000000e-06	-1.514053684862e-08	2.874871280961e-08	-7.438941759042e-09
1.922200000000e-06	-1.432580383839e-08	2.761170216318e-08	-7.647289792577e-09
1.922400000000e-06	-1.632000311237e-08	3.161768085728e-08	-8.950086391462e-09
1.922600000000e-06	-1.497452700897e-08	2.933426767078e-08	-8.702528345214e-09
1.922800000000e-06	-1.585935441111e-08	2.969130274835e-08	-7.235367168112e-09
1.923000000000e-06	-1.422965936591e-08	2.725796447646e-08	-7.434168018415e-09
1.923200000000e-06	-1.465196786623e-08	2.871650272943e-08	-8.598513992281e-09
1.923400000000e-06	-1.420957047928e-08	2.719140676031e-08	-7.402020214218e-09
1.923600000000e-06	-1.453419446653e-08	2.854868448343e-08	-8.624858234382e-09
1.923800000000e-06	-1.454605242341e-08	2.776172245559e-08	-7.487229207922e-09
1.924000000000e-06	-1.461409736116e-08	2.810520253027e-08	-7.838344180464e-09
1.924200000000e-06	-1.520955091059e-08	2.789771498227e-08	-6.206983877621e-09
1.924400000000e-06	-1.493862888458e-08	2.956757834243e-08	-9.270237288700e-09
1.924600000000e-06	-1.470082610808e-08	2.838007814878e-08	-8.097693188462e-09
1.924800000000e-06	-1.383995827675e-08	2.663763468827e-08	-7.528129424124e-09
1.925000000000e-06	-1.249032732010e-08	2.433768995788e-08	-7.249871908818e-09
1.925200000000e-06	-1.419992265032e-08	2.770136876135e-08	-8.280214830754e-09
1.925400000000e-06	-1.313338523135e-08	2.596668019098e-08	-8.184715221950e-09
1.925600000000e-06	-1.400466286256e-08	2.730483700592e-08	-8.197512479427e-09
1.925800000000e-06	-1.358853170427e-08	2.627737072535e-08	-7.645665752840e-09
1.926000000000e-06	-1.413322961418e-08	2.620372955323e-08	-6.329597330012e-09
1.926200000000e-06	-1.269582039515e-08	2.437028790113e-08	-6.928671605640e-09
1.926400000000e-06	-1.286446909275e-08	2.474659543148e-08	-7.081041567934e-09
1.926600000000e-06	-1.231306499899e-08	2.355524019868e-08	-6.637038566479e-09
1.926800000000e-06	-1.382244832510e-08	2.576705808236e-08	-6.433933824109e-09
1.927000000000e-06	-1.358445307030e-08	2.614355769049e-08	-7.552555676993e-09
1.927200000000e-06	-1.185773355446e-08	2.287877659581e-08	-6.730009564700e-09
1.927400000000e-06	-1.165803254186e-08	2.311400488726e-08	-7.499601737227e-09
1.927600000000e-06	-1.275250286692e-08	2.358811628035e-08	-5.751824230855e-09
1.927800000000e-06	-1.139630762401e-08	2.110136313269e-08	-5.181595904851e-09
1.928000000000e-06	-1.232998651610e-08	2.292919798527e-08	-5.768451466812e-09
1.928200000000e-06	-1.192992517827e-08	2.218738277911e-08	-5.585100241467e-09
1.928400000000e-06	-1.185752917995e-08	2.335780234481e-08	-7.478179567911e-09
1.928600000000e-06	-1.097043386986e-08	2.133278320653e-08	-6.537771302056e-09
1.928800000000e-06	-1.111683722982e-08	2.092698307718e-08	-5.619637976709e-09
1.929000000000e-06	-1.195480678171e-08	2.284400746091e-08	-6.550135080282e-09
1.929200000000e-06	-1.027465549020e-08	2.007535785097e-08	-6.312069360750e-09
1.929400000000e-06	-1.064888010563e-08	1.971941056746e-08	-4.962863454923e-09
1.929600000000e-06	-1.197138573417e-08	2.147457212098e-08	-4.525667139496e-09
1.929800000000e-06	-9.886181772370e-09	2.015920310575e-08	-7.331960735877e-09
1.930000000000e-06	-9.304002315429e-09	1.874375880961e-08	-6.602058008020e-09
1.930200000000e-06	-1.157948842970e-08	1.996126139416e-08	-3.256620411262e-09
1.930400000000e-06	-1.003185389749e-08	1.983701982320e-08	-6.569293404515e-09
1.930600000000e-06	-9.259653125916e-09	1.792729670300e-08	-5.525601610849e-09
1.930800000000e-06	-9.197097478348e-09	1.650531726647e-08	-3.622068390908e-09
1.931000000000e-06	-9.001866232348e-09	1.736826024653e-08	-5.309806326418e-09
1.931200000000e-06	-9.490113144396e-09	1.721700521947e-08	-3.999201947199e-09
1.931400000000e-06	-8.607706037857e-09	1.703696037614e-08	-5.744150912015e-09
1.931600000000e-06	-9.959482881243e-09	1.832529473691e-08	-4.575494304535e-09
1.931800000000e-06	-9.057868416962e-09	1.664737627258e-08	-4.163650730260e-09
1.932000000000e-06	-8.377144265752e-09	1.634754299547e-08	-5.277177312393e-09
1.932200000000e-06	-7.713976521688e-09	1.463260234890e-08	-4.264932814077e-09
1.932400000000e-06	-8.740928174620e-09	1.606625122030e-08	-4.050281983405e-09
1.932600000000e-06	-7.272508018871e-09	1.438230429377e-08	-4.891848630656e-09
1.932800000000e-06	-7.592847008097e-09	1.485642734642e-08	-4.877712920285e-09
1.933000000000e-06	-7.228599908702e-09	1.384410577342e-08	-4.239405353243e-09
1.933200000000e-06	-8.105049281545e-09	1.514297484472e-08	-4.168712992745e-09
1.933400000000e-06	-7.086546844030e-09	1.258723921191e-08	-2.725884412427e-09
1.933600000000e-06	-7.454540868432e-09	1.362810302734e-08	-3.426768000096e-09
1.933800000000e-06	-7.006877395753e-09	1.302805527247e-08	-3.533806056271e-09
1.934000000000e-06	-6.286866179317e-09	1.218025943592e-08	-3.953824520174e-09
1.934200000000e-06	-7.035382636949e-09	1.230460263751e-08	-2.469311437475e-09
1.934400000000e-06	-5.767417092767e-09	1.132164152672e-08	-3.862379152732e-09
1.934600000000e-06	-6.646960749659e-09	1.167990303101e-08	-2.412053040863e-09
1.934800000000e-06	-6.624085188390e-09	1.186821048817e-08	-2.758319231412e-09
1.935000000000e-06	-6.357691430465e-09	1.207647720011e-08	-3.674954590390e-09
1.935200000000e-06	-5.106891217956e-09	1.001416458903e-08	-3.462590046692e-09
1.935400000000e-06	-5.980426151983e-09	1.070897904647e-08	-2.492194605547e-09
1.935600000000e-06	-6.183854346315e-09	1.102919555667e-08	-2.537993363078e-09
1.935800000000e-06	-4.428498566417e-09	9.313108180572e-09	-3.973563445843e-09
1.936000000000e-06	-5.174661064377e-09	1.010756862786e-08	-3.464923334105e-09
1.936200000000e-06	-5.686106243876e-09	9.517926120408e-09	-1.434488012530e-09
1.936400000000e-06	-4.474283149004e-09	8.681855286681e-09	-2.968678835890e-09
1.936600000000e-06	-4.989817137546e-09	8.988543838610e-09	-2.242291563789e-09
1.936800000000e-06	-5.099511005937e-09	8.771919410405e-09	-1.684761858576e-09
1.937000000000e-06	-4.570715518610e-09	8.082555434252e-09	-1.865910367763e-09
1.937200000000e-06	-3.882343079251e-09	7.522733299089e-09	-2.593470941411e-09
1.937400000000e-06	-4.364050963759e-09	8.070557209114e-09	-2.306785362155e-09
1.937600000000e-06	-3.662130451686e-09	7.028244192113e-09	-2.364844814974e-09
1.937800000000e-06	-4.456724699278e-09	8.120501582500e-09	-2.209246154820e-09
1.938000000000e-06	-3.489110788947e-09	6.749037186014e-09	-2.352032254553e-09
1.938200000000e-06	-3.352283839336e-09	6.189234934810e-09	-1.823927899869e-09
1.938400000000e-06	-3.643452600731e-09	7.017029504327e-09	-2.411598446664e-09
1.938600000000e-06	-3.039077795232e-09	5.886695212655e-09	-2.107526295304e-09
1.938800000000e-06	-3.564817788503e-09	6.037196954605e-09	-1.164983374855e-09
1.939000000000e-06	-2.738532805173e-09	5.629263693697e-09	-2.428260433628e-09
1.939200000000e-06	-2.686069134809e-09	4.925980413963e-09	-1.486751202117e-09
1.939400000000e-06	-4.211957715666e-09	7.464679817468e-09	-1.826489655864e-09
1.939600000000e-06	-3.467567375467e-09	6.114592974102e-09	-1.480913429252e-09
1.939800000000e-06	-3.040147799936e-09	5.170671534491e-09	-1.067401232119e-09
1.940000000000e-06	-2.047007615393e-09	3.656684579405e-09	-1.046158675712e-09
1.940200000000e-06	-3.170286114293e-09	5.777630882532e-09	-1.672660146736e-09
1.940400000000e-06	-1.742314354209e-09	4.044507907645e-09	-2.328931726492e-09
1.940600000000e-06	-2.640702539945e-09	4.537162061259e-09	-1.032623267137e-09
1.940800000000e-06	-1.618463344452e-09	3.236822777908e-09	-1.419438038795e-09
1.941000000000e-06	-1.902117572285e-09	3.509472712726e-09	-1.179990687240e-09
1.941200000000e-06	-2.972253339657e-09	4.332557839392e-09	-1.899370494608e-11
1.941400000000e-06	-2.005264355975e-09	3.305448204337e-09	-6.380572195801e-10
1.941600000000e-06	-1.507984212813e-09	2.926955771327e-09	-1.215272293798e-09
1.941800000000e-06	-1.162829307211e-09	1.536263424174e-09	5.079342110519e-11
1.942000000000e-06	-9.625292339927e-10	1.840485575649e-09	-8.431644376284e-10
1.942200000000e-06	-9.173942641507e-10	1.798063258353e-09	-8.647633206056e-10
1.942400000000e-06	-8.583797855983e-10	2.212512368149e-09	-1.612778375234e-09
1.942600000000e-06	-1.617333220838e-09	2.242080810963e-09	4.271786403099e-11
1.942800000000e-06	-1.902118739744e-09	2.524008976623e-09	2.678538133061e-10
1.943000000000e-06	-1.395855104869e-09	2.806308487074e-09	-1.293636236589e-09
1.943200000000e-06	-1.311485849031e-09	2.359393955246e-09	-8.499062150014e-10
1.943400000000e-06	-6.944749911895e-10	1.699521291198e-09	-1.254293359392e-09
1.943600000000e-06	-6.640899581878e-10	1.428801641514e-09	-9.173976343308e-10
1.943800000000e-06	-6.222860641344e-10	8.766416457423e-10	-2.067444708275e-10
1.944000000000e-06	-7.768835812055e-10	1.286616808621e-09	-4.627137841545e-10
1.944200000000e-06	-1.635686532835e-10	3.648584189339e-10	-4.761926525844e-10
1.944400000000e-06	-2.360884398925e-10	5.708982856168e-11	1.612500267960e-10
1.944600000000e-06	-1.006138831652e-09	1.368082696404e-09	-6.313321973668e-11
1.944800000000e-06	1.792904011020e-11	2.784827449266e-10	-7.450388381425e-10
1.945000000000e-06	-6.011644978568e-10	9.008006748628e-10	-2.889818985754e-10
1.945200000000e-06	-2.894600504183e-11	1.521922626129e-10	-4.412061899538e-10
1.945400000000e-06	-5.104232060190e-10	2.387749642272e-10	5.082744830659e-10
1.945600000000e-06	8.519081583943e-10	-9.293592944748e-10	-8.540085994782e-10
1.945800000000e-06	-2.883645303056e-10	2.448776141242e-10	4.979869389410e-12
1.946000000000e-06	-5.287992229580e-10	2.718417897406e-11	8.439981069209e-10
1.946200000000e-06	-7.228019062989e-11	2.709071124363e-10	-5.521200038669e-10
1.946400000000e-06	5.789733903459e-10	-1.664038185338e-09	8.886686182227e-10
1.946600000000e-06	2.985223116976e-10	-9.112398989379e-10	3.752911124030e-10
1.946800000000e-06	-3.123095291838e-10	-8.650043479622e-11	5.310225841303e-10
1.947000000000e-06	5.088048329345e-12	-6.768265212066e-10	6.960160999497e-10
1.947200000000e-06	9.724653630632e-10	-1.826737128458e-09	2.206707919675e-10
1.947400000000e-06	-1.844844057020e-10	-3.565239191496e-10	6.449577656034e-10
1.947600000000e-06	4.833531553205e-10	-8.221887913702e-10	-1.746447791707e-10
1.947800000000e-06	3.485712043988e-10	-4.727557155317e-10	-3.878312113055e-10
1.948000000000e-06	8.451451285132e-10	-1.325057198659e-09	-2.282098336076e-10
1.948200000000e-06	5.930990285422e-10	-2.277817261424e-09	1.770081351515e-09
1.948400000000e-06	7.456403002627e-10	-1.932202749010e-09	8.938863377088e-10
1.948600000000e-06	8.871996830778e-10	-1.639139441840e-09	1.438427631188e-10
1.948800000000e-06	9.259431698659e-10	-1.288772293227e-09	-4.699132835015e-10
1.949000000000e-06	1.041080417764e-09	-1.490013869405e-09	-4.346313598840e-10
1.949200000000e-06	9.516691078820e-10	-1.638572062748e-09	1.291120293945e-12
1.949400000000e-06	3.110862057954e-10	-1.869451822838e-09	1.788009500427e-09
1.949600000000e-06	1.098098907230e-09	-2.431325112797e-09	8.492098852088e-10
1.949800000000e-06	1.066262125358e-09	-2.532586228515e-09	1.087952038641e-09
1.950000000000e-06	1.335574542629e-09	-2.134979977961e-09	-1.152090391198e-10
1.950200000000e-06	7.334534890414e-10	-1.876693120206e-09	8.471413872375e-10
1.950400000000e-06	1.385816952181e-09	-2.643893130132e-09	5.038666906498e-10
1.950600000000e-06	1.447712233237e-09	-2.795905700901e-09	6.489827479942e-10
1.950800000000e-06	9.208066632833e-10	-2.041425063923e-09	6.725874242709e-10
1.951000000000e-06	1.043234673472e-09	-2.675890972631e-09	1.333560164593e-09
1.951200000000e-06	1.285005275279e-09	-2.497753073789e-09	5.295047778491e-10
1.951400000000e-06	1.302787813709e-09	-2.623072846887e-09	6.648322261726e-10
1.951600000000e-06	1.328076363822e-09	-3.122635763673e-09	1.391188291821e-09
1.951800000000e-06	1.121183467439e-09	-2.441480888429e-09	8.376155581466e-10
1.952000000000e-06	1.059844065967e-09	-2.363989401003e-09	8.445141776663e-10
1.952200000000e-06	1.966821452619e-09	-3.078842488247e-09	-1.521725668161e-10
1.952400000000e-06	9.702295497770e-10	-1.999214403042e-09	4.950332614010e-10
1.952600000000e-06	1.298174981436e-09	-2.868331691655e-09	1.065864648976e-09
1.952800000000e-06	1.626083999928e-09	-2.605061097642e-09	-7.212047256804e-11
1.953000000000e-06	1.785648335120e-09	-3.305846109897e-09	6.171652495439e-10
1.953200000000e-06	1.699744632856e-09	-3.868329845173e-09	1.687939718888e-09
1.953400000000e-06	2.184977250232e-09	-4.079605444720e-09	9.005265974415e-10
1.953600000000e-06	1.624490207809e-09	-3.707544928616e-09	1.600817416016e-09
1.953800000000e-06	1.588837540593e-09	-3.291337227255e-09	1.065898722748e-09
1.954000000000e-06	2.098845690161e-09	-3.980972740731e-09	9.242950827915e-10
1.954200000000e-06	1.765621455639e-09	-3.120778251129e-09	4.236688790386e-10
1.954400000000e-06	1.024298442413e-09	-2.555926272851e-09	1.231807987653e-09
1.954600000000e-06	2.419925522512e-09	-4.161608234906e-09	4.832705954969e-10
1.954800000000e-06	1.925219288277e-09	-4.290891403889e-09	1.802186139202e-09
1.955000000000e-06	1.126520776486e-09	-1.853893482519e-09	-3.035748909545e-11
1.955200000000e-06	1.855264715020e-09	-3.634703072367e-09	9.615114610928e-10
1.955400000000e-06	2.033447611343e-09	-3.986512822822e-09	1.098343835267e-09
1.955600000000e-06	1.972181334850e-09	-3.732374921849e-09	8.760073172190e-10
1.955800000000e-06	2.320292041231e-09	-3.967051018936e-09	4.210039439296e-10
1.956000000000e-06	1.691886628628e-09	-3.592582419833e-09	1.267660543763e-09
1.956200000000e-06	2.073566574296e-09	-4.348655332984e-09	1.566510196399e-09
1.956400000000e-06	1.806101893002e-09	-3.587373289924e-09	1.007745982060e-09
1.956600000000e-06	1.974194270302e-09	-4.348558473768e-09	1.782972804705e-09
1.956800000000e-06	1.702223017715e-09	-3.273254752413e-09	8.004304313023e-10
1.957000000000e-06	2.323310247819e-09	-4.086456388263e-09	5.822070488824e-10
1.957200000000e-06	1.524448223743e-09	-3.519984196071e-09	1.550904172346e-09
1.957400000000e-06	2.372021636777e-09	-4.361999359498e-09	9.195807819550e-10
1.957600000000e-06	2.368697199661e-09	-4.574750808682e-09	1.253462975429e-09
1.957800000000e-06	1.717801495157e-09	-3.601423392435e-09	1.243837581872e-09
1.958000000000e-06	2.356809398125e-09	-4.766425349341e-09	1.572855120554e-09
1.958200000000e-06	1.932209016331e-09	-4.356095626713e-09	1.915902174076e-09
1.958400000000e-06	1.867470069730e-09	-3.612116490648e-09	9.004737353047e-10
1.958600000000e-06	2.235428256061e-09	-4.852426539575e-09	1.935873413500e-09
1.958800000000e-06	2.012711001602e-09	-4.029825493833e-09	1.265671320894e-09
1.959000000000e-06	2.240264464290e-09	-4.763326048826e-09	1.815334967388e-09
1.959200000000e-06	2.249455097456e-09	-4.683323547246e-09	1.660871533076e-09
1.959400000000e-06	2.597832140099e-09	-4.724084447650e-09	9.652948660055e-10
1.959600000000e-06	2.592360807793e-09	-4.533474222088e-09	6.670686412149e-10
1.959800000000e-06	2.074876567199e-09	-3.969318718677e-09	9.856416609785e-10
1.960000000000e-06	2.277707933950e-09	-4.212100904390e-09	9.085826221037e-10
1.960200000000e-06	2.441016355826e-09	-4.334144877869e-09	7.373683002150e-10
1.960400000000e-06	2.156670473668e-09	-4.368733316832e-09	1.421676284602e-09
1.960600000000e-06	2.044428784471e-09	-4.314573565116e-09	1.597332457560e-09
1.960800000000e-06	2.084804759369e-09	-4.377394262276e-09	1.591040241220e-09
1.961000000000e-06	2.103913290829e-09	-3.979226466105e-09	9.434923918714e-10
1.961200000000e-06	2.519921718453e-09	-4.281153192104e-09	4.634612572846e-10
1.961400000000e-06	2.251610168540e-09	-4.617242077629e-09	1.617272611138e-09
1.961600000000e-06	2.628349103728e-09	-4.766793485178e-09	9.662916089402e-10
1.961800000000e-06	2.114169718618e-09	-4.342020280500e-09	1.477686044447e-09
1.962000000000e-06	2.451097277433e-09	-5.224914998611e-09	2.019466821958e-09
1.962200000000e-06	2.311661625037e-09	-4.790822651650e-09	1.711623988614e-09
1.962400000000e-06	2.603367699870e-09	-4.492012915317e-09	6.145240279118e-10
1.962600000000e-06	2.259851960200e-09	-4.620156410941e-09	1.577887354498e-09
1.962800000000e-06	2.162142027229e-09	-4.270570105795e-09	1.267072194322e-09
1.963000000000e-06	1.906934606632e-09	-3.575966352962e-09	8.091006646125e-10
1.963200000000e-06	2.578394249228e-09	-4.668288258051e-09	9.510580427700e-10
1.963400000000e-06	2.704935296378e-09	-4.911479273770e-09	1.025810139365e-09
1.963600000000e-06	2.566839536672e-09	-5.006683035183e-09	1.489509975423e-09
1.963800000000e-06	2.596745551362e-09	-5.262628399846e-09	1.805796572036e-09
1.964000000000e-06	2.291511244030e-09	-4.540442517835e-09	1.386268735252e-09
1.964200000000e-06	2.219901700939e-09	-4.304998689950e-09	1.212840108951e-09
1.964400000000e-06	2.473037456585e-09	-4.724569307222e-09	1.261557620598e-09
1.964600000000e-06	2.648063716333e-09	-4.948575885430e-09	1.211450349100e-09
1.964800000000e-06	2.576650668899e-09	-5.243294552547e-09	1.812416327070e-09
1.965000000000e-06	2.908781610433e-09	-5.482222352165e-09	1.429248505132e-09
1.965200000000e-06	2.160120636181e-09	-4.342754268323e-09	1.384487251174e-09
1.965400000000e-06	2.601742979151e-09	-5.078020648685e-09	1.529622351383e-09
1.965600000000e-06	2.653199594124e-09	-4.944213359376e-09	1.228604532611e-09
1.965800000000e-06	2.444453917124e-09	-4.825271298990e-09	1.497439172624e-09
1.966000000000e-06	2.798419801154e-09	-4.990335454121e-09	9.692948213626e-10
1.966200000000e-06	2.258689958164e-09	-4.698325246934e-09	1.713215756147e-09
1.966400000000e-06	2.374466381360e-09	-4.670161913669e-09	1.421826054624e-09
1.966600000000e-06	2.823313202909e-09	-5.344792158879e-09	1.446762715188e-09
1.966800000000e-06	2.767266886897e-09	-4.994030010786e-09	1.038332910689e-09
1.967000000000e-06	2.428973296201e-09	-4.898228734706e-09	1.658595211014e-09
1.967200000000e-06	2.347084993732e-09	-4.375179780345e-09	1.033382981956e-09
1.967400000000e-06	2.716283861173e-09	-4.548304493143e-09	4.736352547989e-10
1.967600000000e-06	2.298297400316e-09	-4.836107976366e-09	1.840778883053e-09
1.967800000000e-06	2.661335912859e-09	-4.916802511214e-09	1.156901969041e-09
1.968000000000e-06	2.685512987579e-09	-4.954739985879e-09	1.153387917089e-09
1.968200000000e-06	2.636608585884e-09	-4.768490975365e-09	9.839085667710e-10
1.968400000000e-06	2.941884414833e-09	-5.450848282374e-09	1.346656328277e-09
1.968600000000e-06	2.657681858007e-09	-5.054955003838e-09	1.355082856310e-09
1.968800000000e-06	2.460103542404e-09	-4.951597122943e-09	1.692353675369e-09
1.969000000000e-06	2.413927964138e-09	-4.780377630104e-09	1.497797537445e-09
1.969200000000e-06	2.355066205654e-09	-4.833048217489e-09	1.719124240435e-09
1.969400000000e-06	2.490042347827e-09	-4.860534359637e-09	1.441462711828e-09
1.969600000000e-06	2.741006173246e-09	-5.381729672552e-09	1.693690135988e-09
1.969800000000e-06	2.722406631542e-09	-4.801768299975e-09	8.696761638479e-10
1.970000000000e-06	2.284925634246e-09	-4.435522656035e-09	1.287039228887e-09
1.970200000000e-06	2.567070661014e-09	-4.954789062673e-09	1.451385895066e-09
1.970400000000e-06	2.519254801823e-09	-4.830352084956e-09	1.333163622807e-09
1.970600000000e-06	2.389803316124e-09	-5.085695880085e-09	2.034304321784e-09
1.970800000000e-06	2.338003274455e-09	-4.874955723491e-09	1.814097115706e-09
1.971000000000e-06	2.759584041296e-09	-4.976060224958e-09	1.057054233650e-09
1.971200000000e-06	2.766347549275e-09	-4.691725894394e-09	6.094483159138e-10
1.971400000000e-06	2.309511852694e-09	-4.614137405244e-09	1.497494458677e-09
1.971600000000e-06	2.734183434916e-09	-5.085386783218e-09	1.291877736591e-09
1.971800000000e-06	2.891027866535e-09	-5.236641003216e-09	1.169421238924e-09
1.972000000000e-06	2.398839229843e-09	-4.526821942618e-09	1.191621502948e-09
1.972200000000e-06	2.791364005966e-09	-5.259488216579e-09	1.406846995968e-09
1.972400000000e-06	2.398235089726e-09	-4.769743430789e-09	1.551859593041e-09
1.972600000000e-06	2.436419890311e-09	-4.762211775101e-09	1.456460540467e-09
1.972800000000e-06	2.644399900974e-09	-5.082234200335e-09	1.473663335124e-09
1.973000000000e-06	2.950306556400e-09	-5.564854357982e-09	1.531870162753e-09
1.973200000000e-06	2.461023805629e-09	-4.799991206482e-09	1.430728533395e-09
1.973400000000e-06	2.449458431197e-09	-4.890399087555e-09	1.622906510664e-09
1.973600000000e-06	2.635168556698e-09	-5.170749883741e-09	1.634006508363e-09
1.973800000000e-06	2.637491106277e-09	-4.975850837128e-09	1.317611089846e-09
1.974000000000e-06	2.548226192138e-09	-4.924105747582e-09	1.459677625766e-09
1.974200000000e-06	2.637466664672e-09	-5.050618703579e-09	1.466222543660e-09
1.974400000000e-06	2.512758644275e-09	-4.823265474984e-09	1.380880443492e-09
1.974600000000e-06	2.865252096327e-09	-5.223617599258e-09	1.231597228365e-09
1.974800000000e-06	2.689573304409e-09	-5.120301503669e-09	1.462538138755e-09
1.975000000000e-06	2.539497332925e-09	-4.832006614958e-09	1.351177113304e-09
1.975200000000e-06	2.505617437171e-09	-5.080675556037e-09	1.785205829873e-09
1.975400000000e-06	2.238026767056e-09	-4.390962463394e-09	1.355379009391e-09
1.975600000000e-06	2.635851735022e-09	-4.824351489376e-09	1.110071889800e-09
1.975800000000e-06	2.320268678612e-09	-4.731915263402e-09	1.695905633105e-09
1.976000000000e-06	2.630401623380e-09	-5.025242190526e-09	1.430187307520e-09
1.976200000000e-06	2.514048830324e-09	-5.161661411928e-09	1.906783202912e-09
1.976400000000e-06	2.806276420172e-09	-5.391607254428e-09	1.604981923429e-09
1.976600000000e-06	2.271666979576e-09	-4.585975777626e-09	1.605115339371e-09
1.976800000000e-06	2.336880106315e-09	-4.857688090683e-09	1.840133333257e-09
1.977000000000e-06	2.401158273935e-09	-4.553296642139e-09	1.225010182064e-09
1.977200000000e-06	2.752204386904e-09	-5.001099970800e-09	1.125845268069e-09
1.977400000000e-06	2.740073169012e-09	-4.836773003658e-09	9.052161562013e-10
1.977600000000e-06	2.362484965914e-09	-4.881498364842e-09	1.809065183747e-09
1.977800000000e-06	3.065290830922e-09	-5.276656862791e-09	8.454467885747e-10
1.978000000000e-06	2.612028008625e-09	-5.010251701109e-09	1.452898750468e-09
1.978200000000e-06	2.556161255588e-09	-4.817674251842e-09	1.305228185249e-09
1.978400000000e-06	2.318516420215e-09	-4.650449013468e-09	1.586975252148e-09
1.978600000000e-06	2.546624893570e-09	-5.123300123834e-09	1.794319654514e-09
1.978800000000e-06	2.464828174743e-09	-4.659361513774e-09	1.277696496346e-09
1.979000000000e-06	2.593064005952e-09	-4.958276933713e-09	1.418551540845e-09
1.979200000000e-06	2.524713601622e-09	-4.743987439812e-09	1.264096966695e-09
1.979400000000e-06	2.514074494750e-09	-5.138194244378e-09	1.915492976073e-09
1.979600000000e-06	2.468850034442e-09	-4.745659706658e-09	1.401771358188e-09
1.979800000000e-06	2.747734757127e-09	-5.034220543274e-09	1.216240864760e-09
1.980000000000e-06	2.432845777794e-09	-4.467883917169e-09	1.021875947931e-09
1.980200000000e-06	2.652806102907e-09	-4.947855303560e-09	1.323825482583e-09
1.980400000000e-06	2.343558166318e-09	-4.706269610065e-09	1.603664453212e-09
1.980600000000e-06	2.773670934644e-09	-5.114238984220e-09	1.269500434670e-09
1.980800000000e-06	2.307535287410e-09	-4.650515589936e-09	1.636957921687e-09
1.981000000000e-06	2.512176276167e-09	-4.587360187440e-09	1.072417964547e-09
1.981200000000e-06	2.387896793285e-09	-4.704570420947e-09	1.522946898743e-09
1.981400000000e-06	2.655416312778e-09	-5.076436450285e-09	1.494509015518e-09
1.981600000000e-06	2.689597143158e-09	-4.786477927324e-09	9.978582423363e-10
1.981800000000e-06	2.678580481019e-09	-4.839939564938e-09	1.069620659813e-09
1.982000000000e-06	2.570042735109e-09	-4.623042658905e-09	9.850348726791e-10
1.982200000000e-06	2.471400689232e-09	-4.634596442473e-09	1.236713350395e-09
1.982400000000e-06	2.459605729887e-09	-4.858321016628e-09	1.591001702335e-09
1.982600000000e-06	2.666316414743e-09	-4.858420175715e-09	1.119537136420e-09
1.982800000000e-06	2.597264632398e-09	-4.850787717422e-09	1.279383769872e-09
1.983000000000e-06	2.844023546728e-09	-5.204630761965e-09	1.293582878327e-09
1.983200000000e-06	2.299240225491e-09	-4.434352349289e-09	1.333442156576e-09
1.983400000000e-06	2.343976149558e-09	-4.683227020152e-09	1.604687027788e-09
