1.695000000000e-06	0.000000000000e+00	0.000000000000e+00	0.000000000000e+00
1.695200000000e-06	0.000000000000e+00	0.000000000000e+00	0.000000000000e+00
1.695400000000e-06	0.000000000000e+00	0.000000000000e+00	0.000000000000e+00
1.695600000000e-06	0.000000000000e+00	0.000000000000e+00	0.000000000000e+00
1.695800000000e-06	0.000000000000e+00	0.000000000000e+00	0.000000000000e+00
1.696000000000e-06	0.000000000000e+00	0.000000000000e+00	0.000000000000e+00
1.696200000000e-06	0.000000000000e+00	0.000000000000e+00	0.000000000000e+00
1.696400000000e-06	0.000000000000e+00	0.000000000000e+00	0.000000000000e+00
1.696600000000e-06	0.000000000000e+00	0.000000000000e+00	0.000000000000e+00
1.696800000000e-06	0.000000000000e+00	0.000000000000e+00	0.000000000000e+00
1.697000000000e-06	0.000000000000e+00	0.000000000000e+00	0.000000000000e+00
1.697200000000e-06	0.000000000000e+00	0.000000000000e+00	0.000000000000e+00
1.697400000000e-06	0.000000000000e+00	0.000000000000e+00	0.000000000000e+00
1.697600000000e-06	0.000000000000e+00	0.000000000000e+00	0.000000000000e+00
1.697800000000e-06	0.000000000000e+00	0.000000000000e+00	0.000000000000e+00
1.698000000000e-06	0.000000000000e+00	0.000000000000e+00	0.000000000000e+00
1.698200000000e-06	0.000000000000e+00	0.000000000000e+00	0.000000000000e+00
1.698400000000e-06	0.000000000000e+00	0.000000000000e+00	0.000000000000e+00
1.698600000000e-06	0.000000000000e+00	0.000000000000e+00	0.000000000000e+00
1.698800000000e-06	0.000000000000e+00	0.000000000000e+00	0.000000000000e+00
1.699000000000e-06	0.000000000000e+00	0.000000000000e+00	0.000000000000e+00
1.699200000000e-06	0.000000000000e+00	0.000000000000e+00	0.000000000000e+00
1.699400000000e-06	0.000000000000e+00	0.000000000000e+00	0.000000000000e+00
1.699600000000e-06	0.000000000000e+00	0.000000000000e+00	0.000000000000e+00
1.699800000000e-06	0.000000000000e+00	0.000000000000e+00	0.000000000000e+00
1.700000000000e-06	0.000000000000e+00	0.000000000000e+00	0.000000000000e+00
1.700200000000e-06	0.000000000000e+00	0.000000000000e+00	0.000000000000e+00
1.700400000000e-06	0.000000000000e+00	0.000000000000e+00	0.000000000000e+00
1.700600000000e-06	0.000000000000e+00	0.000000000000e+00	0.000000000000e+00
1.700800000000e-06	0.000000000000e+00	0.000000000000e+00	0.000000000000e+00
1.701000000000e-06	0.000000000000e+00	0.000000000000e+00	0.000000000000e+00
1.701200000000e-06	0.000000000000e+00	0.000000000000e+00	0.000000000000e+00
1.701400000000e-06	0.000000000000e+00	0.000000000000e+00	0.000000000000e+00
1.701600000000e-06	0.000000000000e+00	0.000000000000e+00	0.000000000000e+00
1.701800000000e-06	0.000000000000e+00	0.000000000000e+00	0.000000000000e+00
1.702000000000e-06	0.000000000000e+00	0.000000000000e+00	0.000000000000e+00
1.702200000000e-06	0.000000000000e+00	0.000000000000e+00	0.000000000000e+00
1.702400000000e-06	0.000000000000e+00	0.000000000000e+00	0.000000000000e+00
1.702600000000e-06	0.000000000000e+00	0.000000000000e+00	0.000000000000e+00
1.702800000000e-06	0.000000000000e+00	0.000000000000e+00	0.000000000000e+00
1.703000000000e-06	0.000000000000e+00	0.000000000000e+00	0.000000000000e+00
1.703200000000e-06	0.000000000000e+00	0.000000000000e+00	0.000000000000e+00
1.703400000000e-06	0.000000000000e+00	0.000000000000e+00	0.000000000000e+00
1.703600000000e-06	0.000000000000e+00	0.000000000000e+00	0.000000000000e+00
1.703800000000e-06	0.000000000000e+00	0.000000000000e+00	0.000000000000e+00
1.704000000000e-06	0.000000000000e+00	0.000000000000e+00	0.000000000000e+00
1.704200000000e-06	0.000000000000e+00	0.000000000000e+00	0.000000000000e+00
1.704400000000e-06	0.000000000000e+00	0.000000000000e+00	0.000000000000e+00
1.704600000000e-06	0.000000000000e+00	0.000000000000e+00	0.000000000000e+00
1.704800000000e-06	0.000000000000e+00	0.000000000000e+00	0.000000000000e+00
1.705000000000e-06	0.000000000000e+00	0.000000000000e+00	0.000000000000e+00
1.705200000000e-06	0.000000000000e+00	0.000000000000e+00	0.000000000000e+00
1.705400000000e-06	0.000000000000e+00	0.000000000000e+00	0.000000000000e+00
1.705600000000e-06	0.000000000000e+00	0.000000000000e+00	0.000000000000e+00
1.705800000000e-06	0.000000000000e+00	0.000000000000e+00	0.000000000000e+00
1.706000000000e-06	0.000000000000e+00	0.000000000000e+00	0.000000000000e+00
1.706200000000e-06	0.000000000000e+00	0.000000000000e+00	0.000000000000e+00
1.706400000000e-06	0.000000000000e+00	0.000000000000e+00	0.000000000000e+00
1.706600000000e-06	0.000000000000e+00	0.000000000000e+00	0.000000000000e+00
1.706800000000e-06	0.000000000000e+00	0.000000000000e+00	0.000000000000e+00
1.707000000000e-06	0.000000000000e+00	0.000000000000e+00	0.000000000000e+00
1.707200000000e-06	0.000000000000e+00	0.000000000000e+00	0.000000000000e+00
1.707400000000e-06	9.885039002042e-14	2.568801765704e-14	-2.415754254590e-13
1.707600000000e-06	-3.860760200320e-13	-4.141426111160e-13	1.382138699711e-12
1.707800000000e-06	9.919709185923e-13	-6.192845633144e-12	5.983793438459e-12
1.708000000000e-06	3.391452792368e-13	1.691762377102e-12	-2.964715719218e-12
1.708200000000e-06	-1.025213520434e-11	1.666827001361e-11	-1.582833429730e-13
1.708400000000e-06	3.495769498252e-12	-2.329593762544e-12	-4.286929349976e-12
1.708600000000e-06	5.742656425745e-12	-1.600791400756e-11	9.742820434541e-12
1.708800000000e-06	-1.785332080633e-12	4.449488129114e-12	-1.874767409048e-12
1.709000000000e-06	6.491120285840e-13	-1.161046817763e-12	1.666211879653e-13
1.709200000000e-06	-1.148076477935e-12	1.438158576749e-12	7.017351805717e-13
1.709400000000e-06	4.299001151575e-12	-6.690611287137e-12	1.301646617772e-12
1.709600000000e-06	3.132225642463e-13	-5.439009117131e-12	6.199999576833e-12
1.709800000000e-06	-2.040373553178e-12	3.068805531563e-12	-2.788923893981e-13
1.710000000000e-06	4.997254308660e-12	-8.696141313695e-12	1.593788775855e-13
1.710200000000e-06	-1.686243790186e-11	2.656849896396e-11	2.746838342774e-12
1.710400000000e-06	-3.032758800682e-12	9.473644464244e-12	-5.576258193528e-12
1.710600000000e-06	-7.517997368584e-12	9.145078107759e-12	4.600021147830e-12
1.710800000000e-06	-2.868512217700e-11	1.029908585752e-10	-7.652134006983e-11
1.711000000000e-06	-7.529817400512e-11	2.055064951790e-10	-1.101841375981e-10
1.711200000000e-06	-2.572006375215e-10	5.409261477907e-10	-1.578141327551e-10
1.711400000000e-06	-6.324563625776e-10	1.293346969736e-09	-3.305652885384e-10
1.711600000000e-06	-1.899869996304e-09	3.710350816419e-09	-7.645681541658e-10
1.711800000000e-06	-1.658029073921e-09	3.719072853029e-09	-1.341407542872e-09
1.712000000000e-06	-1.965053160133e-09	3.975671188091e-09	-9.900158799282e-10
1.712200000000e-06	-1.626808794768e-09	3.738978740914e-09	-1.435506109857e-09
1.712400000000e-06	-1.654788297957e-09	3.178418074556e-09	-5.998439549163e-10
1.712600000000e-06	-1.591516591372e-09	3.448117228265e-09	-1.112008473664e-09
1.712800000000e-06	-2.226916267740e-09	4.624402735746e-09	-1.252225818283e-09
1.713000000000e-06	-1.151278687020e-08	2.095384933452e-08	-2.359119594930e-09
1.713200000000e-06	-3.575533183989e-08	7.103853369123e-08	-1.542975555189e-08
1.713400000000e-06	-4.186795412472e-08	8.707992225253e-08	-2.352412807007e-08
1.713600000000e-06	-4.055007633201e-08	8.427293513583e-08	-2.283160018013e-08
1.713800000000e-06	-3.418124721739e-08	7.253710800309e-08	-2.143415531784e-08
1.714000000000e-06	-2.523500378258e-08	5.524852142325e-08	-1.825599368685e-08
1.714200000000e-06	-1.937266970089e-08	4.146410590676e-08	-1.278269571703e-08
1.714400000000e-06	-1.342445577048e-08	2.921951141546e-08	-9.578521680453e-09
1.714600000000e-06	-9.783760534325e-09	2.164118097230e-08	-7.499169443286e-09
1.714800000000e-06	-7.943932219074e-09	1.622094706609e-08	-4.232675721424e-09
1.715000000000e-06	-4.951475406522e-09	1.089562803906e-08	-3.734212238170e-09
1.715200000000e-06	-4.263447311596e-09	8.776176741984e-09	-2.368447945711e-09
1.715400000000e-06	-3.246661287908e-09	6.974970586072e-09	-2.208944160092e-09
1.715600000000e-06	-3.523817044236e-09	7.510931750635e-09	-2.297848253889e-09
1.715800000000e-06	-3.004761561032e-09	6.560324801670e-09	-2.163569393441e-09
1.716000000000e-06	-2.545061430511e-09	5.931693487878e-09	-2.328284492804e-09
1.716200000000e-06	-2.652169253133e-09	6.059895911655e-09	-2.253266611362e-09
1.716400000000e-06	-2.557422353411e-09	5.397169070904e-09	-1.551450991054e-09
1.716600000000e-06	-2.727485355937e-09	5.516708886307e-09	-1.322794653602e-09
1.716800000000e-06	-2.445033653351e-09	5.292587765022e-09	-1.641256523136e-09
1.717000000000e-06	-2.284386368290e-10	1.762651796947e-09	-1.874187635962e-09
1.717200000000e-06	9.704156802122e-10	-2.814426011037e-09	1.620848269488e-09
1.717400000000e-06	2.288071405720e-10	-3.959285322803e-10	7.820676335233e-12
1.717600000000e-06	-4.244013802495e-10	7.768637368880e-10	-1.300895986119e-10
1.717800000000e-06	-5.260878747189e-10	1.932656722371e-09	-1.479100741964e-09
1.718000000000e-06	-3.483229874848e-09	6.916276919862e-09	-1.630209163327e-09
1.718200000000e-06	-6.105902874370e-09	1.302194851967e-08	-4.060947625087e-09
1.718400000000e-06	-1.452724399424e-08	2.853063620527e-08	-6.195909375908e-09
1.718600000000e-06	-3.070072627775e-08	5.880507565943e-08	-1.099947782179e-08
1.718800000000e-06	-6.565963252753e-08	1.282310067745e-07	-2.707382137619e-08
1.719000000000e-06	-9.437292151375e-08	1.930298174576e-07	-5.075509545651e-08
1.719200000000e-06	-1.176349866363e-07	2.440797666663e-07	-6.751721136853e-08
1.719400000000e-06	-1.423770965430e-07	2.983924436077e-07	-8.519658095402e-08
1.719600000000e-06	-1.650358918482e-07	3.423974535238e-07	-9.344967165014e-08
1.719800000000e-06	-1.758789469192e-07	3.682613149280e-07	-1.037016351243e-07
1.720000000000e-06	-1.830137229872e-07	3.869078104173e-07	-1.125585902108e-07
1.720200000000e-06	-1.850246906503e-07	3.880257660854e-07	-1.090432308092e-07
1.720400000000e-06	-1.666036849583e-07	3.536791382920e-07	-1.036997013822e-07
1.720600000000e-06	-1.486526091612e-07	3.163970191178e-07	-9.335588376206e-08
1.720800000000e-06	-1.261467390081e-07	2.676769682940e-07	-7.778640102205e-08
1.721000000000e-06	-9.480311429213e-08	2.021815840332e-07	-5.966911426989e-08
1.721200000000e-06	-7.203083351327e-08	1.576958224148e-07	-5.078198851122e-08
1.721400000000e-06	-4.140509046206e-08	9.114845266364e-08	-2.964713895904e-08
1.721600000000e-06	-2.041472661853e-08	4.513221042090e-08	-1.472141963201e-08
1.721800000000e-06	-2.094174159400e-09	5.463863987836e-09	-2.518655036123e-09
1.722000000000e-06	1.393496248824e-08	-2.548817786635e-08	3.166056102745e-09
1.722200000000e-06	1.738275679442e-08	-3.848798514011e-08	1.300758250613e-08
1.722400000000e-06	2.043024024530e-08	-4.265648274614e-08	1.163739269208e-08
1.722600000000e-06	1.826844907558e-08	-3.793316767885e-08	1.011255549456e-08
1.722800000000e-06	1.567785327169e-08	-3.264401808830e-08	8.794532092972e-09
1.723000000000e-06	1.526313505459e-08	-3.167807324640e-08	8.509583814970e-09
1.723200000000e-06	1.453059336381e-08	-2.831622788831e-08	5.596331759210e-09
1.723400000000e-06	1.278186362079e-08	-2.713052098522e-08	7.928869929292e-09
1.723600000000e-06	1.219524402560e-08	-2.528323840534e-08	6.737518837554e-09
1.723800000000e-06	1.252938380755e-08	-2.511743434274e-08	5.800779799397e-09
1.724000000000e-06	1.216215686259e-08	-2.469154842575e-08	6.078678533807e-09
1.724200000000e-06	9.840770200063e-09	-2.046575714763e-08	5.492687609786e-09
1.724400000000e-06	9.279667465042e-09	-2.007204965505e-08	6.331272613954e-09
1.724600000000e-06	8.420134080005e-09	-1.930357414676e-08	7.241409702843e-09
1.724800000000e-06	8.045979772189e-09	-1.774131363650e-08	5.937770142554e-09
1.725000000000e-06	9.107328271960e-09	-1.803191780593e-08	3.914413559589e-09
1.725200000000e-06	8.806842581014e-09	-1.852463546490e-08	5.281257091638e-09
1.725400000000e-06	9.013609780821e-09	-1.713295146155e-08	2.904594177404e-09
1.725600000000e-06	7.377496697046e-09	-1.673632471887e-08	6.159835503123e-09
1.725800000000e-06	8.189945557546e-09	-1.734986276959e-08	5.108502781405e-09
1.726000000000e-06	7.595885878190e-09	-1.591472990316e-08	4.439304206715e-09
1.726200000000e-06	7.170156432676e-09	-1.669726738196e-08	6.589313565985e-09
1.726400000000e-06	7.168731097517e-09	-1.607916464279e-08	5.719552845005e-09
1.726600000000e-06	6.963900464446e-09	-1.553110694098e-08	5.417695843720e-09
1.726800000000e-06	8.174581220994e-09	-1.540643269720e-08	2.424124744960e-09
1.727000000000e-06	7.379915861720e-09	-1.507506542469e-08	3.853794170471e-09
1.727200000000e-06	6.741220028229e-09	-1.406058481822e-08	3.906820297249e-09
1.727400000000e-06	7.249567026828e-09	-1.476179551785e-08	3.621454190708e-09
1.727600000000e-06	6.618139689859e-09	-1.340782798668e-08	3.319132023657e-09
1.727800000000e-06	5.679801304020e-09	-1.308977422823e-08	5.032434770283e-09
1.728000000000e-06	6.709156918908e-09	-1.426777338201e-08	4.282332993902e-09
1.728200000000e-06	6.118205391088e-09	-1.308173570474e-08	4.029009023951e-09
1.728400000000e-06	5.924701529504e-09	-1.245932874505e-08	3.618549569239e-09
1.728600000000e-06	6.628095288096e-09	-1.322901759460e-08	3.061697132960e-09
1.728800000000e-06	6.426921502049e-09	-1.330102172314e-08	3.566156658747e-09
1.729000000000e-06	5.906515271095e-09	-1.198648242232e-08	2.966415543414e-09
1.729200000000e-06	5.433781767838e-09	-1.218243085888e-08	4.344773952573e-09
1.729400000000e-06	5.417237114967e-09	-1.194897828285e-08	4.081654963043e-09
1.729600000000e-06	5.849042896090e-09	-1.210448716018e-08	3.266369420738e-09
1.729800000000e-06	5.626948272898e-09	-1.180613858294e-08	3.339965403061e-09
1.730000000000e-06	5.382582770206e-09	-1.171122338761e-08	3.858799906696e-09
1.730200000000e-06	5.714788215554e-09	-1.186270318027e-08	3.260370323182e-09
1.730400000000e-06	5.801420047396e-09	-1.167056673995e-08	2.808518457267e-09
1.730600000000e-06	5.488512942187e-09	-1.135240456587e-08	3.095698657472e-09
1.730800000000e-06	4.988696303751e-09	-1.019221570674e-08	2.568891199679e-09
1.731000000000e-06	4.774951364319e-09	-1.143513506515e-08	4.847437234814e-09
1.731200000000e-06	5.512921163605e-09	-1.193729113355e-08	3.804033251819e-09
1.731400000000e-06	5.141943870870e-09	-1.114903685633e-08	3.637118168247e-09
1.731600000000e-06	5.201866639240e-09	-1.071004806340e-08	2.866466253489e-09
1.731800000000e-06	4.478936590493e-09	-9.988217696775e-09	3.519009155869e-09
1.732000000000e-06	5.234830218277e-09	-1.077079981351e-08	2.853176957174e-09
1.732200000000e-06	4.144331221988e-09	-9.293365732286e-09	3.363792942193e-09
1.732400000000e-06	4.961972217380e-09	-1.103199993111e-08	3.843874313988e-09
1.732600000000e-06	4.841715009877e-09	-1.050138937773e-08	3.405400889158e-09
1.732800000000e-06	4.817548116927e-09	-1.024157439655e-08	3.088976990630e-09
1.733000000000e-06	5.086579451357e-09	-1.047145467643e-08	2.815498475707e-09
1.733200000000e-06	5.309397154214e-09	-1.123769996898e-08	3.329405628069e-09
1.733400000000e-06	4.700097959650e-09	-1.034517139884e-08	3.539351768981e-09
1.733600000000e-06	4.933922830972e-09	-9.993884827446e-09	2.479363393307e-09
1.733800000000e-06	4.858487830463e-09	-1.044557528074e-08	3.279263952247e-09
1.734000000000e-06	4.327149033989e-09	-9.314766344047e-09	2.920471274386e-09
1.734200000000e-06	5.154080201018e-09	-1.040288465700e-08	2.538098120051e-09
1.734400000000e-06	4.721556744799e-09	-9.774317537084e-09	2.703764061710e-09
1.734600000000e-06	4.168007220546e-09	-9.498442528786e-09	3.558619149034e-09
1.734800000000e-06	4.345895785285e-09	-9.311349794978e-09	2.901208351213e-09
1.735000000000e-06	4.142838488332e-09	-9.613438235453e-09	3.788156767095e-09
1.735200000000e-06	4.196683821368e-09	-8.795280468136e-09	2.541742404219e-09
1.735400000000e-06	4.764155449689e-09	-9.626576353135e-09	2.381465888094e-09
1.735600000000e-06	4.421468538394e-09	-9.266680269453e-09	2.666563231346e-09
1.735800000000e-06	4.692688072566e-09	-1.021361685375e-08	3.373430720905e-09
1.736000000000e-06	4.210885804020e-09	-8.977375460662e-09	2.779363697344e-09
1.736200000000e-06	3.853031318286e-09	-8.853681867166e-09	3.415302552250e-09
1.736400000000e-06	4.690380571278e-09	-9.280632054120e-09	2.077488097351e-09
1.736600000000e-06	4.578618579502e-09	-8.972701540601e-09	1.909514968050e-09
1.736800000000e-06	3.974110243522e-09	-8.644280584089e-09	2.892892671844e-09
1.737000000000e-06	4.329628526275e-09	-9.249711702888e-09	2.839356971821e-09
1.737200000000e-06	4.591394543968e-09	-9.461455623266e-09	2.537576981804e-09
1.737400000000e-06	3.803437953854e-09	-7.971173419242e-09	2.293516968852e-09
1.737600000000e-06	4.156522173012e-09	-9.119827977532e-09	3.081886052619e-09
1.737800000000e-06	4.399704337968e-09	-9.071658571738e-09	2.437991543939e-09
1.738000000000e-06	3.999197756555e-09	-8.910995112068e-09	3.166308862519e-09
1.738200000000e-06	4.386864118229e-09	-8.927494850613e-09	2.272676019329e-09
1.738400000000e-06	3.849556641404e-09	-8.308368980015e-09	2.664205292282e-09
1.738600000000e-06	4.139767717427e-09	-8.366552465124e-09	2.057102516600e-09
1.738800000000e-06	3.796234863121e-09	-9.429047668235e-09	4.374665261068e-09
1.739000000000e-06	3.901815332766e-09	-7.823793055269e-09	1.895485299277e-09
1.739200000000e-06	3.909637102385e-09	-8.423044708052e-09	2.660098320453e-09
1.739400000000e-06	4.302730469874e-09	-8.990062513154e-09	2.553870103721e-09
1.739600000000e-06	4.187804516415e-09	-8.742567763465e-09	2.495561632543e-09
1.739800000000e-06	3.803880477618e-09	-8.441113645900e-09	2.947393629349e-09
1.740000000000e-06	3.997843149965e-09	-8.350224523241e-09	2.435579958872e-09
1.740200000000e-06	3.727160356863e-09	-8.042197982144e-09	2.579392112917e-09
1.740400000000e-06	4.577739880298e-09	-9.459084009469e-09	2.595034982509e-09
1.740600000000e-06	4.394091292230e-09	-8.552499948638e-09	1.743556349709e-09
1.740800000000e-06	3.957127588168e-09	-8.029503914906e-09	2.043996341779e-09
1.741000000000e-06	3.647130778506e-09	-7.903860458335e-09	2.587365881329e-09
1.741200000000e-06	3.895178780135e-09	-8.209989076098e-09	2.424820533180e-09
1.741400000000e-06	3.772952172187e-09	-8.130850100283e-09	2.638356148567e-09
1.741600000000e-06	3.651072703108e-09	-7.908896315870e-09	2.597159823577e-09
1.741800000000e-06	3.825702631267e-09	-7.669343682502e-09	1.828871368830e-09
1.742000000000e-06	3.844131855430e-09	-7.934313697730e-09	2.135090424547e-09
1.742200000000e-06	3.824441044645e-09	-8.154577468237e-09	2.533363581992e-09
1.742400000000e-06	3.582677741543e-09	-7.778089236255e-09	2.552905677177e-09
1.742600000000e-06	3.677297465914e-09	-7.808045085677e-09	2.419520373074e-09
1.742800000000e-06	3.740181181021e-09	-8.316342467825e-09	2.956224332902e-09
1.743000000000e-06	3.704317567096e-09	-7.694453186346e-09	2.148176228215e-09
1.743200000000e-06	3.782057316159e-09	-7.617057685724e-09	1.874088977577e-09
1.743400000000e-06	3.684968573346e-09	-8.118979302800e-09	2.820410840596e-09
1.743600000000e-06	4.033393842835e-09	-8.362959841663e-09	2.327684885805e-09
1.743800000000e-06	3.538818437501e-09	-7.689557240128e-09	2.537330470317e-09
1.744000000000e-06	4.029987260992e-09	-8.122142100844e-09	2.009154034066e-09
1.744200000000e-06	4.038113672619e-09	-7.767448519466e-09	1.472440282199e-09
1.744400000000e-06	3.660015331762e-09	-8.019669998498e-09	2.707928296846e-09
1.744600000000e-06	3.429651018950e-09	-7.496579965353e-09	2.532129747433e-09
1.744800000000e-06	3.411631961858e-09	-7.130839095060e-09	2.003785047933e-09
1.745000000000e-06	3.606070072457e-09	-7.904303980689e-09	2.665607644623e-09
1.745200000000e-06	3.320556849197e-09	-7.015630714584e-09	2.081411126761e-09
1.745400000000e-06	3.680441117757e-09	-7.737805697091e-09	2.286976966137e-09
1.745600000000e-06	3.515248440249e-09	-7.616918999911e-09	2.499426455105e-09
1.745800000000e-06	3.599030378776e-09	-7.572275887440e-09	2.218067218044e-09
1.746000000000e-06	3.702256942299e-09	-7.580074505090e-09	2.010818803589e-09
1.746200000000e-06	3.326166524501e-09	-7.126813024055e-09	2.256437596657e-09
1.746400000000e-06	3.752978076493e-09	-7.730451690237e-09	2.097683779801e-09
1.746600000000e-06	3.296533439653e-09	-7.485002070135e-09	2.814259666163e-09
1.746800000000e-06	3.667748305421e-09	-7.844052113602e-09	2.450026754710e-09
1.747000000000e-06	3.283548679231e-09	-7.164584098549e-09	2.408490143544e-09
1.747200000000e-06	3.751922559486e-09	-7.517251832327e-09	1.798321229281e-09
1.747400000000e-06	3.179025029322e-09	-6.796128427463e-09	2.095232415049e-09
1.747600000000e-06	3.454014934029e-09	-7.105702261914e-09	1.919942684761e-09
1.747800000000e-06	3.234541295842e-09	-6.873983702013e-09	2.117692910743e-09
1.748000000000e-06	3.637710740236e-09	-7.681415803151e-09	2.292376527335e-09
1.748200000000e-06	3.431436053087e-09	-7.047845934562e-09	1.867181401878e-09
1.748400000000e-06	3.361740159675e-09	-7.136521607371e-09	2.143237389501e-09
1.748600000000e-06	3.087280097264e-09	-6.809367788228e-09	2.403976531869e-09
1.748800000000e-06	3.473893167942e-09	-6.750313280151e-09	1.397314432629e-09
1.749000000000e-06	3.474739705370e-09	-7.270340383223e-09	2.126851121375e-09
1.749200000000e-06	3.319884465275e-09	-6.902841258285e-09	1.975447869002e-09
1.749400000000e-06	3.447679412051e-09	-7.186123633896e-09	2.075800149077e-09
1.749600000000e-06	2.921385390896e-09	-6.557241411889e-09	2.363288930802e-09
1.749800000000e-06	3.270771484572e-09	-7.215583100014e-09	2.571514298015e-09
1.750000000000e-06	3.233518310356e-09	-6.859742313479e-09	2.081840503493e-09
1.750200000000e-06	3.291201492428e-09	-6.654831339060e-09	1.696661694658e-09
1.750400000000e-06	3.196488325668e-09	-6.836332542187e-09	2.121963487928e-09
1.750600000000e-06	3.431723700139e-09	-7.196478091810e-09	2.086310566942e-09
1.750800000000e-06	3.053673484539e-09	-6.692787787803e-09	2.270472012018e-09
1.751000000000e-06	3.378130881054e-09	-7.063164429992e-09	2.034030967320e-09
1.751200000000e-06	3.509554282333e-09	-7.161371606028e-09	1.880223106771e-09
1.751400000000e-06	3.160448946667e-09	-6.381748977746e-09	1.644709163402e-09
1.751600000000e-06	3.360052164613e-09	-6.810077948469e-09	1.750098146236e-09
1.751800000000e-06	3.159302084005e-09	-6.601567923641e-09	1.917939386448e-09
1.752000000000e-06	3.084086987990e-09	-6.670226586038e-09	2.139716323024e-09
1.752200000000e-06	3.236679632918e-09	-6.746438256509e-09	1.925087379697e-09
1.752400000000e-06	3.244745920029e-09	-6.872607694144e-09	2.119129029094e-09
1.752600000000e-06	2.783784094068e-09	-6.181735552119e-09	2.168107344656e-09
1.752800000000e-06	3.577412966123e-09	-6.817243973393e-09	1.251670474019e-09
1.753000000000e-06	3.018445812664e-09	-6.680405516527e-09	2.342749676113e-09
1.753200000000e-06	3.082956465685e-09	-6.443012483349e-09	1.804813197719e-09
1.753400000000e-06	3.138929727638e-09	-6.801150961405e-09	2.224313979200e-09
1.753600000000e-06	2.963882314409e-09	-6.380507121109e-09	2.054523071246e-09
1.753800000000e-06	3.219633639971e-09	-6.801992233821e-09	2.039276030414e-09
1.754000000000e-06	3.174873217145e-09	-6.418236031377e-09	1.608292258151e-09
1.754200000000e-06	3.319281739814e-09	-6.769003928184e-09	1.819246084311e-09
1.754400000000e-06	3.056030548105e-09	-6.443697866315e-09	1.886031961063e-09
1.754600000000e-06	3.226510582952e-09	-6.659714891575e-09	1.862814984485e-09
1.754800000000e-06	2.909344059586e-09	-6.254486456211e-09	1.978577998939e-09
1.755000000000e-06	2.934454855872e-09	-6.350928066007e-09	2.078119987861e-09
1.755200000000e-06	2.864120363658e-09	-5.912851005432e-09	1.624056195963e-09
1.755400000000e-06	2.710065995903e-09	-6.062152645407e-09	2.199624060579e-09
1.755600000000e-06	3.052650047055e-09	-6.389441634319e-09	1.886292992743e-09
1.755800000000e-06	3.040776003668e-09	-6.514645260261e-09	2.064731798636e-09
1.756000000000e-06	3.163450249727e-09	-6.486326064928e-09	1.686384949967e-09
1.756200000000e-06	2.976868140269e-09	-6.154712796538e-09	1.707676116965e-09
1.756400000000e-06	3.174258192447e-09	-6.461048516349e-09	1.692158763642e-09
1.756600000000e-06	2.741190040198e-09	-6.261057852686e-09	2.390404955282e-09
1.756800000000e-06	2.922666511187e-09	-6.163374094478e-09	1.846045645016e-09
1.757000000000e-06	3.003045210059e-09	-6.209375007591e-09	1.716932877140e-09
1.757200000000e-06	2.870344884873e-09	-6.227687401113e-09	2.038285863468e-09
1.757400000000e-06	2.600113620940e-09	-5.590906699067e-09	1.778240005028e-09
1.757600000000e-06	2.983755059689e-09	-5.962360082868e-09	1.401425494735e-09
1.757800000000e-06	2.886851216056e-09	-6.150039796429e-09	1.903314495582e-09
1.758000000000e-06	3.026332797904e-09	-6.179193685073e-09	1.637756000700e-09
1.758200000000e-06	2.866674166879e-09	-6.074367587050e-09	1.855944398393e-09
1.758400000000e-06	2.624259417940e-09	-5.573356098149e-09	1.701691076947e-09
1.758600000000e-06	3.167383824548e-09	-6.625995901811e-09	1.924136102445e-09
1.758800000000e-06	2.724133864794e-09	-5.830683886770e-09	1.825555416674e-09
1.759000000000e-06	2.846962686074e-09	-6.166582421014e-09	1.997998358273e-09
1.759200000000e-06	3.071215958865e-09	-6.207637817972e-09	1.538058027595e-09
1.759400000000e-06	2.876209450719e-09	-6.270066030796e-09	2.136544510591e-09
1.759600000000e-06	2.826626068280e-09	-6.122453835696e-09	2.034041241925e-09
1.759800000000e-06	2.759620478287e-09	-5.841212666846e-09	1.750443621053e-09
1.760000000000e-06	2.951834951186e-09	-5.957225598102e-09	1.458703263066e-09
1.760200000000e-06	3.045300757030e-09	-6.048553089064e-09	1.391501425063e-09
1.760400000000e-06	3.061775221242e-09	-6.185061645631e-09	1.578383407616e-09
1.760600000000e-06	2.655554698539e-09	-5.515146949342e-09	1.579540994894e-09
1.760800000000e-06	2.670222905410e-09	-5.693723206467e-09	1.735362920731e-09
1.761000000000e-06	2.532661279508e-09	-5.493326347655e-09	1.828299918568e-09
1.761200000000e-06	2.654866484431e-09	-5.680230328858e-09	1.804135797039e-09
1.761400000000e-06	2.915035253297e-09	-6.091998571240e-09	1.814690172565e-09
1.761600000000e-06	2.826235145590e-09	-6.013123789331e-09	1.833367796925e-09
1.761800000000e-06	2.696236653107e-09	-5.466996510040e-09	1.388038636447e-09
1.762000000000e-06	2.714448381472e-09	-5.816113297524e-09	1.787363617570e-09
1.762200000000e-06	2.433197382428e-09	-5.385451497242e-09	1.901741246901e-09
1.762400000000e-06	2.787702264970e-09	-5.656082140108e-09	1.467900323579e-09
1.762600000000e-06	2.627096239805e-09	-5.705847190076e-09	1.860410952214e-09
1.762800000000e-06	2.627855950515e-09	-5.561467463334e-09	1.720576231618e-09
1.763000000000e-06	2.779926184901e-09	-5.994863145397e-09	1.927050087809e-09
1.763200000000e-06	2.771259375151e-09	-5.603224999656e-09	1.433782364371e-09
1.763400000000e-06	2.808153035954e-09	-5.927971666016e-09	1.793110169824e-09
1.763600000000e-06	2.533475934152e-09	-5.561412182146e-09	1.886541649242e-09
1.763800000000e-06	2.590961634473e-09	-5.606836801965e-09	1.833115728119e-09
1.764000000000e-06	2.747866131453e-09	-5.793524986993e-09	1.738511967798e-09
1.764200000000e-06	2.642826389120e-09	-5.554253770773e-09	1.637443307175e-09
1.764400000000e-06	2.935714109379e-09	-5.877214174522e-09	1.407777710792e-09
1.764600000000e-06	2.515554014261e-09	-5.350092078077e-09	1.682521716581e-09
1.764800000000e-06	2.701520199863e-09	-5.671351583874e-09	1.688250288696e-09
1.765000000000e-06	2.779575024198e-09	-5.669642445719e-09	1.500411007344e-09
1.765200000000e-06	2.642209004685e-09	-5.761235074346e-09	1.949868470698e-09
1.765400000000e-06	2.517796655572e-09	-5.404317294588e-09	1.681333776479e-09
1.765600000000e-06	2.577444391307e-09	-5.187475279476e-09	1.283604688501e-09
1.765800000000e-06	2.464540120148e-09	-5.449255360082e-09	1.941011590122e-09
1.766000000000e-06	2.680080858138e-09	-5.691181115343e-09	1.712436450207e-09
1.766200000000e-06	2.613311946168e-09	-5.354414316023e-09	1.442505960668e-09
1.766400000000e-06	2.555197744062e-09	-5.444189290494e-09	1.687471039148e-09
1.766600000000e-06	2.688585649667e-09	-5.046427608154e-09	7.649447226276e-10
1.766800000000e-06	2.655600606460e-09	-5.509864428633e-09	1.601154025265e-09
1.767000000000e-06	2.668751670403e-09	-5.406083473625e-09	1.444321007257e-09
1.767200000000e-06	2.650155814328e-09	-5.501343992879e-09	1.565536796993e-09
1.767400000000e-06	2.357571982846e-09	-5.275902312555e-09	1.894428957254e-09
1.767600000000e-06	2.763424850824e-09	-5.412609327638e-09	1.177512808749e-09
1.767800000000e-06	2.424944419051e-09	-5.047064241968e-09	1.564020911931e-09
1.768000000000e-06	2.298864133577e-09	-4.884356816587e-09	1.474204266535e-09
1.768200000000e-06	2.479518867802e-09	-5.328069043631e-09	1.719986513963e-09
1.768400000000e-06	2.445518476000e-09	-5.350311216814e-09	1.832071904524e-09
1.768600000000e-06	2.405327980653e-09	-5.147321472594e-09	1.641455532014e-09
1.768800000000e-06	2.228969898528e-09	-5.059705724604e-09	1.929124817287e-09
1.769000000000e-06	2.366168903763e-09	-4.883885359662e-09	1.335230674507e-09
1.769200000000e-06	2.389109543755e-09	-4.888298964830e-09	1.295179262762e-09
1.769400000000e-06	2.649957985961e-09	-5.477073535640e-09	1.492450193684e-09
1.769600000000e-06	2.655792656195e-09	-5.219544310841e-09	1.180243019206e-09
1.769800000000e-06	2.575596836423e-09	-5.499901840542e-09	1.782527920480e-09
1.770000000000e-06	2.508636450631e-09	-5.140318881147e-09	1.301006508791e-09
1.770200000000e-06	2.646624309804e-09	-5.137395034995e-09	1.041831181049e-09
1.770400000000e-06	2.498949487459e-09	-5.288452762912e-09	1.656273895520e-09
1.770600000000e-06	2.149954595954e-09	-4.788886877397e-09	1.756277336879e-09
1.770800000000e-06	2.279257566140e-09	-4.895775986994e-09	1.582895757372e-09
1.771000000000e-06	2.465901477574e-09	-4.986929362518e-09	1.295752482670e-09
1.771200000000e-06	2.360027558487e-09	-5.024988419537e-09	1.503286121813e-09
1.771400000000e-06	2.411638654129e-09	-4.862539430004e-09	1.205215291269e-09
1.771600000000e-06	2.342575683248e-09	-5.095331132408e-09	1.684595616665e-09
1.771800000000e-06	2.269983405133e-09	-4.892007719708e-09	1.574984842551e-09
1.772000000000e-06	2.600101156426e-09	-5.249908280015e-09	1.404720451596e-09
1.772200000000e-06	2.012074794536e-09	-4.608628422453e-09	1.752269503150e-09
1.772400000000e-06	2.350934363337e-09	-4.659100032422e-09	1.101005444773e-09
1.772600000000e-06	2.458606410239e-09	-5.051530512540e-09	1.357106836850e-09
1.772800000000e-06	2.564924539531e-09	-5.193909622017e-09	1.366061147337e-09
1.773000000000e-06	2.223281084661e-09	-4.596059010509e-09	1.198139694634e-09
1.773200000000e-06	2.137321114525e-09	-4.787234190032e-09	1.810996646896e-09
1.773400000000e-06	2.414259896159e-09	-5.199906531325e-09	1.651483848442e-09
1.773600000000e-06	2.444933327993e-09	-4.957619375970e-09	1.272313247840e-09
1.773800000000e-06	2.229743763659e-09	-4.887531300469e-09	1.617695237118e-09
1.774000000000e-06	2.282236000345e-09	-4.850609651489e-09	1.532508295645e-09
1.774200000000e-06	2.527934259125e-09	-5.186995192695e-09	1.406101576226e-09
1.774400000000e-06	2.268121239840e-09	-4.636734187732e-09	1.246488094917e-09
1.774600000000e-06	2.207775415830e-09	-4.781322066136e-09	1.618573882336e-09
1.774800000000e-06	2.347790232141e-09	-4.916974350144e-09	1.463615619830e-09
1.775000000000e-06	2.443510506015e-09	-4.889465264586e-09	1.158049988124e-09
1.775200000000e-06	2.316525712805e-09	-4.995170236258e-09	1.644122642449e-09
1.775400000000e-06	2.292286579787e-09	-4.720059369705e-09	1.286780919025e-09
1.775600000000e-06	2.179218338841e-09	-4.618304033090e-09	1.453791081818e-09
1.775800000000e-06	2.351561344099e-09	-4.801860323536e-09	1.263842401728e-09
1.776000000000e-06	2.133226146733e-09	-4.449575960076e-09	1.345185218712e-09
1.776200000000e-06	2.436339511334e-09	-4.811574395612e-09	1.087267420131e-09
1.776400000000e-06	2.121276900141e-09	-4.458342820057e-09	1.316633410660e-09
1.776600000000e-06	2.223975867968e-09	-4.520441895840e-09	1.165488783778e-09
1.776800000000e-06	2.249722396768e-09	-4.832802781057e-09	1.542629781370e-09
1.777000000000e-06	2.082171876921e-09	-4.635201938942e-09	1.696214787781e-09
1.777200000000e-06	2.165685442584e-09	-4.552900579532e-09	1.406095300619e-09
1.777400000000e-06	2.374881901620e-09	-4.543144961379e-09	8.331995129221e-10
1.777600000000e-06	2.290152031006e-09	-4.974292148784e-09	1.626800592169e-09
1.777800000000e-06	2.265674625396e-09	-4.612939190835e-09	1.227255365597e-09
1.778000000000e-06	2.448694931090e-09	-4.972855772875e-09	1.287969190684e-09
1.778200000000e-06	2.246006658594e-09	-4.498813768340e-09	1.083894773904e-09
1.778400000000e-06	2.231111942001e-09	-4.669274207018e-09	1.386044185801e-09
1.778600000000e-06	2.157129020059e-09	-4.640843250293e-09	1.517874260818e-09
1.778800000000e-06	1.979467022480e-09	-4.147285532485e-09	1.211358121568e-09
1.779000000000e-06	2.061306320222e-09	-4.524207393708e-09	1.545571497131e-09
1.779200000000e-06	2.248157848259e-09	-4.472641727855e-09	1.064309393617e-09
1.779400000000e-06	2.096271301573e-09	-4.359124291702e-09	1.249817217041e-09
1.779600000000e-06	2.322142377261e-09	-4.433992411259e-09	8.399497405888e-10
1.779800000000e-06	2.190146245949e-09	-4.471665385885e-09	1.199320530579e-09
1.780000000000e-06	1.988454826367e-09	-4.323164245294e-09	1.407595289630e-09
1.780200000000e-06	2.417361168134e-09	-4.705166537134e-09	9.730868507573e-10
1.780400000000e-06	2.297369994805e-09	-4.608072971042e-09	1.131049126441e-09
1.780600000000e-06	2.340407515396e-09	-4.805911209115e-09	1.302483089571e-09
1.780800000000e-06	2.081814960684e-09	-4.407536889591e-09	1.316749988892e-09
1.781000000000e-06	2.085030300626e-09	-4.389476774633e-09	1.334175242457e-09
1.781200000000e-06	1.954154426608e-09	-4.274945044895e-09	1.457962699502e-09
1.781400000000e-06	2.039536762399e-09	-4.390418983116e-09	1.371046776032e-09
1.781600000000e-06	2.081883480515e-09	-4.433000987281e-09	1.395623737532e-09
1.781800000000e-06	2.008260953444e-09	-4.345410777075e-09	1.471778237233e-09
1.782000000000e-06	1.999181602673e-09	-4.318369201275e-09	1.434816655917e-09
1.782200000000e-06	2.227405803166e-09	-4.382417724915e-09	1.005009310359e-09
1.782400000000e-06	1.971798098069e-09	-4.148043826763e-09	1.214551549589e-09
1.782600000000e-06	2.023763805490e-09	-4.394954072201e-09	1.485954264820e-09
1.782800000000e-06	2.233464502305e-09	-4.428821737974e-09	1.018687777523e-09
1.783000000000e-06	2.098681617533e-09	-4.352049077826e-09	1.206689925548e-09
1.783200000000e-06	2.067678945444e-09	-4.353985194837e-09	1.304077824715e-09
1.783400000000e-06	2.018408030008e-09	-4.231144090841e-09	1.233211372142e-09
1.783600000000e-06	2.102560130283e-09	-4.208279288355e-09	1.036095176335e-09
1.783800000000e-06	2.084999134273e-09	-4.211051322524e-09	1.075444698093e-09
1.784000000000e-06	2.118062489313e-09	-4.354115117310e-09	1.176702957019e-09
1.784200000000e-06	2.262395188855e-09	-4.520830353607e-09	1.107191757553e-09
1.784400000000e-06	2.016408094806e-09	-4.362461235953e-09	1.422290667911e-09
1.784600000000e-06	2.165316507700e-09	-4.407917563851e-09	1.166622559806e-09
1.784800000000e-06	2.123378250716e-09	-4.275501521338e-09	1.088151267044e-09
1.785000000000e-06	2.062129037269e-09	-4.285119637624e-09	1.268216231213e-09
1.785200000000e-06	2.078939558146e-09	-4.287078801858e-09	1.214855536407e-09
1.785400000000e-06	1.885498716728e-09	-4.168755937934e-09	1.344035693192e-09
1.785600000000e-06	1.910879737118e-09	-3.970533453268e-09	1.097375566170e-09
1.785800000000e-06	1.937267335124e-09	-4.072950366783e-09	1.203702373905e-09
1.786000000000e-06	1.904428669025e-09	-4.106524345233e-09	1.355542707129e-09
1.786200000000e-06	1.976415240127e-09	-3.988586975622e-09	1.058407076414e-09
1.786400000000e-06	1.922128531705e-09	-3.987577455042e-09	1.129015005730e-09
1.786600000000e-06	1.856037274549e-09	-3.859575084909e-09	1.094528219573e-09
1.786800000000e-06	2.009355715810e-09	-4.141111062488e-09	1.147975341250e-09
1.787000000000e-06	2.030261068756e-09	-4.178369885024e-09	1.144143350562e-09
1.787200000000e-06	1.939678701603e-09	-4.347423528680e-09	1.554994874993e-09
1.787400000000e-06	2.066065746693e-09	-4.159603111723e-09	1.093985712303e-09
1.787600000000e-06	1.789871893648e-09	-3.902390617550e-09	1.317489351597e-09
1.787800000000e-06	1.979292660228e-09	-4.043424694899e-09	1.080841249225e-09
1.788000000000e-06	1.989002633571e-09	-4.043414170727e-09	1.087112264615e-09
1.788200000000e-06	1.985402511015e-09	-4.104064148103e-09	1.161530347209e-09
1.788400000000e-06	2.000956869649e-09	-4.139357788833e-09	1.163460150224e-09
1.788600000000e-06	1.957057410820e-09	-3.902026654770e-09	9.796233607666e-10
1.788800000000e-06	1.970776750320e-09	-3.965243681602e-09	1.032489168564e-09
1.789000000000e-06	1.933043147853e-09	-4.007349095531e-09	1.130082742194e-09
1.789200000000e-06	1.954577672981e-09	-3.965498883110e-09	9.944406937965e-10
1.789400000000e-06	1.913322205132e-09	-3.867827007016e-09	9.769795699359e-10
1.789600000000e-06	1.809707966662e-09	-3.891340400796e-09	1.214990396293e-09
1.789800000000e-06	1.845413174567e-09	-3.896453576667e-09	1.180684666175e-09
1.790000000000e-06	1.835286696821e-09	-3.960040505545e-09	1.285137446806e-09
1.790200000000e-06	1.837674449869e-09	-3.836171454794e-09	1.129135614904e-09
1.790400000000e-06	1.829115435393e-09	-4.019566672449e-09	1.421152557725e-09
1.790600000000e-06	1.865967699407e-09	-3.903732357818e-09	1.115173152003e-09
1.790800000000e-06	1.924191176988e-09	-3.946914056479e-09	1.078863719828e-09
1.791000000000e-06	1.839520281312e-09	-3.809908134014e-09	1.105364975886e-09
1.791200000000e-06	1.861890227069e-09	-3.933255810989e-09	1.171500553534e-09
1.791400000000e-06	1.828261308423e-09	-3.875072761903e-09	1.197883876193e-09
1.791600000000e-06	1.843570343319e-09	-3.985359433307e-09	1.132001837954e-09
1.791800000000e-06	1.898380130039e-09	-3.999432012960e-09	1.213146313926e-09
1.792000000000e-06	1.837860581532e-09	-3.815570171194e-09	1.145817680722e-09
1.792200000000e-06	1.891401598067e-09	-3.832619484220e-09	9.594841130294e-10
1.792400000000e-06	1.831326907580e-09	-3.806928762862e-09	1.107878835796e-09
1.792600000000e-06	1.789248749141e-09	-3.644457899457e-09	9.407060618003e-10
1.792800000000e-06	1.893893401235e-09	-3.824305842526e-09	9.694848881428e-10
1.793000000000e-06	1.803037309355e-09	-3.772640344292e-09	1.117063141755e-09
1.793200000000e-06	1.914090739363e-09	-3.962573528367e-09	1.120924230783e-09
1.793400000000e-06	1.830235377945e-09	-3.778766535855e-09	1.080557140717e-09
1.793600000000e-06	1.869003801557e-09	-3.970288137403e-09	1.255455780209e-09
1.793800000000e-06	1.710462268517e-09	-3.532499892493e-09	9.607017778715e-10
1.794000000000e-06	1.852062326547e-09	-3.859024982488e-09	1.163561944678e-09
1.794200000000e-06	1.920580420442e-09	-3.910309409218e-09	1.022866596554e-09
1.794400000000e-06	1.663140043649e-09	-3.556049664845e-09	1.066522243810e-09
1.794600000000e-06	1.783733795677e-09	-3.804954537507e-09	1.238374064716e-09
1.794800000000e-06	1.729796237178e-09	-3.647129420992e-09	1.080598595284e-09
1.795000000000e-06	1.835041046940e-09	-3.660988882625e-09	8.733108332275e-10
1.795200000000e-06	1.863123581665e-09	-3.725437646589e-09	8.897514225276e-10
1.795400000000e-06	1.923869470534e-09	-3.694761882758e-09	6.795923200557e-10
1.795600000000e-06	1.781106168924e-09	-3.528156020859e-09	8.050577545388e-10
1.795800000000e-06	1.760599760626e-09	-3.762412878861e-09	1.251096073037e-09
1.796000000000e-06	1.738451812473e-09	-3.483734674305e-09	8.615186324982e-10
1.796200000000e-06	1.763418698414e-09	-3.691954568472e-09	1.080850066337e-09
1.796400000000e-06	1.735445157403e-09	-3.597692727189e-09	9.993540925145e-10
1.796600000000e-06	1.752366785773e-09	-3.530508339372e-09	8.925858919150e-10
1.796800000000e-06	1.629914425890e-09	-3.498200123703e-09	1.089449164691e-09
1.797000000000e-06	1.672213998387e-09	-3.595987481793e-09	1.157767340135e-09
1.797200000000e-06	1.714203081905e-09	-3.520267138963e-09	9.696124517175e-10
1.797400000000e-06	1.893319749636e-09	-3.747565609627e-09	9.075288776122e-10
1.797600000000e-06	1.696620920526e-09	-3.578026195914e-09	1.072594663175e-09
1.797800000000e-06	1.715263964643e-09	-3.557173263342e-09	1.031222767509e-09
1.798000000000e-06	1.780319428411e-09	-3.663975394194e-09	9.937081488661e-10
1.798200000000e-06	1.732161238305e-09	-3.622617077453e-09	1.042271676462e-09
1.798400000000e-06	1.651060784179e-09	-3.316594112587e-09	8.661063952546e-10
1.798600000000e-06	1.606235768478e-09	-3.405882462954e-09	1.093308608480e-09
1.798800000000e-06	1.684892947588e-09	-3.445711222902e-09	9.343838779242e-10
1.799000000000e-06	1.719861334089e-09	-3.551683199117e-09	9.323913870988e-10
1.799200000000e-06	1.653369124329e-09	-3.550165839838e-09	1.114993438342e-09
1.799400000000e-06	1.823948761317e-09	-3.551404784976e-09	7.499796623966e-10
1.799600000000e-06	1.569220506365e-09	-3.453960513506e-09	1.188812790371e-09
1.799800000000e-06	1.749507781113e-09	-3.586942537185e-09	9.738487718981e-10
1.800000000000e-06	1.711415717357e-09	-3.529526181322e-09	9.607470650425e-10
1.800200000000e-06	1.747137664841e-09	-3.534234239262e-09	9.289192303723e-10
1.800400000000e-06	1.678854189772e-09	-3.369296112273e-09	8.013557062588e-10
1.800600000000e-06	1.592569953574e-09	-3.304971374604e-09	9.722230119488e-10
1.800800000000e-06	1.733455796370e-09	-3.540983018782e-09	8.959204026189e-10
1.801000000000e-06	1.650440517804e-09	-3.456284733542e-09	1.083909947765e-09
1.801200000000e-06	1.565372611824e-09	-3.424005166138e-09	1.162314903990e-09
1.801400000000e-06	1.568138923832e-09	-3.333863755587e-09	1.052767489611e-09
1.801600000000e-06	1.579669801368e-09	-3.256441540949e-09	9.025402062208e-10
1.801800000000e-06	1.596660790243e-09	-3.390174031667e-09	1.051215261996e-09
1.802000000000e-06	1.717940345385e-09	-3.570738444908e-09	1.027469901400e-09
1.802200000000e-06	1.525606531032e-09	-3.208609344070e-09	9.795613148212e-10
1.802400000000e-06	1.576789607961e-09	-3.347003831105e-09	9.948735092968e-10
1.802600000000e-06	1.583931689811e-09	-3.405517642969e-09	1.080243260502e-09
1.802800000000e-06	1.542168853587e-09	-3.266449795638e-09	1.007009013592e-09
1.803000000000e-06	1.724581906236e-09	-3.404640695428e-09	7.282509699832e-10
1.803200000000e-06	1.696579282268e-09	-3.285047926230e-09	6.955538792682e-10
1.803400000000e-06	1.690284734941e-09	-3.386647899130e-09	8.110846159435e-10
1.803600000000e-06	1.433859277479e-09	-3.267284220498e-09	1.270402966446e-09
1.803800000000e-06	1.493172248579e-09	-3.114345597828e-09	9.128173825601e-10
1.804000000000e-06	1.521088171156e-09	-3.306847532382e-09	1.091780264897e-09
1.804200000000e-06	1.404122998105e-09	-3.031487788111e-09	9.806828713069e-10
1.804400000000e-06	1.604385726429e-09	-3.237491541179e-09	8.171080135043e-10
1.804600000000e-06	1.525354522327e-09	-3.170892333938e-09	9.098019663160e-10
1.804800000000e-06	1.603305372985e-09	-3.263034615253e-09	8.376366689359e-10
1.805000000000e-06	1.574519773604e-09	-3.277273079065e-09	9.514564824962e-10
1.805200000000e-06	1.535663059155e-09	-3.257462042349e-09	9.801750307536e-10
1.805400000000e-06	1.510574345451e-09	-3.204954190640e-09	9.846565536969e-10
1.805600000000e-06	1.506434767503e-09	-3.030323895099e-09	7.486802943683e-10
1.805800000000e-06	1.734215718014e-09	-3.396378283301e-09	7.469659231214e-10
1.806000000000e-06	1.586994659326e-09	-3.220905794325e-09	8.258672752951e-10
1.806200000000e-06	1.538396996460e-09	-3.197696095109e-09	9.396592506707e-10
1.806400000000e-06	1.542354146711e-09	-3.253478003799e-09	1.001052981631e-09
1.806600000000e-06	1.414138111581e-09	-3.072718128320e-09	1.042832759126e-09
1.806800000000e-06	1.461273624247e-09	-3.088724833774e-09	9.996120122969e-10
1.807000000000e-06	1.575813979321e-09	-3.262300317003e-09	8.849471289832e-10
1.807200000000e-06	1.487332097250e-09	-3.240273700978e-09	1.124833508745e-09
1.807400000000e-06	1.560606357244e-09	-3.166305181104e-09	8.273071617189e-10
1.807600000000e-06	1.434745347101e-09	-3.099279536778e-09	1.007556487182e-09
1.807800000000e-06	1.570306346801e-09	-3.333841471747e-09	1.031365008592e-09
1.808000000000e-06	1.410849634059e-09	-3.044582433779e-09	1.010511467568e-09
1.808200000000e-06	1.525305944238e-09	-3.140976278605e-09	8.825420158914e-10
1.808400000000e-06	1.530852827563e-09	-3.200265883794e-09	9.285503708678e-10
1.808600000000e-06	1.547519636495e-09	-3.138281171840e-09	8.188718909640e-10
1.808800000000e-06	1.668544474097e-09	-3.332389122098e-09	8.344027433771e-10
1.809000000000e-06	1.451241865623e-09	-3.100297696034e-09	9.399838658246e-10
1.809200000000e-06	1.561684166113e-09	-3.009429268470e-09	7.819058184317e-10
1.809400000000e-06	1.492484279304e-09	-2.992767335515e-09	8.117752897317e-10
1.809600000000e-06	1.440441715804e-09	-3.101523738163e-09	9.658795934826e-10
1.809800000000e-06	1.478834826509e-09	-3.170220706688e-09	1.027705510516e-09
1.810000000000e-06	1.391223181257e-09	-2.977869821341e-09	9.362172608611e-10
1.810200000000e-06	1.433526952793e-09	-2.863699081940e-09	6.788540647164e-10
1.810400000000e-06	1.374638177087e-09	-2.920030027499e-09	9.025091531514e-10
1.810600000000e-06	1.530115188245e-09	-2.971093253317e-09	6.342787832361e-10
1.810800000000e-06	1.455252740625e-09	-3.042054007799e-09	9.289703983752e-10
1.811000000000e-06	1.446238695468e-09	-2.936847941993e-09	7.800217992225e-10
1.811200000000e-06	1.506846088525e-09	-3.099159961625e-09	8.843176877268e-10
