-5.483800000000e-06	0.000000000000e+00	0.000000000000e+00	0.000000000000e+00
-5.483600000000e-06	0.000000000000e+00	0.000000000000e+00	0.000000000000e+00
-5.483400000000e-06	0.000000000000e+00	0.000000000000e+00	0.000000000000e+00
-5.483200000000e-06	0.000000000000e+00	0.000000000000e+00	0.000000000000e+00
-5.483000000000e-06	0.000000000000e+00	0.000000000000e+00	0.000000000000e+00
-5.482800000000e-06	0.000000000000e+00	0.000000000000e+00	0.000000000000e+00
-5.482600000000e-06	0.000000000000e+00	0.000000000000e+00	0.000000000000e+00
-5.482400000000e-06	0.000000000000e+00	0.000000000000e+00	0.000000000000e+00
-5.482200000000e-06	0.000000000000e+00	0.000000000000e+00	0.000000000000e+00
-5.482000000000e-06	0.000000000000e+00	0.000000000000e+00	0.000000000000e+00
-5.481800000000e-06	0.000000000000e+00	0.000000000000e+00	0.000000000000e+00
-5.481600000000e-06	0.000000000000e+00	0.000000000000e+00	0.000000000000e+00
-5.481400000000e-06	0.000000000000e+00	0.000000000000e+00	0.000000000000e+00
-5.481200000000e-06	0.000000000000e+00	0.000000000000e+00	0.000000000000e+00
-5.481000000000e-06	0.000000000000e+00	0.000000000000e+00	0.000000000000e+00
-5.480800000000e-06	0.000000000000e+00	0.000000000000e+00	0.000000000000e+00
-5.480600000000e-06	0.000000000000e+00	0.000000000000e+00	0.000000000000e+00
-5.480400000000e-06	0.000000000000e+00	0.000000000000e+00	0.000000000000e+00
-5.480200000000e-06	0.000000000000e+00	0.000000000000e+00	0.000000000000e+00
-5.480000000000e-06	0.000000000000e+00	0.000000000000e+00	0.000000000000e+00
-5.479800000000e-06	0.000000000000e+00	0.000000000000e+00	0.000000000000e+00
-5.479600000000e-06	0.000000000000e+00	0.000000000000e+00	0.000000000000e+00
-5.479400000000e-06	0.000000000000e+00	0.000000000000e+00	0.000000000000e+00
-5.479200000000e-06	0.000000000000e+00	0.000000000000e+00	0.000000000000e+00
-5.479000000000e-06	0.000000000000e+00	0.000000000000e+00	0.000000000000e+00
-5.478800000000e-06	0.000000000000e+00	0.000000000000e+00	0.000000000000e+00
-5.478600000000e-06	0.000000000000e+00	0.000000000000e+00	0.000000000000e+00
-5.478400000000e-06	0.000000000000e+00	0.000000000000e+00	0.000000000000e+00
-5.478200000000e-06	0.000000000000e+00	0.000000000000e+00	0.000000000000e+00
-5.478000000000e-06	0.000000000000e+00	0.000000000000e+00	0.000000000000e+00
-5.477800000000e-06	0.000000000000e+00	0.000000000000e+00	0.000000000000e+00
-5.477600000000e-06	0.000000000000e+00	0.000000000000e+00	0.000000000000e+00
-5.477400000000e-06	0.000000000000e+00	0.000000000000e+00	0.000000000000e+00
-5.477200000000e-06	0.000000000000e+00	0.000000000000e+00	0.000000000000e+00
-5.477000000000e-06	0.000000000000e+00	0.000000000000e+00	0.000000000000e+00
-5.476800000000e-06	0.000000000000e+00	0.000000000000e+00	0.000000000000e+00
-5.476600000000e-06	0.000000000000e+00	0.000000000000e+00	0.000000000000e+00
-5.476400000000e-06	0.000000000000e+00	0.000000000000e+00	0.000000000000e+00
-5.476200000000e-06	0.000000000000e+00	0.000000000000e+00	0.000000000000e+00
-5.476000000000e-06	0.000000000000e+00	0.000000000000e+00	0.000000000000e+00
-5.475800000000e-06	0.000000000000e+00	0.000000000000e+00	0.000000000000e+00
-5.475600000000e-06	0.000000000000e+00	0.000000000000e+00	0.000000000000e+00
-5.475400000000e-06	0.000000000000e+00	0.000000000000e+00	0.000000000000e+00
-5.475200000000e-06	0.000000000000e+00	0.000000000000e+00	0.000000000000e+00
-5.475000000000e-06	0.000000000000e+00	0.000000000000e+00	0.000000000000e+00
-5.474800000000e-06	0.000000000000e+00	0.000000000000e+00	0.000000000000e+00
-5.474600000000e-06	0.000000000000e+00	0.000000000000e+00	0.000000000000e+00
-5.474400000000e-06	0.000000000000e+00	0.000000000000e+00	0.000000000000e+00
-5.474200000000e-06	0.000000000000e+00	0.000000000000e+00	0.000000000000e+00
-5.474000000000e-06	0.000000000000e+00	0.000000000000e+00	0.000000000000e+00
-5.473800000000e-06	0.000000000000e+00	0.000000000000e+00	0.000000000000e+00
-5.473600000000e-06	0.000000000000e+00	0.000000000000e+00	0.000000000000e+00
-5.473400000000e-06	0.000000000000e+00	0.000000000000e+00	0.000000000000e+00
-5.473200000000e-06	0.000000000000e+00	0.000000000000e+00	0.000000000000e+00
-5.473000000000e-06	0.000000000000e+00	0.000000000000e+00	0.000000000000e+00
-5.472800000000e-06	0.000000000000e+00	0.000000000000e+00	0.000000000000e+00
-5.472600000000e-06	0.000000000000e+00	0.000000000000e+00	0.000000000000e+00
-5.472400000000e-06	0.000000000000e+00	0.000000000000e+00	0.000000000000e+00
-5.472200000000e-06	0.000000000000e+00	0.000000000000e+00	0.000000000000e+00
-5.472000000000e-06	0.000000000000e+00	0.000000000000e+00	0.000000000000e+00
-5.471800000000e-06	0.000000000000e+00	0.000000000000e+00	0.000000000000e+00
-5.471600000000e-06	0.000000000000e+00	0.000000000000e+00	0.000000000000e+00
-5.471400000000e-06	0.000000000000e+00	0.000000000000e+00	0.000000000000e+00
-5.471200000000e-06	0.000000000000e+00	0.000000000000e+00	0.000000000000e+00
-5.471000000000e-06	0.000000000000e+00	0.000000000000e+00	0.000000000000e+00
-5.470800000000e-06	0.000000000000e+00	0.000000000000e+00	0.000000000000e+00
-5.470600000000e-06	0.000000000000e+00	0.000000000000e+00	0.000000000000e+00
-5.470400000000e-06	0.000000000000e+00	0.000000000000e+00	0.000000000000e+00
-5.470200000000e-06	0.000000000000e+00	0.000000000000e+00	0.000000000000e+00
-5.470000000000e-06	0.000000000000e+00	0.000000000000e+00	0.000000000000e+00
-5.469800000000e-06	0.000000000000e+00	0.000000000000e+00	0.000000000000e+00
-5.469600000000e-06	0.000000000000e+00	0.000000000000e+00	0.000000000000e+00
-5.469400000000e-06	0.000000000000e+00	0.000000000000e+00	0.000000000000e+00
-5.469200000000e-06	0.000000000000e+00	0.000000000000e+00	0.000000000000e+00
-5.469000000000e-06	0.000000000000e+00	0.000000000000e+00	0.000000000000e+00
-5.468800000000e-06	0.000000000000e+00	0.000000000000e+00	0.000000000000e+00
-5.468600000000e-06	0.000000000000e+00	0.000000000000e+00	0.000000000000e+00
-5.468400000000e-06	0.000000000000e+00	0.000000000000e+00	0.000000000000e+00
-5.468200000000e-06	0.000000000000e+00	0.000000000000e+00	0.000000000000e+00
-5.468000000000e-06	0.000000000000e+00	0.000000000000e+00	0.000000000000e+00
-5.467800000000e-06	0.000000000000e+00	0.000000000000e+00	0.000000000000e+00
-5.467600000000e-06	0.000000000000e+00	0.000000000000e+00	0.000000000000e+00
-5.467400000000e-06	0.000000000000e+00	0.000000000000e+00	0.000000000000e+00
-5.467200000000e-06	0.000000000000e+00	0.000000000000e+00	0.000000000000e+00
-5.467000000000e-06	0.000000000000e+00	0.000000000000e+00	0.000000000000e+00
-5.466800000000e-06	0.000000000000e+00	0.000000000000e+00	0.000000000000e+00
-5.466600000000e-06	0.000000000000e+00	0.000000000000e+00	0.000000000000e+00
-5.466400000000e-06	0.000000000000e+00	0.000000000000e+00	0.000000000000e+00
-5.466200000000e-06	0.000000000000e+00	0.000000000000e+00	0.000000000000e+00
-5.466000000000e-06	0.000000000000e+00	0.000000000000e+00	0.000000000000e+00
-5.465800000000e-06	0.000000000000e+00	0.000000000000e+00	0.000000000000e+00
-5.465600000000e-06	0.000000000000e+00	0.000000000000e+00	0.000000000000e+00
-5.465400000000e-06	0.000000000000e+00	0.000000000000e+00	0.000000000000e+00
-5.465200000000e-06	0.000000000000e+00	0.000000000000e+00	0.000000000000e+00
-5.465000000000e-06	0.000000000000e+00	0.000000000000e+00	0.000000000000e+00
-5.464800000000e-06	0.000000000000e+00	0.000000000000e+00	0.000000000000e+00
-5.464600000000e-06	0.000000000000e+00	0.000000000000e+00	0.000000000000e+00
-5.464400000000e-06	0.000000000000e+00	0.000000000000e+00	0.000000000000e+00
-5.464200000000e-06	0.000000000000e+00	0.000000000000e+00	0.000000000000e+00
-5.464000000000e-06	0.000000000000e+00	0.000000000000e+00	0.000000000000e+00
-5.463800000000e-06	0.000000000000e+00	0.000000000000e+00	0.000000000000e+00
-5.463600000000e-06	0.000000000000e+00	0.000000000000e+00	0.000000000000e+00
-5.463400000000e-06	0.000000000000e+00	0.000000000000e+00	0.000000000000e+00
-5.463200000000e-06	0.000000000000e+00	0.000000000000e+00	0.000000000000e+00
-5.463000000000e-06	0.000000000000e+00	0.000000000000e+00	0.000000000000e+00
-5.462800000000e-06	0.000000000000e+00	0.000000000000e+00	0.000000000000e+00
-5.462600000000e-06	0.000000000000e+00	0.000000000000e+00	0.000000000000e+00
-5.462400000000e-06	0.000000000000e+00	0.000000000000e+00	0.000000000000e+00
-5.462200000000e-06	0.000000000000e+00	0.000000000000e+00	0.000000000000e+00
-5.462000000000e-06	0.000000000000e+00	0.000000000000e+00	0.000000000000e+00
-5.461800000000e-06	0.000000000000e+00	0.000000000000e+00	0.000000000000e+00
-5.461600000000e-06	0.000000000000e+00	0.000000000000e+00	0.000000000000e+00
-5.461400000000e-06	0.000000000000e+00	0.000000000000e+00	0.000000000000e+00
-5.461200000000e-06	0.000000000000e+00	0.000000000000e+00	0.000000000000e+00
-5.461000000000e-06	0.000000000000e+00	0.000000000000e+00	0.000000000000e+00
-5.460800000000e-06	0.000000000000e+00	0.000000000000e+00	0.000000000000e+00
-5.460600000000e-06	0.000000000000e+00	0.000000000000e+00	0.000000000000e+00
-5.460400000000e-06	0.000000000000e+00	0.000000000000e+00	0.000000000000e+00
-5.460200000000e-06	0.000000000000e+00	0.000000000000e+00	0.000000000000e+00
-5.460000000000e-06	0.000000000000e+00	0.000000000000e+00	0.000000000000e+00
-5.459800000000e-06	0.000000000000e+00	0.000000000000e+00	0.000000000000e+00
-5.459600000000e-06	0.000000000000e+00	0.000000000000e+00	0.000000000000e+00
-5.459400000000e-06	0.000000000000e+00	0.000000000000e+00	0.000000000000e+00
-5.459200000000e-06	0.000000000000e+00	0.000000000000e+00	0.000000000000e+00
-5.459000000000e-06	0.000000000000e+00	0.000000000000e+00	0.000000000000e+00
-5.458800000000e-06	0.000000000000e+00	0.000000000000e+00	0.000000000000e+00
-5.458600000000e-06	0.000000000000e+00	0.000000000000e+00	0.000000000000e+00
-5.458400000000e-06	0.000000000000e+00	0.000000000000e+00	0.000000000000e+00
-5.458200000000e-06	0.000000000000e+00	0.000000000000e+00	0.000000000000e+00
-5.458000000000e-06	0.000000000000e+00	0.000000000000e+00	0.000000000000e+00
-5.457800000000e-06	0.000000000000e+00	0.000000000000e+00	0.000000000000e+00
-5.457600000000e-06	0.000000000000e+00	0.000000000000e+00	0.000000000000e+00
-5.457400000000e-06	0.000000000000e+00	0.000000000000e+00	0.000000000000e+00
-5.457200000000e-06	0.000000000000e+00	0.000000000000e+00	0.000000000000e+00
-5.457000000000e-06	0.000000000000e+00	0.000000000000e+00	0.000000000000e+00
-5.456800000000e-06	0.000000000000e+00	0.000000000000e+00	0.000000000000e+00
-5.456600000000e-06	0.000000000000e+00	0.000000000000e+00	0.000000000000e+00
-5.456400000000e-06	3.041824113482e-15	-3.169345920544e-15	-2.371464570797e-15
-5.456200000000e-06	4.846978888978e-15	-5.038746545395e-15	-3.791204993209e-15
-5.456000000000e-06	-2.522841019556e-15	2.582347652168e-15	2.029845982202e-15
-5.455800000000e-06	-7.221189635703e-15	7.466849939831e-15	5.699349949449e-15
-5.455600000000e-06	1.224718086153e-16	-2.039812143269e-16	5.619034234592e-18
-5.455400000000e-06	-2.974343745646e-15	4.717405813125e-15	1.610086742418e-16
-5.455200000000e-06	-2.355527927501e-15	5.703516788568e-15	-2.584910696820e-15
-5.455000000000e-06	-3.401707667078e-15	5.245174912435e-15	4.032281631777e-16
-5.454800000000e-06	7.882631850639e-16	-1.056980335318e-16	-1.561522976304e-15
-5.454600000000e-06	-1.322839817307e-14	2.336267001864e-14	-2.441257631029e-15
-5.454400000000e-06	-5.476829662363e-14	7.439999828706e-14	1.922610309711e-14
-5.454200000000e-06	7.934616963728e-15	4.379245486256e-15	-2.293599536239e-14
-5.454000000000e-06	2.127228057483e-13	-1.680185419675e-13	-2.347028856947e-13
-5.453800000000e-06	-1.366180825041e-13	4.461484056933e-13	-3.011357059014e-13
-5.453600000000e-06	-4.521467199648e-14	8.193979614363e-14	-1.086306309227e-14
-5.453400000000e-06	-6.306439282256e-14	-1.025321143766e-13	2.727856586837e-13
-5.453200000000e-06	-1.889810938808e-13	3.205636653278e-13	-1.990092961210e-14
-5.453000000000e-06	-5.944607786802e-14	7.975067404050e-14	2.157846430649e-14
-5.452800000000e-06	-6.522364847069e-14	4.844789250453e-14	7.685016428749e-14
-5.452600000000e-06	-3.666864518996e-13	1.037564133264e-12	-5.943280337426e-13
-5.452400000000e-06	4.757718482962e-14	-2.054762408526e-13	1.715223038058e-13
-5.452200000000e-06	3.222785691108e-14	-1.968356053087e-14	-4.303846570814e-14
-5.452000000000e-06	-2.221605927797e-13	1.264959056753e-13	3.085197633030e-13
-5.451800000000e-06	1.575123467503e-13	-2.214463996879e-13	-4.194941380951e-14
-5.451600000000e-06	-4.692353234836e-14	2.330797801198e-13	-2.100934461697e-13
-5.451400000000e-06	-6.727791097046e-15	-3.336310305547e-13	4.578762015086e-13
-5.451200000000e-06	-4.385270129783e-13	5.883238635103e-13	1.624167624639e-13
-5.451000000000e-06	-2.812823192736e-14	-5.616111820740e-14	1.364272718255e-13
-5.450800000000e-06	1.704342638746e-13	1.525200807819e-12	-2.365923030259e-12
-5.450600000000e-06	-1.525888537308e-12	6.342856877974e-13	2.405485471496e-12
-5.450400000000e-06	1.086437933387e-13	-6.911360277983e-13	6.768121474263e-13
-5.450200000000e-06	-4.290239190552e-13	5.790558346887e-13	1.485399212039e-13
-5.450000000000e-06	1.190550621954e-12	7.862016623212e-14	-2.623345579483e-12
-5.449800000000e-06	-2.336748038861e-13	1.343439086222e-13	3.151567288130e-13
-5.449600000000e-06	-3.848220356555e-13	-3.436923892221e-14	8.635115174510e-13
-5.449400000000e-06	4.412623741858e-13	-5.934626844564e-13	-1.630542429406e-13
-5.449200000000e-06	2.049166349741e-13	-3.873557520573e-13	7.059017240134e-14
-5.449000000000e-06	1.537655927510e-13	1.678978895921e-13	-5.631319826306e-13
-5.448800000000e-06	-6.380644196524e-13	1.250247911808e-12	-2.885653088829e-13
-5.448600000000e-06	-1.541109280466e-12	1.838261298993e-12	8.704682468579e-13
-5.448400000000e-06	-1.473385145612e-12	3.697396011655e-12	-1.750929699646e-12
-5.448200000000e-06	-3.313091479171e-13	3.454072405717e-13	2.510876120287e-13
-5.448000000000e-06	-2.102746517672e-13	1.635884687426e-12	-1.728043607157e-12
-5.447800000000e-06	-2.063548352742e-12	2.396708590071e-12	1.231632752420e-12
-5.447600000000e-06	9.529136963576e-13	5.115144266439e-13	-2.718976150230e-12
-5.447400000000e-06	-2.729604906765e-12	3.574045024338e-12	1.110800638940e-12
-5.447200000000e-06	2.602984903341e-12	-6.131129763510e-13	-4.775964040452e-12
-5.447000000000e-06	-3.912307625208e-12	4.420232331142e-12	2.500377031421e-12
-5.446800000000e-06	-2.344781043166e-12	4.183212303300e-12	-5.791245634136e-13
-5.446600000000e-06	4.491593258449e-13	1.531453660266e-12	-2.976150575744e-12
-5.446400000000e-06	-4.313842563411e-14	8.850509515500e-13	-1.082874198145e-12
-5.446200000000e-06	-1.659405606004e-12	4.747224045231e-12	-2.748462898746e-12
-5.446000000000e-06	-5.923063764800e-13	4.897166129587e-13	6.068276115741e-13
-5.445800000000e-06	-8.387102085095e-12	1.724704544346e-11	-4.995952589486e-12
-5.445600000000e-06	-8.656705215432e-13	5.992656899916e-12	-6.079787348709e-12
-5.445400000000e-06	9.923186774595e-13	2.627414926806e-12	-5.564382423342e-12
-5.445200000000e-06	-2.974581055426e-12	2.375232436218e-12	3.162850928057e-12
-5.445000000000e-06	-4.490423913760e-12	8.785465323487e-12	-2.055368910231e-12
-5.444800000000e-06	1.498471673602e-12	-1.337281370212e-12	-1.380993449418e-12
-5.444600000000e-06	-6.535833238831e-12	1.327434592068e-11	-3.750520012343e-12
-5.444400000000e-06	-7.544308662052e-12	9.860183529151e-12	2.995204477313e-12
-5.444200000000e-06	6.136710939589e-12	5.043812326283e-13	-1.377939093314e-11
-5.444000000000e-06	-1.243225169281e-11	2.147675933905e-11	-2.007019974800e-12
-5.443800000000e-06	-3.107694470644e-12	8.884960603532e-12	-5.140380626577e-12
-5.443600000000e-06	1.669676261165e-12	6.965753480742e-12	-1.280421793416e-11
-5.443400000000e-06	-1.628476967894e-11	2.531030473633e-11	9.743222425460e-13
-5.443200000000e-06	-2.249442858689e-12	9.728199464766e-12	-8.030557031620e-12
-5.443000000000e-06	1.059279434197e-12	6.399988690764e-12	-1.064563982830e-11
-5.442800000000e-06	-1.184406838246e-11	2.308504023643e-11	-5.456611257460e-12
-5.442600000000e-06	-1.546779948472e-11	2.464064521780e-11	1.943307565407e-13
-5.442400000000e-06	-7.561745061527e-12	1.501267796816e-11	-3.889614239664e-12
-5.442200000000e-06	-1.292938416561e-11	2.675831245594e-11	-7.996221134524e-12
-5.442000000000e-06	-4.933567263103e-12	1.229295155331e-11	-5.781024736415e-12
-5.441800000000e-06	-7.177690318012e-12	2.475168803022e-11	-1.773765078633e-11
-5.441600000000e-06	-9.625739176976e-12	1.693112005299e-11	-1.995301962805e-12
-5.441400000000e-06	-2.218855102773e-11	3.517754968281e-11	4.439470124752e-13
-5.441200000000e-06	-1.249466793447e-11	3.050816565594e-11	-1.392356189001e-11
-5.441000000000e-06	-1.185712510124e-11	2.460396753872e-11	-7.450982762890e-12
-5.440800000000e-06	-1.986178663266e-12	2.034455276717e-11	-2.266429062241e-11
-5.440600000000e-06	-1.481867482015e-11	3.098145581618e-11	-9.715862237652e-12
-5.440400000000e-06	-2.132186526255e-11	3.601894920933e-11	-2.587043806581e-12
-5.440200000000e-06	-8.684917072793e-12	3.095143459202e-11	-2.261883594329e-11
-5.440000000000e-06	-1.881895584808e-11	3.728197558741e-11	-9.350362042783e-12
-5.439800000000e-06	-1.406236360539e-11	4.387290613562e-11	-2.850676472760e-11
-5.439600000000e-06	-1.882670858382e-11	5.787640067261e-11	-3.687014139558e-11
-5.439400000000e-06	-3.979106379493e-11	9.322406956794e-11	-3.928622724972e-11
-5.439200000000e-06	-7.450165410981e-12	4.813771152177e-11	-4.791413934230e-11
-5.439000000000e-06	-5.478627686511e-11	9.241032908747e-11	-6.602051301667e-12
-5.438800000000e-06	-4.164995552947e-11	9.188321659451e-11	-3.363385562883e-11
-5.438600000000e-06	-3.137711054392e-11	2.920827922069e-11	2.773255264887e-11
-5.438400000000e-06	-5.243761253382e-11	1.124011279532e-10	-3.824003997123e-11
-5.438200000000e-06	-1.116557719548e-11	7.695458819468e-11	-7.847161748451e-11
-5.438000000000e-06	-6.477478246406e-11	1.094336309410e-10	-8.006788570673e-12
-5.437800000000e-06	-4.452474548893e-11	9.568649913279e-11	-3.272479552962e-11
-5.437600000000e-06	-5.634844851459e-11	1.179089617560e-10	-3.726679804877e-11
-5.437400000000e-06	-4.566540160001e-11	1.194620545132e-10	-6.185925870281e-11
-5.437200000000e-06	-6.020587384613e-11	1.149209951250e-10	-2.488806354054e-11
-5.437000000000e-06	-4.841327438529e-11	9.681031462488e-11	-2.630528291376e-11
-5.436800000000e-06	-6.030740577160e-11	1.246002852472e-10	-3.742551681283e-11
-5.436600000000e-06	-6.374104554850e-11	1.310742094623e-10	-3.908329034827e-11
-5.436400000000e-06	-5.360748306166e-11	1.433839498022e-10	-7.693787535783e-11
-5.436200000000e-06	-8.823912884179e-11	1.747394742776e-10	-4.558145688560e-11
-5.436000000000e-06	-8.686832455917e-11	1.868529958220e-10	-6.440671630346e-11
-5.435800000000e-06	-5.931002258057e-11	1.669887614211e-10	-9.624827870713e-11
-5.435600000000e-06	-8.136557208713e-11	1.884545612337e-10	-7.866179855083e-11
-5.435400000000e-06	-7.161208912607e-11	2.044095770485e-10	-1.200561575220e-10
-5.435200000000e-06	-7.964571327415e-11	2.127566682176e-10	-1.138587165948e-10
-5.435000000000e-06	-1.332568893670e-10	2.251351748647e-10	-1.763387917619e-11
-5.434800000000e-06	-1.270298781839e-10	2.609326723822e-10	-7.817773259967e-11
-5.434600000000e-06	-1.162124339140e-10	2.536225923911e-10	-9.136219946767e-11
-5.434400000000e-06	-4.266593226715e-11	1.938948420252e-10	-1.671794710433e-10
-5.434200000000e-06	-1.397209107629e-10	2.919145726701e-10	-9.314940568958e-11
-5.434000000000e-06	-1.395692743566e-10	3.183396734747e-10	-1.278789424250e-10
-5.433800000000e-06	-1.812437234715e-10	3.333990661618e-10	-6.018704168435e-11
-5.433600000000e-06	-1.790523750246e-10	3.210627998703e-10	-4.883068032853e-11
-5.433400000000e-06	-1.571715626758e-10	3.558573795187e-10	-1.408138714666e-10
-5.433200000000e-06	-1.745339025246e-10	3.312452398722e-10	-7.160190683601e-11
-5.433000000000e-06	-1.600961161185e-10	3.366224264164e-10	-1.098096667335e-10
-5.432800000000e-06	-1.491695670534e-10	3.248480857691e-10	-1.172793592933e-10
-5.432600000000e-06	-2.011089107065e-10	4.072913455873e-10	-1.171201293016e-10
-5.432400000000e-06	-1.567652753433e-10	3.579110749953e-10	-1.450809933720e-10
-5.432200000000e-06	-1.192432210436e-10	3.255228807680e-10	-1.809125466638e-10
-5.432000000000e-06	-2.168068020559e-10	5.176574461071e-10	-2.306290601508e-10
-5.431800000000e-06	-2.346923461712e-10	5.254956841528e-10	-2.038486227631e-10
-5.431600000000e-06	-2.500710033343e-10	5.423474496148e-10	-1.938064066113e-10
-5.431400000000e-06	-2.386218189639e-10	4.754176670753e-10	-1.293464097936e-10
-5.431200000000e-06	-3.302944492885e-10	6.108210539316e-10	-1.175071629383e-10
-5.431000000000e-06	-1.919968671602e-10	4.585532761612e-10	-2.049944435935e-10
-5.430800000000e-06	-2.069053710859e-10	5.254517033493e-10	-2.622377579935e-10
-5.430600000000e-06	-3.139524677507e-10	5.920193962714e-10	-1.268886685488e-10
-5.430400000000e-06	-2.882503885111e-10	7.059148448066e-10	-3.319835773915e-10
-5.430200000000e-06	-3.116503103570e-10	6.484320945967e-10	-2.065202964119e-10
-5.430000000000e-06	-3.268546295883e-10	6.974387361309e-10	-2.394080440353e-10
-5.429800000000e-06	-3.182986319615e-10	7.437661049489e-10	-3.189324607485e-10
-5.429600000000e-06	-4.965724647104e-10	8.837961669679e-10	-1.309341107008e-10
-5.429400000000e-06	-3.590081149843e-10	7.760897810824e-10	-2.762066915717e-10
-5.429200000000e-06	-4.285947066941e-10	8.354577272246e-10	-2.097428096516e-10
-5.429000000000e-06	-4.153509869686e-10	9.272382774269e-10	-3.592196248622e-10
-5.428800000000e-06	-4.096425165625e-10	8.694329892078e-10	-2.949473997109e-10
-5.428600000000e-06	-4.901409384643e-10	9.780519591088e-10	-2.707669538686e-10
-5.428400000000e-06	-4.443870198036e-10	9.667106749115e-10	-3.507752422737e-10
-5.428200000000e-06	-5.409217684097e-10	1.007812941275e-09	-2.048080542252e-10
-5.428000000000e-06	-6.032979627923e-10	1.187506732412e-09	-3.136571738198e-10
-5.427800000000e-06	-4.208831178724e-10	1.065625441583e-09	-5.331318641614e-10
-5.427600000000e-06	-4.957763111310e-10	1.064050326457e-09	-3.752255888573e-10
-5.427400000000e-06	-6.164251063698e-10	1.260946502875e-09	-3.825379778689e-10
-5.427200000000e-06	-5.497658032422e-10	1.156476137175e-09	-3.842868505094e-10
-5.427000000000e-06	-6.588532087838e-10	1.255747051070e-09	-2.901723295010e-10
-5.426800000000e-06	-6.241061574225e-10	1.323071172320e-09	-4.505932408954e-10
-5.426600000000e-06	-5.873458445546e-10	1.253920398650e-09	-4.370088535693e-10
-5.426400000000e-06	-6.414687697699e-10	1.399512137075e-09	-5.173773245178e-10
-5.426200000000e-06	-8.113800803946e-10	1.644179037779e-09	-4.878888568443e-10
-5.426000000000e-06	-7.025804265209e-10	1.419034816578e-09	-4.146236974946e-10
-5.425800000000e-06	-8.430434257252e-10	1.680140673922e-09	-4.692780001287e-10
-5.425600000000e-06	-7.109314879544e-10	1.466338981787e-09	-4.597564541216e-10
-5.425400000000e-06	-8.700256607094e-10	1.748428707236e-09	-5.041522604908e-10
-5.425200000000e-06	-7.888951144432e-10	1.647104804104e-09	-5.385717588095e-10
-5.425000000000e-06	-9.805087300900e-10	1.962707484734e-09	-5.600490836040e-10
-5.424800000000e-06	-7.902348117698e-10	1.701522784564e-09	-6.106094357895e-10
-5.424600000000e-06	-9.563109846332e-10	1.888101283067e-09	-5.110284417195e-10
-5.424400000000e-06	-9.138908091720e-10	1.879860295128e-09	-5.881700567854e-10
-5.424200000000e-06	-8.785253384535e-10	1.917279026739e-09	-7.122158714416e-10
-5.424000000000e-06	-1.079240116827e-09	2.139426802331e-09	-5.895867345975e-10
-5.423800000000e-06	-1.069815129674e-09	2.095743809269e-09	-5.515806625307e-10
-5.423600000000e-06	-9.905633063925e-10	2.156152848444e-09	-7.944330848484e-10
-5.423400000000e-06	-1.114022942625e-09	2.276249604295e-09	-7.012970014974e-10
-5.423200000000e-06	-1.097361361067e-09	2.094680040400e-09	-4.955629772597e-10
-5.423000000000e-06	-1.063715321728e-09	2.154933950546e-09	-6.473234878357e-10
-5.422800000000e-06	-1.216246946217e-09	2.529858381925e-09	-8.252778095150e-10
-5.422600000000e-06	-1.273220480130e-09	2.651569861231e-09	-8.704622520552e-10
-5.422400000000e-06	-1.302749611226e-09	2.395748588441e-09	-4.693873067895e-10
-5.422200000000e-06	-9.743802604982e-10	2.259098568817e-09	-9.715319598156e-10
-5.422000000000e-06	-1.500732702623e-09	2.802800157940e-09	-5.988578825813e-10
-5.421800000000e-06	-1.279568816129e-09	2.637367086237e-09	-8.387837148579e-10
-5.421600000000e-06	-1.330487504562e-09	2.857960053723e-09	-1.027619397105e-09
-5.421400000000e-06	-1.639711163265e-09	3.101255707091e-09	-7.070229390574e-10
-5.421200000000e-06	-1.146885960428e-09	2.468401439740e-09	-8.941560355550e-10
-5.421000000000e-06	-1.731414514368e-09	3.152376880628e-09	-5.876683820655e-10
-5.420800000000e-06	-1.714126768967e-09	3.344701936248e-09	-8.768130081392e-10
-5.420600000000e-06	-1.506606946829e-09	2.924557503242e-09	-7.556792504164e-10
-5.420400000000e-06	-1.492378884984e-09	3.217877508300e-09	-1.172436533062e-09
-5.420200000000e-06	-1.859301573741e-09	3.608898060444e-09	-9.313854460891e-10
-5.420000000000e-06	-1.569011584174e-09	3.373955058061e-09	-1.223066899926e-09
-5.419800000000e-06	-1.763998799697e-09	3.400322894838e-09	-8.522236242269e-10
-5.419600000000e-06	-1.727849564096e-09	3.303288707089e-09	-8.017482992099e-10
-5.419400000000e-06	-1.688038512601e-09	3.324544145568e-09	-9.118155982342e-10
-5.419200000000e-06	-1.858993375748e-09	3.740390533904e-09	-1.108344287075e-09
-5.419000000000e-06	-2.008318565928e-09	3.809091751959e-09	-8.910521544573e-10
-5.418800000000e-06	-2.026168770769e-09	4.047289860862e-09	-1.178129654648e-09
-5.418600000000e-06	-2.122639965856e-09	4.059116668115e-09	-9.874063307375e-10
-5.418400000000e-06	-1.842745999563e-09	3.758178343835e-09	-1.171792882262e-09
-5.418200000000e-06	-2.185012611752e-09	4.213640522973e-09	-1.068294851862e-09
-5.418000000000e-06	-2.254995666476e-09	4.180252319147e-09	-8.813858408244e-10
-5.417800000000e-06	-2.112471273116e-09	4.389715606476e-09	-1.452558260436e-09
-5.417600000000e-06	-2.376609717473e-09	4.631160283615e-09	-1.226380281285e-09
-5.417400000000e-06	-2.171374604571e-09	4.262645862067e-09	-1.163926477258e-09
-5.417200000000e-06	-2.576955595476e-09	4.781715429886e-09	-1.017909556518e-09
-5.417000000000e-06	-1.919758971878e-09	4.243235651717e-09	-1.663021046162e-09
-5.416800000000e-06	-2.502203129171e-09	4.706701133698e-09	-1.070970198948e-09
-5.416600000000e-06	-2.554599598175e-09	4.968677599410e-09	-1.311476782606e-09
-5.416400000000e-06	-2.471756409159e-09	4.679000542274e-09	-1.100248795882e-09
-5.416200000000e-06	-2.534230487745e-09	5.013929126904e-09	-1.420381512637e-09
-5.416000000000e-06	-2.539224298679e-09	5.005753857583e-09	-1.398146676959e-09
-5.415800000000e-06	-2.965042165637e-09	5.098773117970e-09	-6.447955508008e-10
-5.415600000000e-06	-2.680374315253e-09	4.988754998353e-09	-1.089906650560e-09
-5.415400000000e-06	-2.997582540540e-09	5.502499517669e-09	-1.112142674866e-09
-5.415200000000e-06	-2.433981926590e-09	4.544781421320e-09	-1.011754559784e-09
-5.415000000000e-06	-3.088900682277e-09	5.713963303185e-09	-1.207348244990e-09
-5.414800000000e-06	-2.566240355243e-09	5.143214487287e-09	-1.530030006957e-09
-5.414600000000e-06	-2.528772533219e-09	4.796969686668e-09	-1.146807705691e-09
-5.414400000000e-06	-2.630584444217e-09	5.456540222479e-09	-1.816805973159e-09
-5.414200000000e-06	-2.725394779667e-09	5.466179339026e-09	-1.631664479895e-09
-5.414000000000e-06	-3.061250632341e-09	5.542993944836e-09	-1.044257649352e-09
-5.413800000000e-06	-2.918499211550e-09	5.373762528570e-09	-1.114811629742e-09
-5.413600000000e-06	-2.543120196805e-09	5.048982253917e-09	-1.458472923952e-09
-5.413400000000e-06	-3.179030578986e-09	5.898749671166e-09	-1.278824369586e-09
-5.413200000000e-06	-2.880480847694e-09	5.515440936038e-09	-1.389301144772e-09
-5.413000000000e-06	-3.263094494767e-09	6.022775670896e-09	-1.272091521005e-09
-5.412800000000e-06	-2.936398647480e-09	5.715515197905e-09	-1.536916483301e-09
-5.412600000000e-06	-3.186166222199e-09	6.249993086536e-09	-1.730619272721e-09
-5.412400000000e-06	-2.979256769232e-09	5.930739410380e-09	-1.736907839520e-09
-5.412200000000e-06	-3.419161512721e-09	6.312596286498e-09	-1.345073601347e-09
-5.412000000000e-06	-3.484477888835e-09	6.558372416022e-09	-1.533541095838e-09
-5.411800000000e-06	-3.311259491675e-09	6.406374701567e-09	-1.692179757400e-09
-5.411600000000e-06	-3.208756474039e-09	6.234321608638e-09	-1.667431464567e-09
-5.411400000000e-06	-3.680763480938e-09	6.668150382873e-09	-1.282054280075e-09
-5.411200000000e-06	-3.776308348922e-09	7.124339216052e-09	-1.689929238288e-09
-5.411000000000e-06	-3.428173770429e-09	6.455062712800e-09	-1.518449922203e-09
-5.410800000000e-06	-3.359632954096e-09	6.607250445425e-09	-1.868150700824e-09
-5.410600000000e-06	-3.809606896938e-09	7.050116821768e-09	-1.527648558464e-09
-5.410400000000e-06	-3.697210189859e-09	7.160577939401e-09	-1.908960305596e-09
-5.410200000000e-06	-3.741143065434e-09	7.018162355884e-09	-1.628877258569e-09
-5.410000000000e-06	-3.725626065259e-09	7.322566717379e-09	-2.066661960821e-09
-5.409800000000e-06	-3.482941975882e-09	7.013273160451e-09	-2.160802713726e-09
-5.409600000000e-06	-3.814296603135e-09	7.256692142641e-09	-1.803248955109e-09
-5.409400000000e-06	-4.085676382858e-09	7.364311900378e-09	-1.390048751955e-09
-5.409200000000e-06	-3.763422325498e-09	7.356265146216e-09	-2.043081426848e-09
-5.409000000000e-06	-3.892895544714e-09	7.612106010790e-09	-2.119881082176e-09
-5.408800000000e-06	-4.131282741516e-09	7.665731007606e-09	-1.700473401089e-09
-5.408600000000e-06	-4.224373777797e-09	7.660762730326e-09	-1.502111035967e-09
-5.408400000000e-06	-4.340841289788e-09	7.852787673893e-09	-1.521913855019e-09
-5.408200000000e-06	-4.441523564910e-09	7.854332523457e-09	-1.318659276630e-09
-5.408000000000e-06	-3.944404378550e-09	7.897664684647e-09	-2.400381711117e-09
-5.407800000000e-06	-4.314555188043e-09	8.122652510715e-09	-1.941309516785e-09
-5.407600000000e-06	-4.138653095877e-09	7.891046349273e-09	-1.999504516248e-09
-5.407400000000e-06	-3.968131077972e-09	7.659906268738e-09	-2.037914720634e-09
-5.407200000000e-06	-4.902545780845e-09	8.526922394925e-09	-1.276611946500e-09
-5.407000000000e-06	-4.128963108804e-09	8.096608927582e-09	-2.300124304174e-09
-5.406800000000e-06	-4.720829591141e-09	8.608295687556e-09	-1.762445569172e-09
-5.406600000000e-06	-4.555630388407e-09	8.634688138293e-09	-2.137340832900e-09
-5.406400000000e-06	-4.317482573808e-09	8.452612032975e-09	-2.383148459918e-09
-5.406200000000e-06	-4.622105747364e-09	8.696490434407e-09	-2.093840516291e-09
-5.406000000000e-06	-5.332599555276e-09	8.798985853176e-09	-7.689133394224e-10
-5.405800000000e-06	-4.151702384685e-09	8.172125477766e-09	-2.355310170892e-09
-5.405600000000e-06	-4.841435150604e-09	9.172081972649e-09	-2.281130473541e-09
-5.405400000000e-06	-4.468329559438e-09	8.695556314275e-09	-2.411081358506e-09
-5.405200000000e-06	-5.046597929296e-09	8.893974717597e-09	-1.494176899856e-09
-5.405000000000e-06	-4.737579724324e-09	8.978455199203e-09	-2.240220524602e-09
-5.404800000000e-06	-4.749484077263e-09	9.077520737876e-09	-2.348070915263e-09
-5.404600000000e-06	-5.105576418235e-09	9.430073396836e-09	-2.097178288917e-09
-5.404400000000e-06	-5.724872940348e-09	9.973101825096e-09	-1.550383691710e-09
-5.404200000000e-06	-5.316272632873e-09	9.618755970041e-09	-1.911074052155e-09
-5.404000000000e-06	-4.802950965052e-09	8.873541816302e-09	-1.982981601600e-09
-5.403800000000e-06	-5.205184638526e-09	9.944177652696e-09	-2.579331844565e-09
-5.403600000000e-06	-5.053609534230e-09	9.082567580924e-09	-1.753121105261e-09
-5.403400000000e-06	-5.697812761820e-09	1.016480752080e-08	-1.871866535297e-09
-5.403200000000e-06	-5.021649752256e-09	9.747995042943e-09	-2.705026680720e-09
-5.403000000000e-06	-5.363074576197e-09	9.836729833189e-09	-2.125290717687e-09
-5.402800000000e-06	-5.130009460741e-09	9.338834774516e-09	-1.945377771898e-09
-5.402600000000e-06	-5.184060421760e-09	9.883770473288e-09	-2.556813162409e-09
-5.402400000000e-06	-5.735501651218e-09	1.017029949489e-08	-1.813996862166e-09
-5.402200000000e-06	-5.594510643714e-09	9.934448010842e-09	-1.795715888661e-09
-5.402000000000e-06	-4.811140315325e-09	9.333542165979e-09	-2.596453663866e-09
-5.401800000000e-06	-5.778164986254e-09	1.024070731178e-08	-1.824810013460e-09
-5.401600000000e-06	-5.695616698085e-09	1.022112647716e-08	-1.976012662753e-09
-5.401400000000e-06	-5.335253928744e-09	9.634495374072e-09	-1.938939688793e-09
-5.401200000000e-06	-6.124640701533e-09	1.116534308053e-08	-2.358415288396e-09
-5.401000000000e-06	-5.876200159328e-09	1.062017350865e-08	-2.148562144617e-09
-5.400800000000e-06	-5.665524397500e-09	1.032327222572e-08	-2.185120972193e-09
-5.400600000000e-06	-5.737852178180e-09	1.023864724912e-08	-1.921923034397e-09
-5.400400000000e-06	-6.191603824392e-09	1.073814226758e-08	-1.668776752274e-09
-5.400200000000e-06	-6.314944681701e-09	1.096055904715e-08	-1.713731014086e-09
-5.400000000000e-06	-5.322338928918e-09	9.437590053776e-09	-1.712973290302e-09
-5.399800000000e-06	-6.535359238946e-09	1.147024179476e-08	-1.947664481701e-09
-5.399600000000e-06	-4.949374654377e-09	9.826802079943e-09	-2.995495367469e-09
-5.399400000000e-06	-5.702279020649e-09	1.048521793824e-08	-2.345377935422e-09
-5.399200000000e-06	-5.353592092118e-09	9.886464513552e-09	-2.255264738115e-09
-5.399000000000e-06	-5.947513418613e-09	1.067910044184e-08	-2.113539968694e-09
-5.398800000000e-06	-5.787860628032e-09	1.082712560175e-08	-2.634315786735e-09
-5.398600000000e-06	-6.222469784495e-09	1.107112965434e-08	-2.072698504120e-09
-5.398400000000e-06	-6.764771882024e-09	1.165305813521e-08	-1.746043637481e-09
-5.398200000000e-06	-6.099124520211e-09	1.064241789851e-08	-1.756635226592e-09
-5.398000000000e-06	-6.211589369731e-09	1.085215024713e-08	-1.817356213759e-09
-5.397800000000e-06	-5.750331193628e-09	1.034840127714e-08	-2.090266568757e-09
-5.397600000000e-06	-6.191701270577e-09	1.069399936940e-08	-1.661525502741e-09
-5.397400000000e-06	-6.072137827036e-09	1.093206710299e-08	-2.209191170304e-09
-5.397200000000e-06	-6.689483990051e-09	1.157503875531e-08	-1.812752028698e-09
-5.397000000000e-06	-5.347526818291e-09	1.052525003038e-08	-3.147500152910e-09
-5.396800000000e-06	-6.285594164445e-09	1.043038976643e-08	-1.122828907843e-09
-5.396600000000e-06	-5.794748734642e-09	1.083254442655e-08	-2.653222795508e-09
-5.396400000000e-06	-6.812342120046e-09	1.171077331859e-08	-1.768604986161e-09
-5.396200000000e-06	-5.972842167566e-09	1.082247091310e-08	-2.291676348346e-09
-5.396000000000e-06	-6.103103451001e-09	1.111447797809e-08	-2.415591992210e-09
-5.395800000000e-06	-5.963365086176e-09	1.041421982890e-08	-1.768714053169e-09
-5.395600000000e-06	-5.970208402311e-09	1.090995932453e-08	-2.421533647960e-09
-5.395400000000e-06	-6.150929736642e-09	1.111130075963e-08	-2.326448693772e-09
-5.395200000000e-06	-6.102922095360e-09	1.053732136938e-08	-1.662493308904e-09
-5.395000000000e-06	-6.047435444615e-09	1.087332454142e-08	-2.229309105896e-09
-5.394800000000e-06	-5.570541446432e-09	1.030028815918e-08	-2.425220551506e-09
-5.394600000000e-06	-7.228295153396e-09	1.162045484619e-08	-8.374731366618e-10
-5.394400000000e-06	-5.418845001738e-09	1.050134677961e-08	-3.010647061997e-09
-5.394200000000e-06	-6.900596696991e-09	1.130944746769e-08	-1.082526486965e-09
-5.394000000000e-06	-5.606098865492e-09	1.050357194701e-08	-2.642425865696e-09
-5.393800000000e-06	-6.346755033927e-09	1.109263909682e-08	-1.935598435557e-09
-5.393600000000e-06	-6.689505910288e-09	1.137497654818e-08	-1.610522713941e-09
-5.393400000000e-06	-6.683291809001e-09	1.142302500114e-08	-1.694782639846e-09
-5.393200000000e-06	-5.605740077241e-09	1.092294567874e-08	-3.202742026864e-09
-5.393000000000e-06	-6.093474739154e-09	1.117102209502e-08	-2.557267524694e-09
-5.392800000000e-06	-6.401512216425e-09	1.101870875037e-08	-1.745580727712e-09
-5.392600000000e-06	-5.897458776782e-09	1.044699425736e-08	-1.996575069604e-09
-5.392400000000e-06	-6.654477818541e-09	1.125220583701e-08	-1.534825647171e-09
-5.392200000000e-06	-6.761060063837e-09	1.158784681091e-08	-1.774924947277e-09
-5.392000000000e-06	-6.135843983904e-09	1.080183306577e-08	-2.001418743725e-09
-5.391800000000e-06	-6.777210971787e-09	1.195176097790e-08	-2.245250409783e-09
-5.391600000000e-06	-6.887793404564e-09	1.127337379236e-08	-1.101367043984e-09
-5.391400000000e-06	-6.019216639139e-09	1.103959255259e-08	-2.558742736195e-09
-5.391200000000e-06	-6.590228116362e-09	1.165654630860e-08	-2.223165462305e-09
-5.391000000000e-06	-5.634624510529e-09	1.044053469455e-08	-2.539605243154e-09
-5.390800000000e-06	-5.802384205811e-09	1.019541778512e-08	-1.885164371227e-09
-5.390600000000e-06	-6.200373225995e-09	1.082732900771e-08	-1.924246589330e-09
-5.390400000000e-06	-6.779028015811e-09	1.149410741613e-08	-1.651695800710e-09
-5.390200000000e-06	-6.455536561287e-09	1.100755409426e-08	-1.652457809560e-09
-5.390000000000e-06	-6.896214313574e-09	1.120022785905e-08	-1.028476460180e-09
-5.389800000000e-06	-6.225658817618e-09	1.131904165144e-08	-2.530783923371e-09
-5.389600000000e-06	-5.678386669369e-09	1.008183769280e-08	-1.994835750449e-09
-5.389400000000e-06	-6.692398823802e-09	1.127633697036e-08	-1.548493207176e-09
-5.389200000000e-06	-5.687020015048e-09	1.010137108384e-08	-2.012712648771e-09
-5.389000000000e-06	-6.718567106112e-09	1.162933902261e-08	-1.967479851656e-09
-5.388800000000e-06	-5.389307037435e-09	1.029824522760e-08	-2.880256088224e-09
-5.388600000000e-06	-5.983140227235e-09	1.047486534146e-08	-1.930276882319e-09
-5.388400000000e-06	-6.398547010455e-09	1.120600422758e-08	-2.063564002600e-09
-5.388200000000e-06	-6.333482324754e-09	1.088031175330e-08	-1.766905227560e-09
-5.388000000000e-06	-5.895658477640e-09	1.019434057463e-08	-1.736213727917e-09
-5.387800000000e-06	-5.988095927650e-09	1.033807267937e-08	-1.745996296146e-09
-5.387600000000e-06	-6.478359168403e-09	1.127240313422e-08	-1.993081387846e-09
-5.387400000000e-06	-5.651609812762e-09	9.767066604422e-09	-1.669646686053e-09
-5.387200000000e-06	-6.132317704138e-09	1.052768579665e-08	-1.716345972813e-09
-5.387000000000e-06	-6.036067269351e-09	1.107645332351e-08	-2.644704080144e-09
-5.386800000000e-06	-6.895826607962e-09	1.117908322713e-08	-1.049604448836e-09
-5.386600000000e-06	-5.168329365231e-09	9.752502050998e-09	-2.643081936566e-09
-5.386400000000e-06	-6.518529844356e-09	1.019926138222e-08	-5.087278338723e-10
-5.386200000000e-06	-6.467811402074e-09	1.109337321464e-08	-1.806230737845e-09
-5.386000000000e-06	-6.035157956089e-09	1.028784171237e-08	-1.608429116919e-09
-5.385800000000e-06	-5.886926672542e-09	9.898015758307e-09	-1.397287334698e-09
-5.385600000000e-06	-6.127867322702e-09	1.062048051501e-08	-1.870620249729e-09
-5.385400000000e-06	-6.034983049203e-09	1.016027092403e-08	-1.457871655355e-09
-5.385200000000e-06	-6.121887759398e-09	1.071116332884e-08	-1.997054216683e-09
-5.385000000000e-06	-5.128703912989e-09	9.219404669182e-09	-2.033080363834e-09
-5.384800000000e-06	-6.704135001200e-09	1.067269265356e-08	-7.955221533340e-10
-5.384600000000e-06	-6.554575133649e-09	1.101788683823e-08	-1.562625244150e-09
-5.384400000000e-06	-5.679026261350e-09	9.157525117280e-09	-8.447725713718e-10
-5.384200000000e-06	-6.189119060199e-09	1.047819930593e-08	-1.587386904706e-09
-5.384000000000e-06	-4.906497053358e-09	8.755757136058e-09	-1.879639178166e-09
-5.383800000000e-06	-5.897131641075e-09	1.023102355682e-08	-1.836066590551e-09
-5.383600000000e-06	-5.614855610112e-09	9.728251354297e-09	-1.750637909957e-09
-5.383400000000e-06	-5.091233792334e-09	9.618231000247e-09	-2.644201560265e-09
-5.383200000000e-06	-6.209215546961e-09	9.884884163121e-09	-7.802546054643e-10
-5.383000000000e-06	-6.069081736993e-09	1.012013426042e-08	-1.360245989206e-09
-5.382800000000e-06	-6.143168522861e-09	1.033636823248e-08	-1.505511986977e-09
-5.382600000000e-06	-5.641093819180e-09	9.691487666330e-09	-1.651650324282e-09
-5.382400000000e-06	-5.296863565304e-09	9.260747701583e-09	-1.789015203002e-09
-5.382200000000e-06	-5.015745177019e-09	9.263902529753e-09	-2.338283880501e-09
-5.382000000000e-06	-5.302445860276e-09	8.834239840421e-09	-1.214264239061e-09
-5.381800000000e-06	-5.521577336226e-09	9.228811020486e-09	-1.292551733206e-09
-5.381600000000e-06	-5.921872265584e-09	9.635070318201e-09	-1.039767208799e-09
-5.381400000000e-06	-4.950877874750e-09	8.783405422967e-09	-1.855005187043e-09
-5.381200000000e-06	-6.076877259349e-09	9.689256420990e-09	-7.995338625457e-10
-5.381000000000e-06	-5.579421372532e-09	9.248438694438e-09	-1.212253855258e-09
-5.380800000000e-06	-4.464135393242e-09	8.242549691687e-09	-2.119767402561e-09
-5.380600000000e-06	-5.587011726820e-09	9.305165569146e-09	-1.281216413623e-09
-5.380400000000e-06	-4.810517333713e-09	9.030034068064e-09	-2.465510665770e-09
-5.380200000000e-06	-5.407514951469e-09	8.935265987592e-09	-1.162589983257e-09
-5.380000000000e-06	-5.847385813127e-09	9.130290806802e-09	-5.497894508693e-10
-5.379800000000e-06	-5.970960492930e-09	9.138588707424e-09	-3.226257523189e-10
-5.379600000000e-06	-4.593556970012e-09	8.079134909555e-09	-1.660859278562e-09
-5.379400000000e-06	-4.949623214511e-09	8.490455707740e-09	-1.500949751476e-09
-5.379200000000e-06	-5.238702065838e-09	8.629682005225e-09	-1.102719844507e-09
-5.379000000000e-06	-5.514365697937e-09	9.502214465109e-09	-1.726061868735e-09
-5.378800000000e-06	-4.929034981770e-09	8.132010597492e-09	-1.060529143023e-09
-5.378600000000e-06	-4.602828733333e-09	8.332213518025e-09	-1.977183762181e-09
-5.378400000000e-06	-5.172786991392e-09	8.570838486656e-09	-1.182749844028e-09
-5.378200000000e-06	-4.729273291199e-09	7.486571934497e-09	-5.978756669396e-10
-5.378000000000e-06	-4.481882732860e-09	8.239796816699e-09	-2.108855492766e-09
-5.377800000000e-06	-4.704078953423e-09	8.142247904242e-09	-1.533116010228e-09
-5.377600000000e-06	-4.898964679218e-09	8.261581847966e-09	-1.323365818485e-09
-5.377400000000e-06	-5.088448780142e-09	9.049754286914e-09	-1.977098968722e-09
-5.377200000000e-06	-5.203331370659e-09	8.617593358382e-09	-1.186287795935e-09
-5.377000000000e-06	-5.176087614747e-09	8.443526942725e-09	-1.008810349217e-09
-5.376800000000e-06	-4.803010517107e-09	7.829887807692e-09	-9.206834160084e-10
-5.376600000000e-06	-4.574231673816e-09	8.241939875786e-09	-1.946204680617e-09
-5.376400000000e-06	-4.533874705386e-09	7.013775264477e-09	-3.966738231517e-10
-5.376200000000e-06	-4.268168005228e-09	7.041751179928e-09	-9.597460234394e-10
-5.376000000000e-06	-4.607704536078e-09	8.207639462202e-09	-1.832428863813e-09
-5.375800000000e-06	-5.168695499975e-09	7.733011472438e-09	-8.821732087486e-11
-5.375600000000e-06	-4.570267641950e-09	8.014396888882e-09	-1.657195285761e-09
-5.375400000000e-06	-4.481764049156e-09	7.032098680838e-09	-5.374200391450e-10
-5.375200000000e-06	-5.375643927951e-09	8.720886389371e-09	-1.003835333582e-09
-5.375000000000e-06	-4.676125991542e-09	7.417615280086e-09	-6.683654706784e-10
-5.374800000000e-06	-4.874629274678e-09	7.395310566470e-09	-2.322633066595e-10
-5.374600000000e-06	-4.338309528155e-09	7.761496799237e-09	-1.812919456440e-09
-5.374400000000e-06	-3.878587436988e-09	7.165620836615e-09	-1.927283249143e-09
-5.374200000000e-06	-4.284577297657e-09	7.474357282035e-09	-1.517025690669e-09
-5.374000000000e-06	-3.683341136843e-09	6.561048023909e-09	-1.510092067595e-09
-5.373800000000e-06	-4.424841591167e-09	6.980069661971e-09	-6.071350959825e-10
-5.373600000000e-06	-3.828495256585e-09	6.410974937318e-09	-1.030667370053e-09
-5.373400000000e-06	-5.005561940823e-09	7.926049347457e-09	-7.091098679666e-10
-5.373200000000e-06	-4.913966034422e-09	7.727606543068e-09	-6.266379189877e-10
-5.373000000000e-06	-4.239356236249e-09	6.466617019904e-09	-2.986742309114e-10
-5.372800000000e-06	-4.119562751367e-09	6.580208166447e-09	-6.798082565088e-10
-5.372600000000e-06	-4.718285903150e-09	7.347191936257e-09	-5.018529331171e-10
-5.372400000000e-06	-3.968921802560e-09	7.063427281889e-09	-1.626083627902e-09
-5.372200000000e-06	-4.585192561235e-09	7.430389778559e-09	-9.006328276854e-10
-5.372000000000e-06	-4.335371910080e-09	7.093041299149e-09	-9.505555193774e-10
-5.371800000000e-06	-3.900955929678e-09	6.709986710089e-09	-1.298060191107e-09
-5.371600000000e-06	-4.582704650885e-09	6.902374768570e-09	-2.164351497235e-10
-5.371400000000e-06	-3.928834495308e-09	6.127766462887e-09	-4.744353757645e-10
-5.371200000000e-06	-4.010476376308e-09	6.955863975329e-09	-1.420971679984e-09
-5.371000000000e-06	-3.943476721008e-09	6.255666033742e-09	-6.221747712073e-10
-5.370800000000e-06	-3.918077604279e-09	5.694732359758e-09	7.774592377868e-11
-5.370600000000e-06	-3.764087579954e-09	5.291133966157e-09	3.021927696438e-10
-5.370400000000e-06	-2.737973361896e-09	5.160754182647e-09	-1.558515612165e-09
-5.370200000000e-06	-3.536698884931e-09	6.150663826010e-09	-1.292689616979e-09
-5.370000000000e-06	-3.940385759068e-09	6.035995455791e-09	-3.464877905515e-10
-5.369800000000e-06	-3.556740247942e-09	6.007416631863e-09	-1.078037010888e-09
-5.369600000000e-06	-3.429839963628e-09	6.347475899333e-09	-1.777108997352e-09
-5.369400000000e-06	-3.684883045637e-09	5.921036570753e-09	-7.126230917184e-10
-5.369200000000e-06	-3.762620814514e-09	6.474197089036e-09	-1.288726284835e-09
-5.369000000000e-06	-3.591762585551e-09	5.320126673836e-09	-8.817583834980e-11
-5.368800000000e-06	-3.569453156860e-09	5.389562620585e-09	-2.324125525081e-10
-5.368600000000e-06	-3.073092768050e-09	5.604536061398e-09	-1.509652742622e-09
-5.368400000000e-06	-3.339089607364e-09	5.160909175780e-09	-3.801206335169e-10
-5.368200000000e-06	-3.146842471941e-09	5.537517747743e-09	-1.252218439234e-09
-5.368000000000e-06	-3.441912337261e-09	5.202414472055e-09	-2.439014787443e-10
-5.367800000000e-06	-2.939416692841e-09	5.567478757996e-09	-1.736718823077e-09
-5.367600000000e-06	-3.303808854397e-09	5.075351994661e-09	-3.633151546303e-10
