-6.557800000000e-06	0.000000000000e+00	0.000000000000e+00	0.000000000000e+00
-6.557600000000e-06	0.000000000000e+00	0.000000000000e+00	0.000000000000e+00
-6.557400000000e-06	0.000000000000e+00	0.000000000000e+00	0.000000000000e+00
-6.557200000000e-06	0.000000000000e+00	0.000000000000e+00	0.000000000000e+00
-6.557000000000e-06	0.000000000000e+00	0.000000000000e+00	0.000000000000e+00
-6.556800000000e-06	0.000000000000e+00	0.000000000000e+00	0.000000000000e+00
-6.556600000000e-06	0.000000000000e+00	0.000000000000e+00	0.000000000000e+00
-6.556400000000e-06	0.000000000000e+00	0.000000000000e+00	0.000000000000e+00
-6.556200000000e-06	0.000000000000e+00	0.000000000000e+00	0.000000000000e+00
-6.556000000000e-06	0.000000000000e+00	0.000000000000e+00	0.000000000000e+00
-6.555800000000e-06	0.000000000000e+00	0.000000000000e+00	0.000000000000e+00
-6.555600000000e-06	0.000000000000e+00	0.000000000000e+00	0.000000000000e+00
-6.555400000000e-06	0.000000000000e+00	0.000000000000e+00	0.000000000000e+00
-6.555200000000e-06	0.000000000000e+00	0.000000000000e+00	0.000000000000e+00
-6.555000000000e-06	0.000000000000e+00	0.000000000000e+00	0.000000000000e+00
-6.554800000000e-06	0.000000000000e+00	0.000000000000e+00	0.000000000000e+00
-6.554600000000e-06	0.000000000000e+00	0.000000000000e+00	0.000000000000e+00
-6.554400000000e-06	0.000000000000e+00	0.000000000000e+00	0.000000000000e+00
-6.554200000000e-06	0.000000000000e+00	0.000000000000e+00	0.000000000000e+00
-6.554000000000e-06	0.000000000000e+00	0.000000000000e+00	0.000000000000e+00
-6.553800000000e-06	0.000000000000e+00	0.000000000000e+00	0.000000000000e+00
-6.553600000000e-06	0.000000000000e+00	0.000000000000e+00	0.000000000000e+00
-6.553400000000e-06	0.000000000000e+00	0.000000000000e+00	0.000000000000e+00
-6.553200000000e-06	0.000000000000e+00	0.000000000000e+00	0.000000000000e+00
-6.553000000000e-06	0.000000000000e+00	0.000000000000e+00	0.000000000000e+00
-6.552800000000e-06	0.000000000000e+00	0.000000000000e+00	0.000000000000e+00
-6.552600000000e-06	0.000000000000e+00	0.000000000000e+00	0.000000000000e+00
-6.552400000000e-06	0.000000000000e+00	0.000000000000e+00	0.000000000000e+00
-6.552200000000e-06	0.000000000000e+00	0.000000000000e+00	0.000000000000e+00
-6.552000000000e-06	0.000000000000e+00	0.000000000000e+00	0.000000000000e+00
-6.551800000000e-06	0.000000000000e+00	0.000000000000e+00	0.000000000000e+00
-6.551600000000e-06	0.000000000000e+00	0.000000000000e+00	0.000000000000e+00
-6.551400000000e-06	0.000000000000e+00	0.000000000000e+00	0.000000000000e+00
-6.551200000000e-06	0.000000000000e+00	0.000000000000e+00	0.000000000000e+00
-6.551000000000e-06	0.000000000000e+00	0.000000000000e+00	0.000000000000e+00
-6.550800000000e-06	0.000000000000e+00	0.000000000000e+00	0.000000000000e+00
-6.550600000000e-06	0.000000000000e+00	0.000000000000e+00	0.000000000000e+00
-6.550400000000e-06	0.000000000000e+00	0.000000000000e+00	0.000000000000e+00
-6.550200000000e-06	0.000000000000e+00	0.000000000000e+00	0.000000000000e+00
-6.550000000000e-06	0.000000000000e+00	0.000000000000e+00	0.000000000000e+00
-6.549800000000e-06	0.000000000000e+00	0.000000000000e+00	0.000000000000e+00
-6.549600000000e-06	0.000000000000e+00	0.000000000000e+00	0.000000000000e+00
-6.549400000000e-06	0.000000000000e+00	0.000000000000e+00	0.000000000000e+00
-6.549200000000e-06	0.000000000000e+00	0.000000000000e+00	0.000000000000e+00
-6.549000000000e-06	0.000000000000e+00	0.000000000000e+00	0.000000000000e+00
-6.548800000000e-06	0.000000000000e+00	0.000000000000e+00	0.000000000000e+00
-6.548600000000e-06	0.000000000000e+00	0.000000000000e+00	0.000000000000e+00
-6.548400000000e-06	0.000000000000e+00	0.000000000000e+00	0.000000000000e+00
-6.548200000000e-06	0.000000000000e+00	0.000000000000e+00	0.000000000000e+00
-6.548000000000e-06	0.000000000000e+00	0.000000000000e+00	0.000000000000e+00
-6.547800000000e-06	0.000000000000e+00	0.000000000000e+00	0.000000000000e+00
-6.547600000000e-06	0.000000000000e+00	0.000000000000e+00	0.000000000000e+00
-6.547400000000e-06	0.000000000000e+00	0.000000000000e+00	0.000000000000e+00
-6.547200000000e-06	0.000000000000e+00	0.000000000000e+00	0.000000000000e+00
-6.547000000000e-06	0.000000000000e+00	0.000000000000e+00	0.000000000000e+00
-6.546800000000e-06	0.000000000000e+00	0.000000000000e+00	0.000000000000e+00
-6.546600000000e-06	0.000000000000e+00	0.000000000000e+00	0.000000000000e+00
-6.546400000000e-06	0.000000000000e+00	0.000000000000e+00	0.000000000000e+00
-6.546200000000e-06	0.000000000000e+00	0.000000000000e+00	0.000000000000e+00
-6.546000000000e-06	0.000000000000e+00	0.000000000000e+00	0.000000000000e+00
-6.545800000000e-06	0.000000000000e+00	0.000000000000e+00	0.000000000000e+00
-6.545600000000e-06	0.000000000000e+00	0.000000000000e+00	0.000000000000e+00
-6.545400000000e-06	0.000000000000e+00	0.000000000000e+00	0.000000000000e+00
-6.545200000000e-06	0.000000000000e+00	0.000000000000e+00	0.000000000000e+00
-6.545000000000e-06	0.000000000000e+00	0.000000000000e+00	0.000000000000e+00
-6.544800000000e-06	0.000000000000e+00	0.000000000000e+00	0.000000000000e+00
-6.544600000000e-06	0.000000000000e+00	0.000000000000e+00	0.000000000000e+00
-6.544400000000e-06	0.000000000000e+00	0.000000000000e+00	0.000000000000e+00
-6.544200000000e-06	0.000000000000e+00	0.000000000000e+00	0.000000000000e+00
-6.544000000000e-06	0.000000000000e+00	0.000000000000e+00	0.000000000000e+00
-6.543800000000e-06	0.000000000000e+00	0.000000000000e+00	0.000000000000e+00
-6.543600000000e-06	0.000000000000e+00	0.000000000000e+00	0.000000000000e+00
-6.543400000000e-06	0.000000000000e+00	0.000000000000e+00	0.000000000000e+00
-6.543200000000e-06	0.000000000000e+00	0.000000000000e+00	0.000000000000e+00
-6.543000000000e-06	0.000000000000e+00	0.000000000000e+00	0.000000000000e+00
-6.542800000000e-06	0.000000000000e+00	0.000000000000e+00	0.000000000000e+00
-6.542600000000e-06	0.000000000000e+00	0.000000000000e+00	0.000000000000e+00
-6.542400000000e-06	0.000000000000e+00	0.000000000000e+00	0.000000000000e+00
-6.542200000000e-06	0.000000000000e+00	0.000000000000e+00	0.000000000000e+00
-6.542000000000e-06	0.000000000000e+00	0.000000000000e+00	0.000000000000e+00
-6.541800000000e-06	0.000000000000e+00	0.000000000000e+00	0.000000000000e+00
-6.541600000000e-06	0.000000000000e+00	0.000000000000e+00	0.000000000000e+00
-6.541400000000e-06	0.000000000000e+00	0.000000000000e+00	0.000000000000e+00
-6.541200000000e-06	0.000000000000e+00	0.000000000000e+00	0.000000000000e+00
-6.541000000000e-06	0.000000000000e+00	0.000000000000e+00	0.000000000000e+00
-6.540800000000e-06	0.000000000000e+00	0.000000000000e+00	0.000000000000e+00
-6.540600000000e-06	0.000000000000e+00	0.000000000000e+00	0.000000000000e+00
-6.540400000000e-06	0.000000000000e+00	0.000000000000e+00	0.000000000000e+00
-6.540200000000e-06	0.000000000000e+00	0.000000000000e+00	0.000000000000e+00
-6.540000000000e-06	0.000000000000e+00	0.000000000000e+00	0.000000000000e+00
-6.539800000000e-06	0.000000000000e+00	0.000000000000e+00	0.000000000000e+00
-6.539600000000e-06	0.000000000000e+00	0.000000000000e+00	0.000000000000e+00
-6.539400000000e-06	0.000000000000e+00	0.000000000000e+00	0.000000000000e+00
-6.539200000000e-06	0.000000000000e+00	0.000000000000e+00	0.000000000000e+00
-6.539000000000e-06	0.000000000000e+00	0.000000000000e+00	0.000000000000e+00
-6.538800000000e-06	0.000000000000e+00	0.000000000000e+00	0.000000000000e+00
-6.538600000000e-06	0.000000000000e+00	0.000000000000e+00	0.000000000000e+00
-6.538400000000e-06	0.000000000000e+00	0.000000000000e+00	0.000000000000e+00
-6.538200000000e-06	0.000000000000e+00	0.000000000000e+00	0.000000000000e+00
-6.538000000000e-06	0.000000000000e+00	0.000000000000e+00	0.000000000000e+00
-6.537800000000e-06	0.000000000000e+00	0.000000000000e+00	0.000000000000e+00
-6.537600000000e-06	0.000000000000e+00	0.000000000000e+00	0.000000000000e+00
-6.537400000000e-06	0.000000000000e+00	0.000000000000e+00	0.000000000000e+00
-6.537200000000e-06	0.000000000000e+00	0.000000000000e+00	0.000000000000e+00
-6.537000000000e-06	0.000000000000e+00	0.000000000000e+00	0.000000000000e+00
-6.536800000000e-06	0.000000000000e+00	0.000000000000e+00	0.000000000000e+00
-6.536600000000e-06	0.000000000000e+00	0.000000000000e+00	0.000000000000e+00
-6.536400000000e-06	0.000000000000e+00	0.000000000000e+00	0.000000000000e+00
-6.536200000000e-06	0.000000000000e+00	0.000000000000e+00	0.000000000000e+00
-6.536000000000e-06	0.000000000000e+00	0.000000000000e+00	0.000000000000e+00
-6.535800000000e-06	0.000000000000e+00	0.000000000000e+00	0.000000000000e+00
-6.535600000000e-06	0.000000000000e+00	0.000000000000e+00	0.000000000000e+00
-6.535400000000e-06	-1.849273078341e-17	5.110977552480e-17	-2.442287794346e-17
-6.535200000000e-06	0.000000000000e+00	0.000000000000e+00	0.000000000000e+00
-6.535000000000e-06	0.000000000000e+00	0.000000000000e+00	0.000000000000e+00
-6.534800000000e-06	0.000000000000e+00	0.000000000000e+00	0.000000000000e+00
-6.534600000000e-06	-9.844028682146e-16	1.882968562075e-15	-2.548341813547e-16
-6.534400000000e-06	-1.592215579346e-16	7.820993354988e-16	-6.499155468294e-16
-6.534200000000e-06	9.555391204341e-16	2.852243282389e-15	-5.703787443230e-15
-6.534000000000e-06	-2.153796456090e-16	-1.743999880621e-16	6.898346603406e-16
-6.533800000000e-06	-1.567455303977e-13	2.201956116199e-14	3.152608738945e-13
-6.533600000000e-06	-2.263273331133e-14	4.999698951953e-14	-1.340322385342e-14
-6.533400000000e-06	1.511634568755e-14	-6.310858910706e-14	4.686162024246e-14
-6.533200000000e-06	1.452316622585e-13	-2.575372117758e-13	5.511811168914e-15
-6.533000000000e-06	3.333494187832e-13	-1.480416556549e-13	-5.430989395233e-13
-6.532800000000e-06	1.432481320670e-13	-3.240796548626e-13	9.481233082228e-14
-6.532600000000e-06	-7.216257791605e-13	1.109078859549e-12	1.721301148629e-13
-6.532400000000e-06	-3.783048997792e-13	6.716255924239e-13	-1.594012380228e-14
-6.532200000000e-06	-4.057393614559e-13	1.073044317544e-12	-4.749892710867e-13
-6.532000000000e-06	5.374768284197e-13	-1.518297639411e-12	7.393897840572e-13
-6.531800000000e-06	8.458725964203e-14	-2.199815838043e-13	9.219160446795e-14
-6.531600000000e-06	-9.518838735555e-13	4.093271422853e-13	1.522653841546e-12
-6.531400000000e-06	2.209410985204e-14	2.355219510978e-13	-3.438705717233e-13
-6.531200000000e-06	3.397947333106e-13	5.713278883873e-13	-1.432560648869e-12
-6.531000000000e-06	1.433901371711e-13	-1.870381431763e-13	-8.097870417712e-14
-6.530800000000e-06	-1.229148082532e-13	-1.850319248201e-13	4.903596620975e-13
-6.530600000000e-06	-1.684786364186e-13	1.504086388767e-13	1.894883282803e-13
-6.530400000000e-06	-1.324045477873e-12	1.485130113491e-12	9.532967196370e-13
-6.530200000000e-06	-1.643401204788e-12	3.689676190791e-12	-9.977225494533e-13
-6.530000000000e-06	-7.879068563604e-13	1.001943644771e-13	1.595416081721e-12
-6.529800000000e-06	1.038610180670e-12	5.248675966214e-13	-2.880684814243e-12
-6.529600000000e-06	-8.825104947690e-13	2.080941827049e-12	-6.898430544206e-13
-6.529400000000e-06	-1.994530676933e-12	2.479693166760e-12	1.196600977349e-12
-6.529200000000e-06	-9.907738533662e-13	9.759557388874e-13	9.071573700820e-13
-6.529000000000e-06	1.958421827599e-12	-2.983769127168e-12	-5.146300998157e-13
-6.528800000000e-06	-4.674425636475e-12	7.112388436090e-12	1.263076932682e-12
-6.528600000000e-06	-4.263917389818e-12	8.071376741286e-12	-7.895379628534e-13
-6.528400000000e-06	1.229300915967e-12	-5.206230694993e-12	3.742043210522e-12
-6.528200000000e-06	1.599135556896e-12	1.252316317229e-12	-5.022815373798e-12
-6.528000000000e-06	-2.493459474582e-12	-7.858003801185e-13	6.308209126092e-12
-6.527800000000e-06	-6.290774721561e-13	6.050465046076e-12	-6.190702794857e-12
-6.527600000000e-06	-1.054242707767e-12	2.562846125064e-12	-9.318538660677e-13
-6.527400000000e-06	-2.629954143803e-12	7.694436231091e-12	-3.866228162653e-12
-6.527200000000e-06	-4.182125506902e-12	1.450775505451e-11	-8.941830912964e-12
-6.527000000000e-06	1.040163302530e-12	-1.051896850046e-12	-7.390467129226e-13
-6.526800000000e-06	-8.752485445438e-12	1.226167234527e-11	3.551513537135e-12
-6.526600000000e-06	-2.271004998676e-12	3.564851590454e-12	2.080608876674e-13
-6.526400000000e-06	-4.864472284459e-12	1.447274627133e-11	-7.559203815549e-12
-6.526200000000e-06	-8.151239320701e-12	1.781664226520e-11	-4.824640342723e-12
-6.526000000000e-06	-2.167491811164e-12	8.146256364822e-12	-5.273019651303e-12
-6.525800000000e-06	-1.982434729215e-11	2.209135497582e-11	1.488151819901e-11
-6.525600000000e-06	-1.112028032820e-11	2.734113538265e-11	-1.002964041195e-11
-6.525400000000e-06	2.749469218631e-12	7.239197687727e-12	-1.461674382496e-11
-6.525200000000e-06	-1.353290430559e-11	3.239590676620e-11	-1.104654528066e-11
-6.525000000000e-06	-3.654117323694e-11	5.975794055298e-11	4.104437458543e-12
-6.524800000000e-06	-1.090072725389e-11	1.863338628695e-11	2.065006612618e-13
-6.524600000000e-06	-4.042030777731e-11	6.944841939822e-11	1.522934793402e-13
-6.524400000000e-06	-1.433983653621e-11	4.165259175276e-11	-2.051318198050e-11
-6.524200000000e-06	-4.051293350060e-11	7.748668559775e-11	-9.800767198265e-12
-6.524000000000e-06	-3.451424680634e-11	8.267993032641e-11	-2.830623395322e-11
-6.523800000000e-06	-5.232092388325e-11	4.239181046653e-11	5.954065204651e-11
-6.523600000000e-06	-9.486069515243e-11	1.224589068699e-10	5.135801377274e-11
-6.523400000000e-06	-4.342047851473e-11	1.021874244113e-10	-3.376294836557e-11
-6.523200000000e-06	-8.040539341733e-11	2.375706395510e-10	-1.219422439153e-10
-6.523000000000e-06	-6.024797473044e-11	1.371597735862e-10	-4.090981647668e-11
-6.522800000000e-06	-8.435097463625e-11	1.734818901646e-10	-3.461173333840e-11
-6.522600000000e-06	-8.824388427518e-11	1.675244392473e-10	-1.869824041682e-11
-6.522400000000e-06	-1.218304075842e-10	2.264871567452e-10	-1.908810682877e-11
-6.522200000000e-06	-1.595283553896e-10	2.718487746625e-10	4.687323512125e-12
-6.522000000000e-06	-1.770533680705e-10	3.726618069449e-10	-8.205152458043e-11
-6.521800000000e-06	-1.634965708977e-10	3.340288841983e-10	-6.281987568669e-11
-6.521600000000e-06	-2.199640387252e-10	3.603076950689e-10	2.498430354233e-11
-6.521400000000e-06	-2.199235474583e-10	4.164415385614e-10	-4.380829793929e-11
-6.521200000000e-06	-2.578681615157e-10	5.316188215036e-10	-1.048247617666e-10
-6.521000000000e-06	-2.621297733469e-10	5.285784792156e-10	-9.092461872935e-11
-6.520800000000e-06	-3.484971032145e-10	6.320628338055e-10	-3.541238329126e-11
-6.520600000000e-06	-4.292454831757e-10	8.110836797700e-10	-8.146774977342e-11
-6.520400000000e-06	-4.793277652823e-10	7.740773912226e-10	6.972837537719e-11
-6.520200000000e-06	-5.096386724156e-10	9.284062882060e-10	-5.765576950588e-11
-6.520000000000e-06	-5.486821740992e-10	1.012813236557e-09	-7.482076224700e-11
-6.519800000000e-06	-6.120101240808e-10	1.260517737859e-09	-2.455784240749e-10
-6.519600000000e-06	-6.023404634406e-10	1.146250198880e-09	-1.248151123532e-10
-6.519400000000e-06	-7.568354359695e-10	1.189896528651e-09	1.520538967722e-10
-6.519200000000e-06	-8.201704773285e-10	1.597153915361e-09	-2.155370809297e-10
-6.519000000000e-06	-9.772792485755e-10	1.835450753717e-09	-1.709009869384e-10
-6.518800000000e-06	-9.690802365661e-10	1.907761063771e-09	-2.762159460202e-10
-6.518600000000e-06	-1.118976662339e-09	2.205405007806e-09	-3.195210075147e-10
-6.518400000000e-06	-1.496311702173e-09	2.734507508670e-09	-1.663894445514e-10
-6.518200000000e-06	-1.489646211795e-09	2.579042847405e-09	8.680656091436e-12
-6.518000000000e-06	-1.697977837992e-09	3.400266912345e-09	-5.477233859731e-10
-6.517800000000e-06	-1.604286438378e-09	3.114954623810e-09	-3.987201135520e-10
-6.517600000000e-06	-1.794775848666e-09	2.952905510602e-09	2.050549372972e-10
-6.517400000000e-06	-1.934335533577e-09	3.495992580965e-09	-1.596869083422e-10
-6.517200000000e-06	-2.063482916938e-09	3.925363247623e-09	-4.088530197902e-10
-6.517000000000e-06	-2.224215171841e-09	4.027913881890e-09	-1.896791571280e-10
-6.516800000000e-06	-2.343714195192e-09	4.612722066224e-09	-6.484981822243e-10
-6.516600000000e-06	-2.353910522754e-09	4.963341555477e-09	-1.049411973917e-09
-6.516400000000e-06	-2.555272686204e-09	4.968173861626e-09	-6.309268826442e-10
-6.516200000000e-06	-2.724950671673e-09	5.490036461179e-09	-8.997958658565e-10
-6.516000000000e-06	-2.998495788878e-09	5.484878577943e-09	-3.188307188157e-10
-6.515800000000e-06	-3.006943988858e-09	6.114169304715e-09	-1.055603488454e-09
-6.515600000000e-06	-3.234734160723e-09	6.499469826541e-09	-1.043371389781e-09
-6.515400000000e-06	-3.034658069765e-09	5.955763553816e-09	-8.024781593987e-10
-6.515200000000e-06	-3.214639187549e-09	7.106872210151e-09	-1.805729597544e-09
-6.515000000000e-06	-3.117815298564e-09	6.944873530139e-09	-1.810228875591e-09
-6.514800000000e-06	-2.996153826208e-09	6.603563593712e-09	-1.657727613006e-09
-6.514600000000e-06	-2.831204650396e-09	6.924670997430e-09	-2.385787267100e-09
-6.514400000000e-06	-2.792296850746e-09	5.900790314650e-09	-1.244151897091e-09
-6.514200000000e-06	-3.435485003330e-09	6.405435532805e-09	-4.993729234314e-10
-6.514000000000e-06	-3.293648380208e-09	6.369906309826e-09	-7.535255211776e-10
-6.513800000000e-06	-3.241592600810e-09	6.640080734717e-09	-1.189627374674e-09
-6.513600000000e-06	-3.663436100887e-09	6.804352405672e-09	-4.977469476894e-10
-6.513400000000e-06	-3.718218742155e-09	7.064989192136e-09	-6.944161387722e-10
-6.513200000000e-06	-4.088463127104e-09	7.923287252374e-09	-9.514449555716e-10
-6.513000000000e-06	-4.019678901636e-09	8.109498217158e-09	-1.313430904348e-09
-6.512800000000e-06	-4.249529631315e-09	8.450802820278e-09	-1.244481583211e-09
-6.512600000000e-06	-4.399318103057e-09	8.936538375143e-09	-1.515373324869e-09
-6.512400000000e-06	-4.578695930159e-09	8.689496683789e-09	-8.302758126631e-10
-6.512200000000e-06	-4.649550470904e-09	9.464093748325e-09	-1.613480008690e-09
-6.512000000000e-06	-4.964532240240e-09	9.733769859826e-09	-1.279310609579e-09
-6.511800000000e-06	-5.147431913014e-09	1.044708830377e-08	-1.736958024168e-09
-6.511600000000e-06	-5.351267353970e-09	1.114148530560e-08	-2.151331364750e-09
-6.511400000000e-06	-5.568096613238e-09	1.054990432140e-08	-9.860036587238e-10
-6.511200000000e-06	-5.660778188543e-09	1.115032886518e-08	-1.500927868506e-09
-6.511000000000e-06	-6.031590543089e-09	1.203395164648e-08	-1.788351506828e-09
-6.510800000000e-06	-5.993721959452e-09	1.212163263294e-08	-1.965100451176e-09
-6.510600000000e-06	-6.475457742441e-09	1.240098815165e-08	-1.284640121309e-09
-6.510400000000e-06	-6.129590271264e-09	1.247506752167e-08	-2.099367688248e-09
-6.510200000000e-06	-6.563818057309e-09	1.336222679878e-08	-2.255848328240e-09
-6.510000000000e-06	-6.751364971202e-09	1.363881510455e-08	-2.173013272920e-09
-6.509800000000e-06	-6.531746027093e-09	1.377183973303e-08	-2.806377070556e-09
-6.509600000000e-06	-6.648239045192e-09	1.371526064255e-08	-2.478924672219e-09
-6.509400000000e-06	-6.787712626146e-09	1.399958177054e-08	-2.523681495156e-09
-6.509200000000e-06	-7.663431780775e-09	1.476244259663e-08	-1.605736547316e-09
-6.509000000000e-06	-7.856353186128e-09	1.633211165976e-08	-3.063575665152e-09
-6.508800000000e-06	-7.767146500781e-09	1.561643221410e-08	-2.394906613021e-09
-6.508600000000e-06	-7.929527240309e-09	1.539646600545e-08	-1.786211248672e-09
-6.508400000000e-06	-8.172270724788e-09	1.671454326668e-08	-2.852249448518e-09
-6.508200000000e-06	-8.520974428014e-09	1.683222862991e-08	-2.256337539230e-09
-6.508000000000e-06	-8.511568412252e-09	1.710820817487e-08	-2.597639273306e-09
-6.507800000000e-06	-8.613745553883e-09	1.743621918889e-08	-2.769061656257e-09
-6.507600000000e-06	-8.753207070062e-09	1.858109472674e-08	-3.844267256911e-09
-6.507400000000e-06	-8.573580745204e-09	1.725903880943e-08	-2.636669865601e-09
-6.507200000000e-06	-9.686790231392e-09	1.833524480997e-08	-1.589317144305e-09
-6.507000000000e-06	-8.910554760217e-09	1.770974825206e-08	-2.453947901437e-09
-6.506800000000e-06	-9.303762396881e-09	1.944448580490e-08	-3.701153749369e-09
-6.506600000000e-06	-1.013154165911e-08	2.007893571790e-08	-2.720389963767e-09
-6.506400000000e-06	-9.687060721915e-09	2.072611393951e-08	-4.413666802223e-09
-6.506200000000e-06	-9.327295350776e-09	1.882583614689e-08	-2.883964798816e-09
-6.506000000000e-06	-9.451561705941e-09	1.905846040136e-08	-2.898149636856e-09
-6.505800000000e-06	-9.831271990845e-09	1.926385875280e-08	-2.352853235607e-09
-6.505600000000e-06	-1.062465545613e-08	2.155686396830e-08	-3.408163946050e-09
-6.505400000000e-06	-1.061831396737e-08	2.132072329831e-08	-3.139472617998e-09
-6.505200000000e-06	-1.038764758197e-08	2.038915826553e-08	-2.515623756024e-09
-6.505000000000e-06	-1.091959244329e-08	2.230134710229e-08	-3.659998580773e-09
-6.504800000000e-06	-1.049461475611e-08	2.154209084099e-08	-3.630758131653e-09
-6.504600000000e-06	-1.045947237907e-08	2.152939165214e-08	-3.687499550790e-09
-6.504400000000e-06	-1.090323699658e-08	2.201974929624e-08	-3.340633845281e-09
-6.504200000000e-06	-1.070996561934e-08	2.176875465437e-08	-3.436562845909e-09
-6.504000000000e-06	-1.105074098895e-08	2.127000323700e-08	-2.127209673662e-09
-6.503800000000e-06	-1.128026784529e-08	2.352546558683e-08	-4.313487196379e-09
-6.503600000000e-06	-1.013801064967e-08	2.073329559985e-08	-3.386419493591e-09
-6.503400000000e-06	-1.151248795385e-08	2.335931508573e-08	-3.616008129388e-09
-6.503200000000e-06	-1.070172463560e-08	2.204561773242e-08	-3.747279309507e-09
-6.503000000000e-06	-1.072665266990e-08	2.262910335537e-08	-4.368121529892e-09
-6.502800000000e-06	-1.173996229596e-08	2.187384066091e-08	-1.374673495534e-09
-6.502600000000e-06	-1.147657872837e-08	2.334806492236e-08	-3.644984700070e-09
-6.502400000000e-06	-1.183838434953e-08	2.477515432111e-08	-4.576140023866e-09
-6.502200000000e-06	-1.132712176636e-08	2.353271235772e-08	-4.168104320458e-09
-6.502000000000e-06	-1.072762816299e-08	2.231235501190e-08	-3.963878966115e-09
-6.501800000000e-06	-1.150790723921e-08	2.404236476795e-08	-4.374920263350e-09
-6.501600000000e-06	-1.118090937352e-08	2.267230287884e-08	-3.429304825048e-09
-6.501400000000e-06	-1.192918983175e-08	2.407122241941e-08	-3.513449876241e-09
-6.501200000000e-06	-1.103017901426e-08	2.366962008948e-08	-4.899435549482e-09
-6.501000000000e-06	-1.185785306713e-08	2.433753739988e-08	-3.955362037565e-09
-6.500800000000e-06	-1.097579867920e-08	2.282051533171e-08	-3.988526829775e-09
-6.500600000000e-06	-1.085290292082e-08	2.321792466791e-08	-4.722963145457e-09
-6.500400000000e-06	-1.121608379663e-08	2.200296163416e-08	-2.527583125595e-09
-6.500200000000e-06	-1.122468673201e-08	2.319083289603e-08	-3.892641292931e-09
-6.500000000000e-06	-1.203652171792e-08	2.365792620703e-08	-2.767490682332e-09
-6.499800000000e-06	-1.120743291082e-08	2.303816656026e-08	-3.729318437187e-09
-6.499600000000e-06	-1.103195415632e-08	2.359213090070e-08	-4.731733872995e-09
-6.499400000000e-06	-1.063590327549e-08	2.201302349027e-08	-3.722073303928e-09
-6.499200000000e-06	-1.198188487805e-08	2.305082535650e-08	-2.137850990673e-09
-6.499000000000e-06	-1.054750648705e-08	2.206150532979e-08	-3.940731249958e-09
-6.498800000000e-06	-1.168040440924e-08	2.265672399463e-08	-2.275818745699e-09
-6.498600000000e-06	-1.112647305914e-08	2.158215486079e-08	-2.146122753169e-09
-6.498400000000e-06	-1.155699077384e-08	2.509049710314e-08	-5.370994470386e-09
-6.498200000000e-06	-1.002355882138e-08	2.148193160056e-08	-4.313931134987e-09
-6.498000000000e-06	-1.049897655095e-08	2.163831747248e-08	-3.508563463481e-09
-6.497800000000e-06	-1.090019424097e-08	2.262110280749e-08	-3.814716154063e-09
-6.497600000000e-06	-1.158096481390e-08	2.279761974514e-08	-2.595460603630e-09
-6.497400000000e-06	-9.916358585781e-09	2.048946240481e-08	-3.342890670515e-09
-6.497200000000e-06	-1.116851385294e-08	2.242843905073e-08	-3.015139105312e-09
-6.497000000000e-06	-1.091829584910e-08	2.207678861240e-08	-3.101716345616e-09
-6.496800000000e-06	-9.790665232652e-09	2.030752449178e-08	-3.389155450985e-09
-6.496600000000e-06	-1.054852677589e-08	2.112385245177e-08	-2.752148157645e-09
-6.496400000000e-06	-1.033716072124e-08	2.137377102312e-08	-3.468550046208e-09
-6.496200000000e-06	-1.072610787389e-08	2.069564331768e-08	-1.860374577985e-09
-6.496000000000e-06	-1.069109811890e-08	2.056335750493e-08	-1.785557456773e-09
-6.495800000000e-06	-1.001945040651e-08	2.153719163462e-08	-4.288967598028e-09
-6.495600000000e-06	-9.613326510626e-09	2.017041415504e-08	-3.547069345470e-09
-6.495400000000e-06	-9.810102916674e-09	1.995429319481e-08	-2.878580359162e-09
-6.495200000000e-06	-9.497142076947e-09	1.961012691477e-08	-3.105566860634e-09
-6.495000000000e-06	-8.390685415547e-09	1.832250450362e-08	-3.894099504620e-09
-6.494800000000e-06	-9.618099724627e-09	2.055169415364e-08	-3.936227769502e-09
-6.494600000000e-06	-9.225892210595e-09	1.890088186475e-08	-2.828525711717e-09
-6.494400000000e-06	-9.289337249698e-09	1.847429348289e-08	-2.189603454791e-09
-6.494200000000e-06	-9.556127647593e-09	1.955117049447e-08	-2.899991484346e-09
-6.494000000000e-06	-9.451143111515e-09	1.816141586533e-08	-1.493076496136e-09
-6.493800000000e-06	-8.917202179664e-09	1.876209881821e-08	-3.275199525369e-09
-6.493600000000e-06	-9.861769545151e-09	1.975490641411e-08	-2.487874018303e-09
-6.493400000000e-06	-8.952971970794e-09	1.842795103911e-08	-2.803239339001e-09
-6.493200000000e-06	-9.051932555283e-09	1.799150937048e-08	-2.089710038653e-09
-6.493000000000e-06	-9.234901390210e-09	1.930710272849e-08	-3.227550250195e-09
-6.492800000000e-06	-8.661347639419e-09	1.790464788531e-08	-2.781437697355e-09
-6.492600000000e-06	-7.865720072336e-09	1.506871946086e-08	-1.149396849874e-09
-6.492400000000e-06	-8.417418829223e-09	1.776213785756e-08	-3.087068260504e-09
-6.492200000000e-06	-8.366937640176e-09	1.731353588320e-08	-2.695585980660e-09
-6.492000000000e-06	-8.927124001793e-09	1.722521399734e-08	-1.435299358530e-09
-6.491800000000e-06	-7.960357825069e-09	1.744191125310e-08	-3.654586250822e-09
-6.491600000000e-06	-8.613423573456e-09	1.780126242134e-08	-2.737954653013e-09
-6.491400000000e-06	-6.448262268999e-09	1.540679809544e-08	-4.401332589034e-09
-6.491200000000e-06	-7.749667667247e-09	1.590300159184e-08	-2.300200197927e-09
-6.491000000000e-06	-7.418617424882e-09	1.462136141699e-08	-1.507065736275e-09
-6.490800000000e-06	-7.373418251623e-09	1.525890344912e-08	-2.307920268592e-09
-6.490600000000e-06	-6.331442016979e-09	1.395605283396e-08	-2.948205467963e-09
-6.490400000000e-06	-7.279691571060e-09	1.449560552423e-08	-1.618607887289e-09
-6.490200000000e-06	-8.199900597174e-09	1.495487917187e-08	-2.700797789271e-10
-6.490000000000e-06	-6.325913745996e-09	1.419658916393e-08	-3.228064792019e-09
-6.489800000000e-06	-6.918473323085e-09	1.351705999330e-08	-1.224570370887e-09
-6.489600000000e-06	-6.653654155654e-09	1.338888243656e-08	-1.628556515116e-09
-6.489400000000e-06	-6.279812172367e-09	1.234279716459e-08	-1.178348731736e-09
-6.489200000000e-06	-7.051297869237e-09	1.507779250673e-08	-2.734817630154e-09
-6.489000000000e-06	-6.590288507306e-09	1.311235117180e-08	-1.418675202978e-09
-6.488800000000e-06	-6.309380843240e-09	1.238550525033e-08	-1.152940782567e-09
-6.488600000000e-06	-5.311062117213e-09	1.263186773843e-08	-3.446427491786e-09
-6.488400000000e-06	-7.103482183922e-09	1.301302927259e-08	-2.574049647133e-10
-6.488200000000e-06	-5.513586828297e-09	1.154849005619e-08	-1.812768109401e-09
-6.488000000000e-06	-6.038634110242e-09	1.201378233297e-08	-1.259271230301e-09
-6.487800000000e-06	-5.191774459616e-09	1.190281342026e-08	-2.857502382450e-09
-6.487600000000e-06	-5.383343147262e-09	1.087208001126e-08	-1.302662394485e-09
-6.487400000000e-06	-5.422418355324e-09	1.091827160747e-08	-1.294309069008e-09
-6.487200000000e-06	-5.231782762087e-09	1.185463830169e-08	-2.713417166140e-09
-6.487000000000e-06	-5.428148650079e-09	1.197317176459e-08	-2.419193011962e-09
-6.486800000000e-06	-6.263166222311e-09	1.140192194433e-08	-9.529640149251e-11
-6.486600000000e-06	-4.788328094822e-09	1.022289356641e-08	-1.758430974729e-09
-6.486400000000e-06	-5.337528572717e-09	9.042513532894e-09	7.097464590964e-10
-6.486200000000e-06	-5.196737647598e-09	1.000293577585e-08	-6.410250189559e-10
-6.486000000000e-06	-4.696062901619e-09	8.897873070585e-09	-4.185640161736e-10
-6.485800000000e-06	-4.747029264894e-09	1.055636690149e-08	-2.175496235068e-09
-6.485600000000e-06	-5.004994885093e-09	1.036869180659e-08	-1.449564080220e-09
-6.485400000000e-06	-4.460441985312e-09	8.443375918809e-09	-3.568732689517e-10
-6.485200000000e-06	-3.839378368445e-09	9.062288913310e-09	-2.350943677429e-09
-6.485000000000e-06	-4.306895565209e-09	9.636174622689e-09	-2.010606968717e-09
-6.484800000000e-06	-4.391338701113e-09	8.454003446935e-09	-5.314506249950e-10
-6.484600000000e-06	-4.758939375242e-09	9.214325250689e-09	-6.473591164697e-10
-6.484400000000e-06	-4.119048104700e-09	8.382654201296e-09	-9.807336627994e-10
-6.484200000000e-06	-3.220690741131e-09	7.064954942913e-09	-1.313057014171e-09
-6.484000000000e-06	-3.744477461202e-09	7.646081887084e-09	-9.002664739979e-10
-6.483800000000e-06	-3.659087361865e-09	6.754903858238e-09	-6.074112120803e-11
-6.483600000000e-06	-3.373267769890e-09	7.892252392575e-09	-1.934442959695e-09
-6.483400000000e-06	-3.252509796965e-09	6.406673638076e-09	-4.809149147470e-10
-6.483200000000e-06	-3.233960182590e-09	6.774199841604e-09	-9.211908824539e-10
-6.483000000000e-06	-4.241940070486e-09	7.803004644431e-09	-5.254311811900e-11
-6.482800000000e-06	-3.343250457681e-09	7.321397204083e-09	-1.328335701290e-09
-6.482600000000e-06	-3.046689317456e-09	6.527177675110e-09	-1.032788683920e-09
-6.482400000000e-06	-2.962125687844e-09	6.374703502842e-09	-1.053600350622e-09
-6.482200000000e-06	-3.085271362171e-09	6.384467379039e-09	-7.762207488095e-10
-6.482000000000e-06	-3.921908891715e-09	7.636072053947e-09	-4.779246821355e-10
-6.481800000000e-06	-2.206747592291e-09	5.135162734293e-09	-1.121698024678e-09
-6.481600000000e-06	-2.544306147656e-09	5.413108224996e-09	-7.846011647925e-10
-6.481400000000e-06	-2.926550172584e-09	6.371934634599e-09	-1.092507031744e-09
-6.481200000000e-06	-2.219132153287e-09	4.929945689881e-09	-8.691986594975e-10
-6.481000000000e-06	-3.507206554618e-09	6.142567120370e-09	3.477801551273e-10
-6.480800000000e-06	-2.681336092747e-09	4.351719642833e-09	7.087425433797e-10
-6.480600000000e-06	-2.752008422416e-09	5.225158890184e-09	-1.358256449535e-10
-6.480400000000e-06	-2.347316324378e-09	5.573084729883e-09	-1.321606614712e-09
-6.480200000000e-06	-1.918102548788e-09	3.855419492736e-09	-2.748122423775e-10
-6.480000000000e-06	-2.038759248125e-09	3.248653690330e-09	6.310413035445e-10
-6.479800000000e-06	-2.509946075134e-09	5.199818335245e-09	-5.936165787593e-10
-6.479600000000e-06	-1.132971327986e-09	3.489393474925e-09	-1.441902770135e-09
-6.479400000000e-06	-1.537253689799e-09	3.905399639076e-09	-1.107092299567e-09
-6.479200000000e-06	-1.465429003944e-09	3.549401411866e-09	-8.113495280110e-10
-6.479000000000e-06	-1.767244513103e-09	3.750046910119e-09	-4.335258397198e-10
-6.478800000000e-06	-1.148134839588e-09	2.433149071428e-09	-2.332532010401e-10
-6.478600000000e-06	-1.629723084551e-09	4.586809023707e-09	-1.683719768620e-09
-6.478400000000e-06	-1.925921868778e-09	3.597639312571e-09	7.663362297614e-11
-6.478200000000e-06	-1.382181651086e-09	3.096798461027e-09	-4.937680225634e-10
-6.478000000000e-06	-1.987735490888e-09	3.356767463357e-09	4.179109672630e-10
-6.477800000000e-06	-1.322995968093e-09	3.327961448165e-09	-8.632099530532e-10
-6.477600000000e-06	-4.873238203999e-10	1.560386847974e-09	-5.624597730342e-10
-6.477400000000e-06	-1.648358372037e-09	3.714381330518e-09	-6.464189059406e-10
-6.477200000000e-06	-1.336769470656e-09	2.322546065764e-09	2.914848301413e-10
-6.477000000000e-06	-1.880289884285e-09	3.261089322529e-09	3.390292725496e-10
-6.476800000000e-06	-1.646763624575e-09	2.830264504503e-09	3.650537034621e-10
-6.476600000000e-06	-5.186144420545e-10	7.865445654010e-10	3.722095798780e-10
-6.476400000000e-06	-9.763163312128e-10	2.607804202386e-09	-7.496052608876e-10
-6.476200000000e-06	-1.140488069866e-10	3.916446889902e-10	8.242683742911e-12
-6.476000000000e-06	-1.199373534943e-09	2.601481878709e-09	-2.924715446627e-10
-6.475800000000e-06	-1.102030625837e-09	1.089461792829e-09	1.230100516540e-09
-6.475600000000e-06	-6.180273671570e-10	2.328325158889e-09	-1.150409339708e-09
-6.475400000000e-06	-3.587760080115e-10	1.627978557578e-09	-8.935408094209e-10
-6.475200000000e-06	-5.935819351130e-11	1.346034338353e-09	-1.170299884125e-09
-6.475000000000e-06	-7.216131748898e-10	1.504043776461e-09	-2.328340536211e-11
-6.474800000000e-06	-9.159642146662e-10	1.764637713425e-09	7.560830837898e-11
-6.474600000000e-06	-2.801659472237e-11	7.697900719183e-10	-5.549136597944e-10
-6.474400000000e-06	6.898475956611e-11	4.844064736769e-10	-4.746546375047e-10
-6.474200000000e-06	-2.987360750352e-10	6.636658632223e-10	9.146866294411e-11
-6.474000000000e-06	-3.653722421195e-10	-3.241047413273e-10	1.322383914999e-09
-6.473800000000e-06	-6.983552839105e-10	1.391761011582e-09	5.603722365803e-11
-6.473600000000e-06	2.759041419693e-10	5.316792975097e-11	-4.078024884409e-10
-6.473400000000e-06	1.764361933974e-10	4.681439036932e-10	-6.670406899615e-10
-6.473200000000e-06	-5.209267606331e-10	1.985818034153e-09	-9.501745306001e-10
-6.473000000000e-06	-2.417216199262e-10	1.086435463543e-09	-4.975644612660e-10
-6.472800000000e-06	-4.879390955933e-10	1.016624470735e-09	5.337213774153e-11
-6.472600000000e-06	5.930632299963e-10	-1.145660075227e-09	2.838508006228e-10
-6.472400000000e-06	3.455755526920e-10	3.478416552946e-10	-8.678848273410e-10
-6.472200000000e-06	3.392315303604e-10	1.023037215222e-10	-5.538731853086e-10
-6.472000000000e-06	-3.271553694277e-10	-7.540666222575e-11	9.536870253847e-10
-6.471800000000e-06	1.843868393018e-10	9.581900461725e-10	-1.213463883634e-09
-6.471600000000e-06	-1.645172552013e-10	-2.424474866730e-10	8.083417565465e-10
-6.471400000000e-06	6.454294493782e-11	7.601192943272e-11	-2.371335708763e-11
-6.471200000000e-06	8.322454294912e-10	-8.264858263781e-10	-5.293615642565e-10
-6.471000000000e-06	1.105376053806e-10	-4.168852772159e-10	4.587169413355e-10
-6.470800000000e-06	6.638614306811e-10	-8.517489103861e-10	-1.472887240293e-10
-6.470600000000e-06	2.885194499552e-10	-1.347279426973e-09	1.150158041945e-09
-6.470400000000e-06	-4.984769690258e-10	8.571462087632e-10	2.776970382081e-10
-6.470200000000e-06	9.402326043916e-10	-1.259159434148e-09	-2.609614012277e-10
-6.470000000000e-06	1.050526175144e-09	-1.499776821764e-09	-2.174183913428e-10
-6.469800000000e-06	3.950870208759e-10	-7.559578609743e-10	2.735718986453e-10
-6.469600000000e-06	1.606820439240e-10	5.337370430459e-10	-7.122895760187e-10
-6.469400000000e-06	7.936287736045e-10	-1.413347226230e-09	1.825730475591e-10
-6.469200000000e-06	1.349885241835e-09	-8.695506880661e-10	-1.475720383956e-09
-6.469000000000e-06	6.091269300373e-10	-2.388894506883e-09	1.656554614745e-09
-6.468800000000e-06	7.794780161380e-11	-1.985892352134e-10	2.558166337530e-10
-6.468600000000e-06	3.428234963367e-10	-4.211865297726e-10	2.268801273198e-11
-6.468400000000e-06	1.330269072558e-09	-2.184411544036e-09	-1.042544744617e-11
-6.468200000000e-06	9.164414476152e-10	-1.126071527772e-09	-3.457166397156e-10
-6.468000000000e-06	8.428538695877e-10	-2.239074771094e-09	1.027596157153e-09
-6.467800000000e-06	6.694550467799e-10	-1.696921505363e-09	7.416862117431e-10
-6.467600000000e-06	8.961746411820e-10	-1.886599640207e-09	5.084674727400e-10
-6.467400000000e-06	1.362577381583e-09	-1.771274159413e-09	-5.535602866530e-10
-6.467200000000e-06	3.613510729000e-10	-5.157006995001e-10	7.611391549117e-11
-6.467000000000e-06	8.376769807360e-10	-1.276580309662e-09	-1.665783379872e-11
-6.466800000000e-06	1.330291216520e-09	-2.670784177562e-09	4.955773284032e-10
-6.466600000000e-06	1.220024953611e-09	-2.342618722391e-09	3.491643399363e-10
-6.466400000000e-06	7.347739878776e-10	-1.600941086803e-09	5.322530261968e-10
-6.466200000000e-06	1.243816091467e-09	-2.493163176716e-09	4.915649751504e-10
-6.466000000000e-06	1.007098643511e-09	-1.375998338145e-09	-2.566631865446e-10
-6.465800000000e-06	3.009469763258e-10	-1.134243863527e-09	9.122976358280e-10
-6.465600000000e-06	1.036097364813e-09	-2.400533091523e-09	7.999161523641e-10
-6.465400000000e-06	1.199861801724e-09	-1.500959086641e-09	-5.043790949008e-10
-6.465200000000e-06	1.309825041737e-09	-2.710891444286e-09	5.945215844985e-10
-6.465000000000e-06	1.223111017298e-09	-1.674003473135e-09	-3.424596407660e-10
-6.464800000000e-06	1.469897975383e-09	-2.864768439296e-09	4.334291098320e-10
-6.464600000000e-06	1.514192831583e-09	-2.339941472299e-09	-1.724885630254e-10
-6.464400000000e-06	1.731509534408e-09	-2.962104978880e-09	4.502416696483e-11
-6.464200000000e-06	1.032467484287e-09	-2.415218443984e-09	8.469000084519e-10
-6.464000000000e-06	1.487194108961e-09	-2.947266173308e-09	5.146324589306e-10
-6.463800000000e-06	9.985548911369e-10	-1.959506206057e-09	3.639578803705e-10
-6.463600000000e-06	1.273065293286e-09	-3.360459552878e-09	1.366729199481e-09
-6.463400000000e-06	1.118653831587e-09	-2.357147337328e-09	5.898870443511e-10
-6.463200000000e-06	1.696375557396e-09	-2.457013712352e-09	-4.425174170461e-10
-6.463000000000e-06	1.600906708689e-09	-2.711863032719e-09	1.070807748851e-11
-6.462800000000e-06	1.057789927352e-09	-2.197169182725e-09	5.497483017562e-10
-6.462600000000e-06	1.563840358258e-09	-2.721636318133e-09	1.066018725271e-10
-6.462400000000e-06	1.278929368400e-09	-2.986292825875e-09	9.619552505661e-10
-6.462200000000e-06	1.656114246980e-09	-2.712015487133e-09	-5.036518110767e-11
-6.462000000000e-06	1.126207948262e-09	-2.290449061419e-09	4.849889412891e-10
-6.461800000000e-06	1.401565508590e-09	-2.935072708560e-09	6.720465289099e-10
-6.461600000000e-06	1.831454776482e-09	-2.777596458748e-09	-3.749406453162e-10
-6.461400000000e-06	1.748187522768e-09	-3.214450640241e-09	2.849267530588e-10
-6.461200000000e-06	1.667419816858e-09	-2.853269148225e-09	7.821451907403e-11
-6.461000000000e-06	1.660164952479e-09	-2.929414324181e-09	1.307505691842e-10
-6.460800000000e-06	9.799153399620e-10	-2.185247741178e-09	6.486118000654e-10
-6.460600000000e-06	1.242778262942e-09	-2.505340305945e-09	4.966415118296e-10
-6.460400000000e-06	1.418002361205e-09	-2.853928288480e-09	5.338217120851e-10
-6.460200000000e-06	2.165562390940e-09	-3.689315976833e-09	-8.575041020225e-12
-6.460000000000e-06	2.038843260078e-09	-3.899085282434e-09	4.362203564557e-10
-6.459800000000e-06	1.521769729639e-09	-2.865900291600e-09	3.476797708156e-10
-6.459600000000e-06	1.303316256645e-09	-3.024032070741e-09	9.253278719738e-10
-6.459400000000e-06	1.605326434437e-09	-3.287956567630e-09	6.567149081741e-10
-6.459200000000e-06	2.175243257283e-09	-3.883435243647e-09	1.537740358508e-10
-6.459000000000e-06	2.074217943831e-09	-3.813350512400e-09	3.138536059113e-10
-6.458800000000e-06	1.499838853135e-09	-2.210710202180e-09	-3.572207285744e-10
-6.458600000000e-06	1.915266549155e-09	-3.060332312445e-09	-2.367055887502e-10
-6.458400000000e-06	2.294405649738e-09	-4.159184438145e-09	2.288242387823e-10
-6.458200000000e-06	1.630666480045e-09	-3.636244926325e-09	9.672449266686e-10
-6.458000000000e-06	1.712729917192e-09	-3.235268791376e-09	3.846951534209e-10
-6.457800000000e-06	1.606432311227e-09	-3.215905111952e-09	5.725022569408e-10
-6.457600000000e-06	1.775313228197e-09	-3.179295257173e-09	1.913256979195e-10
-6.457400000000e-06	1.496244678794e-09	-3.239545531757e-09	7.989609920339e-10
-6.457200000000e-06	2.239136555447e-09	-3.977364452261e-09	1.473843809848e-10
-6.457000000000e-06	2.102951157709e-09	-4.281454096153e-09	6.961148051081e-10
-6.456800000000e-06	1.556136853355e-09	-2.980064097079e-09	3.975839653197e-10
-6.456600000000e-06	1.754633380094e-09	-3.620859782038e-09	7.172360340348e-10
-6.456400000000e-06	2.280522342053e-09	-4.520095283237e-09	6.282229510379e-10
-6.456200000000e-06	1.948997538620e-09	-3.437973510627e-09	1.341091777524e-10
-6.456000000000e-06	1.298767624068e-09	-3.239885969285e-09	1.182657268114e-09
-6.455800000000e-06	2.029876742555e-09	-3.890076417896e-09	4.352453347256e-10
-6.455600000000e-06	1.875997955902e-09	-4.231087898835e-09	1.116963667131e-09
-6.455400000000e-06	1.584096747572e-09	-3.178483499620e-09	5.369463372960e-10
-6.455200000000e-06	1.793657503396e-09	-3.761587229517e-09	7.860920393028e-10
-6.455000000000e-06	1.904755105334e-09	-3.555872902296e-09	3.404386064126e-10
-6.454800000000e-06	1.931350037062e-09	-3.413138486970e-09	1.169029216961e-10
-6.454600000000e-06	1.767764701455e-09	-3.663682768779e-09	6.787138985659e-10
-6.454400000000e-06	2.076430882302e-09	-3.634164632736e-09	1.019660142791e-10
-6.454200000000e-06	1.771285230605e-09	-3.673146177812e-09	7.238769259965e-10
-6.454000000000e-06	2.103112414063e-09	-4.220826952301e-09	6.803832723296e-10
-6.453800000000e-06	2.023760846000e-09	-3.915040821173e-09	5.006283606486e-10
-6.453600000000e-06	1.968707184589e-09	-4.239637261542e-09	9.520822561722e-10
-6.453400000000e-06	1.983676153078e-09	-3.786165573017e-09	4.107142847417e-10
-6.453200000000e-06	1.770749120263e-09	-3.798392794706e-09	8.608696778107e-10
-6.453000000000e-06	2.141073335482e-09	-3.735143105515e-09	7.994968559869e-11
-6.452800000000e-06	2.085642815484e-09	-4.258032635180e-09	7.084543050018e-10
-6.452600000000e-06	2.202084602865e-09	-4.467014652485e-09	7.038757933826e-10
-6.452400000000e-06	1.916169463653e-09	-3.422490362964e-09	2.034267922915e-10
-6.452200000000e-06	2.266059040631e-09	-4.313437665137e-09	4.507048209637e-10
-6.452000000000e-06	1.770390800338e-09	-3.507091620562e-09	5.432483025053e-10
-6.451800000000e-06	2.266346789880e-09	-4.163242760292e-09	2.566422271772e-10
-6.451600000000e-06	1.910399809876e-09	-3.617174805417e-09	3.752535594246e-10
-6.451400000000e-06	2.246844242545e-09	-4.092782561676e-09	2.495899941401e-10
-6.451200000000e-06	1.771713306459e-09	-3.786463045430e-09	8.519106326492e-10
-6.451000000000e-06	2.056233320629e-09	-3.540112617047e-09	6.612108822267e-12
-6.450800000000e-06	1.992887349091e-09	-3.904979728393e-09	5.280302122614e-10
-6.450600000000e-06	2.206751144378e-09	-4.464480249301e-09	7.143443082597e-10
-6.450400000000e-06	2.139133592254e-09	-3.390729945512e-09	-2.953209201086e-10
-6.450200000000e-06	2.424582478413e-09	-4.330235615087e-09	1.148743795047e-10
-6.450000000000e-06	1.927987542889e-09	-3.672787849454e-09	3.863814785319e-10
-6.449800000000e-06	2.073974045572e-09	-4.688029589044e-09	1.200545945684e-09
-6.449600000000e-06	1.975974753598e-09	-3.944906626776e-09	5.862959964600e-10
-6.449400000000e-06	2.283258825599e-09	-4.717458309322e-09	8.401915280599e-10
-6.449200000000e-06	2.155561174612e-09	-4.604277015183e-09	9.786664049192e-10
-6.449000000000e-06	2.211304510829e-09	-4.434903339747e-09	6.582001453876e-10
-6.448800000000e-06	1.904535249486e-09	-4.241745735577e-09	1.073387877927e-09
-6.448600000000e-06	2.489372415301e-09	-4.081723809227e-09	-2.381489408351e-10
-6.448400000000e-06	1.999570130850e-09	-4.098866610338e-09	7.308623274332e-10
-6.448200000000e-06	1.713559398457e-09	-4.279415648742e-09	1.487654606591e-09
-6.448000000000e-06	1.626158112356e-09	-3.244071266271e-09	5.271978158397e-10
-6.447800000000e-06	1.990560680206e-09	-3.563910341716e-09	1.951346302697e-10
-6.447600000000e-06	2.164486131023e-09	-4.183516946903e-09	4.546597785727e-10
-6.447400000000e-06	1.598403827841e-09	-3.137413332948e-09	4.756378422232e-10
-6.447200000000e-06	2.023157834625e-09	-3.884538356067e-09	4.249692812289e-10
-6.447000000000e-06	1.625757626095e-09	-3.186219157149e-09	4.683993130246e-10
-6.446800000000e-06	1.875585301967e-09	-4.189068109663e-09	1.038700812665e-09
-6.446600000000e-06	2.481643880381e-09	-4.579148418280e-09	2.845816521776e-10
-6.446400000000e-06	2.082081586918e-09	-3.849188895393e-09	3.036251197090e-10
-6.446200000000e-06	2.133742108929e-09	-4.328033533299e-09	6.848509922095e-10
-6.446000000000e-06	1.972756188566e-09	-3.488496104227e-09	1.359880755348e-10
-6.445800000000e-06	2.181404553255e-09	-4.532389684422e-09	8.383425036710e-10
-6.445600000000e-06	2.075171449121e-09	-4.124072609831e-09	5.773439908845e-10
-6.445400000000e-06	2.547298412897e-09	-4.570470655132e-09	1.417655332999e-10
-6.445200000000e-06	2.092624155622e-09	-4.218900226454e-09	6.702361256125e-10
-6.445000000000e-06	2.130355104083e-09	-4.017691061789e-09	3.601307889445e-10
-6.444800000000e-06	2.051037775781e-09	-4.560953960759e-09	1.097807768898e-09
-6.444600000000e-06	2.245688851364e-09	-4.170502904641e-09	2.987413132077e-10
-6.444400000000e-06	1.714048760994e-09	-4.267530728830e-09	1.438534334104e-09
-6.444200000000e-06	2.370766275402e-09	-4.249574141615e-09	1.542474117306e-10
-6.444000000000e-06	2.046107191421e-09	-4.660889073358e-09	1.218927340676e-09
-6.443800000000e-06	2.057896265413e-09	-3.882358594695e-09	3.351783671109e-10
-6.443600000000e-06	2.147206731462e-09	-4.012982324521e-09	3.273329860071e-10
-6.443400000000e-06	2.138686661416e-09	-3.910870754940e-09	2.413329949602e-10
-6.443200000000e-06	2.340983481950e-09	-4.633702950070e-09	6.395348016970e-10
-6.443000000000e-06	2.536458954652e-09	-4.882660661263e-09	4.920852834315e-10
-6.442800000000e-06	1.956437905689e-09	-4.197800645355e-09	8.989360506979e-10
-6.442600000000e-06	2.296881067736e-09	-4.833978210655e-09	9.103989231477e-10
-6.442400000000e-06	2.481774883619e-09	-4.647369438476e-09	3.463784879377e-10
-6.442200000000e-06	2.050837941103e-09	-3.938297027048e-09	4.457718396705e-10
-6.442000000000e-06	2.193806164003e-09	-4.577937367659e-09	8.352236088954e-10
-6.441800000000e-06	2.031612499428e-09	-3.341295710912e-09	-1.490307337898e-10
-6.441600000000e-06	1.833085016699e-09	-4.306234809119e-09	1.274623529055e-09
