1.116360000000e-05	0.000000000000e+00	0.000000000000e+00	0.000000000000e+00
1.116380000000e-05	0.000000000000e+00	0.000000000000e+00	0.000000000000e+00
1.116400000000e-05	0.000000000000e+00	0.000000000000e+00	0.000000000000e+00
1.116420000000e-05	0.000000000000e+00	0.000000000000e+00	0.000000000000e+00
1.116440000000e-05	0.000000000000e+00	0.000000000000e+00	0.000000000000e+00
1.116460000000e-05	0.000000000000e+00	0.000000000000e+00	0.000000000000e+00
1.116480000000e-05	0.000000000000e+00	0.000000000000e+00	0.000000000000e+00
1.116500000000e-05	0.000000000000e+00	0.000000000000e+00	0.000000000000e+00
1.116520000000e-05	0.000000000000e+00	0.000000000000e+00	0.000000000000e+00
1.116540000000e-05	0.000000000000e+00	0.000000000000e+00	0.000000000000e+00
1.116560000000e-05	0.000000000000e+00	0.000000000000e+00	0.000000000000e+00
1.116580000000e-05	0.000000000000e+00	0.000000000000e+00	0.000000000000e+00
1.116600000000e-05	0.000000000000e+00	0.000000000000e+00	0.000000000000e+00
1.116620000000e-05	0.000000000000e+00	0.000000000000e+00	0.000000000000e+00
1.116640000000e-05	0.000000000000e+00	0.000000000000e+00	0.000000000000e+00
1.116660000000e-05	0.000000000000e+00	0.000000000000e+00	0.000000000000e+00
1.116680000000e-05	0.000000000000e+00	0.000000000000e+00	0.000000000000e+00
1.116700000000e-05	0.000000000000e+00	0.000000000000e+00	0.000000000000e+00
1.116720000000e-05	0.000000000000e+00	0.000000000000e+00	0.000000000000e+00
1.116740000000e-05	0.000000000000e+00	0.000000000000e+00	0.000000000000e+00
1.116760000000e-05	0.000000000000e+00	0.000000000000e+00	0.000000000000e+00
1.116780000000e-05	0.000000000000e+00	0.000000000000e+00	0.000000000000e+00
1.116800000000e-05	0.000000000000e+00	0.000000000000e+00	0.000000000000e+00
1.116820000000e-05	0.000000000000e+00	0.000000000000e+00	0.000000000000e+00
1.116840000000e-05	0.000000000000e+00	0.000000000000e+00	0.000000000000e+00
1.116860000000e-05	0.000000000000e+00	0.000000000000e+00	0.000000000000e+00
1.116880000000e-05	0.000000000000e+00	0.000000000000e+00	0.000000000000e+00
1.116900000000e-05	0.000000000000e+00	0.000000000000e+00	0.000000000000e+00
1.116920000000e-05	0.000000000000e+00	0.000000000000e+00	0.000000000000e+00
1.116940000000e-05	0.000000000000e+00	0.000000000000e+00	0.000000000000e+00
1.116960000000e-05	0.000000000000e+00	0.000000000000e+00	0.000000000000e+00
1.116980000000e-05	0.000000000000e+00	0.000000000000e+00	0.000000000000e+00
1.117000000000e-05	0.000000000000e+00	0.000000000000e+00	0.000000000000e+00
1.117020000000e-05	0.000000000000e+00	0.000000000000e+00	0.000000000000e+00
1.117040000000e-05	0.000000000000e+00	0.000000000000e+00	0.000000000000e+00
1.117060000000e-05	0.000000000000e+00	0.000000000000e+00	0.000000000000e+00
1.117080000000e-05	0.000000000000e+00	0.000000000000e+00	0.000000000000e+00
1.117100000000e-05	0.000000000000e+00	0.000000000000e+00	0.000000000000e+00
1.117120000000e-05	0.000000000000e+00	0.000000000000e+00	0.000000000000e+00
1.117140000000e-05	0.000000000000e+00	0.000000000000e+00	0.000000000000e+00
1.117160000000e-05	0.000000000000e+00	0.000000000000e+00	0.000000000000e+00
1.117180000000e-05	0.000000000000e+00	0.000000000000e+00	0.000000000000e+00
1.117200000000e-05	0.000000000000e+00	0.000000000000e+00	0.000000000000e+00
1.117220000000e-05	0.000000000000e+00	0.000000000000e+00	0.000000000000e+00
1.117240000000e-05	0.000000000000e+00	0.000000000000e+00	0.000000000000e+00
1.117260000000e-05	0.000000000000e+00	0.000000000000e+00	0.000000000000e+00
1.117280000000e-05	0.000000000000e+00	0.000000000000e+00	0.000000000000e+00
1.117300000000e-05	0.000000000000e+00	0.000000000000e+00	0.000000000000e+00
1.117320000000e-05	0.000000000000e+00	0.000000000000e+00	0.000000000000e+00
1.117340000000e-05	0.000000000000e+00	0.000000000000e+00	0.000000000000e+00
1.117360000000e-05	0.000000000000e+00	0.000000000000e+00	0.000000000000e+00
1.117380000000e-05	0.000000000000e+00	0.000000000000e+00	0.000000000000e+00
1.117400000000e-05	0.000000000000e+00	0.000000000000e+00	0.000000000000e+00
1.117420000000e-05	0.000000000000e+00	0.000000000000e+00	0.000000000000e+00
1.117440000000e-05	0.000000000000e+00	0.000000000000e+00	0.000000000000e+00
1.117460000000e-05	0.000000000000e+00	0.000000000000e+00	0.000000000000e+00
1.117480000000e-05	0.000000000000e+00	0.000000000000e+00	0.000000000000e+00
1.117500000000e-05	0.000000000000e+00	0.000000000000e+00	0.000000000000e+00
1.117520000000e-05	0.000000000000e+00	0.000000000000e+00	0.000000000000e+00
1.117540000000e-05	0.000000000000e+00	0.000000000000e+00	0.000000000000e+00
1.117560000000e-05	0.000000000000e+00	0.000000000000e+00	0.000000000000e+00
1.117580000000e-05	0.000000000000e+00	0.000000000000e+00	0.000000000000e+00
1.117600000000e-05	0.000000000000e+00	0.000000000000e+00	0.000000000000e+00
1.117620000000e-05	0.000000000000e+00	0.000000000000e+00	0.000000000000e+00
1.117640000000e-05	0.000000000000e+00	0.000000000000e+00	0.000000000000e+00
1.117660000000e-05	0.000000000000e+00	0.000000000000e+00	0.000000000000e+00
1.117680000000e-05	0.000000000000e+00	0.000000000000e+00	0.000000000000e+00
1.117700000000e-05	0.000000000000e+00	0.000000000000e+00	0.000000000000e+00
1.117720000000e-05	0.000000000000e+00	0.000000000000e+00	0.000000000000e+00
1.117740000000e-05	0.000000000000e+00	0.000000000000e+00	0.000000000000e+00
1.117760000000e-05	0.000000000000e+00	0.000000000000e+00	0.000000000000e+00
1.117780000000e-05	0.000000000000e+00	0.000000000000e+00	0.000000000000e+00
1.117800000000e-05	0.000000000000e+00	0.000000000000e+00	0.000000000000e+00
1.117820000000e-05	0.000000000000e+00	0.000000000000e+00	0.000000000000e+00
1.117840000000e-05	0.000000000000e+00	0.000000000000e+00	0.000000000000e+00
1.117860000000e-05	0.000000000000e+00	0.000000000000e+00	0.000000000000e+00
1.117880000000e-05	0.000000000000e+00	0.000000000000e+00	0.000000000000e+00
1.117900000000e-05	0.000000000000e+00	0.000000000000e+00	0.000000000000e+00
1.117920000000e-05	0.000000000000e+00	0.000000000000e+00	0.000000000000e+00
1.117940000000e-05	0.000000000000e+00	0.000000000000e+00	0.000000000000e+00
1.117960000000e-05	0.000000000000e+00	0.000000000000e+00	0.000000000000e+00
1.117980000000e-05	0.000000000000e+00	0.000000000000e+00	0.000000000000e+00
1.118000000000e-05	0.000000000000e+00	0.000000000000e+00	0.000000000000e+00
1.118020000000e-05	0.000000000000e+00	0.000000000000e+00	0.000000000000e+00
1.118040000000e-05	0.000000000000e+00	0.000000000000e+00	0.000000000000e+00
1.118060000000e-05	0.000000000000e+00	0.000000000000e+00	0.000000000000e+00
1.118080000000e-05	0.000000000000e+00	0.000000000000e+00	0.000000000000e+00
1.118100000000e-05	0.000000000000e+00	0.000000000000e+00	0.000000000000e+00
1.118120000000e-05	0.000000000000e+00	0.000000000000e+00	0.000000000000e+00
1.118140000000e-05	0.000000000000e+00	0.000000000000e+00	0.000000000000e+00
1.118160000000e-05	0.000000000000e+00	0.000000000000e+00	0.000000000000e+00
1.118180000000e-05	0.000000000000e+00	0.000000000000e+00	0.000000000000e+00
1.118200000000e-05	0.000000000000e+00	0.000000000000e+00	0.000000000000e+00
1.118220000000e-05	0.000000000000e+00	0.000000000000e+00	0.000000000000e+00
1.118240000000e-05	0.000000000000e+00	0.000000000000e+00	0.000000000000e+00
1.118260000000e-05	0.000000000000e+00	0.000000000000e+00	0.000000000000e+00
1.118280000000e-05	0.000000000000e+00	0.000000000000e+00	0.000000000000e+00
1.118300000000e-05	0.000000000000e+00	0.000000000000e+00	0.000000000000e+00
1.118320000000e-05	0.000000000000e+00	0.000000000000e+00	0.000000000000e+00
1.118340000000e-05	0.000000000000e+00	0.000000000000e+00	0.000000000000e+00
1.118360000000e-05	0.000000000000e+00	0.000000000000e+00	0.000000000000e+00
1.118380000000e-05	0.000000000000e+00	0.000000000000e+00	0.000000000000e+00
1.118400000000e-05	0.000000000000e+00	0.000000000000e+00	0.000000000000e+00
1.118420000000e-05	0.000000000000e+00	0.000000000000e+00	0.000000000000e+00
1.118440000000e-05	0.000000000000e+00	0.000000000000e+00	0.000000000000e+00
1.118460000000e-05	0.000000000000e+00	0.000000000000e+00	0.000000000000e+00
1.118480000000e-05	0.000000000000e+00	0.000000000000e+00	0.000000000000e+00
1.118500000000e-05	0.000000000000e+00	0.000000000000e+00	0.000000000000e+00
1.118520000000e-05	0.000000000000e+00	0.000000000000e+00	0.000000000000e+00
1.118540000000e-05	0.000000000000e+00	0.000000000000e+00	0.000000000000e+00
1.118560000000e-05	0.000000000000e+00	0.000000000000e+00	0.000000000000e+00
1.118580000000e-05	0.000000000000e+00	0.000000000000e+00	0.000000000000e+00
1.118600000000e-05	0.000000000000e+00	0.000000000000e+00	0.000000000000e+00
1.118620000000e-05	0.000000000000e+00	0.000000000000e+00	0.000000000000e+00
1.118640000000e-05	0.000000000000e+00	0.000000000000e+00	0.000000000000e+00
1.118660000000e-05	0.000000000000e+00	0.000000000000e+00	0.000000000000e+00
1.118680000000e-05	0.000000000000e+00	0.000000000000e+00	0.000000000000e+00
1.118700000000e-05	0.000000000000e+00	0.000000000000e+00	0.000000000000e+00
1.118720000000e-05	0.000000000000e+00	0.000000000000e+00	0.000000000000e+00
1.118740000000e-05	0.000000000000e+00	0.000000000000e+00	0.000000000000e+00
1.118760000000e-05	0.000000000000e+00	0.000000000000e+00	0.000000000000e+00
1.118780000000e-05	0.000000000000e+00	0.000000000000e+00	0.000000000000e+00
1.118800000000e-05	0.000000000000e+00	0.000000000000e+00	0.000000000000e+00
1.118820000000e-05	0.000000000000e+00	0.000000000000e+00	0.000000000000e+00
1.118840000000e-05	0.000000000000e+00	0.000000000000e+00	0.000000000000e+00
1.118860000000e-05	0.000000000000e+00	0.000000000000e+00	0.000000000000e+00
1.118880000000e-05	0.000000000000e+00	0.000000000000e+00	0.000000000000e+00
1.118900000000e-05	0.000000000000e+00	0.000000000000e+00	0.000000000000e+00
1.118920000000e-05	0.000000000000e+00	0.000000000000e+00	0.000000000000e+00
1.118940000000e-05	0.000000000000e+00	0.000000000000e+00	0.000000000000e+00
1.118960000000e-05	0.000000000000e+00	0.000000000000e+00	0.000000000000e+00
1.118980000000e-05	0.000000000000e+00	0.000000000000e+00	0.000000000000e+00
1.119000000000e-05	0.000000000000e+00	0.000000000000e+00	0.000000000000e+00
1.119020000000e-05	-1.430496484713e-18	4.219112539346e-18	-2.487181828320e-18
1.119040000000e-05	-1.551059797748e-16	2.042122995451e-16	8.539675435376e-17
1.119060000000e-05	0.000000000000e+00	0.000000000000e+00	0.000000000000e+00
1.119080000000e-05	0.000000000000e+00	0.000000000000e+00	0.000000000000e+00
1.119100000000e-05	0.000000000000e+00	0.000000000000e+00	0.000000000000e+00
1.119120000000e-05	1.930153925666e-16	-1.377456637497e-16	-2.693843335682e-16
1.119140000000e-05	0.000000000000e+00	0.000000000000e+00	0.000000000000e+00
1.119160000000e-05	0.000000000000e+00	0.000000000000e+00	0.000000000000e+00
1.119180000000e-05	0.000000000000e+00	0.000000000000e+00	0.000000000000e+00
1.119200000000e-05	0.000000000000e+00	0.000000000000e+00	0.000000000000e+00
1.119220000000e-05	-1.917739782532e-15	1.902997945957e-16	4.265430301079e-15
1.119240000000e-05	-2.824976614187e-15	2.898612627513e-16	6.272528836963e-15
1.119260000000e-05	-3.546268914612e-15	5.659688894469e-15	5.710747038239e-16
1.119280000000e-05	9.608091433458e-15	-6.158951786167e-15	-1.419773866411e-14
1.119300000000e-05	-1.754566512191e-14	9.304130217272e-14	-8.745514443835e-14
1.119320000000e-05	2.239133238427e-14	1.416287399846e-14	-7.278365981838e-14
1.119340000000e-05	-7.911811722020e-15	2.272048166826e-14	-1.292825378912e-14
1.119360000000e-05	-1.190737063839e-14	2.795796349486e-14	-1.084827822103e-14
1.119380000000e-05	4.970035355695e-14	-6.650983119187e-14	-2.553205287010e-14
1.119400000000e-05	-2.060524142443e-15	2.424842105236e-14	-2.865783614709e-14
1.119420000000e-05	1.849169230772e-15	-1.903142317884e-15	-1.752921626712e-15
1.119440000000e-05	-3.164920507849e-14	5.467398252187e-14	-7.418150176031e-16
1.119460000000e-05	-9.801106225324e-14	1.569763604069e-13	1.208859462911e-14
1.119480000000e-05	4.485863722001e-14	-1.253462129886e-13	6.796766131876e-14
1.119500000000e-05	-9.288630868639e-14	1.281238747519e-13	4.144220331264e-14
1.119520000000e-05	2.854784526160e-14	-3.264448123209e-14	-2.183877296897e-14
1.119540000000e-05	-1.067221046616e-14	3.660640571568e-14	-2.536917838363e-14
1.119560000000e-05	-1.228533050841e-14	2.213932829476e-14	-1.333994562886e-15
1.119580000000e-05	-2.098414369220e-13	2.082475533575e-13	2.095636065770e-13
1.119600000000e-05	-1.981456222694e-13	1.035368272081e-12	-9.709457284635e-13
1.119620000000e-05	-2.766015006862e-14	1.462462591047e-13	-1.375770015988e-13
1.119640000000e-05	-1.687915023728e-13	3.056348316995e-13	-2.420193714406e-14
1.119660000000e-05	-5.374601591226e-13	3.210487818825e-13	8.287042954361e-13
1.119680000000e-05	2.077573534052e-13	-1.242319414352e-13	-3.206642553189e-13
1.119700000000e-05	-1.101828049588e-13	5.550012000503e-13	-5.114520144613e-13
1.119720000000e-05	1.814795819280e-13	-2.575227173398e-13	-7.014310660891e-14
1.119740000000e-05	3.152720485529e-13	-6.168565787412e-14	-6.664045867548e-13
1.119760000000e-05	3.965426820298e-14	9.381298547740e-14	-2.248890429737e-13
1.119780000000e-05	-2.088152583009e-13	-1.916560814393e-13	7.651389993853e-13
1.119800000000e-05	-1.849662909770e-13	1.885816804605e-13	1.766205697005e-13
1.119820000000e-05	9.276647667104e-14	1.508482048847e-13	-4.322326949127e-13
1.119840000000e-05	5.154305599605e-14	1.202068088567e-13	-2.893939959649e-13
1.119860000000e-05	3.225926832818e-14	3.806121089293e-14	-1.289795860445e-13
1.119880000000e-05	-3.058705547766e-13	5.014653261193e-13	2.711824148218e-14
1.119900000000e-05	-3.146312960266e-13	8.531926373199e-13	-4.406595779607e-13
1.119920000000e-05	-1.003845906423e-12	1.059967932643e-12	9.103211644404e-13
1.119940000000e-05	-8.373938121343e-13	1.192846232621e-12	3.322421737369e-13
1.119960000000e-05	-2.690407886309e-13	6.299591425313e-13	-2.448323790280e-13
1.119980000000e-05	3.687211957016e-13	6.600825221934e-13	-1.806692622658e-12
1.120000000000e-05	9.422874180185e-13	2.363631875313e-12	-5.560309183374e-12
1.120020000000e-05	-2.103813687626e-12	2.991062811877e-12	8.360558484371e-13
1.120040000000e-05	-6.809206802634e-13	5.621039528821e-13	8.450142363548e-13
1.120060000000e-05	-4.641838659392e-14	-6.046534853869e-13	9.676359905088e-13
1.120080000000e-05	2.712683990493e-13	-2.259010360533e-13	-3.357613177987e-13
1.120100000000e-05	1.507187308751e-13	2.816876255066e-12	-4.318469125191e-12
1.120120000000e-05	-7.413703451134e-13	4.592584083583e-13	1.140515142538e-12
1.120140000000e-05	-1.055434667480e-12	2.256758568201e-12	-6.371137300463e-13
1.120160000000e-05	-2.625075482021e-12	3.764883638307e-12	1.004523259118e-12
1.120180000000e-05	-1.505691893913e-12	2.294054631785e-12	3.954669312583e-13
1.120200000000e-05	-6.577438515901e-13	1.607569059040e-12	-6.706703026210e-13
1.120220000000e-05	-1.801378227941e-12	4.624715983026e-12	-2.159652297720e-12
1.120240000000e-05	-8.302939125390e-13	9.290458396874e-13	6.835443928204e-13
1.120260000000e-05	-7.363857411123e-13	2.587656667135e-12	-1.852343800621e-12
1.120280000000e-05	-1.517083411550e-12	1.885522617461e-12	9.881974611912e-13
1.120300000000e-05	9.159123487151e-13	4.056194198932e-12	-7.889381680220e-12
1.120320000000e-05	-2.030514698890e-12	3.979028324638e-12	-7.210273831341e-13
1.120340000000e-05	-2.782674656527e-13	3.315612796477e-12	-4.015150202911e-12
1.120360000000e-05	-3.310948571437e-12	4.203622630644e-12	2.028435086396e-12
1.120380000000e-05	-1.959705027107e-12	5.414475995586e-12	-2.866135830218e-12
1.120400000000e-05	-4.951355038291e-12	7.420973548014e-12	1.475108140704e-12
1.120420000000e-05	-5.442109504866e-12	6.824877826865e-12	3.449914757903e-12
1.120440000000e-05	-4.520809984684e-12	9.867093949197e-12	-3.056507078635e-12
1.120460000000e-05	-2.628034460989e-12	7.062410594484e-12	-3.626497251179e-12
1.120480000000e-05	-6.036064876410e-12	5.787866204705e-12	6.388519924378e-12
1.120500000000e-05	-1.926992013906e-12	7.335170681849e-12	-5.668801299972e-12
1.120520000000e-05	-1.674305836650e-12	1.078366450175e-11	-1.118731911711e-11
1.120540000000e-05	-9.411332300529e-12	1.767916098253e-11	-2.206344889337e-12
1.120560000000e-05	-3.004349047652e-12	1.006363373926e-11	-6.938289531669e-12
1.120580000000e-05	-1.648866997288e-11	2.523905824057e-11	4.269281565562e-12
1.120600000000e-05	-5.458734953482e-12	1.364147898754e-11	-6.080155960689e-12
1.120620000000e-05	-7.173832513528e-12	1.619781776350e-11	-5.512097459337e-12
1.120640000000e-05	-2.909425063490e-12	1.200870621658e-11	-9.977040721969e-12
1.120660000000e-05	-7.515037994272e-12	1.334710412936e-11	-7.313348350991e-13
1.120680000000e-05	-4.545110371830e-12	1.439792306689e-11	-9.369196996556e-12
1.120700000000e-05	7.839634364100e-13	1.329438565113e-11	-2.060295405529e-11
1.120720000000e-05	-1.437802045487e-11	2.050577295639e-11	5.802955831873e-12
1.120740000000e-05	-1.219805608225e-11	2.217510098860e-11	-1.851328598012e-12
1.120760000000e-05	-8.239370079540e-12	2.338160968536e-11	-1.315046784259e-11
1.120780000000e-05	-1.464582259588e-11	2.234195145465e-11	3.858240364382e-12
1.120800000000e-05	-1.644341710201e-11	3.807350226210e-11	-1.407227023964e-11
1.120820000000e-05	-1.374394314670e-11	3.100576936556e-11	-1.058174105406e-11
1.120840000000e-05	-3.250092659065e-11	4.930467213933e-11	8.976428905335e-12
1.120860000000e-05	-1.034531212230e-11	2.915993461786e-11	-1.622869583810e-11
1.120880000000e-05	-1.740115895550e-11	5.289157087514e-11	-3.273848832043e-11
1.120900000000e-05	-2.519639811586e-11	4.097928861157e-11	3.042732283465e-12
1.120920000000e-05	-2.707773806773e-11	6.063914137700e-11	-2.022249696426e-11
1.120940000000e-05	-2.554019177552e-11	5.024542444120e-11	-9.163850978728e-12
1.120960000000e-05	-1.098127808400e-11	4.885530221424e-11	-4.262279314380e-11
1.120980000000e-05	-5.381373579289e-11	9.379516615332e-11	-2.439777260665e-12
1.121000000000e-05	-4.388800237786e-11	8.464459312332e-11	-1.336527800822e-11
1.121020000000e-05	-3.190480598728e-11	6.931431161916e-11	-2.075764870876e-11
1.121040000000e-05	-3.881107163722e-11	9.600518412900e-11	-4.197980006011e-11
1.121060000000e-05	-5.664172340655e-11	9.720788468495e-11	4.415707969950e-14
1.121080000000e-05	-3.900029738085e-11	7.903541705383e-11	-1.742633779323e-11
1.121100000000e-05	-1.995426428191e-11	7.789041389366e-11	-6.247176773819e-11
1.121120000000e-05	-5.979309760925e-11	1.076687579665e-10	-7.299520157987e-12
1.121140000000e-05	-4.417690578710e-11	8.456752769625e-11	-1.255875976419e-11
1.121160000000e-05	-4.601406776998e-11	1.051100756016e-10	-3.758107625816e-11
1.121180000000e-05	-4.201304212863e-11	1.182751322796e-10	-6.575875634311e-11
1.121200000000e-05	-5.630268871312e-11	1.110173704940e-10	-2.064148193656e-11
1.121220000000e-05	-7.407969953095e-11	1.505089239987e-10	-3.338406860520e-11
1.121240000000e-05	-6.567482860512e-11	1.401445602860e-10	-3.937873886028e-11
1.121260000000e-05	-6.099783409782e-11	1.518507467481e-10	-6.738856241945e-11
1.121280000000e-05	-6.869117173047e-11	1.503007704937e-10	-4.642698242501e-11
1.121300000000e-05	-8.995212901541e-11	1.884397536203e-10	-4.876727964839e-11
1.121320000000e-05	-9.836581948019e-11	1.881433202251e-10	-2.773760345308e-11
1.121340000000e-05	-7.185363404734e-11	2.004176379276e-10	-1.103880106945e-10
1.121360000000e-05	-1.170514909218e-10	1.890359100406e-10	1.666157000086e-11
1.121380000000e-05	-9.999125212265e-11	1.926627386329e-10	-3.009944194336e-11
1.121400000000e-05	-7.381141108247e-11	2.051087382525e-10	-1.119605894866e-10
1.121420000000e-05	-1.000632984020e-10	2.408635264948e-10	-9.907212105372e-11
1.121440000000e-05	-1.100399353918e-10	2.474083215519e-10	-8.358152936530e-11
1.121460000000e-05	-8.492532125183e-11	2.297702993142e-10	-1.200882762985e-10
1.121480000000e-05	-1.462305475805e-10	3.242941731364e-10	-1.048662486823e-10
1.121500000000e-05	-2.179893625555e-10	3.391814841960e-10	4.967436137596e-11
1.121520000000e-05	-1.091419293610e-10	2.872602988571e-10	-1.427805197515e-10
1.121540000000e-05	-1.956993279932e-10	3.746002410152e-10	-5.578652547271e-11
1.121560000000e-05	-1.496384709836e-10	3.261696137200e-10	-9.933799535317e-11
1.121580000000e-05	-2.115107651774e-10	4.147335308437e-10	-7.420820500879e-11
1.121600000000e-05	-1.659982125516e-10	3.967682149649e-10	-1.599250102474e-10
1.121620000000e-05	-2.088122362395e-10	4.435340003769e-10	-1.216655095508e-10
1.121640000000e-05	-2.023149817476e-10	4.096370716055e-10	-8.944754157232e-11
1.121660000000e-05	-1.796905258452e-10	4.172214246833e-10	-1.559757884043e-10
1.121680000000e-05	-2.882247412641e-10	5.950672051398e-10	-1.439626308889e-10
1.121700000000e-05	-2.098514695888e-10	4.948697676737e-10	-1.927422226672e-10
1.121720000000e-05	-2.175053577626e-10	5.359158310253e-10	-2.331433386876e-10
1.121740000000e-05	-2.821584393427e-10	6.046435617809e-10	-1.721982483793e-10
1.121760000000e-05	-3.175174739006e-10	6.300313378423e-10	-1.216035141889e-10
1.121780000000e-05	-3.007825632410e-10	6.060341325290e-10	-1.282262346513e-10
1.121800000000e-05	-3.209209159532e-10	7.359034169066e-10	-2.649618935330e-10
1.121820000000e-05	-3.702459554528e-10	6.854504475387e-10	-7.147257802407e-11
1.121840000000e-05	-3.243524622263e-10	7.485568711490e-10	-2.753247546551e-10
1.121860000000e-05	-3.775655542351e-10	7.982342088067e-10	-2.151604259111e-10
1.121880000000e-05	-3.808339204758e-10	7.711775562428e-10	-1.687871324067e-10
1.121900000000e-05	-3.695126366967e-10	7.805263414645e-10	-2.087946835009e-10
1.121920000000e-05	-4.604798162967e-10	9.437023354426e-10	-2.197446049766e-10
1.121940000000e-05	-3.565855644226e-10	9.322021498538e-10	-4.600447705480e-10
1.121960000000e-05	-4.451498115950e-10	9.563689370944e-10	-2.752250007366e-10
1.121980000000e-05	-5.627333143585e-10	1.176276586188e-09	-3.019093031903e-10
1.122000000000e-05	-4.903666373529e-10	1.105104417548e-09	-3.778968878782e-10
1.122020000000e-05	-4.734085261190e-10	1.098018624774e-09	-4.092689204455e-10
1.122040000000e-05	-4.691914247851e-10	1.259074424992e-09	-6.517822288769e-10
1.122060000000e-05	-6.250713038178e-10	1.186316502949e-09	-1.613045857093e-10
1.122080000000e-05	-6.235739349235e-10	1.327865774167e-09	-3.694518151628e-10
1.122100000000e-05	-5.588450396504e-10	1.331664364952e-09	-5.343279582108e-10
1.122120000000e-05	-7.586852790519e-10	1.558571974598e-09	-3.669447498755e-10
1.122140000000e-05	-6.634161430784e-10	1.466046167568e-09	-4.703556028449e-10
1.122160000000e-05	-6.440663124126e-10	1.560480390806e-09	-6.546271810040e-10
1.122180000000e-05	-6.696487171536e-10	1.506318370019e-09	-5.120492447759e-10
1.122200000000e-05	-6.341015099057e-10	1.416123086254e-09	-4.712065447876e-10
1.122220000000e-05	-7.930252021588e-10	1.801331708083e-09	-6.325553438600e-10
1.122240000000e-05	-7.285163773491e-10	1.710587756769e-09	-6.620824854943e-10
1.122260000000e-05	-9.737416459772e-10	1.895674224968e-09	-3.196937740990e-10
1.122280000000e-05	-9.817217392525e-10	2.031405348454e-09	-4.958477002095e-10
1.122300000000e-05	-8.822772966424e-10	1.983753097747e-09	-6.751270071159e-10
1.122320000000e-05	-8.563177574336e-10	1.857419862172e-09	-5.548148075451e-10
1.122340000000e-05	-8.535009091930e-10	2.013990092166e-09	-7.892089617330e-10
1.122360000000e-05	-9.495583245656e-10	2.215570640776e-09	-8.431898875525e-10
1.122380000000e-05	-1.013144272665e-09	2.135786401938e-09	-5.693324261834e-10
1.122400000000e-05	-9.962971290911e-10	2.367948114555e-09	-9.457023450060e-10
1.122420000000e-05	-1.115129370827e-09	2.442234776568e-09	-7.576749029878e-10
1.122440000000e-05	-1.257581689951e-09	2.635910112970e-09	-6.843754025033e-10
1.122460000000e-05	-9.856449402790e-10	2.140377698046e-09	-6.449552341059e-10
1.122480000000e-05	-1.177348956988e-09	2.790626066807e-09	-1.107437848779e-09
1.122500000000e-05	-1.307913077185e-09	2.875346554768e-09	-9.045914654215e-10
1.122520000000e-05	-1.287931560333e-09	2.716653812940e-09	-7.250502687268e-10
1.122540000000e-05	-1.300513899452e-09	2.785455739793e-09	-7.945320017550e-10
1.122560000000e-05	-1.257452302271e-09	3.023157358715e-09	-1.244392636924e-09
1.122580000000e-05	-1.487702457534e-09	3.069009164827e-09	-7.382390597469e-10
1.122600000000e-05	-1.433161605194e-09	3.103557429620e-09	-9.235864145877e-10
1.122620000000e-05	-1.235111965690e-09	3.066633584948e-09	-1.367566900414e-09
1.122640000000e-05	-1.605421067686e-09	3.540139621329e-09	-1.126775709528e-09
1.122660000000e-05	-1.648894097107e-09	3.516259304219e-09	-9.830504422522e-10
1.122680000000e-05	-1.595850999703e-09	3.600420268235e-09	-1.240359933134e-09
1.122700000000e-05	-1.535265891391e-09	3.446716016294e-09	-1.167043710505e-09
1.122720000000e-05	-1.536644576472e-09	3.660036379003e-09	-1.477060426421e-09
1.122740000000e-05	-1.704051788789e-09	3.686807879466e-09	-1.092995296394e-09
1.122760000000e-05	-1.696916767127e-09	3.983920930936e-09	-1.546915011631e-09
1.122780000000e-05	-2.028957138356e-09	4.312149041626e-09	-1.188919558286e-09
1.122800000000e-05	-1.887320754438e-09	4.154755936333e-09	-1.313309281207e-09
1.122820000000e-05	-1.849788593135e-09	4.086678085314e-09	-1.312480094590e-09
1.122840000000e-05	-1.721337623424e-09	3.917028848119e-09	-1.385200898390e-09
1.122860000000e-05	-1.921143923709e-09	4.384301786470e-09	-1.566132789287e-09
1.122880000000e-05	-1.652767088126e-09	3.680107558578e-09	-1.213977577563e-09
1.122900000000e-05	-1.559211471238e-09	3.782670849659e-09	-1.597038649565e-09
1.122920000000e-05	-1.943399508990e-09	4.270805105050e-09	-1.347765464968e-09
1.122940000000e-05	-1.952869533438e-09	4.403883504005e-09	-1.513312077790e-09
1.122960000000e-05	-1.796173111877e-09	3.905637177909e-09	-1.182827242404e-09
1.122980000000e-05	-1.990488504541e-09	4.268114258011e-09	-1.219905194059e-09
1.123000000000e-05	-2.035114091040e-09	4.333494296736e-09	-1.206935890050e-09
1.123020000000e-05	-1.840722239509e-09	4.459865650999e-09	-1.879511523369e-09
1.123040000000e-05	-2.119988343244e-09	4.697341683857e-09	-1.524156481034e-09
1.123060000000e-05	-2.489160315849e-09	5.386478066719e-09	-1.602032769680e-09
1.123080000000e-05	-2.276678885953e-09	4.767138636740e-09	-1.232338563650e-09
1.123100000000e-05	-2.229818717979e-09	5.029755107835e-09	-1.732631975399e-09
1.123120000000e-05	-2.022532167188e-09	4.750089941878e-09	-1.848201988167e-09
1.123140000000e-05	-2.505586426170e-09	5.061910639018e-09	-1.083822725913e-09
1.123160000000e-05	-2.042301252076e-09	5.276821792106e-09	-2.565274152672e-09
1.123180000000e-05	-2.254903405707e-09	5.264078852800e-09	-2.012678761908e-09
1.123200000000e-05	-2.372164860602e-09	5.653910175338e-09	-2.290295867294e-09
1.123220000000e-05	-2.618490451803e-09	5.456012442384e-09	-1.377058227077e-09
1.123240000000e-05	-2.435627585855e-09	5.447423901207e-09	-1.826042241844e-09
1.123260000000e-05	-2.423289864781e-09	5.653347499515e-09	-2.156056440802e-09
1.123280000000e-05	-2.438852943239e-09	5.457729647867e-09	-1.836003371410e-09
1.123300000000e-05	-2.651635582200e-09	6.195179253974e-09	-2.371848995287e-09
1.123320000000e-05	-2.773292270687e-09	6.106931718373e-09	-1.939589132080e-09
1.123340000000e-05	-2.780474193524e-09	6.114660788167e-09	-1.930882519572e-09
1.123360000000e-05	-2.854312273785e-09	6.682413332883e-09	-2.576328660930e-09
1.123380000000e-05	-3.095974531335e-09	6.630454818233e-09	-1.891991827583e-09
1.123400000000e-05	-2.753349234791e-09	6.226911160877e-09	-2.166444848100e-09
1.123420000000e-05	-2.478498612128e-09	6.333088586120e-09	-3.015405302174e-09
1.123440000000e-05	-2.985239947521e-09	6.352710631091e-09	-1.765878624262e-09
1.123460000000e-05	-3.055861713912e-09	6.877201549966e-09	-2.353797077127e-09
1.123480000000e-05	-3.366482927777e-09	7.457685310885e-09	-2.419953191504e-09
1.123500000000e-05	-2.939771993253e-09	6.967001725742e-09	-2.781018643430e-09
1.123520000000e-05	-2.917191316996e-09	6.520542773296e-09	-2.182447945372e-09
1.123540000000e-05	-3.193830413822e-09	7.071343438238e-09	-2.289852255640e-09
1.123560000000e-05	-3.192136367881e-09	7.177202193243e-09	-2.448259678392e-09
1.123580000000e-05	-3.291541700214e-09	7.457238695354e-09	-2.606243370023e-09
1.123600000000e-05	-3.378294697217e-09	7.427198141209e-09	-2.347044549929e-09
1.123620000000e-05	-3.415865416785e-09	7.693825987775e-09	-2.642489114336e-09
1.123640000000e-05	-3.544872495442e-09	7.537749288512e-09	-2.088748804934e-09
1.123660000000e-05	-3.686818993356e-09	8.121470738885e-09	-2.583954734142e-09
1.123680000000e-05	-3.209894302236e-09	7.535901663915e-09	-2.932717421536e-09
1.123700000000e-05	-3.217632147970e-09	7.680144097620e-09	-3.125801166459e-09
1.123720000000e-05	-3.498550925636e-09	8.249311415826e-09	-3.248563478503e-09
1.123740000000e-05	-3.619899668947e-09	8.223721969416e-09	-2.903969058258e-09
1.123760000000e-05	-3.592345093919e-09	8.204228897349e-09	-2.950018543056e-09
1.123780000000e-05	-3.742463056078e-09	8.395610869340e-09	-2.846194055441e-09
1.123800000000e-05	-3.965605622941e-09	8.663304514120e-09	-2.675783601355e-09
1.123820000000e-05	-3.129796642130e-09	7.774591214588e-09	-3.489749851388e-09
1.123840000000e-05	-3.665707730279e-09	8.588391898879e-09	-3.328405292225e-09
1.123860000000e-05	-4.609245798478e-09	9.505114770956e-09	-2.282049251871e-09
1.123880000000e-05	-4.194596408761e-09	9.199204259714e-09	-2.881890580605e-09
1.123900000000e-05	-3.956360680367e-09	8.781760320282e-09	-2.874245551821e-09
1.123920000000e-05	-3.813700866585e-09	9.013801707306e-09	-3.578604926908e-09
1.123940000000e-05	-3.791580853842e-09	9.121488858612e-09	-3.794795866152e-09
1.123960000000e-05	-4.023162727527e-09	9.239228798553e-09	-3.372332425851e-09
1.123980000000e-05	-3.991461697067e-09	9.345050299751e-09	-3.616691946825e-09
1.124000000000e-05	-4.156259246296e-09	9.740798702669e-09	-3.778879369324e-09
1.124020000000e-05	-4.178143548308e-09	9.369816397770e-09	-3.181446299414e-09
1.124040000000e-05	-4.222732375723e-09	9.360472893134e-09	-3.048303431534e-09
1.124060000000e-05	-4.389699272616e-09	1.002638368525e-08	-3.605420732240e-09
1.124080000000e-05	-4.252440195506e-09	9.952372463058e-09	-3.848139592400e-09
1.124100000000e-05	-4.497609610254e-09	1.006675400778e-08	-3.397288854045e-09
1.124120000000e-05	-4.389746033829e-09	9.734970460491e-09	-3.178265389261e-09
1.124140000000e-05	-4.161113045919e-09	9.929960882606e-09	-4.044129757871e-09
1.124160000000e-05	-4.392693802294e-09	1.002791934481e-08	-3.608636233696e-09
1.124180000000e-05	-4.325508528447e-09	1.041012678696e-08	-4.340262554729e-09
1.124200000000e-05	-4.054768851397e-09	9.869131573305e-09	-4.235005809058e-09
1.124220000000e-05	-4.184657683011e-09	1.008785012806e-08	-4.226531714260e-09
1.124240000000e-05	-5.033231049932e-09	1.099278814788e-08	-3.386546209433e-09
1.124260000000e-05	-4.422443581100e-09	1.021271293333e-08	-3.803416522072e-09
1.124280000000e-05	-4.409508489128e-09	1.009336217858e-08	-3.660434844950e-09
1.124300000000e-05	-4.373327223521e-09	1.039483728599e-08	-4.198349909470e-09
1.124320000000e-05	-4.473785677263e-09	1.018148271110e-08	-3.627729899027e-09
1.124340000000e-05	-4.886815839787e-09	1.143234006538e-08	-4.421663883586e-09
1.124360000000e-05	-4.804110098534e-09	1.091746774746e-08	-3.877238457991e-09
1.124380000000e-05	-4.106306919802e-09	1.026453500961e-08	-4.688395136335e-09
1.124400000000e-05	-4.976007547244e-09	1.155112407618e-08	-4.363480695906e-09
1.124420000000e-05	-4.890005722817e-09	1.089371202506e-08	-3.618462174459e-09
1.124440000000e-05	-4.530748695062e-09	1.030357610187e-08	-3.663150455948e-09
1.124460000000e-05	-4.287688108111e-09	1.104667647313e-08	-5.389212233852e-09
1.124480000000e-05	-4.886842211366e-09	1.142369219734e-08	-4.412988627198e-09
1.124500000000e-05	-5.256760157843e-09	1.152958563518e-08	-3.617757019462e-09
1.124520000000e-05	-4.529875796639e-09	1.108400068115e-08	-4.824953395944e-09
1.124540000000e-05	-4.822253100028e-09	1.113033077058e-08	-4.139740605463e-09
1.124560000000e-05	-4.388252466573e-09	1.045293207689e-08	-4.253383116288e-09
1.124580000000e-05	-4.902812200620e-09	1.128838697686e-08	-4.171184178250e-09
1.124600000000e-05	-4.595987392618e-09	1.126770181111e-08	-4.931562428706e-09
1.124620000000e-05	-5.088039930520e-09	1.167765590042e-08	-4.276309791947e-09
1.124640000000e-05	-4.931118575641e-09	1.134324663344e-08	-4.183505655902e-09
1.124660000000e-05	-5.174215282743e-09	1.138926103122e-08	-3.624878168650e-09
1.124680000000e-05	-4.517410809854e-09	1.100762269676e-08	-4.744709340131e-09
1.124700000000e-05	-5.369045370571e-09	1.134189031732e-08	-3.048279567612e-09
1.124720000000e-05	-4.803242835365e-09	1.154279410455e-08	-4.811635181235e-09
1.124740000000e-05	-5.023853581234e-09	1.129219465306e-08	-3.870464665790e-09
1.124760000000e-05	-5.489016508792e-09	1.192876787882e-08	-3.623589421746e-09
1.124780000000e-05	-5.317297601181e-09	1.177906092956e-08	-3.841503563891e-09
1.124800000000e-05	-4.654291963595e-09	1.077978733144e-08	-4.058757950300e-09
1.124820000000e-05	-4.920054514459e-09	1.176410837752e-08	-4.836108151462e-09
1.124840000000e-05	-4.738311741298e-09	1.115968756315e-08	-4.406439393107e-09
1.124860000000e-05	-4.561834749775e-09	1.166065385926e-08	-5.613193548167e-09
1.124880000000e-05	-5.252508321301e-09	1.209385084585e-08	-4.480034537678e-09
1.124900000000e-05	-4.791339831757e-09	1.157271998239e-08	-4.885235236003e-09
1.124920000000e-05	-4.512033536167e-09	1.144627771307e-08	-5.414957487047e-09
1.124940000000e-05	-5.098490618356e-09	1.140544994168e-08	-3.856240379081e-09
1.124960000000e-05	-4.707202967616e-09	1.142005236010e-08	-4.881630988775e-09
1.124980000000e-05	-4.717495689892e-09	1.180377261775e-08	-5.431830561692e-09
1.125000000000e-05	-5.025967155015e-09	1.187155354460e-08	-4.725064479822e-09
1.125020000000e-05	-5.407402897332e-09	1.196065725443e-08	-3.882110186412e-09
1.125040000000e-05	-5.312907019120e-09	1.215388903693e-08	-4.409998877172e-09
1.125060000000e-05	-5.072430941936e-09	1.216612480203e-08	-5.053280138582e-09
1.125080000000e-05	-5.100865262856e-09	1.161382893799e-08	-4.156085407216e-09
1.125100000000e-05	-4.674693770164e-09	1.102255886553e-08	-4.381977153099e-09
1.125120000000e-05	-5.358332006481e-09	1.211822121173e-08	-4.245304340077e-09
1.125140000000e-05	-3.989235032946e-09	1.053168223128e-08	-5.417028525467e-09
1.125160000000e-05	-4.596869572645e-09	1.103098349692e-08	-4.589504280344e-09
1.125180000000e-05	-4.987265560529e-09	1.159370664821e-08	-4.424929137191e-09
1.125200000000e-05	-4.690067680137e-09	1.158773116679e-08	-5.190259390938e-09
1.125220000000e-05	-5.106632073753e-09	1.173953042670e-08	-4.333855586673e-09
1.125240000000e-05	-4.301094181600e-09	1.084243465832e-08	-5.071311458679e-09
1.125260000000e-05	-4.316233956692e-09	1.110884957748e-08	-5.445365041626e-09
1.125280000000e-05	-4.720241990159e-09	1.111520726954e-08	-4.403376180279e-09
1.125300000000e-05	-5.049061829213e-09	1.169517208890e-08	-4.415897811306e-09
1.125320000000e-05	-4.534190970423e-09	1.131435557814e-08	-5.179187878346e-09
1.125340000000e-05	-4.753461199814e-09	1.130974490389e-08	-4.607649070739e-09
1.125360000000e-05	-4.813298899468e-09	1.160292154485e-08	-4.883411008485e-09
1.125380000000e-05	-4.873604400023e-09	1.129025830725e-08	-4.277185045188e-09
1.125400000000e-05	-4.397899267094e-09	1.111072262225e-08	-5.237020374178e-09
1.125420000000e-05	-5.015007516030e-09	1.115205848161e-08	-3.693687246628e-09
1.125440000000e-05	-4.256930438349e-09	1.028673104397e-08	-4.369158101455e-09
1.125460000000e-05	-5.240034966991e-09	1.126412702738e-08	-3.277757880752e-09
1.125480000000e-05	-4.516107492181e-09	1.089163350964e-08	-4.600710897877e-09
1.125500000000e-05	-4.680320350774e-09	1.140961378052e-08	-4.946492947831e-09
1.125520000000e-05	-4.285424495045e-09	1.001815604806e-08	-3.887672832489e-09
1.125540000000e-05	-4.695552913247e-09	1.134146185676e-08	-4.813417269100e-09
1.125560000000e-05	-4.579468827265e-09	1.108298180161e-08	-4.723428445071e-09
1.125580000000e-05	-3.955926143898e-09	1.023588324316e-08	-5.080044961876e-09
1.125600000000e-05	-4.733840723589e-09	1.073131155550e-08	-3.796777155325e-09
1.125620000000e-05	-4.806658973290e-09	1.110538208968e-08	-4.171514604322e-09
1.125640000000e-05	-4.142866073250e-09	9.894056706894e-09	-4.080374528372e-09
1.125660000000e-05	-4.237544484446e-09	1.066596206805e-08	-4.994621230907e-09
1.125680000000e-05	-4.056284727662e-09	1.035817356939e-08	-5.015068637325e-09
1.125700000000e-05	-4.784655733355e-09	1.089193286748e-08	-3.914417465589e-09
1.125720000000e-05	-4.398546299433e-09	1.051215281385e-08	-4.343456675730e-09
1.125740000000e-05	-4.142259438203e-09	1.050840064888e-08	-5.004085108262e-09
1.125760000000e-05	-4.693073712767e-09	1.117996550612e-08	-4.582686306070e-09
1.125780000000e-05	-4.976590767825e-09	1.064184697070e-08	-3.031033927498e-09
1.125800000000e-05	-3.754551647694e-09	9.442553669894e-09	-4.425318484798e-09
1.125820000000e-05	-4.392998764154e-09	1.035111366676e-08	-4.113817056231e-09
1.125840000000e-05	-4.005746500764e-09	1.022842578953e-08	-4.946906556337e-09
1.125860000000e-05	-4.451265284060e-09	1.003033811136e-08	-3.489785590703e-09
1.125880000000e-05	-3.433433235537e-09	9.028298375761e-09	-4.639406397665e-09
1.125900000000e-05	-4.277391211253e-09	9.870127078526e-09	-3.699189146518e-09
1.125920000000e-05	-4.612366856489e-09	9.873080740207e-09	-2.825451039889e-09
1.125940000000e-05	-4.251111775641e-09	9.919940559824e-09	-3.847073163437e-09
1.125960000000e-05	-4.080289692377e-09	9.824808028201e-09	-4.146527158070e-09
1.125980000000e-05	-3.863710294922e-09	9.468155420957e-09	-4.165569975403e-09
1.126000000000e-05	-3.545212322937e-09	9.461321333340e-09	-5.008763583818e-09
1.126020000000e-05	-3.900545890645e-09	9.694694074197e-09	-4.415214992215e-09
1.126040000000e-05	-3.961110044002e-09	9.539549414644e-09	-4.029520551118e-09
1.126060000000e-05	-3.730654392471e-09	8.955683567609e-09	-3.763688562265e-09
1.126080000000e-05	-3.780089625031e-09	9.426507016295e-09	-4.323991193823e-09
1.126100000000e-05	-3.979691774853e-09	8.711835218310e-09	-2.736885544608e-09
1.126120000000e-05	-4.182846592339e-09	1.033042029469e-08	-4.638434132298e-09
1.126140000000e-05	-3.936869931897e-09	8.713439116819e-09	-2.846098772811e-09
1.126160000000e-05	-3.599645368243e-09	9.014566134198e-09	-4.210245403183e-09
1.126180000000e-05	-4.050301205465e-09	9.445986076085e-09	-3.663408496747e-09
1.126200000000e-05	-3.621684773140e-09	8.582828134952e-09	-3.480140276649e-09
1.126220000000e-05	-4.015159155574e-09	9.105061565567e-09	-3.234836206200e-09
1.126240000000e-05	-3.524273097078e-09	8.803764166066e-09	-4.059858069768e-09
1.126260000000e-05	-3.528549880720e-09	8.771316230179e-09	-4.006121638149e-09
1.126280000000e-05	-3.029348181131e-09	7.778488712838e-09	-3.810035667494e-09
1.126300000000e-05	-3.008216638449e-09	8.225542363231e-09	-4.563498375182e-09
1.126320000000e-05	-3.327843273527e-09	8.500123088217e-09	-4.142309176144e-09
1.126340000000e-05	-3.590278894466e-09	8.338111195128e-09	-3.191120220422e-09
1.126360000000e-05	-3.400943260382e-09	8.240323155979e-09	-3.542603218988e-09
1.126380000000e-05	-3.276486736587e-09	7.657179338237e-09	-2.990188027682e-09
1.126400000000e-05	-3.495094522584e-09	7.898863473335e-09	-2.775002767438e-09
1.126420000000e-05	-2.793306612363e-09	7.224829110392e-09	-3.614483148587e-09
1.126440000000e-05	-3.071409438791e-09	7.679111732599e-09	-3.575100907986e-09
1.126460000000e-05	-3.310246312873e-09	8.166947985103e-09	-3.673758361429e-09
1.126480000000e-05	-3.070651795932e-09	7.246635401322e-09	-2.911565757488e-09
1.126500000000e-05	-3.551489353105e-09	8.543697579730e-09	-3.603053397967e-09
1.126520000000e-05	-2.976008416697e-09	7.278991429939e-09	-3.213550064422e-09
1.126540000000e-05	-2.967193844087e-09	7.345658162970e-09	-3.335041569608e-09
1.126560000000e-05	-3.157722932406e-09	7.917457058737e-09	-3.698475725089e-09
1.126580000000e-05	-3.432055671485e-09	7.739056415663e-09	-2.703030532120e-09
1.126600000000e-05	-2.753573713278e-09	7.445850152583e-09	-4.045648864829e-09
1.126620000000e-05	-3.125232785448e-09	7.300109563272e-09	-2.842383872299e-09
1.126640000000e-05	-2.569746036455e-09	6.540997382182e-09	-3.168995159313e-09
1.126660000000e-05	-2.285313962000e-09	6.718390930118e-09	-4.182398071729e-09
1.126680000000e-05	-3.229968095265e-09	7.566499585057e-09	-2.977094290151e-09
1.126700000000e-05	-2.549961809845e-09	6.560925516702e-09	-3.249796346386e-09
1.126720000000e-05	-2.903254806128e-09	6.856876706215e-09	-2.770329465059e-09
1.126740000000e-05	-2.494758034196e-09	6.650812729522e-09	-3.549774998346e-09
1.126760000000e-05	-2.832946037412e-09	6.389901378845e-09	-2.241834055882e-09
1.126780000000e-05	-2.189053643904e-09	5.710599017122e-09	-2.909701295330e-09
1.126800000000e-05	-3.013138660937e-09	7.313363932263e-09	-3.168385847495e-09
1.126820000000e-05	-2.408262800993e-09	6.165309498032e-09	-3.020696741187e-09
1.126840000000e-05	-2.367668305864e-09	5.892731872981e-09	-2.719328836007e-09
1.126860000000e-05	-2.355785039796e-09	5.848471624275e-09	-2.667588492462e-09
1.126880000000e-05	-2.352400679514e-09	5.579187529618e-09	-2.280714772496e-09
1.126900000000e-05	-2.226903767959e-09	5.557170976280e-09	-2.586458599823e-09
1.126920000000e-05	-2.286586824527e-09	5.678864917593e-09	-2.600552590410e-09
1.126940000000e-05	-2.223827594227e-09	5.576478028248e-09	-2.615675521557e-09
1.126960000000e-05	-2.396793249179e-09	6.255410095126e-09	-3.204429036924e-09
1.126980000000e-05	-2.340460153016e-09	4.927295726073e-09	-1.310752936049e-09
1.127000000000e-05	-2.651713274776e-09	6.461877493962e-09	-2.835817443455e-09
1.127020000000e-05	-2.291265685815e-09	5.451566477693e-09	-2.234907328491e-09
1.127040000000e-05	-1.856643661966e-09	4.984173426939e-09	-2.680364013395e-09
1.127060000000e-05	-2.438364024454e-09	5.640731019399e-09	-2.147478526633e-09
1.127080000000e-05	-1.738851258056e-09	4.635944326742e-09	-2.461809410656e-09
1.127100000000e-05	-2.419301336103e-09	5.364891356641e-09	-1.789773772102e-09
1.127120000000e-05	-1.808978514856e-09	4.990151424858e-09	-2.825275541241e-09
1.127140000000e-05	-2.311738104475e-09	5.044371101112e-09	-1.570236705112e-09
1.127160000000e-05	-1.615235018701e-09	4.831128571015e-09	-3.099471983645e-09
1.127180000000e-05	-1.975539016778e-09	4.993492483876e-09	-2.405551086876e-09
1.127200000000e-05	-2.410548862973e-09	5.023982425257e-09	-1.255845238802e-09
1.127220000000e-05	-1.349475815848e-09	4.180119704077e-09	-2.811833349247e-09
1.127240000000e-05	-1.624547168767e-09	4.296188575647e-09	-2.258731300319e-09
1.127260000000e-05	-2.288302087779e-09	5.234225799000e-09	-1.924623795884e-09
1.127280000000e-05	-1.820828733916e-09	3.977530651921e-09	-1.254289974771e-09
1.127300000000e-05	-1.547809827419e-09	3.899284294584e-09	-1.857396936224e-09
1.127320000000e-05	-1.552671739965e-09	4.294132087761e-09	-2.450638877601e-09
1.127340000000e-05	-1.137300164141e-09	3.803866424624e-09	-2.797477685165e-09
1.127360000000e-05	-1.925691079445e-09	4.028919828263e-09	-1.053311802183e-09
1.127380000000e-05	-1.720100051958e-09	3.679976334145e-09	-1.058904499496e-09
1.127400000000e-05	-1.550493178111e-09	3.865489177374e-09	-1.792033315321e-09
1.127420000000e-05	-2.143426996600e-09	4.490971450113e-09	-1.165412827669e-09
1.127440000000e-05	-1.014035145629e-09	2.829857359647e-09	-1.649919059626e-09
1.127460000000e-05	-1.461281127021e-09	3.252707397634e-09	-1.097309854485e-09
1.127480000000e-05	-1.252263747647e-09	3.349097710951e-09	-1.810677970543e-09
1.127500000000e-05	-1.286720089689e-09	3.752131084481e-09	-2.327774049282e-09
1.127520000000e-05	-9.877137524288e-10	2.829470382556e-09	-1.720113951385e-09
1.127540000000e-05	-1.148372604756e-09	3.428003762903e-09	-2.201314801319e-09
1.127560000000e-05	-1.300259955771e-09	2.714137933005e-09	-7.005403442850e-10
1.127580000000e-05	-1.077491330282e-09	3.041379962678e-09	-1.808881210891e-09
1.127600000000e-05	-1.664295047727e-09	3.657804549307e-09	-1.176983224325e-09
1.127620000000e-05	-1.341943379331e-09	3.250972859560e-09	-1.424457647026e-09
1.127640000000e-05	-1.050931032001e-09	3.075264467795e-09	-1.923973750579e-09
1.127660000000e-05	-9.869156493537e-10	2.585841142573e-09	-1.334942765459e-09
1.127680000000e-05	-1.167035641071e-09	2.679669275669e-09	-9.955555597180e-10
1.127700000000e-05	-1.433822649895e-09	3.448881906371e-09	-1.472247872016e-09
1.127720000000e-05	-1.034515188997e-09	2.785434341614e-09	-1.527264066959e-09
1.127740000000e-05	-9.140331062905e-10	2.331268989601e-09	-1.139143633402e-09
1.127760000000e-05	-1.408920020548e-09	2.507747237854e-09	-9.412996414325e-11
1.127780000000e-05	-1.138463754587e-09	2.969765082090e-09	-1.528789058953e-09
1.127800000000e-05	-5.840959264721e-10	2.326167045259e-09	-2.019589878086e-09
1.127820000000e-05	-7.916318015615e-10	2.352622289162e-09	-1.503961822211e-09
1.127840000000e-05	-5.032104233068e-10	1.672691547771e-09	-1.248666878267e-09
1.127860000000e-05	-1.565061745129e-09	3.194286468877e-09	-7.086193820091e-10
1.127880000000e-05	-1.365953081683e-09	2.351454223931e-09	2.790792529644e-11
1.127900000000e-05	-1.050240864124e-09	2.159482046078e-09	-5.103896237510e-10
1.127920000000e-05	-9.620494298131e-10	1.978986627341e-09	-4.682179148102e-10
1.127940000000e-05	-9.092559823619e-10	2.224411472748e-09	-9.947376126625e-10
1.127960000000e-05	-5.429534082471e-10	2.008468105614e-09	-1.657533202493e-09
1.127980000000e-05	-8.592591319021e-10	2.084413819703e-09	-9.099725405244e-10
