-4.740000000000e-08	0.000000000000e+00	0.000000000000e+00	0.000000000000e+00
-4.720000000000e-08	0.000000000000e+00	0.000000000000e+00	0.000000000000e+00
-4.700000000000e-08	0.000000000000e+00	0.000000000000e+00	0.000000000000e+00
-4.680000000000e-08	0.000000000000e+00	0.000000000000e+00	0.000000000000e+00
-4.660000000000e-08	0.000000000000e+00	0.000000000000e+00	0.000000000000e+00
-4.640000000000e-08	0.000000000000e+00	0.000000000000e+00	0.000000000000e+00
-4.620000000000e-08	0.000000000000e+00	0.000000000000e+00	0.000000000000e+00
-4.600000000000e-08	0.000000000000e+00	0.000000000000e+00	0.000000000000e+00
-4.580000000000e-08	0.000000000000e+00	0.000000000000e+00	0.000000000000e+00
-4.560000000000e-08	0.000000000000e+00	0.000000000000e+00	0.000000000000e+00
-4.540000000000e-08	0.000000000000e+00	0.000000000000e+00	0.000000000000e+00
-4.520000000000e-08	0.000000000000e+00	0.000000000000e+00	0.000000000000e+00
-4.500000000000e-08	0.000000000000e+00	0.000000000000e+00	0.000000000000e+00
-4.480000000000e-08	0.000000000000e+00	0.000000000000e+00	0.000000000000e+00
-4.460000000000e-08	0.000000000000e+00	0.000000000000e+00	0.000000000000e+00
-4.440000000000e-08	0.000000000000e+00	0.000000000000e+00	0.000000000000e+00
-4.420000000000e-08	0.000000000000e+00	0.000000000000e+00	0.000000000000e+00
-4.400000000000e-08	0.000000000000e+00	0.000000000000e+00	0.000000000000e+00
-4.380000000000e-08	0.000000000000e+00	0.000000000000e+00	0.000000000000e+00
-4.360000000000e-08	0.000000000000e+00	0.000000000000e+00	0.000000000000e+00
-4.340000000000e-08	0.000000000000e+00	0.000000000000e+00	0.000000000000e+00
-4.320000000000e-08	0.000000000000e+00	0.000000000000e+00	0.000000000000e+00
-4.300000000000e-08	0.000000000000e+00	0.000000000000e+00	0.000000000000e+00
-4.280000000000e-08	0.000000000000e+00	0.000000000000e+00	0.000000000000e+00
-4.260000000000e-08	0.000000000000e+00	0.000000000000e+00	0.000000000000e+00
-4.240000000000e-08	0.000000000000e+00	0.000000000000e+00	0.000000000000e+00
-4.220000000000e-08	0.000000000000e+00	0.000000000000e+00	0.000000000000e+00
-4.200000000000e-08	0.000000000000e+00	0.000000000000e+00	0.000000000000e+00
-4.180000000000e-08	0.000000000000e+00	0.000000000000e+00	0.000000000000e+00
-4.160000000000e-08	0.000000000000e+00	0.000000000000e+00	0.000000000000e+00
-4.140000000000e-08	0.000000000000e+00	0.000000000000e+00	0.000000000000e+00
-4.120000000000e-08	0.000000000000e+00	0.000000000000e+00	0.000000000000e+00
-4.100000000000e-08	0.000000000000e+00	0.000000000000e+00	0.000000000000e+00
-4.080000000000e-08	0.000000000000e+00	0.000000000000e+00	0.000000000000e+00
-4.060000000000e-08	0.000000000000e+00	0.000000000000e+00	0.000000000000e+00
-4.040000000000e-08	0.000000000000e+00	0.000000000000e+00	0.000000000000e+00
-4.020000000000e-08	0.000000000000e+00	0.000000000000e+00	0.000000000000e+00
-4.000000000000e-08	0.000000000000e+00	0.000000000000e+00	0.000000000000e+00
-3.980000000000e-08	0.000000000000e+00	0.000000000000e+00	0.000000000000e+00
-3.960000000000e-08	0.000000000000e+00	0.000000000000e+00	0.000000000000e+00
-3.940000000000e-08	0.000000000000e+00	0.000000000000e+00	0.000000000000e+00
-3.920000000000e-08	0.000000000000e+00	0.000000000000e+00	0.000000000000e+00
-3.900000000000e-08	0.000000000000e+00	0.000000000000e+00	0.000000000000e+00
-3.880000000000e-08	0.000000000000e+00	0.000000000000e+00	0.000000000000e+00
-3.860000000000e-08	0.000000000000e+00	0.000000000000e+00	0.000000000000e+00
-3.840000000000e-08	0.000000000000e+00	0.000000000000e+00	0.000000000000e+00
-3.820000000000e-08	0.000000000000e+00	0.000000000000e+00	0.000000000000e+00
-3.800000000000e-08	0.000000000000e+00	0.000000000000e+00	0.000000000000e+00
-3.780000000000e-08	0.000000000000e+00	0.000000000000e+00	0.000000000000e+00
-3.760000000000e-08	0.000000000000e+00	0.000000000000e+00	0.000000000000e+00
-3.740000000000e-08	-3.092187535550e-12	4.416549542170e-12	1.210088448501e-12
-3.720000000000e-08	2.940425929462e-11	-5.110550013471e-11	8.861471523978e-13
-3.700000000000e-08	-1.279579218911e-10	-1.821630980211e-10	4.640218814082e-10
-3.680000000000e-08	-8.145328501816e-10	1.189453053399e-09	1.904769564978e-10
-3.660000000000e-08	-7.259086690472e-11	3.350117224348e-11	7.048870393995e-11
-3.640000000000e-08	8.399178788366e-11	2.535429677344e-10	-5.341657131500e-10
-3.620000000000e-08	-3.491626275103e-10	5.432369454906e-10	1.166759725844e-10
-3.600000000000e-08	1.875535019475e-10	-5.603976294745e-10	4.289200301548e-10
-3.580000000000e-08	-1.332549839411e-10	4.551169454445e-10	-2.392883867167e-10
-3.560000000000e-08	1.572706820534e-10	-2.575852205456e-10	6.487559813172e-12
-3.540000000000e-08	-3.385201773543e-10	5.481656574033e-10	-3.188635293350e-11
-3.520000000000e-08	-4.053714022573e-10	1.796272510814e-10	5.549262972623e-10
-3.500000000000e-08	-2.646792480314e-10	7.409887861055e-10	-4.677545902548e-10
-3.480000000000e-08	-6.286046629000e-10	1.329372703225e-09	-3.878137650701e-10
-3.460000000000e-08	-1.619466385779e-09	3.735145649853e-09	-1.330210941951e-09
-3.440000000000e-08	-4.873962380240e-09	1.050363006584e-08	-3.024437904623e-09
-3.420000000000e-08	-1.308804921543e-09	3.211563656028e-09	-1.379783132338e-09
-3.400000000000e-08	-1.243473063526e-09	1.882921510626e-09	3.826500852293e-10
-3.380000000000e-08	-1.042833984838e-09	2.376333018095e-09	-8.319208888365e-10
-3.360000000000e-08	-1.260200120659e-09	2.707664250547e-09	-8.062365056958e-10
-3.340000000000e-08	-1.394751353292e-09	2.080059361649e-09	3.995035573942e-10
-3.320000000000e-08	-1.737414990030e-09	3.137734586050e-09	-6.482805802422e-10
-3.300000000000e-08	-1.448150220190e-09	3.687093758449e-09	-1.648029529580e-09
-3.280000000000e-08	-2.459607229174e-09	5.208482881116e-09	-1.436397482879e-09
-3.260000000000e-08	-3.067382110558e-09	6.510223718004e-09	-1.795705610922e-09
-3.240000000000e-08	-4.681256725506e-09	9.023776048356e-09	-1.413350327548e-09
-3.220000000000e-08	-7.023517624748e-09	1.413293877026e-08	-3.163792716771e-09
-3.200000000000e-08	-1.156225398394e-08	2.413412589072e-08	-6.151023603361e-09
-3.180000000000e-08	-1.743096559656e-08	3.838020598391e-08	-1.233239470758e-08
-3.160000000000e-08	-3.383126728185e-08	7.054199169216e-08	-1.796849960002e-08
-3.140000000000e-08	-5.821506401148e-08	1.208530528616e-07	-3.017400355915e-08
-3.120000000000e-08	-8.505936932366e-08	1.773799594027e-07	-4.515697010666e-08
-3.100000000000e-08	-4.305093505849e-08	8.815373989714e-08	-2.056007403325e-08
-3.080000000000e-08	4.703065179868e-10	-1.676794705505e-10	-8.510894660335e-10
-3.060000000000e-08	-8.992686727621e-10	2.349720664955e-09	-1.136795099753e-09
-3.040000000000e-08	-2.169329410732e-09	4.243127034463e-09	-8.367861775411e-10
-3.020000000000e-08	-3.502312295593e-09	6.219669232472e-09	-4.131449774861e-10
-3.000000000000e-08	-2.210769554058e-09	4.961020060531e-09	-1.824840536609e-09
-2.980000000000e-08	-5.246552410754e-09	1.117164549554e-08	-3.056014904225e-09
-2.960000000000e-08	-5.515733128469e-09	1.221702323579e-08	-4.017868184485e-09
-2.940000000000e-08	-6.546615168238e-09	1.341809162305e-08	-3.267502574622e-09
-2.920000000000e-08	-8.772818816285e-09	1.790188577609e-08	-4.201983909764e-09
-2.900000000000e-08	-9.288695959452e-09	1.997149551909e-08	-5.704603941572e-09
-2.880000000000e-08	-1.283689282282e-08	2.732671367124e-08	-7.466409548047e-09
-2.860000000000e-08	-1.233150085059e-08	2.692756871742e-08	-8.251695834580e-09
-2.840000000000e-08	-1.532615430489e-08	3.066423764907e-08	-6.424384166131e-09
-2.820000000000e-08	-1.814072179583e-08	3.945865449308e-08	-1.216955542007e-08
-2.800000000000e-08	-2.143103699818e-08	4.346532286402e-08	-9.987387159245e-09
-2.780000000000e-08	-2.659401023257e-08	5.580013592590e-08	-1.461007722487e-08
-2.760000000000e-08	-2.727627657619e-08	5.868769020771e-08	-1.684559082984e-08
-2.740000000000e-08	-3.443319740698e-08	7.145448781509e-08	-1.786824485819e-08
-2.720000000000e-08	-3.978559364019e-08	8.105042230657e-08	-1.906883134531e-08
-2.700000000000e-08	-4.318015782169e-08	9.089344522686e-08	-2.400853338333e-08
-2.680000000000e-08	-4.901576555011e-08	1.022773575027e-07	-2.612066638477e-08
-2.660000000000e-08	-5.431571459667e-08	1.140729180505e-07	-3.026698936253e-08
-2.640000000000e-08	-6.247549077346e-08	1.311514363858e-07	-3.439832252398e-08
-2.620000000000e-08	-6.895975146402e-08	1.439801508965e-07	-3.647480264965e-08
-2.600000000000e-08	-7.165787689174e-08	1.523556364351e-07	-4.126361532816e-08
-2.580000000000e-08	-7.721739023542e-08	1.626759035953e-07	-4.321289946832e-08
-2.560000000000e-08	-8.694498716087e-08	1.813406218662e-07	-4.623304953276e-08
-2.540000000000e-08	-9.063057971190e-08	1.895016833999e-07	-4.874787906890e-08
-2.520000000000e-08	-9.416612498876e-08	1.951497760456e-07	-4.839188206724e-08
-2.500000000000e-08	-9.533971070975e-08	2.000254239971e-07	-5.220686583528e-08
-2.480000000000e-08	-9.395817145818e-08	1.959450653963e-07	-4.995896192540e-08
-2.460000000000e-08	-9.364822868707e-08	1.943407263750e-07	-4.930431633022e-08
-2.440000000000e-08	-9.091584792057e-08	1.896910805957e-07	-4.834874174289e-08
-2.420000000000e-08	-8.701887343108e-08	1.813357741963e-07	-4.605160957800e-08
-2.400000000000e-08	-8.107149512445e-08	1.694739490319e-07	-4.360977324092e-08
-2.380000000000e-08	-7.305463922846e-08	1.506927240677e-07	-3.660548068485e-08
-2.360000000000e-08	-6.164585430702e-08	1.301477494764e-07	-3.484513288550e-08
-2.340000000000e-08	-5.204990704557e-08	1.110297114677e-07	-3.089507180671e-08
-2.320000000000e-08	-4.533770102208e-08	9.369028802931e-08	-2.286432333859e-08
-2.300000000000e-08	-3.583126836721e-08	7.462229594115e-08	-1.892879998806e-08
-2.280000000000e-08	-2.627095537564e-08	5.546886362844e-08	-1.478318023867e-08
-2.260000000000e-08	-1.857853464710e-08	3.913321232194e-08	-1.031357797340e-08
-2.240000000000e-08	-1.066573142567e-08	2.095915710532e-08	-3.848101608116e-09
-2.220000000000e-08	-3.108072887884e-09	5.160502019177e-09	1.201882118639e-10
-2.200000000000e-08	4.844384391609e-09	-9.406999985291e-09	1.709179790789e-09
-2.180000000000e-08	7.488554511442e-09	-1.657577268764e-08	5.356853597456e-09
-2.160000000000e-08	1.059913637631e-08	-2.194380913439e-08	5.484306479726e-09
-2.140000000000e-08	1.227476786168e-08	-2.616275084143e-08	7.455186242018e-09
-2.120000000000e-08	1.324252961940e-08	-2.724700841982e-08	6.628262057955e-09
-2.100000000000e-08	1.233591969094e-08	-2.773700098070e-08	9.190354199028e-09
-2.080000000000e-08	1.440601416344e-08	-2.799841414244e-08	4.991256406619e-09
-2.060000000000e-08	1.262527611772e-08	-2.627826135899e-08	6.741735535817e-09
-2.040000000000e-08	1.194419284198e-08	-2.500443719693e-08	6.522150177865e-09
-2.020000000000e-08	1.271926222555e-08	-2.642420472931e-08	6.738834781667e-09
-2.000000000000e-08	1.184817428226e-08	-2.348089786887e-08	4.843218488977e-09
-1.980000000000e-08	1.066510716579e-08	-2.236201950095e-08	5.991672092144e-09
-1.960000000000e-08	9.068783921709e-09	-1.995159505217e-08	6.213310507185e-09
-1.940000000000e-08	8.821719082816e-09	-1.846878954499e-08	4.834112093330e-09
-1.920000000000e-08	9.609669801209e-09	-1.921630137259e-08	3.910651665795e-09
-1.900000000000e-08	9.466839188838e-09	-2.009333504136e-08	5.467128281971e-09
-1.880000000000e-08	7.706654687359e-09	-1.755720396488e-08	6.080336456983e-09
-1.860000000000e-08	8.251251474524e-09	-1.738490306057e-08	4.865023247090e-09
-1.840000000000e-08	8.704641366786e-09	-1.768035561391e-08	4.034890156857e-09
-1.820000000000e-08	7.339550277886e-09	-1.593072545750e-08	4.794355083153e-09
-1.800000000000e-08	7.661781547093e-09	-1.592736856490e-08	4.084160219827e-09
-1.780000000000e-08	8.284464141411e-09	-1.629171291484e-08	3.122852440610e-09
-1.760000000000e-08	8.140077145443e-09	-1.529382809681e-08	2.199099837733e-09
-1.740000000000e-08	7.646710606655e-09	-1.550723567987e-08	3.598229529338e-09
-1.720000000000e-08	6.975716571533e-09	-1.542348885260e-08	5.233520126332e-09
-1.700000000000e-08	6.295425436019e-09	-1.449937125058e-08	5.234239661329e-09
-1.680000000000e-08	7.318704107018e-09	-1.515031337853e-08	3.742462976158e-09
-1.660000000000e-08	6.324962209114e-09	-1.259155167981e-08	2.626446126752e-09
-1.640000000000e-08	7.119339371031e-09	-1.520012988008e-08	4.251234596812e-09
-1.620000000000e-08	5.569722502030e-09	-1.305140627641e-08	4.882462374867e-09
-1.600000000000e-08	6.711471208701e-09	-1.306390556328e-08	1.782553839172e-09
-1.580000000000e-08	6.230182292763e-09	-1.355516532781e-08	3.293813846963e-09
-1.560000000000e-08	6.338194474603e-09	-1.338559958986e-08	3.424454564048e-09
-1.540000000000e-08	5.887339426499e-09	-1.240099068663e-08	3.388308523983e-09
-1.520000000000e-08	5.268821891747e-09	-1.188319526859e-08	4.052620040304e-09
-1.500000000000e-08	5.848169578442e-09	-1.250087370071e-08	2.950026725210e-09
-1.480000000000e-08	5.019145608289e-09	-1.083434187533e-08	3.144806660269e-09
-1.460000000000e-08	6.275217864337e-09	-1.242716011024e-08	2.666631023062e-09
-1.440000000000e-08	5.681708533757e-09	-1.227584367258e-08	3.598685974739e-09
-1.420000000000e-08	5.665484083008e-09	-1.180108050058e-08	3.207988522393e-09
-1.400000000000e-08	5.738261146301e-09	-1.175817684073e-08	2.854288675452e-09
-1.380000000000e-08	5.367734627600e-09	-1.119628997853e-08	2.960358882406e-09
-1.360000000000e-08	5.404193738865e-09	-1.123664877275e-08	3.198084479573e-09
-1.340000000000e-08	5.734486003790e-09	-1.167381158523e-08	2.633917205972e-09
-1.320000000000e-08	5.796116128187e-09	-1.173535640316e-08	2.676678161379e-09
-1.300000000000e-08	5.327456835798e-09	-1.109824880384e-08	2.913826807797e-09
-1.280000000000e-08	5.088782095376e-09	-1.108770717485e-08	3.408297902432e-09
-1.260000000000e-08	5.410141586072e-09	-1.077314099784e-08	2.662496223548e-09
-1.240000000000e-08	5.632244376896e-09	-1.173297237012e-08	3.043899424461e-09
-1.220000000000e-08	5.165627413894e-09	-1.095675908746e-08	3.043542213079e-09
-1.200000000000e-08	5.271049225249e-09	-1.105545580970e-08	3.047993648363e-09
-1.180000000000e-08	5.071893956817e-09	-1.087061168334e-08	3.169384308625e-09
-1.160000000000e-08	4.689430742588e-09	-9.772668110800e-09	2.550749289587e-09
-1.140000000000e-08	4.730962707732e-09	-9.986712223437e-09	2.729101398858e-09
-1.120000000000e-08	5.013903748130e-09	-1.040697315251e-08	2.696064575478e-09
-1.100000000000e-08	4.336886762467e-09	-9.926966974630e-09	3.516253381112e-09
-1.080000000000e-08	4.861766320575e-09	-1.002287041105e-08	2.503385195512e-09
-1.060000000000e-08	4.854592018931e-09	-1.017228739435e-08	2.746239644686e-09
-1.040000000000e-08	4.182480561112e-09	-8.735482088159e-09	2.364966664661e-09
-1.020000000000e-08	5.545095920788e-09	-1.086894847103e-08	2.043229553463e-09
-1.000000000000e-08	4.811296939106e-09	-9.608833902105e-09	2.034664463683e-09
-9.800000000000e-09	4.956259078686e-09	-1.024052578592e-08	2.525943586017e-09
-9.600000000000e-09	4.511260444509e-09	-9.672060350948e-09	2.876186612674e-09
-9.400000000000e-09	4.923265819712e-09	-1.025105709086e-08	2.764259924296e-09
-9.200000000000e-09	4.715542950345e-09	-9.321489087532e-09	1.827138630356e-09
-9.000000000000e-09	4.762578076071e-09	-9.792141376164e-09	2.357914801605e-09
-8.800000000000e-09	4.628848568624e-09	-9.321620246651e-09	2.245411106249e-09
-8.600000000000e-09	3.997910817135e-09	-8.101568967677e-09	1.825215267466e-09
-8.400000000000e-09	4.541302899992e-09	-9.747094576660e-09	2.796989342655e-09
-8.200000000000e-09	4.159394116800e-09	-9.058433380365e-09	2.779288853869e-09
-8.000000000000e-09	4.329202179618e-09	-9.192556111430e-09	2.514152684722e-09
-7.800000000000e-09	4.151228444672e-09	-8.813479997481e-09	2.445927062329e-09
-7.600000000000e-09	4.207099354574e-09	-9.315259076201e-09	2.919511703650e-09
-7.400000000000e-09	4.476773123772e-09	-9.168458434988e-09	2.193246922947e-09
-7.200000000000e-09	4.686537796083e-09	-9.533747994983e-09	2.332284814223e-09
-7.000000000000e-09	4.323278494113e-09	-8.633880738888e-09	1.857498118962e-09
-6.800000000000e-09	4.396866939891e-09	-9.170248620454e-09	2.512110460877e-09
-6.600000000000e-09	4.166748414354e-09	-8.663244929075e-09	2.250430952003e-09
-6.400000000000e-09	4.019222413698e-09	-8.508779946675e-09	2.224161063085e-09
-6.200000000000e-09	4.424630423355e-09	-9.146519693366e-09	2.350671767940e-09
-6.000000000000e-09	4.300306962818e-09	-8.607951217623e-09	1.848802770664e-09
-5.800000000000e-09	3.973841578081e-09	-8.572429108331e-09	2.519239038778e-09
-5.600000000000e-09	3.850328936976e-09	-8.357893661980e-09	2.397405402780e-09
-5.400000000000e-09	4.253793230137e-09	-8.952050717503e-09	2.373064022770e-09
-5.200000000000e-09	4.369065829838e-09	-8.476552917964e-09	1.631254873813e-09
-5.000000000000e-09	4.238611194110e-09	-8.718367094447e-09	2.108479397196e-09
-4.800000000000e-09	4.074003433412e-09	-8.493805522058e-09	2.213141490733e-09
-4.600000000000e-09	4.104324265872e-09	-8.971827685408e-09	2.751684784016e-09
-4.400000000000e-09	3.782583168295e-09	-7.986221889212e-09	2.236926095634e-09
-4.200000000000e-09	3.864690278511e-09	-8.517772105630e-09	2.757088526503e-09
-4.000000000000e-09	3.825174046292e-09	-8.153654507990e-09	2.244602718756e-09
-3.800000000000e-09	3.963245236088e-09	-8.187239075028e-09	2.026636725390e-09
-3.600000000000e-09	3.825280555075e-09	-8.196142764182e-09	2.356064959873e-09
-3.400000000000e-09	3.673810871925e-09	-7.778657851326e-09	1.770866624442e-09
-3.200000000000e-09	3.611357137653e-09	-7.663876003969e-09	2.147909596618e-09
-3.000000000000e-09	4.116258138861e-09	-8.728330893697e-09	2.449542131320e-09
-2.800000000000e-09	4.066865984174e-09	-8.146455169923e-09	1.790516024768e-09
-2.600000000000e-09	3.869245407845e-09	-7.901770459976e-09	1.920755757481e-09
-2.400000000000e-09	4.031455535006e-09	-8.051173978826e-09	1.696565543490e-09
-2.200000000000e-09	3.739104137040e-09	-7.406931138461e-09	1.596079295080e-09
-2.000000000000e-09	3.985511815863e-09	-8.474564277860e-09	2.392731312072e-09
-1.800000000000e-09	3.780084927272e-09	-7.921343188508e-09	2.163576268278e-09
-1.600000000000e-09	3.697745895504e-09	-7.625695817680e-09	1.933145938987e-09
-1.400000000000e-09	3.685488897040e-09	-7.675092918688e-09	1.918922276404e-09
-1.200000000000e-09	4.237215520488e-09	-8.446398595022e-09	1.751040247230e-09
-1.000000000000e-09	3.999260337196e-09	-8.109836930356e-09	1.825968342718e-09
-8.000000000000e-10	4.031241157042e-09	-8.177206013815e-09	2.352924181155e-09
-6.000000000000e-10	3.590102476130e-09	-7.226484360985e-09	1.599919378041e-09
-4.000000000000e-10	3.819984936985e-09	-7.842081831648e-09	1.933583036110e-09
-2.000000000000e-10	3.870858973400e-09	-7.838460746343e-09	1.863048307278e-09
8.013312184107e-25	3.442980288335e-09	-7.557112685657e-09	2.390893967476e-09
2.000000000000e-10	3.799405694097e-09	-7.717464391211e-09	1.884991483529e-09
4.000000000000e-10	3.306945908536e-09	-7.508106236581e-09	2.651770696348e-09
6.000000000000e-10	3.497158499043e-09	-7.720998538492e-09	2.427223083999e-09
8.000000000000e-10	3.518008795997e-09	-7.280425110223e-09	1.840057805843e-09
1.000000000000e-09	3.677808385527e-09	-7.521870650025e-09	1.869650418315e-09
1.200000000000e-09	3.375011140196e-09	-7.411320450970e-09	2.333414835925e-09
1.400000000000e-09	3.583741758386e-09	-7.438500965930e-09	1.920710708953e-09
1.600000000000e-09	3.425444500439e-09	-7.274225864875e-09	2.047161156531e-09
1.800000000000e-09	3.709996125440e-09	-7.451388192450e-09	1.635915327716e-09
2.000000000000e-09	3.507486030656e-09	-7.324219700627e-09	1.903431668843e-09
2.200000000000e-09	3.466275976497e-09	-7.289927213552e-09	1.949905367268e-09
2.400000000000e-09	3.491825132058e-09	-7.184734678450e-09	1.727239990103e-09
2.600000000000e-09	3.964061055188e-09	-7.667930157305e-09	1.318949502973e-09
2.800000000000e-09	3.390888989300e-09	-7.279394174115e-09	2.115496647813e-09
3.000000000000e-09	3.663124061513e-09	-7.632916175716e-09	1.952229752667e-09
3.200000000000e-09	3.348829928997e-09	-7.106809858018e-09	2.037958978126e-09
3.400000000000e-09	3.738982707525e-09	-7.627592788332e-09	1.900990914325e-09
3.600000000000e-09	3.425082508950e-09	-7.169452151701e-09	1.939861353910e-09
3.800000000000e-09	3.259459574531e-09	-6.705979518465e-09	1.643811801453e-09
4.000000000000e-09	3.583600926288e-09	-7.331519690858e-09	1.750143426045e-09
4.200000000000e-09	3.225816393849e-09	-6.804301641055e-09	2.013347780116e-09
4.400000000000e-09	3.561979102879e-09	-7.120066105788e-09	1.510693018002e-09
4.600000000000e-09	3.404663036033e-09	-7.034120149905e-09	1.796567818469e-09
4.800000000000e-09	3.290648110563e-09	-6.995525769199e-09	1.836660473641e-09
5.000000000000e-09	3.384739509656e-09	-6.972090021659e-09	1.900965111026e-09
5.200000000000e-09	3.121430234250e-09	-6.383956581959e-09	1.528302105096e-09
5.400000000000e-09	3.461344818531e-09	-6.805727569076e-09	1.470873660199e-09
5.600000000000e-09	3.164505320814e-09	-7.038432948348e-09	2.267669098417e-09
5.800000000000e-09	3.402204284081e-09	-6.988744116283e-09	1.725066120139e-09
6.000000000000e-09	3.242320764209e-09	-6.347161543068e-09	1.339670213409e-09
6.200000000000e-09	3.461395645962e-09	-7.131947332246e-09	1.787492265261e-09
6.400000000000e-09	3.149684917548e-09	-6.809241959431e-09	1.959845209835e-09
6.600000000000e-09	3.483999415970e-09	-7.185230351881e-09	1.849270798365e-09
6.800000000000e-09	3.049095513239e-09	-6.558754196151e-09	1.927307535240e-09
7.000000000000e-09	3.618708011771e-09	-7.296815150032e-09	1.562683668166e-09
7.200000000000e-09	3.211483134096e-09	-6.754621872074e-09	1.889854258434e-09
7.400000000000e-09	3.416430911073e-09	-6.959048799542e-09	1.585458935780e-09
7.600000000000e-09	3.167487487223e-09	-6.586866751667e-09	1.610599410702e-09
7.800000000000e-09	3.357531954963e-09	-6.739535196682e-09	1.475715664191e-09
8.000000000000e-09	3.139729750356e-09	-6.780519668776e-09	2.045579778936e-09
8.200000000000e-09	3.538982571701e-09	-7.243413354597e-09	1.614676572271e-09
8.400000000000e-09	2.716563400906e-09	-6.119670379465e-09	2.186566031893e-09
8.600000000000e-09	2.798606860653e-09	-6.147101901470e-09	1.797517696830e-09
8.800000000000e-09	3.293462931161e-09	-6.680005768707e-09	1.494392899501e-09
9.000000000000e-09	3.115232436576e-09	-6.378460903611e-09	1.600182940396e-09
9.200000000000e-09	3.490296881568e-09	-6.851450964385e-09	1.215694611621e-09
9.400000000000e-09	3.278331498658e-09	-6.679191177934e-09	1.531484607770e-09
9.600000000000e-09	3.316293214545e-09	-6.556671586374e-09	1.388761933257e-09
9.800000000000e-09	2.989038123663e-09	-6.351573730352e-09	1.773831372680e-09
1.000000000000e-08	3.152788614133e-09	-6.485404823587e-09	1.745855166896e-09
1.020000000000e-08	2.848800023710e-09	-6.348817436869e-09	2.084187102582e-09
1.040000000000e-08	2.946826532786e-09	-6.501097473343e-09	1.916464553183e-09
1.060000000000e-08	2.909777202835e-09	-6.104900098950e-09	1.489601574972e-09
1.080000000000e-08	3.101799356546e-09	-6.404338524292e-09	1.572960687831e-09
1.100000000000e-08	2.850301979625e-09	-6.083341032356e-09	1.835805015868e-09
1.120000000000e-08	3.077320840061e-09	-6.726129083631e-09	1.964378743051e-09
1.140000000000e-08	3.096810519069e-09	-6.565679635079e-09	1.920024056194e-09
1.160000000000e-08	2.816725474060e-09	-5.772007846839e-09	1.411328688054e-09
1.180000000000e-08	2.923503726929e-09	-6.509531758680e-09	2.055512406774e-09
1.200000000000e-08	3.149458681627e-09	-6.139243906778e-09	1.196226536391e-09
1.220000000000e-08	2.984393739389e-09	-6.257252232869e-09	1.714250949491e-09
1.240000000000e-08	3.018221588026e-09	-6.329311478791e-09	1.623438414565e-09
1.260000000000e-08	2.841886737743e-09	-6.194769465706e-09	1.967440970856e-09
1.280000000000e-08	2.748844468074e-09	-6.094561498660e-09	1.770885717834e-09
1.300000000000e-08	2.901093420299e-09	-5.905493940039e-09	1.494571876422e-09
1.320000000000e-08	3.027838041224e-09	-6.029731115397e-09	1.441368722373e-09
1.340000000000e-08	2.968377561163e-09	-6.389738277797e-09	1.916040157306e-09
1.360000000000e-08	3.265587603467e-09	-6.569358994933e-09	1.422198753251e-09
1.380000000000e-08	2.883226154064e-09	-5.931052435412e-09	1.538872811265e-09
1.400000000000e-08	2.868597714670e-09	-6.443779521056e-09	2.059297194284e-09
1.420000000000e-08	3.272271076644e-09	-6.249895790832e-09	1.034590280466e-09
1.440000000000e-08	3.225353814869e-09	-6.253905336494e-09	1.053366481015e-09
1.460000000000e-08	3.108974580769e-09	-6.247068494794e-09	1.425484725389e-09
1.480000000000e-08	2.922215521273e-09	-5.941846582616e-09	1.437342827791e-09
1.500000000000e-08	3.017551752213e-09	-5.801117108533e-09	1.213108918038e-09
1.520000000000e-08	2.733006618323e-09	-5.929172515642e-09	1.992890250029e-09
1.540000000000e-08	2.674718169410e-09	-5.617827418828e-09	1.528559653208e-09
1.560000000000e-08	2.846051668045e-09	-6.206148135039e-09	1.955800705341e-09
1.580000000000e-08	2.602662673327e-09	-5.715562094856e-09	1.896251775961e-09
1.600000000000e-08	2.804326559055e-09	-5.962472755440e-09	1.618758939768e-09
1.620000000000e-08	2.663786235900e-09	-5.665417349770e-09	1.543568808584e-09
1.640000000000e-08	2.689771907618e-09	-5.735196594427e-09	1.724979520663e-09
1.660000000000e-08	2.722168920709e-09	-5.948059303951e-09	1.813389752844e-09
1.680000000000e-08	2.790660549587e-09	-5.527420709450e-09	1.134781871090e-09
1.700000000000e-08	2.814052239686e-09	-5.771864571158e-09	1.412077376260e-09
1.720000000000e-08	2.734495627847e-09	-5.695730155984e-09	1.463289206442e-09
1.740000000000e-08	2.771657433832e-09	-5.324037864697e-09	1.168760058312e-09
1.760000000000e-08	2.597334376316e-09	-5.737067136109e-09	1.814330250626e-09
1.780000000000e-08	2.709199727485e-09	-5.586981172890e-09	1.441167404318e-09
1.800000000000e-08	2.803742307412e-09	-5.727015139115e-09	1.451909743638e-09
1.820000000000e-08	2.721595148300e-09	-5.546032582702e-09	1.442471571586e-09
1.840000000000e-08	2.641781616098e-09	-5.922592074984e-09	1.970994240843e-09
1.860000000000e-08	2.720614374918e-09	-5.876355538096e-09	1.720197336537e-09
1.880000000000e-08	2.490983831656e-09	-5.173153940733e-09	1.522944775119e-09
1.900000000000e-08	2.698101490348e-09	-5.711109346980e-09	1.568813969578e-09
1.920000000000e-08	2.750051618156e-09	-5.912805187410e-09	1.743599368553e-09
1.940000000000e-08	2.793824455719e-09	-5.758664489751e-09	1.322204734080e-09
1.960000000000e-08	2.533231974970e-09	-5.483854924825e-09	1.736154829599e-09
1.980000000000e-08	2.801855016501e-09	-5.531502446082e-09	1.151229430213e-09
2.000000000000e-08	2.460968374161e-09	-5.232704515462e-09	1.607761435721e-09
2.020000000000e-08	2.634584346443e-09	-5.442361836856e-09	1.390926159711e-09
2.040000000000e-08	2.703528155941e-09	-5.742728122145e-09	1.581456711456e-09
2.060000000000e-08	2.615701901086e-09	-5.584069083163e-09	1.614824045519e-09
2.080000000000e-08	2.593913133411e-09	-5.487320284231e-09	1.472775498240e-09
2.100000000000e-08	2.927278573822e-09	-5.508473706485e-09	8.230457039954e-10
2.120000000000e-08	2.734838646672e-09	-5.861786141263e-09	1.735197953311e-09
2.140000000000e-08	2.379584240604e-09	-5.213447220761e-09	1.735527966843e-09
2.160000000000e-08	2.663943541501e-09	-5.359552904082e-09	1.210342087905e-09
2.180000000000e-08	2.334406918673e-09	-5.190455780949e-09	1.588012409720e-09
2.200000000000e-08	2.802033008021e-09	-5.477555663205e-09	1.237088122807e-09
2.220000000000e-08	2.600681995889e-09	-5.478412057803e-09	1.392992939064e-09
2.240000000000e-08	2.797383573091e-09	-5.541242784539e-09	1.241530471293e-09
2.260000000000e-08	2.583496507479e-09	-5.414084922611e-09	1.485167399747e-09
2.280000000000e-08	2.499938608440e-09	-5.352730333730e-09	1.539353184250e-09
2.300000000000e-08	2.733004782076e-09	-5.245133671948e-09	1.111437302159e-09
2.320000000000e-08	2.486540473570e-09	-5.165944504988e-09	1.382713277882e-09
2.340000000000e-08	2.501412144809e-09	-5.456552908894e-09	1.709367709499e-09
2.360000000000e-08	2.413685573488e-09	-5.072225790365e-09	1.390644258021e-09
2.380000000000e-08	2.584620398985e-09	-5.260170133059e-09	1.210182590370e-09
2.400000000000e-08	2.436559794340e-09	-5.280652236981e-09	1.630241991543e-09
2.420000000000e-08	2.398181362621e-09	-5.106364823205e-09	1.468263569392e-09
2.440000000000e-08	2.536025976224e-09	-5.222181191622e-09	1.294978677154e-09
2.460000000000e-08	2.417931917907e-09	-4.948824574513e-09	1.242003782159e-09
2.480000000000e-08	2.532516384045e-09	-5.221680373627e-09	1.358065140838e-09
2.500000000000e-08	2.412740400564e-09	-5.039002564124e-09	1.277394399565e-09
2.520000000000e-08	2.450397542462e-09	-5.051256447320e-09	1.307371630235e-09
2.540000000000e-08	2.535536479571e-09	-5.280841666476e-09	1.350866198971e-09
2.560000000000e-08	2.483523335965e-09	-5.253318390422e-09	1.509970899874e-09
2.580000000000e-08	2.424121578635e-09	-4.918598373853e-09	1.232205682349e-09
2.600000000000e-08	2.321970319212e-09	-4.935402434438e-09	1.369381600009e-09
2.620000000000e-08	2.595123462376e-09	-5.306890403851e-09	1.324379105389e-09
2.640000000000e-08	2.314789984034e-09	-4.790025145868e-09	1.258573738014e-09
2.660000000000e-08	2.685840467513e-09	-5.355285787139e-09	1.206129888819e-09
2.680000000000e-08	2.238704680130e-09	-4.802240759150e-09	1.423261135440e-09
2.700000000000e-08	2.447388920640e-09	-5.032300837818e-09	1.246835258834e-09
2.720000000000e-08	2.642441366348e-09	-5.207142974743e-09	1.098576514062e-09
2.740000000000e-08	2.254558425772e-09	-4.936385246324e-09	1.631181444112e-09
2.760000000000e-08	2.288929581894e-09	-4.857783286822e-09	1.425154502071e-09
2.780000000000e-08	2.384959052304e-09	-4.918790053760e-09	1.217596566763e-09
2.800000000000e-08	2.407293041447e-09	-5.005662664358e-09	1.344804623969e-09
2.820000000000e-08	2.441989959975e-09	-4.794883182265e-09	9.391199505759e-10
2.840000000000e-08	2.303914549245e-09	-4.982785261816e-09	1.479365170221e-09
2.860000000000e-08	2.400133761312e-09	-5.062693910859e-09	1.436185730893e-09
2.880000000000e-08	2.320584854764e-09	-4.962363360234e-09	1.384611879067e-09
2.900000000000e-08	2.454284126574e-09	-5.149421149086e-09	1.397118207049e-09
2.920000000000e-08	2.333289590111e-09	-4.849177017484e-09	1.221712537278e-09
2.940000000000e-08	2.746013597418e-09	-5.338452178527e-09	9.659788342346e-10
2.960000000000e-08	2.291563293693e-09	-4.772555030666e-09	1.265293252597e-09
2.980000000000e-08	2.548531585451e-09	-5.138944786996e-09	1.178748806388e-09
3.000000000000e-08	2.264643417388e-09	-4.638589505667e-09	1.083805076471e-09
3.020000000000e-08	2.565401367189e-09	-5.145699347604e-09	8.941884387435e-10
3.040000000000e-08	2.253088237582e-09	-4.845317813403e-09	1.386730519896e-09
3.060000000000e-08	2.437611520476e-09	-4.972020929441e-09	1.119177794245e-09
3.080000000000e-08	2.326925834416e-09	-4.899210934145e-09	1.280763046954e-09
3.100000000000e-08	2.234072231262e-09	-4.635336554089e-09	1.215949673457e-09
3.120000000000e-08	2.254268330855e-09	-4.661500297944e-09	1.301330598949e-09
3.140000000000e-08	2.194567448825e-09	-4.586398497828e-09	1.266276103245e-09
3.160000000000e-08	2.147222314418e-09	-4.434905677137e-09	1.131483497457e-09
3.180000000000e-08	2.284662196094e-09	-4.644485921116e-09	1.033767680150e-09
3.200000000000e-08	2.397397591045e-09	-4.726887723826e-09	1.016416409699e-09
3.220000000000e-08	2.455934640986e-09	-4.616817741085e-09	8.640975371715e-10
3.240000000000e-08	2.161882208173e-09	-4.704703630615e-09	1.443900050373e-09
3.260000000000e-08	2.180843219970e-09	-4.524359547106e-09	1.215490843153e-09
3.280000000000e-08	2.123126653476e-09	-4.620813571462e-09	1.287149365825e-09
3.300000000000e-08	2.340312910429e-09	-4.710293830809e-09	9.726158128228e-10
3.320000000000e-08	2.274318040889e-09	-4.410710256350e-09	8.374704164150e-10
3.340000000000e-08	2.240573695058e-09	-4.685284777746e-09	1.171347453263e-09
3.360000000000e-08	2.237836635333e-09	-4.574605756810e-09	1.182718282504e-09
3.380000000000e-08	2.120489805956e-09	-4.512119252622e-09	1.430670695260e-09
3.400000000000e-08	2.067815036246e-09	-4.470389230356e-09	1.374073614437e-09
3.420000000000e-08	2.148177565280e-09	-4.541613994001e-09	1.352040720689e-09
3.440000000000e-08	2.235035859361e-09	-4.286898237785e-09	1.017710834981e-09
3.460000000000e-08	2.100814041328e-09	-4.691811375351e-09	1.392761580786e-09
3.480000000000e-08	2.201057640578e-09	-4.498186964896e-09	1.045227749227e-09
3.500000000000e-08	2.148787555985e-09	-4.505981028552e-09	1.251181547825e-09
3.520000000000e-08	2.227884440092e-09	-4.691598488677e-09	1.352883913055e-09
3.540000000000e-08	2.226484834803e-09	-4.670247841178e-09	1.271904203334e-09
3.560000000000e-08	2.278921613861e-09	-4.569207879922e-09	1.050690004687e-09
3.580000000000e-08	2.160311744735e-09	-4.471053665226e-09	1.177830512400e-09
3.600000000000e-08	2.113754674536e-09	-4.383435039370e-09	1.150639545697e-09
3.620000000000e-08	2.002611428934e-09	-4.376916654083e-09	1.219889169978e-09
3.640000000000e-08	2.130477528002e-09	-4.293073010077e-09	9.354646769503e-10
3.660000000000e-08	2.087665283498e-09	-4.623287785046e-09	1.520017911643e-09
3.680000000000e-08	2.036515568743e-09	-4.415819829683e-09	1.347993416640e-09
3.700000000000e-08	2.083027507193e-09	-4.321738160430e-09	1.139125548139e-09
3.720000000000e-08	2.125197308120e-09	-4.434018426291e-09	1.192599972177e-09
3.740000000000e-08	2.147114867116e-09	-4.079229596209e-09	7.036255880988e-10
3.760000000000e-08	2.130588140045e-09	-4.196183851495e-09	1.001203449110e-09
3.780000000000e-08	1.988407249150e-09	-4.170233838605e-09	1.225722976112e-09
3.800000000000e-08	2.164472312205e-09	-4.322180803837e-09	9.100724429283e-10
3.820000000000e-08	2.240217154151e-09	-4.564861918957e-09	1.118616197780e-09
3.840000000000e-08	1.958978393983e-09	-4.277209207659e-09	1.294033980661e-09
3.860000000000e-08	1.852625714119e-09	-3.994380858525e-09	1.200209792051e-09
3.880000000000e-08	2.083961226543e-09	-4.225647624545e-09	9.299895094649e-10
3.900000000000e-08	2.147526868145e-09	-4.512814303909e-09	1.200818959716e-09
3.920000000000e-08	2.061914802694e-09	-4.248246390173e-09	1.106373251553e-09
3.940000000000e-08	2.186517070508e-09	-4.484759011920e-09	1.086502161148e-09
3.960000000000e-08	2.038064684570e-09	-4.299661637689e-09	1.210798936827e-09
3.980000000000e-08	1.974365391858e-09	-4.179948671806e-09	1.189047182055e-09
4.000000000000e-08	1.971815319002e-09	-4.092777869708e-09	1.090474229757e-09
4.020000000000e-08	1.996573094782e-09	-4.273587698170e-09	1.212093184401e-09
4.040000000000e-08	2.173483231502e-09	-4.391827692386e-09	9.143412690967e-10
4.060000000000e-08	1.964231390653e-09	-4.163544705491e-09	1.169814676506e-09
4.080000000000e-08	2.066915429555e-09	-4.214071376142e-09	1.036215678693e-09
4.100000000000e-08	1.861362358544e-09	-3.963039650034e-09	1.075337073254e-09
4.120000000000e-08	2.214722841112e-09	-4.205363485120e-09	9.750260964326e-10
4.140000000000e-08	1.818740547141e-09	-4.044398336874e-09	1.368463409371e-09
4.160000000000e-08	2.136425685580e-09	-4.246605372223e-09	1.024922374540e-09
4.180000000000e-08	2.130746916288e-09	-4.164322385182e-09	8.398813568890e-10
4.200000000000e-08	2.034995962630e-09	-3.998746584731e-09	8.047494780591e-10
4.220000000000e-08	2.054061436940e-09	-4.287800968432e-09	1.042809958001e-09
4.240000000000e-08	1.763697513105e-09	-3.917069865275e-09	1.265254901235e-09
4.260000000000e-08	2.062422580277e-09	-4.329800894126e-09	1.138060381472e-09
4.280000000000e-08	1.838170125209e-09	-3.836948333501e-09	1.140794756527e-09
4.300000000000e-08	1.941614940393e-09	-4.024597858916e-09	1.091913785956e-09
4.320000000000e-08	1.901585639374e-09	-3.944329223776e-09	1.018065580213e-09
4.340000000000e-08	1.893072389314e-09	-4.205189084497e-09	1.194136062163e-09
4.360000000000e-08	2.101092976450e-09	-4.346692322022e-09	1.137837164340e-09
4.380000000000e-08	1.938301015067e-09	-3.955830203526e-09	9.732480890334e-10
4.400000000000e-08	1.952292954652e-09	-4.242743260241e-09	1.188676327127e-09
4.420000000000e-08	1.931552996087e-09	-4.145580774654e-09	1.143951415882e-09
4.440000000000e-08	1.943034185562e-09	-4.145722849628e-09	1.173284059017e-09
4.460000000000e-08	1.826033669827e-09	-3.895503914894e-09	1.175372098877e-09
4.480000000000e-08	1.930456037376e-09	-3.879898766799e-09	1.022592647649e-09
4.500000000000e-08	1.823115420012e-09	-4.103301277357e-09	1.282554193542e-09
4.520000000000e-08	1.966579979915e-09	-3.999811246887e-09	1.026250801164e-09
4.540000000000e-08	1.705361045584e-09	-3.529124060960e-09	8.057952360412e-10
4.560000000000e-08	2.030704668152e-09	-4.108488941476e-09	9.338667390584e-10
4.580000000000e-08	1.902574515069e-09	-4.080452717047e-09	1.282030423146e-09
4.600000000000e-08	1.976801756898e-09	-3.972850343696e-09	8.956519660268e-10
4.620000000000e-08	2.092266031729e-09	-3.730625594409e-09	7.396359476722e-10
4.640000000000e-08	1.895308752719e-09	-3.902202200601e-09	9.895075174323e-10
4.660000000000e-08	1.772699233962e-09	-3.887795761502e-09	1.400681880109e-09
4.680000000000e-08	1.987679329728e-09	-3.860385232292e-09	8.445880663936e-10
4.700000000000e-08	1.980733981770e-09	-3.946923803678e-09	9.802679426758e-10
4.720000000000e-08	1.780047703260e-09	-3.869423062879e-09	9.459015375888e-10
4.740000000000e-08	1.870023805273e-09	-3.599333018658e-09	6.520960441328e-10
4.760000000000e-08	1.816531084028e-09	-3.620312978662e-09	8.181125134957e-10
4.780000000000e-08	1.861787747572e-09	-3.910571886670e-09	1.001387457933e-09
4.800000000000e-08	1.927848009045e-09	-3.797240376685e-09	8.636158010132e-10
4.820000000000e-08	1.813118110814e-09	-3.758902050179e-09	1.079562473844e-09
4.840000000000e-08	1.929146432236e-09	-3.891386158980e-09	8.924464463520e-10
4.860000000000e-08	1.771489018907e-09	-3.661781700220e-09	9.290130086022e-10
4.880000000000e-08	1.844797285337e-09	-3.812318203144e-09	9.837743556905e-10
4.900000000000e-08	1.851005832350e-09	-3.923127808778e-09	1.064806600384e-09
4.920000000000e-08	1.822841198147e-09	-3.706119401945e-09	9.138333067280e-10
4.940000000000e-08	1.869092884313e-09	-3.875774050559e-09	1.041711430609e-09
4.960000000000e-08	1.968116808081e-09	-3.773599204529e-09	7.693026476800e-10
4.980000000000e-08	1.718478133485e-09	-3.499276458466e-09	7.935221579751e-10
5.000000000000e-08	1.834458849622e-09	-3.709987610667e-09	8.599393321766e-10
5.020000000000e-08	1.733173218342e-09	-3.829582746681e-09	1.214341261348e-09
5.040000000000e-08	1.732196537001e-09	-3.546187968653e-09	9.035988290808e-10
5.060000000000e-08	1.795202726473e-09	-3.779576875689e-09	1.050654567657e-09
5.080000000000e-08	1.914383123068e-09	-3.943397255758e-09	9.766958891360e-10
5.100000000000e-08	1.810805439121e-09	-3.757637629188e-09	9.811526067742e-10
5.120000000000e-08	1.761950143642e-09	-3.640228853929e-09	9.843356595065e-10
5.140000000000e-08	1.717915857564e-09	-3.547012283703e-09	8.751930599993e-10
5.160000000000e-08	1.716340774327e-09	-3.694500641996e-09	1.080209577349e-09
5.180000000000e-08	1.809387887833e-09	-3.710246521334e-09	9.121250223854e-10
5.200000000000e-08	1.756862357788e-09	-3.732527689368e-09	1.054773400900e-09
5.220000000000e-08	1.852775259830e-09	-3.853529732153e-09	9.960708267399e-10
5.240000000000e-08	1.669940922002e-09	-3.518644711545e-09	9.590086491536e-10
5.260000000000e-08	1.778696133699e-09	-3.671701677368e-09	9.694958424401e-10
5.280000000000e-08	1.656374418325e-09	-3.425962375849e-09	8.976419174770e-10
5.300000000000e-08	1.660356767861e-09	-3.606008111066e-09	1.098685322666e-09
5.320000000000e-08	1.698979007307e-09	-3.560635359969e-09	8.885395802561e-10
5.340000000000e-08	1.701234368125e-09	-3.470437010677e-09	8.451497264664e-10
5.360000000000e-08	1.620331365653e-09	-3.464122253375e-09	9.965984144247e-10
5.380000000000e-08	1.803965820494e-09	-3.574192560442e-09	8.697182435777e-10
5.400000000000e-08	1.801394216963e-09	-3.583078859710e-09	8.467287416070e-10
5.420000000000e-08	1.808461257679e-09	-3.609278014184e-09	8.010572145156e-10
5.440000000000e-08	1.709274710083e-09	-3.420445363936e-09	7.451660640069e-10
5.460000000000e-08	1.749973605208e-09	-3.709392233764e-09	9.926484224389e-10
5.480000000000e-08	1.634384687152e-09	-3.498064019140e-09	9.911912881479e-10
5.500000000000e-08	1.473298881292e-09	-3.226267055229e-09	9.385504740644e-10
5.520000000000e-08	1.693421254487e-09	-3.542257550160e-09	1.022964397942e-09
5.540000000000e-08	1.589562552455e-09	-3.427190360691e-09	1.077648212005e-09
5.560000000000e-08	1.585809582121e-09	-3.425288178451e-09	9.457406738842e-10
5.580000000000e-08	1.783653923790e-09	-3.633871813284e-09	8.910179646264e-10
5.600000000000e-08	1.621911060567e-09	-3.528951613075e-09	1.073874999852e-09
5.620000000000e-08	1.700332568294e-09	-3.559403500964e-09	9.653663868823e-10
5.640000000000e-08	1.645051779939e-09	-3.413976328095e-09	7.904198011535e-10
5.660000000000e-08	1.785178593337e-09	-3.496454115234e-09	7.409610945133e-10
5.680000000000e-08	1.794355702308e-09	-3.436093066786e-09	6.573376858253e-10
5.700000000000e-08	1.476292327276e-09	-3.379397816512e-09	1.264338426618e-09
5.720000000000e-08	1.746218361409e-09	-3.517988476707e-09	9.621216996326e-10
5.740000000000e-08	1.640232352572e-09	-3.444527457684e-09	8.722786242333e-10
5.760000000000e-08	1.608368923253e-09	-3.418476664166e-09	8.737569906952e-10
5.780000000000e-08	1.598215896385e-09	-3.292662078572e-09	6.924138112459e-10
5.800000000000e-08	1.726484254979e-09	-3.572260565145e-09	9.757815769092e-10
5.820000000000e-08	1.650442847449e-09	-3.248187475788e-09	7.283467497061e-10
5.840000000000e-08	1.492336439273e-09	-3.194661436789e-09	8.443847824998e-10
5.860000000000e-08	1.683036387035e-09	-3.355527304983e-09	7.303912600171e-10
5.880000000000e-08	1.583830869021e-09	-3.411849007605e-09	9.709494134517e-10
5.900000000000e-08	1.573169636483e-09	-3.236055720603e-09	8.844064808732e-10
5.920000000000e-08	1.546970037969e-09	-3.378656223728e-09	9.416942331003e-10
5.940000000000e-08	1.587618892120e-09	-3.321196709670e-09	8.869130262772e-10
5.960000000000e-08	1.516974809197e-09	-3.051029932258e-09	7.517345302000e-10
5.980000000000e-08	1.785345000980e-09	-3.516320453987e-09	7.446901943000e-10
6.000000000000e-08	1.494742349884e-09	-3.378829363774e-09	9.787128020992e-10
6.020000000000e-08	1.588604826715e-09	-3.111801905590e-09	9.080845908941e-10
6.040000000000e-08	1.510283391815e-09	-3.144726296864e-09	8.469941211669e-10
6.060000000000e-08	1.560714129616e-09	-3.110413847624e-09	7.443179969231e-10
6.080000000000e-08	1.721826445004e-09	-3.396650534775e-09	7.444883723447e-10
6.100000000000e-08	1.534637578648e-09	-3.175500904037e-09	8.377870156867e-10
6.120000000000e-08	1.506496328485e-09	-3.047323986181e-09	7.009280558051e-10
6.140000000000e-08	1.489703760229e-09	-3.077493643930e-09	7.830215780255e-10
6.160000000000e-08	1.602717297193e-09	-3.306515780742e-09	8.536381074489e-10
6.180000000000e-08	1.551637952764e-09	-3.173134630507e-09	7.101317885106e-10
6.200000000000e-08	1.500477926997e-09	-3.390545553439e-09	9.862907185195e-10
6.220000000000e-08	1.487448040991e-09	-3.177657253788e-09	9.421968912963e-10
6.240000000000e-08	1.592524159255e-09	-3.285049225106e-09	9.030286932964e-10
6.260000000000e-08	1.461318015697e-09	-3.194447800376e-09	1.045680365246e-09
6.280000000000e-08	1.453806349951e-09	-3.065401088853e-09	8.684927230312e-10
6.300000000000e-08	1.529000385912e-09	-3.273382216174e-09	9.590728405788e-10
6.320000000000e-08	1.453979011613e-09	-3.154424160421e-09	9.429872306402e-10
6.340000000000e-08	1.547581607819e-09	-3.252616926579e-09	9.103263676055e-10
6.360000000000e-08	1.526595331490e-09	-3.157765813164e-09	9.533598259073e-10
6.380000000000e-08	1.516099076611e-09	-3.190036457799e-09	9.171801282992e-10
6.400000000000e-08	1.471505020959e-09	-3.134620040308e-09	9.315447155020e-10
6.420000000000e-08	1.538248066448e-09	-3.167226581162e-09	7.874201106826e-10
6.440000000000e-08	1.430380860640e-09	-3.100959981052e-09	9.963064148632e-10
6.460000000000e-08	1.465143024378e-09	-2.983992612298e-09	7.170555170339e-10
6.480000000000e-08	1.650277368852e-09	-3.221409314799e-09	6.710600424906e-10
6.500000000000e-08	1.492982061545e-09	-3.059379790893e-09	7.617849816913e-10
6.520000000000e-08	1.531726390087e-09	-3.143688255273e-09	7.634359309417e-10
6.540000000000e-08	1.441181221991e-09	-3.065412122514e-09	8.612905869734e-10
6.560000000000e-08	1.538069281026e-09	-3.241515101088e-09	9.082918892969e-10
6.580000000000e-08	1.254376623503e-09	-2.973815270098e-09	9.740440690275e-10
6.600000000000e-08	1.577182651406e-09	-3.261007601374e-09	9.463160793252e-10
6.620000000000e-08	1.539719859911e-09	-2.903026167588e-09	5.549349980563e-10
6.640000000000e-08	1.407827322600e-09	-2.913626551944e-09	7.624347830818e-10
6.660000000000e-08	1.363640048036e-09	-2.865142170786e-09	7.310371281721e-10
6.680000000000e-08	1.419242609558e-09	-2.783242564732e-09	5.396279819796e-10
6.700000000000e-08	1.372256691672e-09	-2.920753365898e-09	8.288701590694e-10
6.720000000000e-08	1.486611691161e-09	-3.007114985021e-09	7.037360111549e-10
6.740000000000e-08	1.489643764108e-09	-2.996392157434e-09	6.302110540196e-10
6.760000000000e-08	1.421870344649e-09	-3.076905950966e-09	9.140861796220e-10
6.780000000000e-08	1.448064997227e-09	-2.944649479170e-09	7.201635591401e-10
6.800000000000e-08	1.541224542469e-09	-3.152012934046e-09	8.570198947084e-10
6.820000000000e-08	1.345140038721e-09	-2.889705728266e-09	8.011221237357e-10
6.840000000000e-08	1.407565633279e-09	-2.847337516726e-09	6.845447000482e-10
6.860000000000e-08	1.312964280267e-09	-2.704229644961e-09	7.172826573844e-10
6.880000000000e-08	1.470185967976e-09	-3.102526509599e-09	8.473347508210e-10
