-4.062000000000e-07	0.000000000000e+00	0.000000000000e+00	0.000000000000e+00
-4.060000000000e-07	0.000000000000e+00	0.000000000000e+00	0.000000000000e+00
-4.058000000000e-07	0.000000000000e+00	0.000000000000e+00	0.000000000000e+00
-4.056000000000e-07	0.000000000000e+00	0.000000000000e+00	0.000000000000e+00
-4.054000000000e-07	0.000000000000e+00	0.000000000000e+00	0.000000000000e+00
-4.052000000000e-07	0.000000000000e+00	0.000000000000e+00	0.000000000000e+00
-4.050000000000e-07	0.000000000000e+00	0.000000000000e+00	0.000000000000e+00
-4.048000000000e-07	0.000000000000e+00	0.000000000000e+00	0.000000000000e+00
-4.046000000000e-07	0.000000000000e+00	0.000000000000e+00	0.000000000000e+00
-4.044000000000e-07	0.000000000000e+00	0.000000000000e+00	0.000000000000e+00
-4.042000000000e-07	0.000000000000e+00	0.000000000000e+00	0.000000000000e+00
-4.040000000000e-07	0.000000000000e+00	0.000000000000e+00	0.000000000000e+00
-4.038000000000e-07	0.000000000000e+00	0.000000000000e+00	0.000000000000e+00
-4.036000000000e-07	0.000000000000e+00	0.000000000000e+00	0.000000000000e+00
-4.034000000000e-07	0.000000000000e+00	0.000000000000e+00	0.000000000000e+00
-4.032000000000e-07	0.000000000000e+00	0.000000000000e+00	0.000000000000e+00
-4.030000000000e-07	0.000000000000e+00	0.000000000000e+00	0.000000000000e+00
-4.028000000000e-07	0.000000000000e+00	0.000000000000e+00	0.000000000000e+00
-4.026000000000e-07	0.000000000000e+00	0.000000000000e+00	0.000000000000e+00
-4.024000000000e-07	0.000000000000e+00	0.000000000000e+00	0.000000000000e+00
-4.022000000000e-07	0.000000000000e+00	0.000000000000e+00	0.000000000000e+00
-4.020000000000e-07	0.000000000000e+00	0.000000000000e+00	0.000000000000e+00
-4.018000000000e-07	0.000000000000e+00	0.000000000000e+00	0.000000000000e+00
-4.016000000000e-07	0.000000000000e+00	0.000000000000e+00	0.000000000000e+00
-4.014000000000e-07	0.000000000000e+00	0.000000000000e+00	0.000000000000e+00
-4.012000000000e-07	0.000000000000e+00	0.000000000000e+00	0.000000000000e+00
-4.010000000000e-07	0.000000000000e+00	0.000000000000e+00	0.000000000000e+00
-4.008000000000e-07	0.000000000000e+00	0.000000000000e+00	0.000000000000e+00
-4.006000000000e-07	0.000000000000e+00	0.000000000000e+00	0.000000000000e+00
-4.004000000000e-07	0.000000000000e+00	0.000000000000e+00	0.000000000000e+00
-4.002000000000e-07	0.000000000000e+00	0.000000000000e+00	0.000000000000e+00
-4.000000000000e-07	0.000000000000e+00	0.000000000000e+00	0.000000000000e+00
-3.998000000000e-07	0.000000000000e+00	0.000000000000e+00	0.000000000000e+00
-3.996000000000e-07	0.000000000000e+00	0.000000000000e+00	0.000000000000e+00
-3.994000000000e-07	0.000000000000e+00	0.000000000000e+00	0.000000000000e+00
-3.992000000000e-07	0.000000000000e+00	0.000000000000e+00	0.000000000000e+00
-3.990000000000e-07	0.000000000000e+00	0.000000000000e+00	0.000000000000e+00
-3.988000000000e-07	0.000000000000e+00	0.000000000000e+00	0.000000000000e+00
-3.986000000000e-07	0.000000000000e+00	0.000000000000e+00	0.000000000000e+00
-3.984000000000e-07	0.000000000000e+00	0.000000000000e+00	0.000000000000e+00
-3.982000000000e-07	0.000000000000e+00	0.000000000000e+00	0.000000000000e+00
-3.980000000000e-07	0.000000000000e+00	0.000000000000e+00	0.000000000000e+00
-3.978000000000e-07	0.000000000000e+00	0.000000000000e+00	0.000000000000e+00
-3.976000000000e-07	0.000000000000e+00	0.000000000000e+00	0.000000000000e+00
-3.974000000000e-07	0.000000000000e+00	0.000000000000e+00	0.000000000000e+00
-3.972000000000e-07	0.000000000000e+00	0.000000000000e+00	0.000000000000e+00
-3.970000000000e-07	0.000000000000e+00	0.000000000000e+00	0.000000000000e+00
-3.968000000000e-07	0.000000000000e+00	0.000000000000e+00	0.000000000000e+00
-3.966000000000e-07	0.000000000000e+00	0.000000000000e+00	0.000000000000e+00
-3.964000000000e-07	0.000000000000e+00	0.000000000000e+00	0.000000000000e+00
-3.962000000000e-07	0.000000000000e+00	0.000000000000e+00	0.000000000000e+00
-3.960000000000e-07	5.269422621419e-14	-1.445985895664e-13	6.233174421458e-14
-3.958000000000e-07	-3.775178862512e-13	5.038450366506e-13	1.887198179744e-13
-3.956000000000e-07	-1.463491359449e-13	3.213902434080e-14	3.070562842886e-13
-3.954000000000e-07	-3.449873312380e-12	1.411612907384e-11	-1.415471631701e-11
-3.952000000000e-07	-2.055559252701e-11	8.276964392079e-12	3.454028392033e-11
-3.950000000000e-07	4.011445457091e-11	-3.965036872201e-12	-8.631548919937e-11
-3.948000000000e-07	-2.748612050862e-11	5.976392015082e-13	6.077557560141e-11
-3.946000000000e-07	-2.614980565319e-11	9.570029481042e-11	-6.481449456451e-11
-3.944000000000e-07	3.335691442819e-12	-4.803050516246e-11	6.019502161835e-11
-3.942000000000e-07	5.662248279826e-11	-4.024178435861e-11	-7.979201100095e-11
-3.940000000000e-07	1.234549826188e-12	1.008005999109e-10	-1.360730059871e-10
-3.938000000000e-07	-1.070489691616e-10	4.981179826522e-11	1.846054897694e-10
-3.936000000000e-07	-7.979180162932e-11	6.079495230533e-11	1.081538640819e-10
-3.934000000000e-07	-1.081950316817e-10	5.618043980409e-10	-4.921725776573e-10
-3.932000000000e-07	-2.173800132485e-09	4.140290008155e-09	-7.049159842400e-10
-3.930000000000e-07	-5.372707324450e-09	1.121565370989e-08	-2.885375524142e-09
-3.928000000000e-07	-1.159075734070e-09	3.539273867439e-09	-2.048514278873e-09
-3.926000000000e-07	-1.359706814830e-09	1.840172535276e-09	5.290628131790e-10
-3.924000000000e-07	-9.794644351963e-10	1.882640201339e-09	-3.064594923727e-10
-3.922000000000e-07	-1.026357353420e-09	2.345920672195e-09	-7.335275735756e-10
-3.920000000000e-07	-1.335281293980e-09	3.138558173919e-09	-1.167792266390e-09
-3.918000000000e-07	-1.547754238478e-09	2.479447512230e-09	1.835707287285e-10
-3.916000000000e-07	-1.482683539064e-09	3.569364673606e-09	-1.424086278217e-09
-3.914000000000e-07	-2.376652201112e-09	4.620665232530e-09	-8.567603863488e-10
-3.912000000000e-07	-3.054860145757e-09	6.481558258330e-09	-1.787604999863e-09
-3.910000000000e-07	-4.659222483052e-09	9.154307002112e-09	-1.707659327220e-09
-3.908000000000e-07	-7.557853026055e-09	1.512795780148e-08	-3.162454754057e-09
-3.906000000000e-07	-1.287804931086e-08	2.629361899167e-08	-6.110243502257e-09
-3.904000000000e-07	-2.250178791817e-08	4.735042833399e-08	-1.248587733863e-08
-3.902000000000e-07	-4.145728090392e-08	8.646118807235e-08	-2.193834507514e-08
-3.900000000000e-07	-7.506771477807e-08	1.562180750780e-07	-3.938447176138e-08
-3.898000000000e-07	-8.819980338847e-08	1.831361074167e-07	-4.565989540364e-08
-3.896000000000e-07	-9.182621482974e-09	1.815550241437e-08	-3.476553379257e-09
-3.894000000000e-07	-7.684405945361e-10	1.932272876417e-09	-8.225509351160e-10
-3.892000000000e-07	-1.894500913492e-09	4.213883801137e-09	-1.362711071779e-09
-3.890000000000e-07	-2.196874024830e-09	4.648293654419e-09	-1.186157262073e-09
-3.888000000000e-07	-3.614768991067e-09	4.702489933629e-09	1.754566876987e-09
-3.886000000000e-07	-3.889315100124e-09	8.015924246390e-09	-2.005518817223e-09
-3.884000000000e-07	-4.137320250547e-09	9.867535237028e-09	-3.800912719714e-09
-3.882000000000e-07	-5.579099086658e-09	1.171854124949e-08	-3.022481769915e-09
-3.880000000000e-07	-7.425826932786e-09	1.558961179208e-08	-4.007211195666e-09
-3.878000000000e-07	-9.734250004670e-09	1.887420362322e-08	-3.298774658509e-09
-3.876000000000e-07	-1.036158351738e-08	2.148291610295e-08	-5.350152813586e-09
-3.874000000000e-07	-1.145362528640e-08	2.592565160126e-08	-8.758653647470e-09
-3.872000000000e-07	-1.403015458543e-08	2.918519600422e-08	-7.236663754426e-09
-3.870000000000e-07	-1.547765690238e-08	3.347387706742e-08	-9.743109130873e-09
-3.868000000000e-07	-2.110090647031e-08	4.231919741454e-08	-8.958385540795e-09
-3.866000000000e-07	-2.140799146344e-08	4.571482112851e-08	-1.276496274390e-08
-3.864000000000e-07	-2.681451487587e-08	5.620609464548e-08	-1.456568131933e-08
-3.862000000000e-07	-3.200014172692e-08	6.652141693708e-08	-1.668370225647e-08
-3.860000000000e-07	-3.626392680715e-08	7.564220303273e-08	-1.925422147474e-08
-3.858000000000e-07	-4.187033783857e-08	8.594184589616e-08	-2.033967490598e-08
-3.856000000000e-07	-4.683499379272e-08	9.819122850663e-08	-2.532797663526e-08
-3.854000000000e-07	-5.257614191835e-08	1.082683492982e-07	-2.608364019647e-08
-3.852000000000e-07	-5.970247565535e-08	1.240504990623e-07	-3.102256449615e-08
-3.850000000000e-07	-6.779792159212e-08	1.411500735097e-07	-3.575911268228e-08
-3.848000000000e-07	-7.308912203802e-08	1.518955515647e-07	-3.798808339325e-08
-3.846000000000e-07	-7.554677874673e-08	1.586860386931e-07	-4.168247283968e-08
-3.844000000000e-07	-8.254781086353e-08	1.740983030307e-07	-4.622216722474e-08
-3.842000000000e-07	-9.035749254793e-08	1.892344628687e-07	-4.902901397351e-08
-3.840000000000e-07	-9.465334255499e-08	1.977056046700e-07	-5.051686962716e-08
-3.838000000000e-07	-9.766759029996e-08	2.021576935706e-07	-4.972038355147e-08
-3.836000000000e-07	-9.810555629534e-08	2.009414507409e-07	-4.714217185574e-08
-3.834000000000e-07	-9.830120908310e-08	2.027045511825e-07	-4.902118771684e-08
-3.832000000000e-07	-9.524691826118e-08	1.996903454988e-07	-5.178348643698e-08
-3.830000000000e-07	-8.943063348735e-08	1.856557921475e-07	-4.617610078387e-08
-3.828000000000e-07	-8.722766296265e-08	1.814909937859e-07	-4.559869544913e-08
-3.826000000000e-07	-7.816457770716e-08	1.616291814174e-07	-3.965300992352e-08
-3.824000000000e-07	-6.803972683134e-08	1.413956626603e-07	-3.530594388830e-08
-3.822000000000e-07	-5.580293627521e-08	1.202702317601e-07	-3.474153068163e-08
-3.820000000000e-07	-5.062301149462e-08	1.030294639067e-07	-2.346672237373e-08
-3.818000000000e-07	-3.874321391278e-08	7.924419891077e-08	-1.849198627881e-08
-3.816000000000e-07	-3.115822576481e-08	6.610165014494e-08	-1.783861322166e-08
-3.814000000000e-07	-2.113698830794e-08	4.533837090246e-08	-1.287633981859e-08
-3.812000000000e-07	-1.271091401175e-08	2.673069702163e-08	-6.855768509986e-09
-3.810000000000e-07	-3.947406970491e-09	7.640211255714e-09	-1.265504560983e-09
-3.808000000000e-07	2.093977054829e-09	-5.296660563622e-09	2.579280727061e-09
-3.806000000000e-07	8.014606065193e-09	-1.699941437451e-08	4.651749198766e-09
-3.804000000000e-07	8.280571944456e-09	-1.927329412145e-08	6.918345923905e-09
-3.802000000000e-07	1.187800977220e-08	-2.439748611514e-08	5.739009428070e-09
-3.800000000000e-07	1.272375686830e-08	-2.785732267947e-08	8.501119609664e-09
-3.798000000000e-07	1.389901167916e-08	-2.713648194559e-08	5.022530993681e-09
-3.796000000000e-07	1.186989030609e-08	-2.727577060151e-08	8.609354241361e-09
-3.794000000000e-07	1.353324333814e-08	-2.638674827240e-08	5.163429087594e-09
-3.792000000000e-07	1.295652529792e-08	-2.769512983109e-08	7.710131016240e-09
-3.790000000000e-07	1.213789142041e-08	-2.520759353311e-08	6.199716623258e-09
-3.788000000000e-07	1.234912573914e-08	-2.505232825802e-08	5.212912482854e-09
-3.786000000000e-07	1.003254131064e-08	-2.101418511324e-08	6.138390720672e-09
-3.784000000000e-07	1.088618566111e-08	-2.210125781314e-08	5.017419584678e-09
-3.782000000000e-07	8.949603761371e-09	-1.917512859001e-08	5.717230421998e-09
-3.780000000000e-07	9.622994672626e-09	-2.016100162023e-08	5.331128690933e-09
-3.778000000000e-07	9.217583108181e-09	-1.930657046182e-08	5.051602889117e-09
-3.776000000000e-07	7.928284738715e-09	-1.734257295151e-08	5.304145917209e-09
-3.774000000000e-07	9.073976858944e-09	-1.794146691938e-08	3.730970215468e-09
-3.772000000000e-07	8.400355870697e-09	-1.737844405731e-08	4.327183186290e-09
-3.770000000000e-07	8.776876072137e-09	-1.784259762206e-08	3.564418255907e-09
-3.768000000000e-07	8.281000696312e-09	-1.564219235092e-08	2.401566160900e-09
-3.766000000000e-07	7.393024897255e-09	-1.612884316448e-08	4.860217890169e-09
-3.764000000000e-07	7.981903612734e-09	-1.711194027316e-08	4.847001419059e-09
-3.762000000000e-07	7.801055299551e-09	-1.546031865197e-08	3.119836793312e-09
-3.760000000000e-07	7.016393075026e-09	-1.554249007033e-08	4.619164894762e-09
-3.758000000000e-07	6.745118955417e-09	-1.489980011344e-08	4.753788429912e-09
-3.756000000000e-07	7.269916299309e-09	-1.479545835165e-08	3.424978105169e-09
-3.754000000000e-07	6.183981713418e-09	-1.284215633549e-08	3.277883251682e-09
-3.752000000000e-07	6.520434558572e-09	-1.358633471184e-08	3.494967322450e-09
-3.750000000000e-07	6.251704379490e-09	-1.431011707265e-08	5.032013235790e-09
-3.748000000000e-07	6.944468946131e-09	-1.319812274518e-08	2.061916921732e-09
-3.746000000000e-07	6.831594404386e-09	-1.340376798195e-08	2.586262088053e-09
-3.744000000000e-07	6.400353093574e-09	-1.339156710076e-08	3.520674180908e-09
-3.742000000000e-07	6.178563128899e-09	-1.307507408752e-08	3.463688900387e-09
-3.740000000000e-07	5.862655159467e-09	-1.279906284122e-08	3.953185052931e-09
-3.738000000000e-07	5.624878564655e-09	-1.170447671462e-08	3.005579617984e-09
-3.736000000000e-07	5.387723609814e-09	-1.176557400015e-08	3.684299689910e-09
-3.734000000000e-07	5.591148912490e-09	-1.125393566341e-08	2.494140819255e-09
-3.732000000000e-07	6.494832196622e-09	-1.340583762394e-08	3.291771464758e-09
-3.730000000000e-07	5.357020795779e-09	-1.135079093904e-08	3.107073241809e-09
-3.728000000000e-07	6.357075472819e-09	-1.269314966267e-08	2.676796117589e-09
-3.726000000000e-07	5.860475180675e-09	-1.218228770220e-08	3.056476533257e-09
-3.724000000000e-07	5.828827321681e-09	-1.137101798598e-08	2.166421294650e-09
-3.722000000000e-07	5.391831054338e-09	-1.078789466762e-08	2.289991670409e-09
-3.720000000000e-07	5.278570446055e-09	-1.151305476992e-08	3.511449216764e-09
-3.718000000000e-07	4.757696314054e-09	-1.061551732481e-08	3.572093522985e-09
-3.716000000000e-07	4.890545941659e-09	-1.062080344324e-08	3.201867853115e-09
-3.714000000000e-07	5.647559348565e-09	-1.152402259053e-08	2.751380075260e-09
-3.712000000000e-07	5.383299008117e-09	-1.159784488855e-08	3.410501317159e-09
-3.710000000000e-07	5.172832347147e-09	-1.171196904080e-08	4.020380311819e-09
-3.708000000000e-07	5.710801886832e-09	-1.024490018596e-08	9.237468441888e-10
-3.706000000000e-07	4.506042143304e-09	-9.773094466914e-09	3.051754620161e-09
-3.704000000000e-07	5.307755178692e-09	-1.110222031257e-08	2.955906227141e-09
-3.702000000000e-07	5.010495178903e-09	-1.057184641073e-08	2.930834970531e-09
-3.700000000000e-07	5.412332487408e-09	-1.075541462616e-08	2.159918397880e-09
-3.698000000000e-07	4.761764026882e-09	-9.437381457595e-09	1.881524106029e-09
-3.696000000000e-07	4.747928501656e-09	-1.017973945229e-08	2.991161052853e-09
-3.694000000000e-07	4.569453380527e-09	-1.002181926483e-08	3.080922171202e-09
-3.692000000000e-07	4.975561725338e-09	-9.363153353622e-09	1.347285398016e-09
-3.690000000000e-07	5.164706328171e-09	-1.041298536817e-08	2.349937106523e-09
-3.688000000000e-07	4.917323736180e-09	-1.005817089526e-08	2.439802213300e-09
-3.686000000000e-07	4.661485138164e-09	-1.000271239625e-08	2.936924486303e-09
-3.684000000000e-07	5.049107838363e-09	-1.004773091830e-08	2.091356978944e-09
-3.682000000000e-07	4.489253020566e-09	-9.463328376222e-09	2.782551745164e-09
-3.680000000000e-07	4.899213860587e-09	-9.980242472729e-09	2.303158171021e-09
-3.678000000000e-07	4.514527952018e-09	-9.158800776660e-09	2.067354511573e-09
-3.676000000000e-07	4.876381391333e-09	-9.886454732814e-09	2.271104706975e-09
-3.674000000000e-07	4.435813367621e-09	-9.588369707968e-09	2.866080247551e-09
-3.672000000000e-07	4.202495075287e-09	-9.222160562090e-09	2.882290496836e-09
-3.670000000000e-07	4.574239941055e-09	-9.192299210995e-09	2.091679255493e-09
-3.668000000000e-07	4.275348000931e-09	-8.764119512155e-09	2.086973705808e-09
-3.666000000000e-07	4.803173405383e-09	-9.293592911896e-09	1.638262765935e-09
-3.664000000000e-07	4.118526154216e-09	-9.255482519820e-09	3.057777204997e-09
-3.662000000000e-07	4.289392811115e-09	-9.029203488058e-09	2.480409982537e-09
-3.660000000000e-07	4.782434810734e-09	-9.433298587124e-09	1.236244764909e-09
-3.658000000000e-07	4.114978667384e-09	-8.350006110719e-09	1.995242281409e-09
-3.656000000000e-07	4.438241014686e-09	-8.734361844394e-09	1.732689001601e-09
-3.654000000000e-07	4.477641836663e-09	-9.327073711685e-09	2.481703199560e-09
-3.652000000000e-07	3.761598273204e-09	-8.194617873588e-09	2.575047208894e-09
-3.650000000000e-07	4.427094153208e-09	-8.810630182082e-09	1.876226568201e-09
-3.648000000000e-07	4.214611132343e-09	-9.319289434117e-09	2.968102697247e-09
-3.646000000000e-07	4.449265078627e-09	-8.067815533434e-09	1.502355516511e-09
-3.644000000000e-07	4.086140146323e-09	-9.121160526290e-09	3.055844990580e-09
-3.642000000000e-07	4.824838030709e-09	-9.289704706591e-09	1.522483735677e-09
-3.640000000000e-07	3.549170004926e-09	-8.289633257938e-09	3.081007916935e-09
-3.638000000000e-07	4.306240079964e-09	-9.092951195874e-09	2.429285303896e-09
-3.636000000000e-07	3.975709647524e-09	-8.200075904425e-09	2.113553888343e-09
-3.634000000000e-07	4.055308517477e-09	-8.541038051516e-09	2.244670007921e-09
-3.632000000000e-07	3.554203403965e-09	-7.596156801759e-09	2.116570162977e-09
-3.630000000000e-07	4.251489519571e-09	-9.205221058120e-09	2.689564565174e-09
-3.628000000000e-07	3.882019935229e-09	-8.208651514525e-09	2.302826512454e-09
-3.626000000000e-07	4.776835792133e-09	-9.058194458261e-09	1.426945558796e-09
-3.624000000000e-07	3.877408248358e-09	-8.076752532884e-09	2.137031301059e-09
-3.622000000000e-07	4.063764846037e-09	-8.397672058851e-09	2.167624370333e-09
-3.620000000000e-07	3.884538016967e-09	-8.031773678064e-09	1.902546111530e-09
-3.618000000000e-07	4.450335984347e-09	-8.620137740778e-09	1.610085427518e-09
-3.616000000000e-07	3.871985480998e-09	-8.015453491843e-09	2.041731660034e-09
-3.614000000000e-07	4.015226311691e-09	-8.348321660011e-09	2.139645815056e-09
-3.612000000000e-07	3.392721866767e-09	-7.240804206566e-09	2.051797900900e-09
-3.610000000000e-07	3.748138576377e-09	-7.327285764871e-09	1.498054953648e-09
-3.608000000000e-07	3.827211394661e-09	-8.524066843640e-09	2.698257038382e-09
-3.606000000000e-07	3.857735434634e-09	-7.572445909096e-09	1.463887309186e-09
-3.604000000000e-07	4.486405621802e-09	-8.726785655384e-09	1.613747692521e-09
-3.602000000000e-07	3.711288543813e-09	-7.661014833977e-09	1.893230117816e-09
-3.600000000000e-07	4.074525393644e-09	-8.014526456578e-09	1.528389842788e-09
-3.598000000000e-07	3.239852126182e-09	-7.324391059125e-09	2.269671089626e-09
-3.596000000000e-07	4.092855136865e-09	-7.876248647257e-09	1.318645817490e-09
-3.594000000000e-07	3.656638425335e-09	-7.859377167620e-09	2.279285138105e-09
-3.592000000000e-07	4.154929423864e-09	-8.150136391794e-09	1.517029377226e-09
-3.590000000000e-07	3.922288998213e-09	-7.823895696690e-09	1.743000302110e-09
-3.588000000000e-07	3.597469025183e-09	-7.644221002319e-09	2.152093459253e-09
-3.586000000000e-07	3.886566553043e-09	-7.886399235365e-09	1.795319372996e-09
-3.584000000000e-07	3.428892514804e-09	-7.619915643776e-09	2.548333959042e-09
-3.582000000000e-07	3.259885924823e-09	-7.398303911349e-09	2.636361013063e-09
-3.580000000000e-07	3.683120460882e-09	-7.829649145157e-09	2.154016967984e-09
-3.578000000000e-07	4.035039125121e-09	-7.965081476620e-09	1.579063676689e-09
-3.576000000000e-07	3.682133600506e-09	-7.367313782036e-09	1.544055645189e-09
-3.574000000000e-07	3.551217592893e-09	-7.409071292270e-09	2.040212419163e-09
-3.572000000000e-07	3.564869632567e-09	-7.375036747623e-09	1.915262784198e-09
-3.570000000000e-07	3.708983101613e-09	-7.726382456958e-09	2.024216243673e-09
-3.568000000000e-07	3.567060789293e-09	-7.457656040429e-09	2.031480695679e-09
-3.566000000000e-07	3.169258682331e-09	-6.207753240081e-09	1.146878271503e-09
-3.564000000000e-07	3.850192879053e-09	-7.614500142346e-09	1.567231251229e-09
-3.562000000000e-07	3.695396657040e-09	-7.483614934666e-09	1.659790670766e-09
-3.560000000000e-07	3.348823293338e-09	-7.042841945869e-09	1.959618819262e-09
-3.558000000000e-07	3.817361595756e-09	-7.972084238979e-09	2.079478712688e-09
-3.556000000000e-07	3.793410204612e-09	-7.354711729892e-09	1.383953387709e-09
-3.554000000000e-07	3.125935784075e-09	-6.956759256521e-09	2.295695762247e-09
-3.552000000000e-07	3.620431575321e-09	-7.551966112740e-09	1.999359837721e-09
-3.550000000000e-07	3.811032839446e-09	-7.278680893230e-09	1.270445448310e-09
-3.548000000000e-07	3.146791723536e-09	-6.839262420956e-09	2.081477925112e-09
-3.546000000000e-07	3.049111442061e-09	-6.753303200938e-09	2.191899616786e-09
-3.544000000000e-07	3.465313984013e-09	-7.222549941874e-09	2.002311486762e-09
-3.542000000000e-07	3.707628966400e-09	-7.264824541168e-09	1.395956687215e-09
-3.540000000000e-07	3.620850257523e-09	-6.857548763186e-09	1.180091726744e-09
-3.538000000000e-07	3.648124433287e-09	-7.108581781482e-09	1.602960521943e-09
-3.536000000000e-07	3.278463275078e-09	-6.659422641451e-09	1.609253985717e-09
-3.534000000000e-07	3.278260840927e-09	-6.788663843596e-09	1.698165134814e-09
-3.532000000000e-07	3.224949367082e-09	-6.828745243382e-09	1.829734711400e-09
-3.530000000000e-07	3.265693927733e-09	-7.074855627294e-09	2.078238703196e-09
-3.528000000000e-07	3.171953047320e-09	-6.535803805464e-09	1.679099021445e-09
-3.526000000000e-07	3.764871161386e-09	-7.290669809063e-09	1.395293028825e-09
-3.524000000000e-07	3.316553727735e-09	-6.804914205813e-09	1.619107155342e-09
-3.522000000000e-07	3.437660594331e-09	-7.099674341738e-09	1.799587972680e-09
-3.520000000000e-07	3.024549584907e-09	-6.670573701644e-09	2.105415091960e-09
-3.518000000000e-07	3.317062116701e-09	-7.100067172786e-09	2.093315166670e-09
-3.516000000000e-07	3.265010876061e-09	-6.757427142528e-09	1.675195920740e-09
-3.514000000000e-07	3.475214038828e-09	-6.647170225863e-09	1.121521121386e-09
-3.512000000000e-07	2.918557665368e-09	-6.638622159307e-09	2.339786551940e-09
-3.510000000000e-07	3.612980925813e-09	-7.213480914437e-09	1.364355313696e-09
-3.508000000000e-07	3.253765683699e-09	-6.536950042503e-09	1.539646237331e-09
-3.506000000000e-07	3.390810871030e-09	-6.761683658423e-09	1.371399996981e-09
-3.504000000000e-07	3.319711450388e-09	-6.983728789374e-09	1.906173174632e-09
-3.502000000000e-07	3.274350073305e-09	-6.839542369658e-09	1.707856934514e-09
-3.500000000000e-07	3.262062856716e-09	-6.276530208369e-09	1.072112101982e-09
-3.498000000000e-07	3.012452545662e-09	-6.590732503129e-09	2.080083771927e-09
-3.496000000000e-07	3.068544808265e-09	-6.482993030308e-09	1.672952825569e-09
-3.494000000000e-07	3.409141120503e-09	-6.873825043357e-09	1.544559456730e-09
-3.492000000000e-07	3.180083639489e-09	-6.745506758100e-09	1.768898123562e-09
-3.490000000000e-07	2.906525532406e-09	-6.255534176232e-09	1.861224943806e-09
-3.488000000000e-07	3.311539776974e-09	-6.562544814576e-09	1.416560605777e-09
-3.486000000000e-07	2.928606902836e-09	-6.303001083408e-09	1.751402546912e-09
-3.484000000000e-07	3.058283618349e-09	-6.326443339001e-09	1.609096604434e-09
-3.482000000000e-07	3.009909054279e-09	-6.160992901205e-09	1.650056466113e-09
-3.480000000000e-07	3.004639127005e-09	-6.299894972260e-09	1.660355896883e-09
-3.478000000000e-07	3.155129380196e-09	-6.674651734444e-09	1.893386999501e-09
-3.476000000000e-07	2.804060394616e-09	-6.246096971268e-09	2.077069421845e-09
-3.474000000000e-07	2.766884403379e-09	-6.009134250740e-09	1.874016768591e-09
-3.472000000000e-07	2.867503134193e-09	-6.205579534514e-09	1.746538107696e-09
-3.470000000000e-07	3.305888754921e-09	-6.780743994102e-09	1.692605863010e-09
-3.468000000000e-07	3.171951963935e-09	-6.269399470841e-09	1.246873137669e-09
-3.466000000000e-07	2.564474548441e-09	-5.816491200737e-09	2.029979088275e-09
-3.464000000000e-07	3.010606600437e-09	-6.043652456586e-09	1.286898953582e-09
-3.462000000000e-07	3.132482276313e-09	-6.392392735725e-09	1.478332492295e-09
-3.460000000000e-07	3.178960777762e-09	-6.530999047897e-09	1.622016649189e-09
-3.458000000000e-07	3.154697055875e-09	-6.337268362168e-09	1.482105568534e-09
-3.456000000000e-07	3.204924863000e-09	-6.428284735034e-09	1.465688122669e-09
-3.454000000000e-07	3.147190292537e-09	-6.406123298405e-09	1.489743538979e-09
-3.452000000000e-07	2.894577071351e-09	-6.354013951838e-09	1.995887094543e-09
-3.450000000000e-07	3.012572536598e-09	-6.406607603243e-09	1.715076911049e-09
-3.448000000000e-07	2.998650131634e-09	-5.920123948822e-09	1.224670493588e-09
-3.446000000000e-07	2.927754327851e-09	-6.157143746186e-09	1.697274831003e-09
-3.444000000000e-07	3.104155620274e-09	-6.279704521188e-09	1.506721402928e-09
-3.442000000000e-07	3.096465940915e-09	-6.196468648527e-09	1.491981077326e-09
-3.440000000000e-07	2.765997347002e-09	-5.896694628755e-09	1.688971627956e-09
-3.438000000000e-07	2.706096122487e-09	-5.586478920347e-09	1.428508246740e-09
-3.436000000000e-07	2.963552256150e-09	-6.189709913003e-09	1.678270988914e-09
-3.434000000000e-07	3.041203683545e-09	-6.172461009341e-09	1.461069467707e-09
-3.432000000000e-07	3.002402709975e-09	-6.109282611472e-09	1.408180210698e-09
-3.430000000000e-07	2.938517286351e-09	-5.855731284568e-09	1.327781124155e-09
-3.428000000000e-07	2.795185660432e-09	-5.683453234583e-09	1.339575514370e-09
-3.426000000000e-07	2.759347921239e-09	-5.769815062112e-09	1.529778520698e-09
-3.424000000000e-07	3.035050170510e-09	-6.079849987728e-09	1.328593004356e-09
-3.422000000000e-07	2.646247577367e-09	-5.725613833663e-09	1.711741216850e-09
-3.420000000000e-07	2.671274503458e-09	-5.421048700191e-09	1.333156290913e-09
-3.418000000000e-07	2.750339513769e-09	-5.916751402800e-09	1.754014652559e-09
-3.416000000000e-07	2.640475093894e-09	-5.566716682186e-09	1.633903651925e-09
-3.414000000000e-07	2.872353224409e-09	-5.877175687531e-09	1.421554987083e-09
-3.412000000000e-07	2.804765266208e-09	-5.779929498792e-09	1.397275196892e-09
-3.410000000000e-07	2.986379442561e-09	-6.176258938492e-09	1.622420482520e-09
-3.408000000000e-07	2.784682599892e-09	-5.634703361814e-09	1.350354877623e-09
-3.406000000000e-07	2.737777650418e-09	-5.758761155758e-09	1.554082985532e-09
-3.404000000000e-07	2.563696734187e-09	-5.283331956493e-09	1.397256366666e-09
-3.402000000000e-07	2.777111029337e-09	-5.544058391443e-09	1.209196655203e-09
-3.400000000000e-07	2.644944057859e-09	-5.652572750166e-09	1.711140132578e-09
-3.398000000000e-07	2.599607693984e-09	-5.662024259268e-09	1.631052490849e-09
-3.396000000000e-07	2.730345752364e-09	-5.728523997838e-09	1.622403547456e-09
-3.394000000000e-07	2.564652429628e-09	-5.586442617897e-09	1.689317646441e-09
-3.392000000000e-07	2.825274069994e-09	-5.606708469459e-09	1.206617350776e-09
-3.390000000000e-07	2.747317991381e-09	-5.843773920062e-09	1.543503319008e-09
-3.388000000000e-07	2.498785543860e-09	-5.279920306870e-09	1.391983943357e-09
-3.386000000000e-07	2.724442581379e-09	-5.647370880905e-09	1.522109042216e-09
-3.384000000000e-07	2.621577326201e-09	-5.431698812787e-09	1.452620813927e-09
-3.382000000000e-07	2.620245942640e-09	-5.596995052726e-09	1.435698424757e-09
-3.380000000000e-07	2.731890323093e-09	-5.625915592193e-09	1.483542821569e-09
-3.378000000000e-07	2.725921328080e-09	-5.638654461222e-09	1.465024073209e-09
-3.376000000000e-07	2.656778707525e-09	-5.716709831539e-09	1.674869425367e-09
-3.374000000000e-07	2.801437257565e-09	-5.328982681513e-09	8.667954917320e-10
-3.372000000000e-07	2.664133188225e-09	-5.562133306575e-09	1.468618689361e-09
-3.370000000000e-07	2.689786242103e-09	-5.738950675479e-09	1.507642558714e-09
-3.368000000000e-07	2.456792410627e-09	-5.182879105560e-09	1.488254022737e-09
-3.366000000000e-07	2.623144827008e-09	-5.467320317976e-09	1.414109627470e-09
-3.364000000000e-07	2.474350227641e-09	-5.337865681128e-09	1.556848603263e-09
-3.362000000000e-07	2.597261667026e-09	-5.295262615030e-09	1.313895183999e-09
-3.360000000000e-07	2.498612542255e-09	-5.302430321751e-09	1.540813098252e-09
-3.358000000000e-07	2.628289007091e-09	-5.175335815546e-09	1.036387624881e-09
-3.356000000000e-07	2.589136497670e-09	-5.517861633180e-09	1.654951736700e-09
-3.354000000000e-07	2.471796594274e-09	-5.088982017579e-09	1.278327918296e-09
-3.352000000000e-07	2.576400631395e-09	-5.243037500657e-09	1.227415339185e-09
-3.350000000000e-07	2.512622629308e-09	-5.351919869412e-09	1.478979658958e-09
-3.348000000000e-07	2.477700462926e-09	-5.295231049376e-09	1.520944283133e-09
-3.346000000000e-07	2.569928415725e-09	-5.279170983542e-09	1.356224843596e-09
-3.344000000000e-07	2.560892485974e-09	-5.268004160514e-09	1.325736065683e-09
-3.342000000000e-07	2.598955697461e-09	-5.212077272245e-09	1.282567389878e-09
-3.340000000000e-07	2.411926279979e-09	-5.115213525313e-09	1.379432696822e-09
-3.338000000000e-07	2.482833781383e-09	-5.194264266973e-09	1.188901531433e-09
-3.336000000000e-07	2.540744067627e-09	-5.439617708057e-09	1.598681602838e-09
-3.334000000000e-07	2.532780857561e-09	-5.104782964310e-09	1.207143735516e-09
-3.332000000000e-07	2.468944227136e-09	-5.109095167820e-09	1.331716501711e-09
-3.330000000000e-07	2.591035201647e-09	-5.202628610209e-09	1.203394644590e-09
-3.328000000000e-07	2.632673329921e-09	-5.137701362500e-09	1.073124471487e-09
-3.326000000000e-07	2.158548778545e-09	-4.851758178710e-09	1.674350994193e-09
-3.324000000000e-07	2.505748493132e-09	-5.279239276978e-09	1.418321565247e-09
-3.322000000000e-07	2.216535070042e-09	-4.797956311066e-09	1.413022120737e-09
-3.320000000000e-07	2.696780805954e-09	-5.333478503730e-09	1.093922778034e-09
-3.318000000000e-07	2.381357014512e-09	-4.896916409390e-09	1.256512800500e-09
-3.316000000000e-07	2.561042150807e-09	-5.151583448780e-09	1.174869779742e-09
-3.314000000000e-07	2.280696647707e-09	-4.746507195254e-09	1.283891443985e-09
-3.312000000000e-07	2.498192803705e-09	-5.121553329780e-09	1.273666121446e-09
-3.310000000000e-07	2.608701086576e-09	-5.144191608902e-09	1.237066660399e-09
-3.308000000000e-07	2.563521586540e-09	-5.103975353479e-09	1.063782741543e-09
-3.306000000000e-07	2.573337485592e-09	-5.134446031402e-09	1.076729481553e-09
-3.304000000000e-07	2.389487837744e-09	-4.914512466777e-09	1.300094286481e-09
-3.302000000000e-07	2.196097225115e-09	-4.692592087013e-09	1.389001671935e-09
-3.300000000000e-07	2.456697528871e-09	-5.063588359471e-09	1.303251296743e-09
-3.298000000000e-07	2.213121912302e-09	-4.553847035150e-09	1.104788835439e-09
-3.296000000000e-07	2.526411964080e-09	-5.139005799330e-09	1.188414944830e-09
-3.294000000000e-07	2.144283764673e-09	-4.593430918196e-09	1.273082718589e-09
-3.292000000000e-07	2.356409453273e-09	-5.013552711515e-09	1.489678679395e-09
-3.290000000000e-07	2.641036206835e-09	-5.245408031533e-09	1.134107965936e-09
-3.288000000000e-07	2.308375606431e-09	-4.928427142030e-09	1.407783603877e-09
-3.286000000000e-07	2.341771532694e-09	-4.782556541194e-09	1.224269111264e-09
-3.284000000000e-07	2.320386197853e-09	-4.911592449207e-09	1.326319303892e-09
-3.282000000000e-07	2.564130253328e-09	-5.017753932401e-09	8.604656987248e-10
-3.280000000000e-07	2.290313106520e-09	-4.539136907248e-09	1.014225637921e-09
-3.278000000000e-07	2.434952338608e-09	-4.992361382706e-09	1.200613076727e-09
-3.276000000000e-07	2.338771575619e-09	-4.626581751329e-09	9.804977540486e-10
-3.274000000000e-07	2.307609975928e-09	-4.730994658075e-09	1.175604706905e-09
-3.272000000000e-07	2.429950115416e-09	-4.687050686083e-09	8.637529531008e-10
-3.270000000000e-07	2.260405507477e-09	-4.560422823996e-09	1.079045572050e-09
-3.268000000000e-07	2.408575761905e-09	-4.957467595296e-09	1.263808898686e-09
-3.266000000000e-07	2.354018184396e-09	-4.817328555321e-09	1.224173244437e-09
-3.264000000000e-07	2.403181062862e-09	-4.483252090787e-09	6.483800239482e-10
-3.262000000000e-07	2.284696622681e-09	-4.773440746974e-09	1.299946846736e-09
-3.260000000000e-07	2.203889736839e-09	-4.690635083330e-09	1.325919613598e-09
-3.258000000000e-07	2.279923746508e-09	-4.634541649800e-09	1.078582984983e-09
-3.256000000000e-07	2.161446238602e-09	-4.614083642457e-09	1.187862115799e-09
-3.254000000000e-07	2.055276282151e-09	-4.577278675181e-09	1.487779046831e-09
-3.252000000000e-07	2.293335771736e-09	-4.786665617180e-09	1.362025072428e-09
-3.250000000000e-07	2.294759317013e-09	-4.426782742981e-09	8.605994226665e-10
-3.248000000000e-07	2.260138644337e-09	-4.845286244454e-09	1.401082241976e-09
-3.246000000000e-07	2.250445317954e-09	-4.592309861676e-09	1.137762529825e-09
-3.244000000000e-07	2.119937284880e-09	-4.315928702639e-09	1.036079539430e-09
-3.242000000000e-07	2.158435531616e-09	-4.556920413293e-09	1.306021212243e-09
-3.240000000000e-07	2.391930370726e-09	-4.709116122935e-09	1.046118493788e-09
-3.238000000000e-07	2.181330037698e-09	-4.549292904004e-09	1.235417250667e-09
-3.236000000000e-07	2.102212468200e-09	-4.531927205089e-09	1.350796603093e-09
-3.234000000000e-07	2.159322472393e-09	-4.358397028205e-09	1.052210320375e-09
-3.232000000000e-07	2.231837452209e-09	-4.538405981745e-09	1.128535199173e-09
-3.230000000000e-07	2.076951820846e-09	-4.260096376992e-09	1.048091466749e-09
-3.228000000000e-07	2.415678466561e-09	-4.704957126349e-09	1.138667739832e-09
-3.226000000000e-07	2.119614457576e-09	-4.593802643117e-09	1.328769886696e-09
-3.224000000000e-07	2.128994967091e-09	-4.535962590258e-09	1.266624986236e-09
-3.222000000000e-07	1.985965853804e-09	-4.128711912047e-09	1.044257134905e-09
-3.220000000000e-07	2.063200715526e-09	-4.380183992176e-09	1.197396400137e-09
-3.218000000000e-07	2.074083089230e-09	-4.308428791115e-09	1.099231181526e-09
-3.216000000000e-07	2.100866466914e-09	-4.480684283186e-09	1.210898069082e-09
-3.214000000000e-07	2.063567278945e-09	-4.281117358068e-09	1.119309704686e-09
-3.212000000000e-07	2.257103028288e-09	-4.738410553167e-09	1.327367367926e-09
-3.210000000000e-07	2.213588264073e-09	-4.268624699245e-09	7.839105641540e-10
-3.208000000000e-07	1.997156215155e-09	-4.052728177906e-09	1.025133827787e-09
-3.206000000000e-07	2.288116244592e-09	-4.454115607720e-09	9.264136159302e-10
-3.204000000000e-07	2.004599865562e-09	-4.330543069122e-09	1.217406641685e-09
-3.202000000000e-07	2.183593445879e-09	-4.380121101746e-09	9.467075374452e-10
-3.200000000000e-07	2.044834676346e-09	-4.318841172714e-09	1.168544403773e-09
-3.198000000000e-07	2.122931550088e-09	-4.292347598408e-09	9.816880804032e-10
-3.196000000000e-07	2.093050921702e-09	-4.260471407820e-09	9.692583630664e-10
-3.194000000000e-07	2.065439853566e-09	-4.094928515491e-09	9.225277633034e-10
-3.192000000000e-07	2.008950559349e-09	-4.196985174592e-09	1.101639523767e-09
-3.190000000000e-07	2.049503378483e-09	-4.394366417505e-09	1.375803647484e-09
-3.188000000000e-07	1.878946950839e-09	-4.129506372530e-09	1.347837316440e-09
-3.186000000000e-07	2.133385632311e-09	-4.287273157951e-09	1.039622764920e-09
-3.184000000000e-07	2.010773744298e-09	-4.164063297804e-09	1.116762703855e-09
-3.182000000000e-07	2.093956144724e-09	-4.241582185772e-09	9.549821966949e-10
-3.180000000000e-07	1.956539941488e-09	-4.078427977719e-09	1.107084547340e-09
-3.178000000000e-07	2.028671301276e-09	-4.155917761567e-09	9.366985079411e-10
-3.176000000000e-07	2.161346952978e-09	-4.321808676725e-09	8.956687818868e-10
-3.174000000000e-07	1.996331482560e-09	-4.122008820793e-09	1.118953759232e-09
-3.172000000000e-07	2.140652788513e-09	-4.377177936837e-09	1.104257599674e-09
-3.170000000000e-07	1.887175376482e-09	-4.137939333920e-09	1.165234640118e-09
-3.168000000000e-07	2.166642783221e-09	-4.327759972381e-09	9.183518893921e-10
-3.166000000000e-07	1.946088153899e-09	-4.178691718293e-09	1.171059659596e-09
-3.164000000000e-07	2.043685931366e-09	-4.269301432387e-09	1.108450882481e-09
-3.162000000000e-07	1.902855609392e-09	-3.865784664013e-09	9.218538550693e-10
-3.160000000000e-07	1.953403378989e-09	-4.111262985719e-09	1.172643110940e-09
-3.158000000000e-07	2.064710615085e-09	-4.169676070965e-09	9.290805886444e-10
-3.156000000000e-07	1.853304257548e-09	-3.857645313047e-09	1.030067022666e-09
-3.154000000000e-07	1.950420801332e-09	-4.011334574865e-09	1.022067399720e-09
-3.152000000000e-07	1.986466168458e-09	-4.061430082743e-09	1.030697527330e-09
-3.150000000000e-07	2.111937442158e-09	-4.229734318478e-09	1.115662701971e-09
-3.148000000000e-07	1.974523894322e-09	-4.203611565236e-09	1.205182392836e-09
-3.146000000000e-07	1.945070212576e-09	-4.168387068826e-09	1.212160566216e-09
-3.144000000000e-07	1.978356874524e-09	-4.335781167322e-09	1.244240899932e-09
-3.142000000000e-07	1.844166497333e-09	-3.975891460793e-09	1.134332620975e-09
-3.140000000000e-07	2.037178574787e-09	-4.141507117019e-09	1.006521766631e-09
-3.138000000000e-07	1.872396403634e-09	-3.942453321561e-09	1.088943152822e-09
-3.136000000000e-07	2.070669606998e-09	-4.343118149211e-09	1.019076743706e-09
-3.134000000000e-07	1.883683888020e-09	-3.950818429067e-09	9.895447424814e-10
-3.132000000000e-07	1.892069298155e-09	-3.876190597271e-09	9.416636170800e-10
-3.130000000000e-07	1.827245543498e-09	-3.885870948088e-09	1.199696264206e-09
-3.128000000000e-07	1.982952488897e-09	-4.028839084199e-09	1.024453306811e-09
-3.126000000000e-07	1.767322214998e-09	-3.776483893651e-09	1.029973389711e-09
-3.124000000000e-07	1.962972547241e-09	-3.902417711488e-09	8.206794895750e-10
-3.122000000000e-07	2.002306046392e-09	-3.940934427068e-09	8.191721690690e-10
-3.120000000000e-07	1.787459682461e-09	-3.835476302246e-09	1.148038171449e-09
-3.118000000000e-07	2.062687993031e-09	-3.992690270566e-09	8.028155015434e-10
-3.116000000000e-07	1.736707288552e-09	-3.522075016895e-09	8.747928035613e-10
-3.114000000000e-07	1.916175656261e-09	-3.908645529164e-09	8.883388008909e-10
-3.112000000000e-07	1.987425812319e-09	-4.029206288799e-09	9.156151011341e-10
-3.110000000000e-07	1.966628856081e-09	-3.968008088237e-09	8.971765567908e-10
-3.108000000000e-07	1.826802896679e-09	-3.808659171965e-09	1.075778809444e-09
-3.106000000000e-07	1.830777047921e-09	-3.813182309840e-09	1.085861859529e-09
-3.104000000000e-07	1.865872314510e-09	-3.732850338227e-09	8.283618972186e-10
-3.102000000000e-07	1.787064624667e-09	-3.705506995581e-09	9.448241867553e-10
-3.100000000000e-07	1.821812361254e-09	-3.544294227323e-09	7.298889126196e-10
-3.098000000000e-07	1.753861968932e-09	-3.574662679905e-09	8.803672986617e-10
-3.096000000000e-07	1.818857240303e-09	-3.814080540425e-09	1.009487751755e-09
-3.094000000000e-07	2.107716060135e-09	-3.973159555196e-09	8.052527689792e-10
-3.092000000000e-07	1.828895660598e-09	-3.856284670713e-09	1.025651704802e-09
-3.090000000000e-07	1.739555508242e-09	-3.779096140957e-09	1.216778638062e-09
-3.088000000000e-07	1.910550180848e-09	-3.748140540044e-09	7.722536913413e-10
-3.086000000000e-07	1.754682410688e-09	-3.594057002494e-09	9.025847139129e-10
-3.084000000000e-07	1.748334025607e-09	-3.641497733943e-09	9.904602772015e-10
-3.082000000000e-07	1.865074394813e-09	-3.895889020365e-09	1.049860257861e-09
-3.080000000000e-07	1.719704815176e-09	-3.631797518583e-09	9.822276991396e-10
-3.078000000000e-07	1.903140330087e-09	-3.729164267000e-09	7.678429087450e-10
-3.076000000000e-07	1.719303194458e-09	-3.474549582255e-09	8.458485601209e-10
-3.074000000000e-07	1.948559292870e-09	-4.095929142723e-09	1.053858559529e-09
-3.072000000000e-07	1.744009490420e-09	-3.580941911154e-09	8.737424066230e-10
-3.070000000000e-07	1.783188051959e-09	-3.630917899332e-09	9.561423368791e-10
-3.068000000000e-07	1.748210679004e-09	-3.668071870244e-09	8.981151838893e-10
-3.066000000000e-07	1.710386907114e-09	-3.590824503836e-09	1.014691667817e-09
-3.064000000000e-07	1.863763240924e-09	-3.698601799337e-09	9.294516855026e-10
-3.062000000000e-07	1.762775918299e-09	-3.605485383116e-09	9.486164748713e-10
-3.060000000000e-07	1.776867511596e-09	-3.782954258206e-09	1.035345063986e-09
-3.058000000000e-07	1.829485266625e-09	-3.736335942746e-09	8.905602297266e-10
-3.056000000000e-07	1.631346254016e-09	-3.355311399338e-09	8.860608692195e-10
-3.054000000000e-07	1.966843545572e-09	-3.776400002045e-09	6.669815587479e-10
-3.052000000000e-07	1.585566076572e-09	-3.430055844990e-09	8.265577840742e-10
-3.050000000000e-07	1.707779233232e-09	-3.511769521672e-09	9.027120101942e-10
-3.048000000000e-07	1.702832271318e-09	-3.798248521291e-09	1.108587495158e-09
-3.046000000000e-07	1.810566636561e-09	-3.671847483752e-09	9.268187568937e-10
-3.044000000000e-07	1.656743616029e-09	-3.594053931089e-09	1.133457367567e-09
-3.042000000000e-07	1.737104823218e-09	-3.512957697623e-09	8.199425001574e-10
-3.040000000000e-07	1.744571739964e-09	-3.418840799732e-09	7.708141505022e-10
-3.038000000000e-07	1.904810563146e-09	-3.882037860755e-09	9.546810688393e-10
-3.036000000000e-07	1.658055513962e-09	-3.542997132764e-09	9.537520052284e-10
-3.034000000000e-07	1.684311475747e-09	-3.449893062898e-09	8.720112616074e-10
-3.032000000000e-07	1.536898444442e-09	-3.405459284580e-09	1.148547114610e-09
-3.030000000000e-07	1.634981072245e-09	-3.271385647001e-09	6.965567653348e-10
-3.028000000000e-07	1.686705118950e-09	-3.475355664277e-09	8.852622940499e-10
-3.026000000000e-07	1.757167501077e-09	-3.534433931786e-09	7.978587493771e-10
-3.024000000000e-07	1.613764600315e-09	-3.435767431964e-09	1.019707597123e-09
-3.022000000000e-07	1.728226342551e-09	-3.410976927959e-09	6.994450449310e-10
-3.020000000000e-07	1.743817988605e-09	-3.564419293301e-09	8.836819012223e-10
-3.018000000000e-07	1.673435054318e-09	-3.455768763424e-09	8.849950885377e-10
-3.016000000000e-07	1.583822482359e-09	-3.370988879411e-09	9.936683867968e-10
-3.014000000000e-07	1.735389322323e-09	-3.435143387748e-09	7.670003701571e-10
-3.012000000000e-07	1.584082046520e-09	-3.332886642782e-09	8.916817872437e-10
-3.010000000000e-07	1.736260587100e-09	-3.557240136525e-09	9.316641974638e-10
-3.008000000000e-07	1.679586391388e-09	-3.339540968990e-09	7.478533977837e-10
-3.006000000000e-07	1.622313939050e-09	-3.537645471386e-09	1.107715080894e-09
-3.004000000000e-07	1.676619071164e-09	-3.422595352876e-09	8.528792151577e-10
-3.002000000000e-07	1.688311770288e-09	-3.285903668481e-09	8.540212648346e-10
-3.000000000000e-07	1.571698249244e-09	-3.286743727601e-09	8.648066497319e-10
-2.998000000000e-07	1.755676198150e-09	-3.551684959075e-09	8.977251489561e-10
-2.996000000000e-07	1.583638851378e-09	-3.125017323139e-09	6.611341152654e-10
-2.994000000000e-07	1.588257367123e-09	-3.193283405423e-09	7.441537684955e-10
-2.992000000000e-07	1.496994896957e-09	-3.336801169540e-09	1.034269957193e-09
-2.990000000000e-07	1.479425741901e-09	-3.286245467063e-09	1.034337808045e-09
-2.988000000000e-07	1.497176368395e-09	-3.077408170543e-09	6.869423438258e-10
-2.986000000000e-07	1.642846691118e-09	-3.371137874619e-09	8.683004684335e-10
-2.984000000000e-07	1.463571334574e-09	-3.101436981714e-09	8.603679050941e-10
-2.982000000000e-07	1.558127109790e-09	-3.161237192928e-09	7.985666285148e-10
-2.980000000000e-07	1.558430174180e-09	-3.163321648186e-09	8.447758188639e-10
-2.978000000000e-07	1.571031566231e-09	-3.330852119178e-09	9.555358920931e-10
-2.976000000000e-07	1.508561730132e-09	-3.175874713510e-09	8.778771212493e-10
-2.974000000000e-07	1.506148962829e-09	-3.024912764076e-09	6.411295479389e-10
-2.972000000000e-07	1.525630706768e-09	-3.094643118956e-09	7.703683794693e-10
-2.970000000000e-07	1.660099423823e-09	-3.390898368536e-09	8.953404742157e-10
-2.968000000000e-07	1.659700725649e-09	-3.416456011063e-09	8.874382302426e-10
-2.966000000000e-07	1.616032361952e-09	-3.176742436567e-09	6.907295564255e-10
-2.964000000000e-07	1.576330477952e-09	-3.226984996017e-09	6.899350252772e-10
-2.962000000000e-07	1.517528310698e-09	-3.238652754578e-09	9.423895008440e-10
-2.960000000000e-07	1.459113212373e-09	-2.988252013038e-09	7.959102446230e-10
-2.958000000000e-07	1.580282535435e-09	-3.282702027812e-09	8.010141232617e-10
-2.956000000000e-07	1.452255355623e-09	-3.161175983161e-09	1.001212347853e-09
-2.954000000000e-07	1.592924264273e-09	-3.210736318359e-09	7.297635717960e-10
-2.952000000000e-07	1.598708115205e-09	-3.281764509695e-09	8.221179475802e-10
-2.950000000000e-07	1.504263781990e-09	-3.200262553566e-09	8.819080046581e-10
-2.948000000000e-07	1.466622958513e-09	-3.141935216649e-09	9.052139184003e-10
-2.946000000000e-07	1.558201772017e-09	-3.243168500067e-09	8.980244698639e-10
-2.944000000000e-07	1.496406989998e-09	-3.074406992920e-09	7.485232489966e-10
-2.942000000000e-07	1.574704818371e-09	-3.374077120051e-09	8.637706804074e-10
-2.940000000000e-07	1.451298367009e-09	-3.094129894422e-09	8.848656173566e-10
-2.938000000000e-07	1.515334098154e-09	-3.192469231664e-09	8.639490701079e-10
-2.936000000000e-07	1.454141747780e-09	-3.198836551090e-09	9.503065134728e-10
-2.934000000000e-07	1.491506625918e-09	-3.093815872931e-09	7.652949558261e-10
-2.932000000000e-07	1.533943828416e-09	-3.037439367009e-09	6.884894660749e-10
-2.930000000000e-07	1.504283508912e-09	-3.020632661414e-09	6.885203148295e-10
-2.928000000000e-07	1.519937585786e-09	-3.177585608284e-09	8.405509159081e-10
-2.926000000000e-07	1.352818071011e-09	-2.998580248749e-09	9.548288056953e-10
-2.924000000000e-07	1.485827915571e-09	-3.044331806701e-09	7.513311709385e-10
-2.922000000000e-07	1.569705009318e-09	-3.103756938931e-09	7.038630578190e-10
-2.920000000000e-07	1.413476106395e-09	-2.961080651328e-09	7.914133543202e-10
-2.918000000000e-07	1.526726249437e-09	-3.063305882318e-09	6.830423374075e-10
-2.916000000000e-07	1.512475405364e-09	-2.986809106889e-09	6.503797130711e-10
-2.914000000000e-07	1.316622337807e-09	-2.831515098510e-09	8.715276775121e-10
-2.912000000000e-07	1.472314192386e-09	-3.083111181264e-09	8.584297507985e-10
-2.910000000000e-07	1.408502174969e-09	-2.964187350479e-09	7.930031760642e-10
-2.908000000000e-07	1.451655262406e-09	-2.922892794605e-09	7.038019920150e-10
-2.906000000000e-07	1.411119948166e-09	-2.971150733835e-09	8.879807648774e-10
-2.904000000000e-07	1.417135837131e-09	-2.890606424734e-09	7.532264134155e-10
-2.902000000000e-07	1.401278207482e-09	-2.762123264626e-09	6.154946563500e-10
-2.900000000000e-07	1.472654858033e-09	-3.040783742062e-09	8.141142391267e-10
