-8.726000000000e-07	0.000000000000e+00	0.000000000000e+00	0.000000000000e+00
-8.724000000000e-07	0.000000000000e+00	0.000000000000e+00	0.000000000000e+00
-8.722000000000e-07	0.000000000000e+00	0.000000000000e+00	0.000000000000e+00
-8.720000000000e-07	0.000000000000e+00	0.000000000000e+00	0.000000000000e+00
-8.718000000000e-07	0.000000000000e+00	0.000000000000e+00	0.000000000000e+00
-8.716000000000e-07	0.000000000000e+00	0.000000000000e+00	0.000000000000e+00
-8.714000000000e-07	0.000000000000e+00	0.000000000000e+00	0.000000000000e+00
-8.712000000000e-07	0.000000000000e+00	0.000000000000e+00	0.000000000000e+00
-8.710000000000e-07	0.000000000000e+00	0.000000000000e+00	0.000000000000e+00
-8.708000000000e-07	0.000000000000e+00	0.000000000000e+00	0.000000000000e+00
-8.706000000000e-07	0.000000000000e+00	0.000000000000e+00	0.000000000000e+00
-8.704000000000e-07	0.000000000000e+00	0.000000000000e+00	0.000000000000e+00
-8.702000000000e-07	0.000000000000e+00	0.000000000000e+00	0.000000000000e+00
-8.700000000000e-07	0.000000000000e+00	0.000000000000e+00	0.000000000000e+00
-8.698000000000e-07	0.000000000000e+00	0.000000000000e+00	0.000000000000e+00
-8.696000000000e-07	0.000000000000e+00	0.000000000000e+00	0.000000000000e+00
-8.694000000000e-07	0.000000000000e+00	0.000000000000e+00	0.000000000000e+00
-8.692000000000e-07	0.000000000000e+00	0.000000000000e+00	0.000000000000e+00
-8.690000000000e-07	0.000000000000e+00	0.000000000000e+00	0.000000000000e+00
-8.688000000000e-07	0.000000000000e+00	0.000000000000e+00	0.000000000000e+00
-8.686000000000e-07	0.000000000000e+00	0.000000000000e+00	0.000000000000e+00
-8.684000000000e-07	0.000000000000e+00	0.000000000000e+00	0.000000000000e+00
-8.682000000000e-07	0.000000000000e+00	0.000000000000e+00	0.000000000000e+00
-8.680000000000e-07	0.000000000000e+00	0.000000000000e+00	0.000000000000e+00
-8.678000000000e-07	0.000000000000e+00	0.000000000000e+00	0.000000000000e+00
-8.676000000000e-07	0.000000000000e+00	0.000000000000e+00	0.000000000000e+00
-8.674000000000e-07	0.000000000000e+00	0.000000000000e+00	0.000000000000e+00
-8.672000000000e-07	0.000000000000e+00	0.000000000000e+00	0.000000000000e+00
-8.670000000000e-07	0.000000000000e+00	0.000000000000e+00	0.000000000000e+00
-8.668000000000e-07	0.000000000000e+00	0.000000000000e+00	0.000000000000e+00
-8.666000000000e-07	0.000000000000e+00	0.000000000000e+00	0.000000000000e+00
-8.664000000000e-07	0.000000000000e+00	0.000000000000e+00	0.000000000000e+00
-8.662000000000e-07	0.000000000000e+00	0.000000000000e+00	0.000000000000e+00
-8.660000000000e-07	0.000000000000e+00	0.000000000000e+00	0.000000000000e+00
-8.658000000000e-07	0.000000000000e+00	0.000000000000e+00	0.000000000000e+00
-8.656000000000e-07	0.000000000000e+00	0.000000000000e+00	0.000000000000e+00
-8.654000000000e-07	0.000000000000e+00	0.000000000000e+00	0.000000000000e+00
-8.652000000000e-07	0.000000000000e+00	0.000000000000e+00	0.000000000000e+00
-8.650000000000e-07	0.000000000000e+00	0.000000000000e+00	0.000000000000e+00
-8.648000000000e-07	0.000000000000e+00	0.000000000000e+00	0.000000000000e+00
-8.646000000000e-07	0.000000000000e+00	0.000000000000e+00	0.000000000000e+00
-8.644000000000e-07	0.000000000000e+00	0.000000000000e+00	0.000000000000e+00
-8.642000000000e-07	0.000000000000e+00	0.000000000000e+00	0.000000000000e+00
-8.640000000000e-07	0.000000000000e+00	0.000000000000e+00	0.000000000000e+00
-8.638000000000e-07	0.000000000000e+00	0.000000000000e+00	0.000000000000e+00
-8.636000000000e-07	0.000000000000e+00	0.000000000000e+00	0.000000000000e+00
-8.634000000000e-07	0.000000000000e+00	0.000000000000e+00	0.000000000000e+00
-8.632000000000e-07	0.000000000000e+00	0.000000000000e+00	0.000000000000e+00
-8.630000000000e-07	0.000000000000e+00	0.000000000000e+00	0.000000000000e+00
-8.628000000000e-07	0.000000000000e+00	0.000000000000e+00	0.000000000000e+00
-8.626000000000e-07	0.000000000000e+00	0.000000000000e+00	0.000000000000e+00
-8.624000000000e-07	0.000000000000e+00	0.000000000000e+00	0.000000000000e+00
-8.622000000000e-07	0.000000000000e+00	0.000000000000e+00	0.000000000000e+00
-8.620000000000e-07	0.000000000000e+00	0.000000000000e+00	0.000000000000e+00
-8.618000000000e-07	0.000000000000e+00	0.000000000000e+00	0.000000000000e+00
-8.616000000000e-07	0.000000000000e+00	0.000000000000e+00	0.000000000000e+00
-8.614000000000e-07	0.000000000000e+00	0.000000000000e+00	0.000000000000e+00
-8.612000000000e-07	0.000000000000e+00	0.000000000000e+00	0.000000000000e+00
-8.610000000000e-07	0.000000000000e+00	0.000000000000e+00	0.000000000000e+00
-8.608000000000e-07	0.000000000000e+00	0.000000000000e+00	0.000000000000e+00
-8.606000000000e-07	0.000000000000e+00	0.000000000000e+00	0.000000000000e+00
-8.604000000000e-07	0.000000000000e+00	0.000000000000e+00	0.000000000000e+00
-8.602000000000e-07	0.000000000000e+00	0.000000000000e+00	0.000000000000e+00
-8.600000000000e-07	0.000000000000e+00	0.000000000000e+00	0.000000000000e+00
-8.598000000000e-07	0.000000000000e+00	0.000000000000e+00	0.000000000000e+00
-8.596000000000e-07	0.000000000000e+00	0.000000000000e+00	0.000000000000e+00
-8.594000000000e-07	0.000000000000e+00	0.000000000000e+00	0.000000000000e+00
-8.592000000000e-07	0.000000000000e+00	0.000000000000e+00	0.000000000000e+00
-8.590000000000e-07	0.000000000000e+00	0.000000000000e+00	0.000000000000e+00
-8.588000000000e-07	0.000000000000e+00	0.000000000000e+00	0.000000000000e+00
-8.586000000000e-07	0.000000000000e+00	0.000000000000e+00	0.000000000000e+00
-8.584000000000e-07	0.000000000000e+00	0.000000000000e+00	0.000000000000e+00
-8.582000000000e-07	-9.111461828035e-15	1.769347213270e-14	-3.003000101440e-15
-8.580000000000e-07	2.343162405426e-14	-2.885464052954e-14	-1.335935561722e-14
-8.578000000000e-07	-1.744831306125e-15	-1.800732284356e-14	2.429393220866e-14
-8.576000000000e-07	6.744376974583e-14	-8.337969477937e-14	-5.642072573446e-14
-8.574000000000e-07	-1.286691154331e-12	1.974088547957e-12	3.075883000265e-13
-8.572000000000e-07	-5.009899286920e-13	5.640252071599e-13	3.757041643661e-13
-8.570000000000e-07	8.307474074455e-13	-1.093828242954e-12	-4.505228676957e-13
-8.568000000000e-07	2.660275916776e-13	-4.589817330079e-14	-5.401946678863e-13
-8.566000000000e-07	-4.993529918117e-15	-1.595854897128e-13	2.442046568213e-13
-8.564000000000e-07	-7.846439421058e-15	1.543348559824e-13	-1.785970687743e-13
-8.562000000000e-07	-9.364612320647e-13	1.654990738076e-13	1.941910600984e-12
-8.560000000000e-07	1.185890130205e-11	-9.683314088615e-12	-1.487147296225e-11
-8.558000000000e-07	-3.844576056293e-12	1.235900934950e-11	-7.469431020552e-12
-8.556000000000e-07	-6.226157725255e-12	1.252689135028e-11	-2.033045561255e-12
-8.554000000000e-07	-4.462317200912e-12	1.887476105911e-12	8.033472731333e-12
-8.552000000000e-07	1.784551181741e-12	-3.202950206027e-12	2.381071397911e-14
-8.550000000000e-07	1.356979214785e-12	-3.215820088967e-12	1.035225713752e-12
-8.548000000000e-07	-1.186168580269e-12	1.156982221142e-12	1.173419432356e-12
-8.546000000000e-07	3.036544697375e-13	-1.446477928931e-12	1.180830399428e-12
-8.544000000000e-07	2.110742726052e-12	1.968177166974e-14	-4.902004785101e-12
-8.542000000000e-07	-8.439232975131e-13	3.060606069953e-12	-2.197547990888e-12
-8.540000000000e-07	-2.853031329711e-12	9.885877079335e-13	5.075179386579e-12
-8.538000000000e-07	1.388830013047e-11	3.866460363642e-11	-8.545058299372e-11
-8.536000000000e-07	-1.722077140556e-11	5.124649667052e-12	3.291026809778e-11
-8.534000000000e-07	-3.143192935706e-11	4.645036381961e-12	6.521953834308e-11
-8.532000000000e-07	-9.916317258434e-12	3.904051212221e-11	-2.647442721727e-11
-8.530000000000e-07	-5.136441069646e-11	6.497975676002e-11	3.696375392672e-11
-8.528000000000e-07	-6.182061027155e-12	5.490162789012e-11	-6.401919680582e-11
-8.526000000000e-07	-8.650290884356e-11	9.630722437961e-11	7.533536864625e-11
-8.524000000000e-07	-1.118742928641e-10	2.438730390903e-10	-6.071124298820e-11
-8.522000000000e-07	-1.328245570554e-10	2.937508757670e-10	-8.468714439117e-11
-8.520000000000e-07	-2.238600727802e-10	5.319908955129e-10	-1.890787131566e-10
-8.518000000000e-07	-3.965009477709e-10	8.496991162251e-10	-2.076870239505e-10
-8.516000000000e-07	-6.101297984046e-10	1.406077080742e-09	-4.480174134398e-10
-8.514000000000e-07	-1.138662652611e-09	2.248663123201e-09	-3.465404525716e-10
-8.512000000000e-07	-1.741801855115e-09	3.692755366033e-09	-8.555312788794e-10
-8.510000000000e-07	-2.521935525182e-09	5.770537552485e-09	-1.779012035361e-09
-8.508000000000e-07	-5.199990933020e-09	1.110327767513e-08	-2.634139167521e-09
-8.506000000000e-07	-8.793921575431e-09	1.889148362570e-08	-4.585735759598e-09
-8.504000000000e-07	-8.245452496688e-09	1.808326254601e-08	-4.759115199762e-09
-8.502000000000e-07	-8.892228453706e-09	1.899497178920e-08	-4.462393262981e-09
-8.500000000000e-07	-8.725857874624e-09	1.898348820495e-08	-4.801489410054e-09
-8.498000000000e-07	-8.862000885089e-09	1.923332700523e-08	-4.810086083303e-09
-8.496000000000e-07	-9.226179508208e-09	1.957191165410e-08	-4.402476245106e-09
-8.494000000000e-07	-8.322753043945e-09	1.822486242297e-08	-4.677316462020e-09
-8.492000000000e-07	-9.405724741508e-09	2.008499680394e-08	-4.617022382471e-09
-8.490000000000e-07	-8.095052704013e-09	1.814031097907e-08	-5.047525609120e-09
-8.488000000000e-07	-9.342634551371e-09	1.945457125736e-08	-3.912674836211e-09
-8.486000000000e-07	-9.439056713207e-09	2.018782276817e-08	-4.613824418444e-09
-8.484000000000e-07	-9.164078729558e-09	2.059032010182e-08	-5.726198220705e-09
-8.482000000000e-07	-8.992758861524e-09	1.933473087151e-08	-4.489553216599e-09
-8.480000000000e-07	-1.006829140436e-08	2.166814731619e-08	-5.058255245958e-09
-8.478000000000e-07	-9.834324201561e-09	2.256932333840e-08	-6.725285660628e-09
-8.476000000000e-07	-1.191251890783e-08	2.722771717370e-08	-7.933641759873e-09
-8.474000000000e-07	-1.499824080013e-08	3.245750680134e-08	-7.705497306142e-09
-8.472000000000e-07	-1.921879460100e-08	4.139306885880e-08	-9.669863662651e-09
-8.470000000000e-07	-7.839827304328e-09	1.720179675835e-08	-4.261189020455e-09
-8.468000000000e-07	-3.572948881631e-09	7.574591132445e-09	-1.507279610929e-09
-8.466000000000e-07	-3.863954257686e-09	9.486754243688e-09	-3.306798482553e-09
-8.464000000000e-07	-3.406142499965e-09	7.492090440632e-09	-1.799247322320e-09
-8.462000000000e-07	-3.122652255799e-09	6.832408962164e-09	-1.562899718671e-09
-8.460000000000e-07	-3.757333265229e-09	7.692008947152e-09	-1.249158490151e-09
-8.458000000000e-07	-1.885935319871e-09	4.829699604717e-09	-1.806644745059e-09
-8.456000000000e-07	-3.027830087784e-09	5.731223948025e-09	-4.005494005537e-10
-8.454000000000e-07	-2.753936722656e-09	6.257813072329e-09	-1.673505250547e-09
-8.452000000000e-07	-2.586024272705e-09	5.424291166866e-09	-1.025278316761e-09
-8.450000000000e-07	-2.878380649301e-09	5.733422250022e-09	-7.909885826752e-10
-8.448000000000e-07	-3.205408067676e-09	7.399745812862e-09	-2.203858002316e-09
-8.446000000000e-07	-3.398088319968e-09	8.309508508022e-09	-2.984851396989e-09
-8.444000000000e-07	-6.848939488779e-09	1.462149496719e-08	-3.321407262046e-09
-8.442000000000e-07	-1.015512241294e-08	2.220169809419e-08	-5.724062969369e-09
-8.440000000000e-07	-1.732594235843e-08	3.703051639340e-08	-8.781766177978e-09
-8.438000000000e-07	-2.677244271626e-08	5.792996876393e-08	-1.457913298458e-08
-8.436000000000e-07	-4.431908808605e-08	9.585026971540e-08	-2.409200866239e-08
-8.434000000000e-07	-7.338875785095e-08	1.576971115128e-07	-3.857448076869e-08
-8.432000000000e-07	-1.106959786055e-07	2.400505803105e-07	-6.073256022143e-08
-8.430000000000e-07	-1.384325111092e-07	3.000013038961e-07	-7.500828841500e-08
-8.428000000000e-07	-1.590420839015e-07	3.460660719426e-07	-8.717278857890e-08
-8.426000000000e-07	-1.615749468269e-07	3.542283879875e-07	-9.087008630041e-08
-8.424000000000e-07	-1.357900802802e-07	2.951147535070e-07	-7.214150624781e-08
-8.422000000000e-07	-1.148524684903e-07	2.541547185972e-07	-6.608484417725e-08
-8.420000000000e-07	-1.006758362061e-07	2.184268456043e-07	-5.177599560875e-08
-8.418000000000e-07	-8.178354791131e-08	1.783400292597e-07	-4.271798846339e-08
-8.416000000000e-07	-6.526973257816e-08	1.461380317292e-07	-3.850190140246e-08
-8.414000000000e-07	-5.245550245440e-08	1.163445964795e-07	-2.917810465609e-08
-8.412000000000e-07	-4.185359917744e-08	9.494352899239e-08	-2.570707491602e-08
-8.410000000000e-07	-3.701144191703e-08	8.237266654037e-08	-2.050426851965e-08
-8.408000000000e-07	-2.982499304130e-08	6.369623602417e-08	-1.289083215966e-08
-8.406000000000e-07	-2.161309194914e-08	5.173904151038e-08	-1.610354070091e-08
-8.404000000000e-07	-2.006584920544e-08	4.396722625410e-08	-9.775124191877e-09
-8.402000000000e-07	-1.721552308730e-08	3.386404323788e-08	-3.369903139937e-09
-8.400000000000e-07	-1.238466586098e-08	2.901964124548e-08	-8.068166385234e-09
-8.398000000000e-07	-1.026114012193e-08	2.230532545413e-08	-4.345703405471e-09
-8.396000000000e-07	-7.666341345117e-09	1.735936104934e-08	-3.926158393834e-09
-8.394000000000e-07	-3.732542362763e-09	1.025123615755e-08	-3.834515782684e-09
-8.392000000000e-07	-3.135429822400e-09	8.419285967173e-09	-2.853575624216e-09
-8.390000000000e-07	-4.020936549772e-09	6.779008775814e-09	1.135871563262e-09
-8.388000000000e-07	-2.532718982337e-09	5.628281719648e-09	-7.546823773692e-10
-8.386000000000e-07	-1.080073807336e-09	2.560808202956e-09	-1.590102174082e-10
-8.384000000000e-07	-1.232390009126e-09	1.332425757277e-09	1.683312027169e-09
-8.382000000000e-07	-3.416465080274e-10	-1.389390790323e-11	1.432341266025e-09
-8.380000000000e-07	9.766039891489e-10	-7.762960430057e-10	-6.375911104944e-10
-8.378000000000e-07	2.710782291523e-09	-4.380519723909e-09	-3.155818117174e-11
-8.376000000000e-07	3.025016779158e-09	-5.223315792383e-09	3.484409446013e-10
-8.374000000000e-07	3.240701858329e-09	-7.316902222681e-09	2.462250502839e-09
-8.372000000000e-07	2.900245605018e-09	-4.641007346789e-09	-1.700885580628e-10
-8.370000000000e-07	3.138763245108e-09	-5.216027283627e-09	4.275254370886e-11
-8.368000000000e-07	1.429556044570e-09	-5.309136760678e-09	3.977145745580e-09
-8.366000000000e-07	3.598884467380e-09	-7.523273217692e-09	1.874323199647e-09
-8.364000000000e-07	4.242305597296e-09	-7.451660033622e-09	3.200868264195e-10
-8.362000000000e-07	2.542964207135e-09	-5.666241124409e-09	1.849699957807e-09
-8.360000000000e-07	4.017945174374e-09	-8.810562325107e-09	2.548077323788e-09
-8.358000000000e-07	3.240011248922e-09	-7.879999341888e-09	3.078104549161e-09
-8.356000000000e-07	3.884629933593e-09	-8.846765861973e-09	2.787145119918e-09
-8.354000000000e-07	3.902853952990e-09	-8.329715599465e-09	2.187758134242e-09
-8.352000000000e-07	3.439483277234e-09	-8.743790486824e-09	3.631041550114e-09
-8.350000000000e-07	4.854665498553e-09	-8.711872808576e-09	4.797046341517e-10
-8.348000000000e-07	3.577967117062e-09	-7.642964302619e-09	1.969527829623e-09
-8.346000000000e-07	4.253643655958e-09	-8.809484764185e-09	1.893939447166e-09
-8.344000000000e-07	4.244442493979e-09	-9.141783961935e-09	2.364312728576e-09
-8.342000000000e-07	5.303050800866e-09	-1.111116712514e-08	2.394709980310e-09
-8.340000000000e-07	4.062540920551e-09	-8.606873646341e-09	2.106528085124e-09
-8.338000000000e-07	2.527921986385e-09	-6.506065920641e-09	2.881698913254e-09
-8.336000000000e-07	4.190670962104e-09	-1.012864139504e-08	3.655269798659e-09
-8.334000000000e-07	4.468157577327e-09	-1.050559232517e-08	3.472520241047e-09
-8.332000000000e-07	3.474232512052e-09	-8.851619292508e-09	3.676417713074e-09
-8.330000000000e-07	4.643276071475e-09	-9.084277584796e-09	1.335717728569e-09
-8.328000000000e-07	4.954444193068e-09	-1.053883424430e-08	2.401610214386e-09
-8.326000000000e-07	3.832380719938e-09	-8.963229790769e-09	2.956067593346e-09
-8.324000000000e-07	3.854798308627e-09	-8.008534862192e-09	1.781975637071e-09
-8.322000000000e-07	5.330011587690e-09	-1.035983647424e-08	1.354428951626e-09
-8.320000000000e-07	4.724191477679e-09	-1.055411199736e-08	2.921022287575e-09
-8.318000000000e-07	3.427708068246e-09	-7.932790344616e-09	2.551227796725e-09
-8.316000000000e-07	4.502719678942e-09	-9.347146878994e-09	1.934567257252e-09
-8.314000000000e-07	3.639226239155e-09	-8.051477054143e-09	2.239391808769e-09
-8.312000000000e-07	4.269553232794e-09	-9.736646256493e-09	2.933702008496e-09
-8.310000000000e-07	4.851314318257e-09	-1.011904620411e-08	2.125718847238e-09
-8.308000000000e-07	4.030769445767e-09	-8.533321631989e-09	1.963620656962e-09
-8.306000000000e-07	4.243863511468e-09	-8.569005959732e-09	1.535940256639e-09
-8.304000000000e-07	3.981705793871e-09	-8.293714187041e-09	1.752805024099e-09
-8.302000000000e-07	3.661614190951e-09	-8.782085277228e-09	3.099150125644e-09
-8.300000000000e-07	4.116121269148e-09	-8.082618998086e-09	1.223086984559e-09
-8.298000000000e-07	3.100475608889e-09	-7.368373291393e-09	2.588448604622e-09
-8.296000000000e-07	4.536325913526e-09	-1.015168376754e-08	2.834002955429e-09
-8.294000000000e-07	3.658790883437e-09	-7.664608241358e-09	1.643081434182e-09
-8.292000000000e-07	3.990940540749e-09	-8.711318266756e-09	2.215602391024e-09
-8.290000000000e-07	3.979110669449e-09	-7.249785532975e-09	4.467846997986e-10
-8.288000000000e-07	4.086942660286e-09	-8.554780670159e-09	1.869882925773e-09
-8.286000000000e-07	3.223099714949e-09	-7.685643349847e-09	2.695441992174e-09
-8.284000000000e-07	4.345961250338e-09	-9.440483547927e-09	2.330900843133e-09
-8.282000000000e-07	3.965253127765e-09	-8.743242535088e-09	2.322825605651e-09
-8.280000000000e-07	3.527528725328e-09	-9.082168638429e-09	3.731969016354e-09
-8.278000000000e-07	4.003886744969e-09	-8.663783340057e-09	2.105641627159e-09
-8.276000000000e-07	3.552136436402e-09	-7.635979148710e-09	1.846515896330e-09
-8.274000000000e-07	3.783530594155e-09	-7.473100297387e-09	1.151378381576e-09
-8.272000000000e-07	3.617110230992e-09	-8.319589526658e-09	2.550288540055e-09
-8.270000000000e-07	3.964526578613e-09	-9.307458767990e-09	3.083332839011e-09
-8.268000000000e-07	4.876854658826e-09	-1.014319662165e-08	2.001994062001e-09
-8.266000000000e-07	3.297846610144e-09	-7.770813443454e-09	2.610986482098e-09
-8.264000000000e-07	3.414953497343e-09	-7.265960474636e-09	1.708425357007e-09
-8.262000000000e-07	3.672792238839e-09	-8.013260724737e-09	2.054046213334e-09
-8.260000000000e-07	3.804356383270e-09	-8.427908284148e-09	2.257483419158e-09
-8.258000000000e-07	3.615873561779e-09	-8.048387975292e-09	2.192064623617e-09
-8.256000000000e-07	4.453494833970e-09	-8.682499346882e-09	1.135953904695e-09
-8.254000000000e-07	3.844608409352e-09	-8.050555745224e-09	1.694426965794e-09
-8.252000000000e-07	3.783052481000e-09	-8.044422724561e-09	1.811814482301e-09
-8.250000000000e-07	3.614402112061e-09	-7.762249170705e-09	1.871621033897e-09
-8.248000000000e-07	3.501461908356e-09	-7.921891411888e-09	2.308306536320e-09
-8.246000000000e-07	2.926467081202e-09	-8.036893801210e-09	3.765396364400e-09
-8.244000000000e-07	3.654666234226e-09	-7.815440088358e-09	1.845877794465e-09
-8.242000000000e-07	3.668655667312e-09	-7.405108456231e-09	1.315684751551e-09
-8.240000000000e-07	3.835374966923e-09	-8.512991894869e-09	2.250279067113e-09
-8.238000000000e-07	3.880242124636e-09	-8.570751181734e-09	2.315195906839e-09
-8.236000000000e-07	3.649949500105e-09	-8.367937078051e-09	2.532762375539e-09
-8.234000000000e-07	2.885260341306e-09	-7.360635254229e-09	3.023964640136e-09
-8.232000000000e-07	3.705279741785e-09	-7.817938517339e-09	1.706676153228e-09
-8.230000000000e-07	3.587045334327e-09	-7.515730377932e-09	1.570384869385e-09
-8.228000000000e-07	4.131967559942e-09	-8.254628146292e-09	1.267380015734e-09
-8.226000000000e-07	3.208973408922e-09	-7.823983189695e-09	2.819864567381e-09
-8.224000000000e-07	3.432283084186e-09	-7.976232026096e-09	2.496424994128e-09
-8.222000000000e-07	4.041040750701e-09	-7.993620124104e-09	1.165843578534e-09
-8.220000000000e-07	4.048339417637e-09	-8.037003011657e-09	1.179508388175e-09
-8.218000000000e-07	3.302054805235e-09	-7.450073930654e-09	2.173248552980e-09
-8.216000000000e-07	3.653076195783e-09	-7.946822363392e-09	2.004701082477e-09
-8.214000000000e-07	3.776132862561e-09	-8.214601461739e-09	2.023442547737e-09
-8.212000000000e-07	3.502096053456e-09	-7.260496389484e-09	1.428821715887e-09
-8.210000000000e-07	3.358400153899e-09	-7.304958512458e-09	1.822593047998e-09
-8.208000000000e-07	3.684742515242e-09	-7.913844550542e-09	1.877693662943e-09
-8.206000000000e-07	3.702494561952e-09	-7.894286866555e-09	1.776338503793e-09
-8.204000000000e-07	2.975218260134e-09	-6.587992939155e-09	1.784346908506e-09
-8.202000000000e-07	3.490916192766e-09	-6.927441835007e-09	1.081822926130e-09
-8.200000000000e-07	3.831424251688e-09	-7.370761468481e-09	8.509903110223e-10
-8.198000000000e-07	3.203672416574e-09	-7.822385202317e-09	2.824433648561e-09
-8.196000000000e-07	3.385497710876e-09	-7.555301487438e-09	2.037661278746e-09
-8.194000000000e-07	3.529778718575e-09	-7.340365540135e-09	1.452503046257e-09
-8.192000000000e-07	2.933106563449e-09	-6.736148630995e-09	2.043670842516e-09
-8.190000000000e-07	2.787645786177e-09	-6.713651473184e-09	2.396930827041e-09
-8.188000000000e-07	3.385678218391e-09	-6.667634244291e-09	1.009813936673e-09
-8.186000000000e-07	3.445134646077e-09	-7.442740507091e-09	1.799698922608e-09
-8.184000000000e-07	3.217831082346e-09	-6.840658438328e-09	1.536726360024e-09
-8.182000000000e-07	3.528436067121e-09	-7.356097813470e-09	1.475616759569e-09
-8.180000000000e-07	2.945232848519e-09	-6.524863426092e-09	1.786993714146e-09
-8.178000000000e-07	3.683124780337e-09	-7.724503051493e-09	1.585152519293e-09
-8.176000000000e-07	2.932367599661e-09	-6.769189479754e-09	2.124815000922e-09
-8.174000000000e-07	3.086186757131e-09	-6.682916418734e-09	1.642451019266e-09
-8.172000000000e-07	3.311095470147e-09	-7.072586569615e-09	1.597686424438e-09
-8.170000000000e-07	3.460160690733e-09	-8.177457976811e-09	2.685461068516e-09
-8.168000000000e-07	3.411137172265e-09	-7.107902771105e-09	1.437775370153e-09
-8.166000000000e-07	3.200810033453e-09	-7.064358870889e-09	1.858635316950e-09
-8.164000000000e-07	3.333753721400e-09	-7.145420161347e-09	1.667026904108e-09
-8.162000000000e-07	3.222581586595e-09	-6.534096020833e-09	1.152977601718e-09
-8.160000000000e-07	3.079272069779e-09	-6.849880823783e-09	1.872027963522e-09
-8.158000000000e-07	3.024365456126e-09	-7.026679429035e-09	2.248043638591e-09
-8.156000000000e-07	3.068619276755e-09	-6.477081985028e-09	1.412828473070e-09
-8.154000000000e-07	3.334146096340e-09	-7.105217055475e-09	1.574131512436e-09
-8.152000000000e-07	3.460521598833e-09	-7.104905675683e-09	1.321872600363e-09
-8.150000000000e-07	3.096357451528e-09	-7.177231065703e-09	2.221770080185e-09
-8.148000000000e-07	3.353440217225e-09	-7.119492641278e-09	1.576588514510e-09
-8.146000000000e-07	3.538939331659e-09	-7.357517688702e-09	1.474748466438e-09
-8.144000000000e-07	3.018106944007e-09	-6.674380562077e-09	1.813143410761e-09
-8.142000000000e-07	2.937588019187e-09	-7.053481150853e-09	2.411216299285e-09
-8.140000000000e-07	3.166236817544e-09	-6.858089846979e-09	1.664937592938e-09
-8.138000000000e-07	2.834857933624e-09	-6.337967083941e-09	1.759037632122e-09
-8.136000000000e-07	3.255554312087e-09	-7.215469024646e-09	1.911395089250e-09
-8.134000000000e-07	2.948438172954e-09	-6.863265742390e-09	2.183662733819e-09
-8.132000000000e-07	3.117111439450e-09	-6.577342319185e-09	1.437553019875e-09
-8.130000000000e-07	3.020162916875e-09	-6.706284985963e-09	1.801310341836e-09
-8.128000000000e-07	3.094695396669e-09	-6.584994341046e-09	1.486165151268e-09
-8.126000000000e-07	3.068797179627e-09	-6.478982086756e-09	1.403751159787e-09
-8.124000000000e-07	2.665478482223e-09	-6.495598520045e-09	2.348505986924e-09
-8.122000000000e-07	3.183113646682e-09	-6.713203299912e-09	1.452451052501e-09
-8.120000000000e-07	2.545741297889e-09	-6.154939805352e-09	2.145214136223e-09
-8.118000000000e-07	3.015844216410e-09	-6.268845199034e-09	1.271372696101e-09
-8.116000000000e-07	2.874080514128e-09	-6.259711985076e-09	1.561048434318e-09
-8.114000000000e-07	3.001188554201e-09	-6.502092621211e-09	1.588435057832e-09
-8.112000000000e-07	2.965128269358e-09	-6.587303073765e-09	1.814032897830e-09
-8.110000000000e-07	3.355812910010e-09	-6.736913626953e-09	1.075291999630e-09
-8.108000000000e-07	2.850488858697e-09	-6.709045131973e-09	2.203251603715e-09
-8.106000000000e-07	2.958456714617e-09	-6.368862073119e-09	1.536403008510e-09
-8.104000000000e-07	2.920908555896e-09	-6.232111958286e-09	1.447010732918e-09
-8.102000000000e-07	3.015097609711e-09	-6.785673892362e-09	1.910327513325e-09
-8.100000000000e-07	2.787916747437e-09	-6.291743386318e-09	1.825672617962e-09
-8.098000000000e-07	3.100619097549e-09	-6.338154066514e-09	1.157966469319e-09
-8.096000000000e-07	2.703868198360e-09	-6.259345168678e-09	1.940625811610e-09
-8.094000000000e-07	3.181801236642e-09	-6.871268878786e-09	1.662544876958e-09
-8.092000000000e-07	2.796375101946e-09	-6.245759551880e-09	1.731706785007e-09
-8.090000000000e-07	3.235471667879e-09	-6.753359259393e-09	1.375496812007e-09
-8.088000000000e-07	3.174423105308e-09	-6.416053952674e-09	1.082003636713e-09
-8.086000000000e-07	2.751181753832e-09	-5.880900710674e-09	1.336593898991e-09
-8.084000000000e-07	2.795995837782e-09	-6.279088191794e-09	1.754276490220e-09
-8.082000000000e-07	2.686683829037e-09	-6.250661068362e-09	1.958832111255e-09
-8.080000000000e-07	3.050686541784e-09	-5.930645843797e-09	7.779969223542e-10
-8.078000000000e-07	2.643751083728e-09	-5.754477572334e-09	1.467494270549e-09
-8.076000000000e-07	2.665451042545e-09	-5.666350575402e-09	1.317865099721e-09
-8.074000000000e-07	3.082203924696e-09	-6.753944630134e-09	1.636767005856e-09
-8.072000000000e-07	2.736384284978e-09	-6.107929838836e-09	1.688631880898e-09
-8.070000000000e-07	2.888165661415e-09	-6.335032117226e-09	1.646692996216e-09
-8.068000000000e-07	2.907015552517e-09	-6.217533717791e-09	1.458632743910e-09
-8.066000000000e-07	2.780962378928e-09	-6.138010055112e-09	1.584005613691e-09
-8.064000000000e-07	3.034060517729e-09	-6.451994624838e-09	1.440651491212e-09
-8.062000000000e-07	2.744146834345e-09	-5.730563778618e-09	1.210842193977e-09
-8.060000000000e-07	2.976278492299e-09	-6.152818480365e-09	1.169387216354e-09
-8.058000000000e-07	2.471419381280e-09	-5.878583195733e-09	1.975607683826e-09
-8.056000000000e-07	2.559648877546e-09	-5.902917883035e-09	1.795400648325e-09
-8.054000000000e-07	2.917263024971e-09	-6.205910721472e-09	1.386579328710e-09
-8.052000000000e-07	2.588745405679e-09	-5.588146383995e-09	1.375342149743e-09
-8.050000000000e-07	2.882198232939e-09	-6.144335907122e-09	1.424175390217e-09
-8.048000000000e-07	2.724179398522e-09	-6.237747325056e-09	1.845809534505e-09
-8.046000000000e-07	2.852744540989e-09	-5.946124285229e-09	1.193513840286e-09
-8.044000000000e-07	2.805893692671e-09	-5.861273854999e-09	1.220412401601e-09
-8.042000000000e-07	2.518247190484e-09	-5.555790010381e-09	1.500768956939e-09
-8.040000000000e-07	2.565886250707e-09	-6.015876870924e-09	1.954709849062e-09
-8.038000000000e-07	2.782969660624e-09	-6.015749478016e-09	1.455374218557e-09
-8.036000000000e-07	2.841444693524e-09	-6.191718430615e-09	1.553716122474e-09
-8.034000000000e-07	2.712836018569e-09	-6.076354635800e-09	1.667845089166e-09
-8.032000000000e-07	2.548677234089e-09	-5.644696266981e-09	1.513215962207e-09
-8.030000000000e-07	2.734184655439e-09	-5.734529065839e-09	1.219921915609e-09
-8.028000000000e-07	2.724889190443e-09	-6.081674209916e-09	1.631814817800e-09
-8.026000000000e-07	2.724941793093e-09	-5.786547159289e-09	1.299303178031e-09
-8.024000000000e-07	2.593701946617e-09	-5.634655316835e-09	1.391434637651e-09
-8.022000000000e-07	2.769955316797e-09	-6.322975758802e-09	1.848806765349e-09
-8.020000000000e-07	2.611238707897e-09	-5.495088588325e-09	1.177563987075e-09
-8.018000000000e-07	2.556653405433e-09	-5.827108981450e-09	1.718598343323e-09
-8.016000000000e-07	2.451446400206e-09	-5.485394261535e-09	1.540011332546e-09
-8.014000000000e-07	2.606299651861e-09	-5.703018016871e-09	1.452996119001e-09
-8.012000000000e-07	2.783804667897e-09	-5.804627125697e-09	1.199304645587e-09
-8.010000000000e-07	2.615844387459e-09	-5.823513562675e-09	1.605832032892e-09
-8.008000000000e-07	2.412680853548e-09	-5.651385773448e-09	1.790982830517e-09
-8.006000000000e-07	2.464394480291e-09	-5.449644047915e-09	1.468640941756e-09
-8.004000000000e-07	2.642315055000e-09	-5.713460647022e-09	1.373368612492e-09
-8.002000000000e-07	2.420780509422e-09	-5.370205669294e-09	1.447926161080e-09
-8.000000000000e-07	2.508179415239e-09	-5.361649108995e-09	1.245353174178e-09
-7.998000000000e-07	2.652192637289e-09	-5.614436859137e-09	1.210654796278e-09
-7.996000000000e-07	2.498028088645e-09	-5.302670948504e-09	1.223706157814e-09
-7.994000000000e-07	2.682595639352e-09	-5.912779926104e-09	1.566322328648e-09
-7.992000000000e-07	2.637392443391e-09	-5.470521676793e-09	1.101884122677e-09
-7.990000000000e-07	2.597650449051e-09	-5.639820757884e-09	1.396951629984e-09
-7.988000000000e-07	2.441431860857e-09	-5.238532296285e-09	1.232141217188e-09
-7.986000000000e-07	2.393405468542e-09	-5.219413914572e-09	1.326149831759e-09
-7.984000000000e-07	2.285207303352e-09	-5.650581848273e-09	2.088718296918e-09
-7.982000000000e-07	2.558510451519e-09	-5.360835665448e-09	1.114522342552e-09
-7.980000000000e-07	2.552594414641e-09	-5.450346225853e-09	1.229072609110e-09
-7.978000000000e-07	2.278914130152e-09	-5.427515224837e-09	1.851096712546e-09
-7.976000000000e-07	2.577029217557e-09	-5.614043500670e-09	1.391771811903e-09
-7.974000000000e-07	2.323710180824e-09	-5.464684591325e-09	1.794759890948e-09
-7.972000000000e-07	2.279348803097e-09	-5.216032817647e-09	1.566415051797e-09
-7.970000000000e-07	2.486314462343e-09	-5.255400238178e-09	1.166110468111e-09
-7.968000000000e-07	2.643228077158e-09	-5.693969323500e-09	1.330982378992e-09
-7.966000000000e-07	2.277842742382e-09	-5.092164483409e-09	1.427636733337e-09
-7.964000000000e-07	2.407288948219e-09	-5.374208620819e-09	1.436096175970e-09
-7.962000000000e-07	2.376640605570e-09	-5.353116361459e-09	1.543655666616e-09
-7.960000000000e-07	2.558132157480e-09	-5.343349984379e-09	1.128991012097e-09
-7.958000000000e-07	2.532184391358e-09	-5.505847348592e-09	1.342910693382e-09
-7.956000000000e-07	2.461265326318e-09	-5.183641793037e-09	1.115200581720e-09
-7.954000000000e-07	2.686287844824e-09	-5.560605382091e-09	1.075777886732e-09
-7.952000000000e-07	2.271516582550e-09	-5.299173890069e-09	1.652453795260e-09
-7.950000000000e-07	2.359848624916e-09	-5.140506789368e-09	1.263294969695e-09
-7.948000000000e-07	2.394905455133e-09	-5.019221432697e-09	1.095209291203e-09
-7.946000000000e-07	2.239120983374e-09	-5.365501028881e-09	1.828126686244e-09
-7.944000000000e-07	2.400263886106e-09	-5.182520733562e-09	1.275295113383e-09
-7.942000000000e-07	2.378274123048e-09	-5.191111652389e-09	1.260519720783e-09
-7.940000000000e-07	2.449867296813e-09	-5.011387758750e-09	8.640746415080e-10
-7.938000000000e-07	2.411669051595e-09	-5.289918614313e-09	1.291439720264e-09
-7.936000000000e-07	2.308947766648e-09	-5.176762914927e-09	1.455512650047e-09
-7.934000000000e-07	2.292480419336e-09	-5.205625297173e-09	1.491799553421e-09
-7.932000000000e-07	2.471680900656e-09	-5.330875611788e-09	1.314822840230e-09
-7.930000000000e-07	2.606722179184e-09	-5.390051526944e-09	1.041962822814e-09
-7.928000000000e-07	2.280869313057e-09	-5.020635717382e-09	1.295619617662e-09
-7.926000000000e-07	2.327677663429e-09	-4.942082879006e-09	1.132360685421e-09
-7.924000000000e-07	2.304579114357e-09	-4.737684600933e-09	9.210832506450e-10
-7.922000000000e-07	2.299584642648e-09	-5.357297021912e-09	1.668806307661e-09
-7.920000000000e-07	2.463764504103e-09	-5.198672797887e-09	1.115086718271e-09
-7.918000000000e-07	2.323587122943e-09	-4.802971448386e-09	9.312424871396e-10
-7.916000000000e-07	2.399886038480e-09	-5.216786970036e-09	1.248232844986e-09
-7.914000000000e-07	2.455911564291e-09	-5.479886925492e-09	1.495224271702e-09
-7.912000000000e-07	2.422073037106e-09	-4.998079577806e-09	9.718894986150e-10
-7.910000000000e-07	2.088228680831e-09	-4.702039455524e-09	1.369262247694e-09
-7.908000000000e-07	2.367585386072e-09	-5.151984896367e-09	1.268649493109e-09
-7.906000000000e-07	2.201575921449e-09	-4.797752225688e-09	1.199774063142e-09
-7.904000000000e-07	2.375968838014e-09	-5.036123190859e-09	1.114869505965e-09
-7.902000000000e-07	2.337553687779e-09	-4.954527642911e-09	1.149489543820e-09
-7.900000000000e-07	2.141036635419e-09	-4.636650035842e-09	1.161515419775e-09
-7.898000000000e-07	1.897679577399e-09	-4.655606031297e-09	1.724072224186e-09
-7.896000000000e-07	2.383123434897e-09	-5.204050242589e-09	1.295244413829e-09
-7.894000000000e-07	2.279884351401e-09	-4.957861756355e-09	1.243267802288e-09
-7.892000000000e-07	2.202717683258e-09	-4.927907957613e-09	1.346596811997e-09
-7.890000000000e-07	2.265715746889e-09	-5.252386305048e-09	1.604213168686e-09
-7.888000000000e-07	2.166642813289e-09	-4.581095751115e-09	1.027786790981e-09
-7.886000000000e-07	2.114401815838e-09	-4.802526600762e-09	1.426294542115e-09
-7.884000000000e-07	2.158822855729e-09	-4.737401402270e-09	1.234613798693e-09
-7.882000000000e-07	2.331480846303e-09	-4.811087106476e-09	9.099435848603e-10
-7.880000000000e-07	2.158154828917e-09	-4.978653550761e-09	1.530064590393e-09
-7.878000000000e-07	2.246196195811e-09	-4.717282237832e-09	1.005244546212e-09
-7.876000000000e-07	2.137568310918e-09	-4.619903684338e-09	1.135682820997e-09
-7.874000000000e-07	2.134949299234e-09	-4.786832212647e-09	1.331594307257e-09
-7.872000000000e-07	2.263294923912e-09	-4.831239848319e-09	1.094880297660e-09
-7.870000000000e-07	2.331105852816e-09	-5.177097663808e-09	1.372435436192e-09
-7.868000000000e-07	2.158581062063e-09	-4.875076612110e-09	1.397696343280e-09
-7.866000000000e-07	2.208255313560e-09	-4.601345049990e-09	9.452714673654e-10
-7.864000000000e-07	2.078790427652e-09	-4.551726081465e-09	1.170633380225e-09
-7.862000000000e-07	2.211991396031e-09	-4.785850834541e-09	1.137631849883e-09
-7.860000000000e-07	2.065182370840e-09	-4.586795588047e-09	1.283619109265e-09
-7.858000000000e-07	2.223295052403e-09	-4.645037547510e-09	9.428032177392e-10
-7.856000000000e-07	2.272110499513e-09	-4.969414372001e-09	1.279853629116e-09
-7.854000000000e-07	2.089820090761e-09	-4.627265889938e-09	1.203848223126e-09
-7.852000000000e-07	2.374615033407e-09	-5.222087941445e-09	1.320785504871e-09
-7.850000000000e-07	2.246723700860e-09	-4.698316939434e-09	9.387905391331e-10
-7.848000000000e-07	2.184835565895e-09	-4.583371464482e-09	9.704510286972e-10
-7.846000000000e-07	2.262947583027e-09	-4.854832897442e-09	1.123903029829e-09
-7.844000000000e-07	2.083132040569e-09	-4.713203141873e-09	1.348644425504e-09
-7.842000000000e-07	1.922928577006e-09	-4.325919731199e-09	1.265684986020e-09
-7.840000000000e-07	2.233641677140e-09	-4.818875075731e-09	1.151752996594e-09
-7.838000000000e-07	2.094556408986e-09	-4.324298017262e-09	8.569078384892e-10
-7.836000000000e-07	2.106832796770e-09	-4.615153525317e-09	1.184246205017e-09
-7.834000000000e-07	1.859416565014e-09	-4.156687169984e-09	1.197124755430e-09
-7.832000000000e-07	2.154042675418e-09	-4.534687759589e-09	9.658109687073e-10
-7.830000000000e-07	2.044201795002e-09	-4.254440132676e-09	8.909079306933e-10
-7.828000000000e-07	2.135668084277e-09	-4.621141172306e-09	1.088487241380e-09
-7.826000000000e-07	2.039147878189e-09	-4.308717475172e-09	9.769158471106e-10
-7.824000000000e-07	1.914845980937e-09	-4.229306526250e-09	1.101955458016e-09
-7.822000000000e-07	2.045388080480e-09	-4.623534576697e-09	1.333778317154e-09
-7.820000000000e-07	1.845451338362e-09	-4.182027463210e-09	1.217096128990e-09
-7.818000000000e-07	2.150294894785e-09	-4.635457476211e-09	1.150927141851e-09
-7.816000000000e-07	2.065643918789e-09	-4.608146386324e-09	1.262624922162e-09
-7.814000000000e-07	2.024926589023e-09	-4.358034092657e-09	1.045878711741e-09
-7.812000000000e-07	2.035531761589e-09	-4.230519824225e-09	8.590789060698e-10
-7.810000000000e-07	2.144909352736e-09	-4.422041284419e-09	8.456960511201e-10
-7.808000000000e-07	1.937470626874e-09	-4.436885137834e-09	1.317690387349e-09
-7.806000000000e-07	1.991471865588e-09	-4.119079399341e-09	8.169474885452e-10
-7.804000000000e-07	1.951203653018e-09	-4.115679558743e-09	9.301148545980e-10
-7.802000000000e-07	1.973522599059e-09	-4.272139212220e-09	1.070553198334e-09
-7.800000000000e-07	2.260598439665e-09	-4.537227578089e-09	7.146993955596e-10
-7.798000000000e-07	2.002923780294e-09	-4.382318598776e-09	1.099605413153e-09
-7.796000000000e-07	1.929788431354e-09	-4.277844897869e-09	1.163452098300e-09
-7.794000000000e-07	2.181366078529e-09	-4.610779549890e-09	1.002430804411e-09
-7.792000000000e-07	1.821657106861e-09	-4.059418758461e-09	1.103069887470e-09
-7.790000000000e-07	1.879180911011e-09	-4.336278919016e-09	1.278294411828e-09
-7.788000000000e-07	1.862662817200e-09	-4.313806219974e-09	1.334668000179e-09
-7.786000000000e-07	1.928824521713e-09	-4.293992210547e-09	1.177128436293e-09
-7.784000000000e-07	2.040513476479e-09	-4.231010633239e-09	8.606888716951e-10
-7.782000000000e-07	1.945367679878e-09	-4.175433577924e-09	9.737324322870e-10
-7.780000000000e-07	1.928619544505e-09	-4.383368714820e-09	1.308676416568e-09
-7.778000000000e-07	2.042295430956e-09	-4.141676458012e-09	7.540942695847e-10
-7.776000000000e-07	1.782544094350e-09	-4.049154635852e-09	1.180689805344e-09
-7.774000000000e-07	1.939249778949e-09	-4.154015662872e-09	9.953601981110e-10
-7.772000000000e-07	1.917374430473e-09	-4.297920042001e-09	1.188241940981e-09
-7.770000000000e-07	1.985967154672e-09	-4.024539124883e-09	7.537131663709e-10
-7.768000000000e-07	1.839734989307e-09	-4.257262244726e-09	1.308446882205e-09
-7.766000000000e-07	2.044057242014e-09	-4.226195259772e-09	8.375698107693e-10
-7.764000000000e-07	1.901154569279e-09	-4.073023522942e-09	9.618485688752e-10
-7.762000000000e-07	1.789089116078e-09	-4.074944898291e-09	1.223258639360e-09
-7.760000000000e-07	1.804185403644e-09	-4.099644445645e-09	1.211867515709e-09
-7.758000000000e-07	1.924902700456e-09	-4.278793441223e-09	1.164525733757e-09
-7.756000000000e-07	1.976478023211e-09	-4.053250665981e-09	7.770902059490e-10
-7.754000000000e-07	1.777283335897e-09	-4.066171556876e-09	1.180145965600e-09
-7.752000000000e-07	1.996177309680e-09	-4.354639304829e-09	1.092141157283e-09
-7.750000000000e-07	1.871885360266e-09	-4.133031947733e-09	1.088630337893e-09
-7.748000000000e-07	2.064612398138e-09	-4.295841704116e-09	8.574758077361e-10
-7.746000000000e-07	1.876247665768e-09	-4.167571087440e-09	1.101017437227e-09
-7.744000000000e-07	1.718288277876e-09	-3.896194638216e-09	1.150807451351e-09
-7.742000000000e-07	1.758427544442e-09	-3.939462634008e-09	1.111721418842e-09
-7.740000000000e-07	1.988803064306e-09	-4.066405449529e-09	7.558430674794e-10
-7.738000000000e-07	1.700991537071e-09	-3.871657562186e-09	1.123431917957e-09
-7.736000000000e-07	1.957990002126e-09	-4.143646283314e-09	8.868088152977e-10
-7.734000000000e-07	1.759928857656e-09	-3.786370251145e-09	9.250498940913e-10
-7.732000000000e-07	1.867754605880e-09	-3.903206696032e-09	8.219735120584e-10
-7.730000000000e-07	1.847671066005e-09	-4.012710450199e-09	9.963825508691e-10
-7.728000000000e-07	1.896563300006e-09	-4.155426002382e-09	1.065828306071e-09
-7.726000000000e-07	1.956635723836e-09	-4.120663034483e-09	9.027961342688e-10
-7.724000000000e-07	1.795058294699e-09	-4.055656728650e-09	1.143217496271e-09
-7.722000000000e-07	1.763365241634e-09	-3.784946701681e-09	9.393587620584e-10
-7.720000000000e-07	1.760167956710e-09	-3.884341624801e-09	1.033303669040e-09
-7.718000000000e-07	1.712580360822e-09	-4.000085303353e-09	1.261059301554e-09
-7.716000000000e-07	1.829682848867e-09	-3.957703079514e-09	9.762041777785e-10
-7.714000000000e-07	1.825458057585e-09	-3.896305245153e-09	9.059970781625e-10
-7.712000000000e-07	1.813330446548e-09	-3.978200694769e-09	1.024355151040e-09
-7.710000000000e-07	1.693897524137e-09	-3.723901406867e-09	9.664906348477e-10
-7.708000000000e-07	1.607517061265e-09	-3.851820244624e-09	1.334899835527e-09
-7.706000000000e-07	1.795158013056e-09	-4.103442100567e-09	1.190206883916e-09
-7.704000000000e-07	1.763397622351e-09	-3.923108948308e-09	1.065267835604e-09
-7.702000000000e-07	1.826887209971e-09	-3.912857176285e-09	8.841257988167e-10
-7.700000000000e-07	1.856168444335e-09	-3.814578704326e-09	7.285393391441e-10
-7.698000000000e-07	1.721664431276e-09	-3.784730796754e-09	9.583993828722e-10
-7.696000000000e-07	1.707171516597e-09	-3.727977619368e-09	9.485099281726e-10
-7.694000000000e-07	1.844564607194e-09	-3.805789169148e-09	7.428574168852e-10
-7.692000000000e-07	1.731775368221e-09	-3.867516542049e-09	1.066712271635e-09
-7.690000000000e-07	1.773741482953e-09	-3.879086283148e-09	9.465407201103e-10
-7.688000000000e-07	1.807140236890e-09	-3.893619886982e-09	9.157023425853e-10
-7.686000000000e-07	1.657309383239e-09	-3.613522947988e-09	9.348561374606e-10
-7.684000000000e-07	1.694509674293e-09	-3.638848528494e-09	8.769187166053e-10
-7.682000000000e-07	1.801974381675e-09	-3.817038828626e-09	8.554330245529e-10
-7.680000000000e-07	1.743889799765e-09	-3.789708009774e-09	8.835380381898e-10
-7.678000000000e-07	1.585100628687e-09	-3.575791945973e-09	1.049436802664e-09
-7.676000000000e-07	1.779433242569e-09	-3.855796457201e-09	9.383220769733e-10
-7.674000000000e-07	1.834509049694e-09	-3.846460007705e-09	7.777458085789e-10
-7.672000000000e-07	1.644616269887e-09	-3.599656810434e-09	9.038290288532e-10
-7.670000000000e-07	1.772723372578e-09	-3.660782223740e-09	7.287766845434e-10
-7.668000000000e-07	1.822197243748e-09	-3.881495285575e-09	8.844071836818e-10
-7.666000000000e-07	1.718377968512e-09	-3.603765626723e-09	7.523676899006e-10
-7.664000000000e-07	1.605548472726e-09	-3.393083131351e-09	7.599303219666e-10
-7.662000000000e-07	1.696702197914e-09	-3.692861543889e-09	9.551465999672e-10
-7.660000000000e-07	1.626982803003e-09	-3.676510228604e-09	1.073245433952e-09
-7.658000000000e-07	1.771147686182e-09	-3.618719639679e-09	6.786583534036e-10
-7.656000000000e-07	1.587896330210e-09	-3.727406828088e-09	1.148428618008e-09
-7.654000000000e-07	1.652540194814e-09	-3.946701233049e-09	1.318713709796e-09
-7.652000000000e-07	1.655196974499e-09	-3.648441573505e-09	9.315548179593e-10
-7.650000000000e-07	1.637064484342e-09	-3.642863595462e-09	1.005860432692e-09
-7.648000000000e-07	1.669072461449e-09	-3.701984914029e-09	9.842551399412e-10
-7.646000000000e-07	1.615169952091e-09	-3.534401162812e-09	9.270849663846e-10
-7.644000000000e-07	1.548717454194e-09	-3.572749807447e-09	1.122908299697e-09
-7.642000000000e-07	1.552947399491e-09	-3.292746444076e-09	7.483130931820e-10
-7.640000000000e-07	1.776559740999e-09	-3.807124933429e-09	8.665430423937e-10
-7.638000000000e-07	1.595437134126e-09	-3.521203818922e-09	9.030466967637e-10
-7.636000000000e-07	1.667797463677e-09	-3.491825685772e-09	7.152307309295e-10
-7.634000000000e-07	1.560980047892e-09	-3.503462788539e-09	9.984872408493e-10
-7.632000000000e-07	1.616183899168e-09	-3.468907731846e-09	8.082486370200e-10
-7.630000000000e-07	1.498516879078e-09	-3.485090187046e-09	1.111735642247e-09
-7.628000000000e-07	1.604246196460e-09	-3.585320076825e-09	1.012987569071e-09
-7.626000000000e-07	1.450226450391e-09	-3.323107683574e-09	9.955365598359e-10
-7.624000000000e-07	1.794122743459e-09	-3.881363391737e-09	9.164792501754e-10
-7.622000000000e-07	1.382352942280e-09	-3.298084260379e-09	1.121981724591e-09
-7.620000000000e-07	1.569096543828e-09	-3.398760732439e-09	8.134608505874e-10
-7.618000000000e-07	1.389630008589e-09	-3.237246412130e-09	1.027344455576e-09
-7.616000000000e-07	1.529959538598e-09	-3.282992827223e-09	7.823001478478e-10
-7.614000000000e-07	1.580116424812e-09	-3.384554203729e-09	7.708048415513e-10
-7.612000000000e-07	1.647318390244e-09	-3.451990864469e-09	7.284013415350e-10
-7.610000000000e-07	1.448632982102e-09	-3.269152541802e-09	9.417426845202e-10
-7.608000000000e-07	1.591295183113e-09	-3.360083297832e-09	7.335796696383e-10
-7.606000000000e-07	1.656457513333e-09	-3.558398407457e-09	8.346650034781e-10
-7.604000000000e-07	1.538647196395e-09	-3.407054348610e-09	9.375818061912e-10
-7.602000000000e-07	1.528617866214e-09	-3.309678276449e-09	7.871682782646e-10
-7.600000000000e-07	1.504560870625e-09	-3.237886229469e-09	7.825195936425e-10
-7.598000000000e-07	1.597288273335e-09	-3.493286864610e-09	8.897889159410e-10
-7.596000000000e-07	1.647271771470e-09	-3.437487301942e-09	7.157021721992e-10
-7.594000000000e-07	1.655622942842e-09	-3.567287580257e-09	8.195465963474e-10
-7.592000000000e-07	1.565708110423e-09	-3.426241068516e-09	8.726920337556e-10
-7.590000000000e-07	1.505001181317e-09	-3.254228999764e-09	7.779037028875e-10
-7.588000000000e-07	1.604303468730e-09	-3.511565546084e-09	9.163153605669e-10
-7.586000000000e-07	1.482651478000e-09	-3.107616569676e-09	6.297238503333e-10
-7.584000000000e-07	1.623269041028e-09	-3.477205676476e-09	8.237616952230e-10
-7.582000000000e-07	1.407042863039e-09	-3.190625588597e-09	9.446286212832e-10
-7.580000000000e-07	1.503317663354e-09	-3.405590207353e-09	9.888688322347e-10
-7.578000000000e-07	1.466800522349e-09	-3.201117726649e-09	8.293950582156e-10
-7.576000000000e-07	1.439756438033e-09	-2.970073863870e-09	5.712694829782e-10
-7.574000000000e-07	1.573634442643e-09	-3.281397237452e-09	6.736431684860e-10
-7.572000000000e-07	1.455668924904e-09	-3.202286617246e-09	8.368051449472e-10
-7.570000000000e-07	1.586679879407e-09	-3.561742355445e-09	9.906283199764e-10
-7.568000000000e-07	1.465996674315e-09	-3.218972524526e-09	8.319102683879e-10
-7.566000000000e-07	1.412473043761e-09	-3.159059161608e-09	8.844289062907e-10
-7.564000000000e-07	1.639795971069e-09	-3.479039801887e-09	8.114604649019e-10
