6.040000000000e-08	0.000000000000e+00	0.000000000000e+00	0.000000000000e+00
6.060000000000e-08	0.000000000000e+00	0.000000000000e+00	0.000000000000e+00
6.080000000000e-08	0.000000000000e+00	0.000000000000e+00	0.000000000000e+00
6.100000000000e-08	0.000000000000e+00	0.000000000000e+00	0.000000000000e+00
6.120000000000e-08	0.000000000000e+00	0.000000000000e+00	0.000000000000e+00
6.140000000000e-08	0.000000000000e+00	0.000000000000e+00	0.000000000000e+00
6.160000000000e-08	0.000000000000e+00	0.000000000000e+00	0.000000000000e+00
6.180000000000e-08	0.000000000000e+00	0.000000000000e+00	0.000000000000e+00
6.200000000000e-08	0.000000000000e+00	0.000000000000e+00	0.000000000000e+00
6.220000000000e-08	0.000000000000e+00	0.000000000000e+00	0.000000000000e+00
6.240000000000e-08	0.000000000000e+00	0.000000000000e+00	0.000000000000e+00
6.260000000000e-08	0.000000000000e+00	0.000000000000e+00	0.000000000000e+00
6.280000000000e-08	0.000000000000e+00	0.000000000000e+00	0.000000000000e+00
6.300000000000e-08	0.000000000000e+00	0.000000000000e+00	0.000000000000e+00
6.320000000000e-08	0.000000000000e+00	0.000000000000e+00	0.000000000000e+00
6.340000000000e-08	0.000000000000e+00	0.000000000000e+00	0.000000000000e+00
6.360000000000e-08	0.000000000000e+00	0.000000000000e+00	0.000000000000e+00
6.380000000000e-08	0.000000000000e+00	0.000000000000e+00	0.000000000000e+00
6.400000000000e-08	0.000000000000e+00	0.000000000000e+00	0.000000000000e+00
6.420000000000e-08	0.000000000000e+00	0.000000000000e+00	0.000000000000e+00
6.440000000000e-08	0.000000000000e+00	0.000000000000e+00	0.000000000000e+00
6.460000000000e-08	0.000000000000e+00	0.000000000000e+00	0.000000000000e+00
6.480000000000e-08	0.000000000000e+00	0.000000000000e+00	0.000000000000e+00
6.500000000000e-08	0.000000000000e+00	0.000000000000e+00	0.000000000000e+00
6.520000000000e-08	0.000000000000e+00	0.000000000000e+00	0.000000000000e+00
6.540000000000e-08	0.000000000000e+00	0.000000000000e+00	0.000000000000e+00
6.560000000000e-08	0.000000000000e+00	0.000000000000e+00	0.000000000000e+00
6.580000000000e-08	0.000000000000e+00	0.000000000000e+00	0.000000000000e+00
6.600000000000e-08	0.000000000000e+00	0.000000000000e+00	0.000000000000e+00
6.620000000000e-08	0.000000000000e+00	0.000000000000e+00	0.000000000000e+00
6.640000000000e-08	0.000000000000e+00	0.000000000000e+00	0.000000000000e+00
6.660000000000e-08	0.000000000000e+00	0.000000000000e+00	0.000000000000e+00
6.680000000000e-08	0.000000000000e+00	0.000000000000e+00	0.000000000000e+00
6.700000000000e-08	0.000000000000e+00	0.000000000000e+00	0.000000000000e+00
6.720000000000e-08	0.000000000000e+00	0.000000000000e+00	0.000000000000e+00
6.740000000000e-08	0.000000000000e+00	0.000000000000e+00	0.000000000000e+00
6.760000000000e-08	0.000000000000e+00	0.000000000000e+00	0.000000000000e+00
6.780000000000e-08	0.000000000000e+00	0.000000000000e+00	0.000000000000e+00
6.800000000000e-08	0.000000000000e+00	0.000000000000e+00	0.000000000000e+00
6.820000000000e-08	0.000000000000e+00	0.000000000000e+00	0.000000000000e+00
6.840000000000e-08	0.000000000000e+00	0.000000000000e+00	0.000000000000e+00
6.860000000000e-08	0.000000000000e+00	0.000000000000e+00	0.000000000000e+00
6.880000000000e-08	0.000000000000e+00	0.000000000000e+00	0.000000000000e+00
6.900000000000e-08	0.000000000000e+00	0.000000000000e+00	0.000000000000e+00
6.920000000000e-08	0.000000000000e+00	0.000000000000e+00	0.000000000000e+00
6.940000000000e-08	0.000000000000e+00	0.000000000000e+00	0.000000000000e+00
6.960000000000e-08	0.000000000000e+00	0.000000000000e+00	0.000000000000e+00
6.980000000000e-08	0.000000000000e+00	0.000000000000e+00	0.000000000000e+00
7.000000000000e-08	0.000000000000e+00	0.000000000000e+00	0.000000000000e+00
7.020000000000e-08	0.000000000000e+00	0.000000000000e+00	0.000000000000e+00
7.040000000000e-08	0.000000000000e+00	0.000000000000e+00	0.000000000000e+00
7.060000000000e-08	1.489230631076e-12	-5.729516810094e-12	3.446688253875e-12
7.080000000000e-08	-1.320603840117e-11	-1.294017300931e-11	4.811759986062e-11
7.100000000000e-08	2.119125658089e-10	4.344375908517e-10	-9.491354803451e-10
7.120000000000e-08	-1.159088465032e-10	5.229614802886e-10	-4.760906920258e-10
7.140000000000e-08	-3.105179171235e-10	3.756507803472e-10	-1.610765389223e-10
7.160000000000e-08	2.117714008796e-10	-4.299410708092e-10	7.319363035194e-11
7.180000000000e-08	-5.088647182314e-10	3.628023896681e-10	6.418171911669e-10
7.200000000000e-08	-4.819865597478e-10	1.016033022270e-09	-3.072572638983e-10
7.220000000000e-08	-2.790573832309e-10	7.195465601720e-10	-2.419262957065e-10
7.240000000000e-08	1.142984337216e-10	-3.455720930498e-10	1.727231051827e-10
7.260000000000e-08	-3.981148261625e-10	1.675960803443e-10	5.720572268464e-10
7.280000000000e-08	-2.641924593225e-10	3.848852416154e-10	8.018378517309e-11
7.300000000000e-08	-3.082931840197e-10	7.259263125339e-10	-3.548307569610e-10
7.320000000000e-08	-3.119666381082e-10	7.555860835249e-10	-3.573185687325e-10
7.340000000000e-08	-3.530117851403e-09	8.076350692614e-09	-2.785695231860e-09
7.360000000000e-08	-4.008235505962e-09	7.904226645411e-09	-1.540481877309e-09
7.380000000000e-08	-9.255203625273e-10	2.174247498008e-09	-8.587494842924e-10
7.400000000000e-08	-9.516217122618e-10	2.037109895404e-09	-5.755292120307e-10
7.420000000000e-08	-1.128264527768e-09	2.425220878876e-09	-6.130519847720e-10
7.440000000000e-08	-1.363497122581e-09	2.166714022270e-09	2.303507950424e-10
7.460000000000e-08	-1.566838358768e-09	2.555242847706e-09	1.281168522847e-10
7.480000000000e-08	-1.170489907126e-09	3.613704261728e-09	-2.247522002787e-09
7.500000000000e-08	-1.661421311240e-09	4.052912431124e-09	-1.645415031349e-09
7.520000000000e-08	-2.632016489417e-09	5.380464185650e-09	-1.231687755441e-09
7.540000000000e-08	-3.788759942965e-09	7.693778105183e-09	-1.833538435961e-09
7.560000000000e-08	-5.193764783918e-09	9.972139937653e-09	-1.894727977767e-09
7.580000000000e-08	-8.222875879453e-09	1.766283923017e-08	-4.897139702051e-09
7.600000000000e-08	-1.369704412792e-08	2.910851202116e-08	-8.115642715427e-09
7.620000000000e-08	-2.295677671452e-08	4.887376039197e-08	-1.317008935045e-08
7.640000000000e-08	-4.247350559575e-08	8.859557883030e-08	-2.267763110769e-08
7.660000000000e-08	-6.985740954063e-08	1.463437546946e-07	-3.789549951894e-08
7.680000000000e-08	-8.216832253978e-08	1.708556818775e-07	-4.293763705893e-08
7.700000000000e-08	-1.207554844659e-08	2.448692016864e-08	-5.846333080260e-09
7.720000000000e-08	-9.330630959287e-10	1.888564960079e-09	-4.845011488154e-10
7.740000000000e-08	-1.658721612502e-09	4.438460962602e-09	-2.244783238225e-09
7.760000000000e-08	-1.992746261680e-09	4.270003121894e-09	-1.237258605833e-09
7.780000000000e-08	-2.779072003302e-09	5.235349927262e-09	-7.913285572633e-10
7.800000000000e-08	-3.924811936007e-09	7.893689833309e-09	-1.770502814588e-09
7.820000000000e-08	-5.098771610284e-09	1.112027909829e-08	-3.329452502794e-09
7.840000000000e-08	-5.925980990680e-09	1.331108169308e-08	-4.458797379579e-09
7.860000000000e-08	-7.518167536619e-09	1.464868906232e-08	-2.762623836056e-09
7.880000000000e-08	-8.974359111786e-09	1.842499706764e-08	-4.404416093714e-09
7.900000000000e-08	-9.946756432787e-09	2.201251846337e-08	-7.048555256590e-09
7.920000000000e-08	-1.214722480946e-08	2.539962637636e-08	-6.386269053749e-09
7.940000000000e-08	-1.355725379518e-08	2.944430957124e-08	-8.488771231777e-09
7.960000000000e-08	-1.637079019552e-08	3.303138430685e-08	-7.263817747699e-09
7.980000000000e-08	-1.893760303990e-08	4.102334085098e-08	-1.208342279541e-08
8.000000000000e-08	-2.405354970740e-08	4.925544974222e-08	-1.162346837212e-08
8.020000000000e-08	-2.639244803990e-08	5.620361756799e-08	-1.490518295584e-08
8.040000000000e-08	-2.904590347724e-08	6.266409040340e-08	-1.826675932124e-08
8.060000000000e-08	-3.736357686248e-08	7.576978103925e-08	-1.700164319158e-08
8.080000000000e-08	-3.968451293272e-08	8.362304441791e-08	-2.173173735539e-08
8.100000000000e-08	-4.499164217252e-08	9.403762984892e-08	-2.440269028315e-08
8.120000000000e-08	-5.152425627369e-08	1.080800531383e-07	-2.822820166328e-08
8.140000000000e-08	-5.598859427873e-08	1.194161160307e-07	-3.313256304775e-08
8.160000000000e-08	-6.393342931166e-08	1.343552173323e-07	-3.538409059843e-08
8.180000000000e-08	-7.128210456406e-08	1.503183979303e-07	-3.981725412393e-08
8.200000000000e-08	-7.351096443424e-08	1.534718622782e-07	-3.930083195920e-08
8.220000000000e-08	-7.978157067933e-08	1.684099018094e-07	-4.490329433901e-08
8.240000000000e-08	-8.804727799730e-08	1.850508907932e-07	-4.853926467417e-08
8.260000000000e-08	-9.167307130742e-08	1.929483427764e-07	-5.084760541087e-08
8.280000000000e-08	-9.464520656550e-08	1.979472834051e-07	-5.078656737968e-08
8.300000000000e-08	-9.420620120617e-08	1.959269208180e-07	-4.919059543659e-08
8.320000000000e-08	-9.352536817850e-08	1.958091339347e-07	-5.052215126630e-08
8.340000000000e-08	-9.358711402417e-08	1.951298780619e-07	-4.937642019112e-08
8.360000000000e-08	-8.912400497402e-08	1.861207408525e-07	-4.754850321422e-08
8.380000000000e-08	-8.535615765226e-08	1.771951920759e-07	-4.411441153878e-08
8.400000000000e-08	-7.665537759917e-08	1.608641452632e-07	-4.191358857083e-08
8.420000000000e-08	-6.902670596047e-08	1.442435693229e-07	-3.695690586462e-08
8.440000000000e-08	-5.647846790111e-08	1.208594494057e-07	-3.400221075767e-08
8.460000000000e-08	-4.990426412295e-08	1.047593966423e-07	-2.718407248252e-08
8.480000000000e-08	-4.204117307516e-08	8.661342087828e-08	-2.077188128137e-08
8.500000000000e-08	-3.252074695970e-08	6.861066862106e-08	-1.824235858255e-08
8.520000000000e-08	-2.346998227036e-08	4.992379720737e-08	-1.364822456922e-08
8.540000000000e-08	-1.478770372358e-08	3.074410669165e-08	-7.578880356071e-09
8.560000000000e-08	-8.180501483467e-09	1.448702074514e-08	-9.676387583324e-10
8.580000000000e-08	-6.134766870232e-10	5.563453506814e-10	6.282222623605e-10
8.600000000000e-08	6.715690334649e-09	-1.362931538181e-08	3.133604598039e-09
8.620000000000e-08	8.883033767309e-09	-1.775596070488e-08	3.673257362394e-09
8.640000000000e-08	1.078945492929e-08	-2.290726448792e-08	6.340360561790e-09
8.660000000000e-08	1.235458269439e-08	-2.793437252520e-08	9.470506522306e-09
8.680000000000e-08	1.359606970738e-08	-2.882540347700e-08	7.976594502412e-09
8.700000000000e-08	1.377890024132e-08	-2.818860785599e-08	6.565266023526e-09
8.720000000000e-08	1.297834319193e-08	-2.659388531959e-08	6.285997001370e-09
8.740000000000e-08	1.205700351982e-08	-2.495961160275e-08	6.114767675389e-09
8.760000000000e-08	1.266364550027e-08	-2.641151579683e-08	6.920004793569e-09
8.780000000000e-08	1.229497462220e-08	-2.566823676448e-08	6.597932726592e-09
8.800000000000e-08	1.062144743450e-08	-2.150115712491e-08	4.876498573870e-09
8.820000000000e-08	1.035648638351e-08	-2.179280759872e-08	5.803713980431e-09
8.840000000000e-08	8.992551630634e-09	-1.923724791174e-08	5.302156460341e-09
8.860000000000e-08	9.361931769961e-09	-1.902412224802e-08	4.302236358206e-09
8.880000000000e-08	9.682067044402e-09	-2.041136171908e-08	5.510914369389e-09
8.900000000000e-08	9.254028644984e-09	-1.879700647337e-08	4.393481313945e-09
8.920000000000e-08	7.856963977132e-09	-1.708458634750e-08	5.135888920814e-09
8.940000000000e-08	8.167989559816e-09	-1.778858197353e-08	5.383791041709e-09
8.960000000000e-08	7.330985810406e-09	-1.609239824239e-08	4.944258051540e-09
8.980000000000e-08	8.476102014014e-09	-1.752710810209e-08	4.402752225619e-09
9.000000000000e-08	7.473368888893e-09	-1.516706989406e-08	3.510264354646e-09
9.020000000000e-08	8.206167650709e-09	-1.570693726130e-08	2.635771651740e-09
9.040000000000e-08	7.456766980074e-09	-1.560421969782e-08	3.902044775331e-09
9.060000000000e-08	7.320451178200e-09	-1.469497948140e-08	3.065020563187e-09
9.080000000000e-08	6.642024482242e-09	-1.536233121791e-08	5.482695225749e-09
9.100000000000e-08	6.907392977289e-09	-1.505636384855e-08	4.581553856395e-09
9.120000000000e-08	6.733485154884e-09	-1.353860995182e-08	3.020875510790e-09
9.140000000000e-08	6.802769454559e-09	-1.411848625051e-08	3.558592100617e-09
9.160000000000e-08	6.432983001384e-09	-1.368920604243e-08	4.252657430385e-09
9.180000000000e-08	6.102224186036e-09	-1.336523770952e-08	4.154755853489e-09
9.200000000000e-08	6.787758022490e-09	-1.364286960602e-08	2.908112485593e-09
9.220000000000e-08	5.873456153628e-09	-1.262791730601e-08	3.551359999127e-09
9.240000000000e-08	6.649106992413e-09	-1.421451703543e-08	4.080791316169e-09
9.260000000000e-08	5.098256421719e-09	-1.113803003308e-08	3.447194138085e-09
9.280000000000e-08	5.868488056401e-09	-1.214492402240e-08	3.067667950854e-09
9.300000000000e-08	5.426782764934e-09	-1.180154313207e-08	3.653391595542e-09
9.320000000000e-08	5.741401655306e-09	-1.174355319418e-08	2.817592580791e-09
9.340000000000e-08	5.277581130288e-09	-1.163120366444e-08	3.658433926589e-09
9.360000000000e-08	6.241529285869e-09	-1.244114825447e-08	2.774986659813e-09
9.380000000000e-08	6.110735056308e-09	-1.231023479250e-08	2.611613643764e-09
9.400000000000e-08	5.230164099839e-09	-1.129712683404e-08	3.330065476595e-09
9.420000000000e-08	5.325882348447e-09	-1.105706464223e-08	2.886201937779e-09
9.440000000000e-08	5.572522964256e-09	-1.158551740390e-08	2.995185867562e-09
9.460000000000e-08	5.179746579429e-09	-1.097328541714e-08	2.997118417170e-09
9.480000000000e-08	5.902335454792e-09	-1.172535896362e-08	2.404164061911e-09
9.500000000000e-08	5.526930209144e-09	-1.191212221272e-08	3.657492813292e-09
9.520000000000e-08	5.052485235206e-09	-1.026011837518e-08	2.334900878749e-09
9.540000000000e-08	5.527562858134e-09	-1.181651002765e-08	3.413015723456e-09
9.560000000000e-08	4.996178184486e-09	-1.092925596393e-08	3.279001592067e-09
9.580000000000e-08	5.507912086549e-09	-1.118720340718e-08	2.510365415850e-09
9.600000000000e-08	5.020761088325e-09	-1.087787357071e-08	3.277524634361e-09
9.620000000000e-08	4.801552538011e-09	-1.026312378797e-08	2.933635654393e-09
9.640000000000e-08	4.498082592306e-09	-9.784650925309e-09	2.970643420934e-09
9.660000000000e-08	4.946921440106e-09	-1.033725933660e-08	2.721347632460e-09
9.680000000000e-08	4.169187410480e-09	-9.501705870714e-09	3.304803281986e-09
9.700000000000e-08	5.011285561017e-09	-1.026745694715e-08	2.562365798344e-09
9.720000000000e-08	4.575914282383e-09	-9.867450463972e-09	2.976815300589e-09
9.740000000000e-08	4.827099499192e-09	-9.865341916100e-09	2.258521071785e-09
9.760000000000e-08	4.837045744653e-09	-9.556275103445e-09	2.043154599490e-09
9.780000000000e-08	5.051134373546e-09	-1.068425619444e-08	2.889603604338e-09
9.800000000000e-08	4.978065783114e-09	-9.461795815296e-09	1.283708880993e-09
9.820000000000e-08	4.574132149392e-09	-9.455389344278e-09	2.424754270572e-09
9.840000000000e-08	5.021272269261e-09	-1.080458677249e-08	3.172523251521e-09
9.860000000000e-08	4.319891470056e-09	-9.361838153458e-09	2.711877572667e-09
9.880000000000e-08	4.709772619501e-09	-9.335330750334e-09	1.898117197310e-09
9.900000000000e-08	4.694801998721e-09	-9.782652365838e-09	2.551678371159e-09
9.920000000000e-08	4.580747646291e-09	-9.053937044161e-09	1.894526893999e-09
9.940000000000e-08	4.286630829087e-09	-8.675140513929e-09	1.947199188959e-09
9.960000000000e-08	4.213641190017e-09	-9.232041748724e-09	2.975768107655e-09
9.980000000000e-08	4.212305423960e-09	-9.315556036173e-09	2.988825756778e-09
1.000000000000e-07	4.506384143753e-09	-9.352387899875e-09	2.319844906641e-09
1.002000000000e-07	4.348392312121e-09	-9.333234551682e-09	2.764829521964e-09
1.004000000000e-07	4.529390608521e-09	-9.112680000776e-09	2.071618921809e-09
1.006000000000e-07	4.661905131442e-09	-9.362192713156e-09	2.102599805740e-09
1.008000000000e-07	3.694966923480e-09	-8.351311557900e-09	3.080289225065e-09
1.010000000000e-07	4.442647570480e-09	-9.396278158507e-09	2.585136457166e-09
1.012000000000e-07	4.405940304313e-09	-8.885890206076e-09	2.013277044792e-09
1.014000000000e-07	4.173573879300e-09	-8.598425843782e-09	2.091791855712e-09
1.016000000000e-07	4.062908066835e-09	-8.310927312152e-09	1.969126492524e-09
1.018000000000e-07	4.520051171267e-09	-9.105550097905e-09	1.968534893046e-09
1.020000000000e-07	3.812386687276e-09	-8.464308756434e-09	2.759080453301e-09
1.022000000000e-07	4.302047474223e-09	-8.891047054103e-09	2.213086359010e-09
1.024000000000e-07	4.349560490653e-09	-8.762826351577e-09	2.002189362752e-09
1.026000000000e-07	4.375169072578e-09	-9.063488256939e-09	2.256808597757e-09
1.028000000000e-07	4.105514341760e-09	-8.213905291550e-09	1.746542428688e-09
1.030000000000e-07	4.277698049253e-09	-8.605391092710e-09	2.142722191340e-09
1.032000000000e-07	3.921103883116e-09	-8.608874628221e-09	2.656098730324e-09
1.034000000000e-07	3.948369667195e-09	-8.433703562986e-09	2.488138230864e-09
1.036000000000e-07	3.752690557551e-09	-8.147692000149e-09	2.494772428752e-09
1.038000000000e-07	3.767024053049e-09	-8.305284106046e-09	2.664304513889e-09
1.040000000000e-07	4.136802969888e-09	-8.598664514089e-09	2.240461725872e-09
1.042000000000e-07	3.598159869045e-09	-7.797760823765e-09	2.270183037620e-09
1.044000000000e-07	3.939200992052e-09	-8.020547077853e-09	1.949992408023e-09
1.046000000000e-07	3.945927423195e-09	-8.156509407354e-09	2.347892751575e-09
1.048000000000e-07	3.773036166606e-09	-7.677660866854e-09	1.836127335502e-09
1.050000000000e-07	4.041491763501e-09	-8.005871556090e-09	1.586436347524e-09
1.052000000000e-07	3.887853098824e-09	-7.957953297325e-09	1.990135743631e-09
1.054000000000e-07	3.959569433857e-09	-8.338150194580e-09	2.281196732056e-09
1.056000000000e-07	3.781593394366e-09	-8.149927417118e-09	2.407047864542e-09
1.058000000000e-07	3.732894660492e-09	-7.392372210097e-09	1.557943522606e-09
1.060000000000e-07	3.493298146384e-09	-7.530494693146e-09	2.286393445280e-09
1.062000000000e-07	4.011498207627e-09	-7.869025154549e-09	1.617843976389e-09
1.064000000000e-07	4.122719809828e-09	-8.430373380296e-09	2.132141450368e-09
1.066000000000e-07	3.968793381891e-09	-8.365074114606e-09	2.395811134789e-09
1.068000000000e-07	3.704749281529e-09	-7.630596826337e-09	1.831969875623e-09
1.070000000000e-07	4.002434953054e-09	-8.048561350646e-09	1.822741201653e-09
1.072000000000e-07	4.026806758005e-09	-8.253659146385e-09	1.912157027061e-09
1.074000000000e-07	3.445841554378e-09	-7.167304885210e-09	1.986383366502e-09
1.076000000000e-07	3.904993945974e-09	-7.805536017793e-09	1.661674568920e-09
1.078000000000e-07	3.626681300256e-09	-7.903026942168e-09	2.482344882642e-09
1.080000000000e-07	3.483682699470e-09	-7.494049921468e-09	2.076801054899e-09
1.082000000000e-07	3.604970539973e-09	-7.498771019435e-09	2.030014804580e-09
1.084000000000e-07	3.481189982332e-09	-7.684036610778e-09	2.495284035373e-09
1.086000000000e-07	3.519925731256e-09	-7.665960970000e-09	2.318428774313e-09
1.088000000000e-07	3.243331659943e-09	-7.127040103045e-09	2.233661777589e-09
1.090000000000e-07	3.490003758131e-09	-7.289445266256e-09	2.028750738851e-09
1.092000000000e-07	3.697156828878e-09	-7.744269053590e-09	1.990532570316e-09
1.094000000000e-07	3.529968138365e-09	-7.371122347374e-09	1.898656556216e-09
1.096000000000e-07	3.555533977132e-09	-7.142071834232e-09	1.476228087925e-09
1.098000000000e-07	3.543325135221e-09	-7.260112586479e-09	1.771949466511e-09
1.100000000000e-07	3.793162383493e-09	-7.528511900507e-09	1.506998063414e-09
1.102000000000e-07	3.270805960612e-09	-7.286089289355e-09	2.435041688052e-09
1.104000000000e-07	3.466265618840e-09	-7.198014913609e-09	1.851401181726e-09
1.106000000000e-07	3.825830846179e-09	-7.439585853587e-09	1.422415964553e-09
1.108000000000e-07	3.626052344364e-09	-7.876996204445e-09	2.436637433494e-09
1.110000000000e-07	3.320303691375e-09	-6.937039514721e-09	1.883203058323e-09
1.112000000000e-07	3.540396363929e-09	-7.013101934792e-09	1.422103628856e-09
1.114000000000e-07	3.389038770467e-09	-7.279982896413e-09	2.118303737827e-09
1.116000000000e-07	3.691480760317e-09	-7.721336359844e-09	2.114721859461e-09
1.118000000000e-07	3.296640081050e-09	-6.761487867104e-09	1.659407140970e-09
1.120000000000e-07	3.058288708550e-09	-6.414310334448e-09	1.724140551336e-09
1.122000000000e-07	3.767436969804e-09	-7.382207638595e-09	1.549993739147e-09
1.124000000000e-07	3.467602828249e-09	-7.196521145298e-09	1.856609628086e-09
1.126000000000e-07	3.167115237231e-09	-6.599979942762e-09	1.711717299758e-09
1.128000000000e-07	3.813310737081e-09	-7.649869075268e-09	1.655195401705e-09
1.130000000000e-07	3.121663351098e-09	-6.712075548286e-09	1.949006250546e-09
1.132000000000e-07	2.829150492858e-09	-6.125050330978e-09	1.821569247146e-09
1.134000000000e-07	3.249769006055e-09	-6.844793826685e-09	1.938918261715e-09
1.136000000000e-07	3.169737483999e-09	-6.901095867844e-09	2.090922523926e-09
1.138000000000e-07	3.395974143107e-09	-6.818425063261e-09	1.480774998459e-09
1.140000000000e-07	3.316748298958e-09	-6.874374669104e-09	1.784473002450e-09
1.142000000000e-07	3.347211664421e-09	-7.018143415744e-09	1.931283485650e-09
1.144000000000e-07	3.070376665886e-09	-6.552631635068e-09	1.897509760976e-09
1.146000000000e-07	3.501478581121e-09	-7.171801547049e-09	1.760844848793e-09
1.148000000000e-07	3.414022148625e-09	-6.729287310906e-09	1.302266871768e-09
1.150000000000e-07	3.310424306125e-09	-6.590243657299e-09	1.354829068768e-09
1.152000000000e-07	3.139274369719e-09	-6.894824810679e-09	2.171863356942e-09
1.154000000000e-07	3.503729542128e-09	-6.936736056992e-09	1.411997071858e-09
1.156000000000e-07	3.010975150307e-09	-6.454489519158e-09	1.882305997665e-09
1.158000000000e-07	3.358811773562e-09	-7.017439246850e-09	1.939612213345e-09
1.160000000000e-07	3.312258437796e-09	-6.807639154219e-09	1.809267128404e-09
1.162000000000e-07	3.390867234404e-09	-6.872651780933e-09	1.687234298996e-09
1.164000000000e-07	3.055280609828e-09	-6.547567097587e-09	1.849415063800e-09
1.166000000000e-07	3.064971663960e-09	-6.439755413955e-09	1.695359222875e-09
1.168000000000e-07	3.015081259430e-09	-6.420468402333e-09	2.042143122141e-09
1.170000000000e-07	3.137939291998e-09	-6.527594727297e-09	1.756226297185e-09
1.172000000000e-07	3.062927332026e-09	-6.196316730680e-09	1.323994759003e-09
1.174000000000e-07	2.946462865857e-09	-6.249823106755e-09	1.818100839252e-09
1.176000000000e-07	3.344234119452e-09	-6.555202198566e-09	1.308814792378e-09
1.178000000000e-07	3.309628395763e-09	-7.000142085384e-09	1.892685132657e-09
1.180000000000e-07	2.934064114868e-09	-6.089280525923e-09	1.599621730276e-09
1.182000000000e-07	2.887913821836e-09	-6.316674916285e-09	2.040184789750e-09
1.184000000000e-07	3.117297351029e-09	-6.519683894563e-09	1.773759845565e-09
1.186000000000e-07	2.788172390692e-09	-6.043323142185e-09	1.834416356533e-09
1.188000000000e-07	3.242578269668e-09	-6.592708712374e-09	1.575912525690e-09
1.190000000000e-07	2.824249927120e-09	-6.225385969689e-09	1.899530984800e-09
1.192000000000e-07	2.996177562832e-09	-6.545281077060e-09	1.866103145781e-09
1.194000000000e-07	3.138304750516e-09	-6.565437192153e-09	1.796765409964e-09
1.196000000000e-07	3.063926825983e-09	-6.136850284968e-09	1.369493419971e-09
1.198000000000e-07	2.905881931558e-09	-6.301272615987e-09	1.821615851624e-09
1.200000000000e-07	2.782367208884e-09	-6.125899780934e-09	1.930661086006e-09
1.202000000000e-07	3.229449394140e-09	-6.428164945568e-09	1.342344294551e-09
1.204000000000e-07	2.930038444119e-09	-6.287375505118e-09	1.732628233187e-09
1.206000000000e-07	2.887855638066e-09	-5.950072033208e-09	1.561371402710e-09
1.208000000000e-07	2.923815306287e-09	-6.066249420829e-09	1.674245510800e-09
1.210000000000e-07	2.989983136018e-09	-6.285610645709e-09	1.700831428527e-09
1.212000000000e-07	2.933144712286e-09	-6.345101988465e-09	1.952616340145e-09
1.214000000000e-07	2.764591230400e-09	-5.737201613536e-09	1.554607764451e-09
1.216000000000e-07	3.054369432613e-09	-6.079325843356e-09	1.295548483716e-09
1.218000000000e-07	3.099152569686e-09	-6.389743113906e-09	1.609358729917e-09
1.220000000000e-07	2.943413981844e-09	-5.972145559536e-09	1.363750972473e-09
1.222000000000e-07	2.917419056310e-09	-6.173306338863e-09	1.463809072900e-09
1.224000000000e-07	3.112580333591e-09	-6.388935174984e-09	1.537580243249e-09
1.226000000000e-07	2.827193872488e-09	-5.562006015336e-09	1.120049338779e-09
1.228000000000e-07	2.984610270108e-09	-6.075664549354e-09	1.477569989900e-09
1.230000000000e-07	3.008677580581e-09	-6.219922558659e-09	1.511891006096e-09
1.232000000000e-07	2.585729886864e-09	-5.760687567379e-09	1.832178518472e-09
1.234000000000e-07	2.651951982903e-09	-5.657684851273e-09	1.611311534144e-09
1.236000000000e-07	2.734762740015e-09	-5.841111823383e-09	1.821364670842e-09
1.238000000000e-07	2.873570939486e-09	-6.057941280832e-09	1.836502501697e-09
1.240000000000e-07	3.059589799213e-09	-5.918258028254e-09	1.207783638554e-09
1.242000000000e-07	2.738415444203e-09	-5.907283175909e-09	1.754397650803e-09
1.244000000000e-07	2.586779499642e-09	-5.540503080467e-09	1.637979904578e-09
1.246000000000e-07	2.701801457425e-09	-5.981842532280e-09	1.911151993918e-09
1.248000000000e-07	2.632593562958e-09	-5.550392023191e-09	1.507749807715e-09
1.250000000000e-07	2.670497481019e-09	-5.580659397406e-09	1.501557702486e-09
1.252000000000e-07	2.685759848687e-09	-5.509485548357e-09	1.397103657445e-09
1.254000000000e-07	2.863285677172e-09	-5.746926100994e-09	1.292929265944e-09
1.256000000000e-07	2.817423385669e-09	-5.755853257693e-09	1.444077830920e-09
1.258000000000e-07	2.621163270032e-09	-5.467747269850e-09	1.440127005792e-09
1.260000000000e-07	2.908381668491e-09	-5.869046539155e-09	1.427567772590e-09
1.262000000000e-07	2.741287731397e-09	-5.632174831048e-09	1.361485987321e-09
1.264000000000e-07	2.457932142939e-09	-5.665050652269e-09	1.849410662538e-09
1.266000000000e-07	2.413647039636e-09	-5.626676167934e-09	2.053030547367e-09
1.268000000000e-07	2.612326379614e-09	-5.519558446679e-09	1.524802489194e-09
1.270000000000e-07	2.691168403848e-09	-5.726826541950e-09	1.646538711286e-09
1.272000000000e-07	2.708436693101e-09	-5.533413042362e-09	1.301268058521e-09
1.274000000000e-07	2.775806584176e-09	-5.861769857782e-09	1.600811535264e-09
1.276000000000e-07	2.430627584995e-09	-5.357762998419e-09	1.736110859018e-09
1.278000000000e-07	2.855787540198e-09	-5.756367184463e-09	1.327566116343e-09
1.280000000000e-07	2.584031391796e-09	-5.276747465985e-09	1.298858064476e-09
1.282000000000e-07	2.594572506387e-09	-5.521799523517e-09	1.767247530109e-09
1.284000000000e-07	2.593885133459e-09	-5.561579093497e-09	1.646873289067e-09
1.286000000000e-07	2.630184158420e-09	-5.295864930832e-09	1.288788224896e-09
1.288000000000e-07	2.658442313840e-09	-5.564056084561e-09	1.389082456225e-09
1.290000000000e-07	2.697267381233e-09	-5.458035999635e-09	1.210521162230e-09
1.292000000000e-07	2.561584737883e-09	-5.328156318173e-09	1.449766507250e-09
1.294000000000e-07	2.586143625218e-09	-5.486374857547e-09	1.656460706099e-09
1.296000000000e-07	2.597332108924e-09	-5.544968611349e-09	1.590045644992e-09
1.298000000000e-07	2.531665903874e-09	-5.378962222442e-09	1.421114396737e-09
1.300000000000e-07	2.127179827876e-09	-5.133785011319e-09	1.706226109376e-09
1.302000000000e-07	3.075646251898e-09	-5.726277012304e-09	7.799657299646e-10
1.304000000000e-07	2.600404369877e-09	-5.353391533499e-09	1.298658369131e-09
1.306000000000e-07	2.550999012746e-09	-5.490295292619e-09	1.586265113400e-09
1.308000000000e-07	2.615512261305e-09	-5.180285764449e-09	1.096898788027e-09
1.310000000000e-07	2.328342528939e-09	-5.292377005196e-09	1.868678511890e-09
1.312000000000e-07	2.538277424130e-09	-5.392538077237e-09	1.528466041610e-09
1.314000000000e-07	2.336349405721e-09	-5.141728809909e-09	1.494624875372e-09
1.316000000000e-07	2.419104371027e-09	-5.060210295512e-09	1.399612931396e-09
1.318000000000e-07	2.548211060651e-09	-5.193958010153e-09	1.206742312542e-09
1.320000000000e-07	2.474562860434e-09	-5.266244716262e-09	1.528166711712e-09
1.322000000000e-07	2.677461165390e-09	-5.361540636874e-09	1.164154996950e-09
1.324000000000e-07	2.388429167799e-09	-5.102826012677e-09	1.364094593718e-09
1.326000000000e-07	2.423781809856e-09	-5.257816532666e-09	1.636068147330e-09
1.328000000000e-07	2.411688555774e-09	-5.142059634938e-09	1.388689813203e-09
1.330000000000e-07	2.521580773985e-09	-5.221346826326e-09	1.363533228865e-09
1.332000000000e-07	2.351475459193e-09	-4.810960008164e-09	1.290246539333e-09
1.334000000000e-07	2.559517430497e-09	-5.250468993588e-09	1.268521206507e-09
1.336000000000e-07	2.324780899229e-09	-5.058779456505e-09	1.556482090395e-09
1.338000000000e-07	2.233623869513e-09	-4.735260543016e-09	1.325709399591e-09
1.340000000000e-07	2.637549049921e-09	-5.090252824813e-09	8.260638695672e-10
1.342000000000e-07	2.413923687363e-09	-4.963388908275e-09	1.360292133141e-09
1.344000000000e-07	2.161673022533e-09	-4.804869492545e-09	1.743249821156e-09
1.346000000000e-07	2.389946775238e-09	-4.977343259857e-09	1.330825922882e-09
1.348000000000e-07	2.689336790055e-09	-5.391582356469e-09	1.216522626030e-09
1.350000000000e-07	2.499125587820e-09	-5.093894284479e-09	1.284569749980e-09
1.352000000000e-07	2.324629145723e-09	-5.222258569952e-09	1.768363152020e-09
1.354000000000e-07	2.176329361812e-09	-4.500420976901e-09	1.046657241167e-09
1.356000000000e-07	2.223099739413e-09	-4.960353866888e-09	1.599534485201e-09
1.358000000000e-07	2.498073751381e-09	-5.091190175325e-09	1.267500637998e-09
1.360000000000e-07	2.346149251385e-09	-4.844199876782e-09	1.197245232266e-09
1.362000000000e-07	2.527440653919e-09	-5.045657007918e-09	1.135753457276e-09
1.364000000000e-07	2.393403568654e-09	-4.980673207465e-09	1.292875212975e-09
1.366000000000e-07	2.465843598877e-09	-5.265183973594e-09	1.522990763738e-09
1.368000000000e-07	2.318518411175e-09	-4.839823309887e-09	1.286452913678e-09
1.370000000000e-07	2.240729408798e-09	-4.817100264703e-09	1.412630280337e-09
1.372000000000e-07	2.480519200778e-09	-4.992217644272e-09	1.157817944051e-09
1.374000000000e-07	2.554124380587e-09	-5.039926301705e-09	1.168107399577e-09
1.376000000000e-07	2.574554761646e-09	-4.900462707715e-09	8.400304286951e-10
1.378000000000e-07	2.310729673254e-09	-4.910231127175e-09	1.381460894421e-09
1.380000000000e-07	2.443377921367e-09	-4.805455545593e-09	1.025691108226e-09
1.382000000000e-07	2.403819197101e-09	-4.949848319118e-09	1.253900178636e-09
1.384000000000e-07	2.424145835142e-09	-4.942982502332e-09	1.160444357452e-09
1.386000000000e-07	2.261004559923e-09	-4.737699286946e-09	1.217836947273e-09
1.388000000000e-07	2.399837974056e-09	-4.858150942659e-09	1.413741789208e-09
1.390000000000e-07	2.151994537655e-09	-4.418094919254e-09	1.121091766915e-09
1.392000000000e-07	2.377871731474e-09	-4.737993344803e-09	1.017701442193e-09
1.394000000000e-07	2.062778798675e-09	-4.195366532020e-09	1.104737662479e-09
1.396000000000e-07	2.131938735663e-09	-4.685023821540e-09	1.522673059003e-09
1.398000000000e-07	2.459319798678e-09	-4.728743024708e-09	8.267274921740e-10
1.400000000000e-07	2.439821655257e-09	-4.886163764332e-09	9.619521810528e-10
1.402000000000e-07	1.931767833418e-09	-4.364490716294e-09	1.534558035527e-09
1.404000000000e-07	2.440964177679e-09	-4.804320796595e-09	7.657328027222e-10
1.406000000000e-07	2.187565386566e-09	-4.613729893954e-09	1.385106367319e-09
1.408000000000e-07	2.238146639644e-09	-4.495183258974e-09	9.912428397648e-10
1.410000000000e-07	2.167264364296e-09	-4.592060361608e-09	1.208609200454e-09
1.412000000000e-07	2.244985821596e-09	-4.623337650361e-09	1.277102123468e-09
1.414000000000e-07	2.280147128550e-09	-4.658008931229e-09	1.035029422292e-09
1.416000000000e-07	2.129921198907e-09	-4.461932639562e-09	1.176719400426e-09
1.418000000000e-07	2.366543847950e-09	-4.942870635437e-09	1.301186577955e-09
1.420000000000e-07	2.134735103890e-09	-4.364024136500e-09	1.121488949879e-09
1.422000000000e-07	2.125662002640e-09	-4.436400421378e-09	1.225136711292e-09
1.424000000000e-07	2.167745924156e-09	-4.565937266740e-09	1.329742068871e-09
1.426000000000e-07	2.063122304350e-09	-4.446908565204e-09	1.349006153644e-09
1.428000000000e-07	2.214053715716e-09	-4.452205476700e-09	9.764728018539e-10
1.430000000000e-07	2.076633986876e-09	-4.481575087382e-09	1.429349305531e-09
1.432000000000e-07	2.248123617507e-09	-4.435971177923e-09	9.883809925371e-10
1.434000000000e-07	2.148152582625e-09	-4.495243826560e-09	1.180965446490e-09
1.436000000000e-07	2.189511698586e-09	-4.738009573413e-09	1.467342631945e-09
1.438000000000e-07	2.042506422584e-09	-4.322694929095e-09	1.238631201994e-09
1.440000000000e-07	2.097147794717e-09	-4.396215826931e-09	1.207203198527e-09
1.442000000000e-07	2.142931005695e-09	-4.332751290386e-09	9.872819300355e-10
1.444000000000e-07	1.893627308966e-09	-4.277522830891e-09	1.413541331338e-09
1.446000000000e-07	2.161789910585e-09	-4.606544482641e-09	1.365484748449e-09
1.448000000000e-07	1.899602387632e-09	-4.200818956384e-09	1.090051071714e-09
1.450000000000e-07	2.175389004255e-09	-4.405052736772e-09	1.068782813847e-09
1.452000000000e-07	2.041183555263e-09	-4.291202177663e-09	1.154925810974e-09
1.454000000000e-07	2.218811580170e-09	-4.382339866741e-09	9.188358835239e-10
1.456000000000e-07	2.190786780149e-09	-4.427108790236e-09	9.807130461623e-10
1.458000000000e-07	1.902517120982e-09	-4.194654959505e-09	1.388330148866e-09
1.460000000000e-07	1.929428095181e-09	-4.140845162126e-09	1.281204358794e-09
1.462000000000e-07	2.152554971797e-09	-4.444562944695e-09	1.150430767012e-09
1.464000000000e-07	2.077077085360e-09	-4.381290151248e-09	9.462000245972e-10
1.466000000000e-07	2.072913886870e-09	-4.254184057662e-09	1.052287431725e-09
1.468000000000e-07	2.163480767292e-09	-4.322261306530e-09	9.024161923761e-10
1.470000000000e-07	2.031415138997e-09	-4.249781839539e-09	1.111855589954e-09
1.472000000000e-07	1.981577136667e-09	-4.500189312509e-09	1.558201960280e-09
1.474000000000e-07	1.987013429163e-09	-4.120668823772e-09	1.066858037682e-09
1.476000000000e-07	2.192260623716e-09	-4.519592753389e-09	1.083373622737e-09
1.478000000000e-07	2.121984914556e-09	-4.146323042425e-09	8.325451126813e-10
1.480000000000e-07	2.016236279569e-09	-4.309631308161e-09	1.244322350419e-09
1.482000000000e-07	1.948678693592e-09	-4.102727582147e-09	1.247891828122e-09
1.484000000000e-07	2.109330117026e-09	-4.392081398590e-09	1.135151859302e-09
1.486000000000e-07	2.171907861200e-09	-4.300781079908e-09	9.027813515935e-10
1.488000000000e-07	1.965821604798e-09	-4.176560694664e-09	1.125174090539e-09
1.490000000000e-07	1.974716842611e-09	-4.092241512727e-09	1.037776680794e-09
1.492000000000e-07	2.003379900987e-09	-4.227098925275e-09	1.220182728084e-09
1.494000000000e-07	1.872730832116e-09	-3.907412167024e-09	9.867846851423e-10
1.496000000000e-07	2.116444179567e-09	-4.252724476543e-09	9.806502821783e-10
1.498000000000e-07	1.834821944006e-09	-3.950290233147e-09	1.096103031878e-09
1.500000000000e-07	2.074004767392e-09	-4.249931540122e-09	1.074786154979e-09
1.502000000000e-07	2.063047260739e-09	-4.148832350667e-09	9.628647298190e-10
1.504000000000e-07	1.913410511542e-09	-4.056869349252e-09	1.192529090146e-09
1.506000000000e-07	1.922892633627e-09	-4.016078061334e-09	1.198995626454e-09
1.508000000000e-07	1.816358481642e-09	-3.797466342969e-09	1.087529998772e-09
1.510000000000e-07	1.864810838950e-09	-3.945625181867e-09	1.066178968241e-09
1.512000000000e-07	2.022693621818e-09	-4.132955491937e-09	1.026491865840e-09
1.514000000000e-07	1.761882827827e-09	-3.967057848992e-09	1.368822526856e-09
1.516000000000e-07	2.116167084257e-09	-4.297222962916e-09	9.590295472041e-10
1.518000000000e-07	1.988656650780e-09	-4.119013919920e-09	1.082978393886e-09
1.520000000000e-07	1.935353236220e-09	-4.099536455857e-09	1.188717688409e-09
1.522000000000e-07	1.975105963853e-09	-4.052450291155e-09	1.061923429670e-09
1.524000000000e-07	1.890684964839e-09	-3.981486147181e-09	1.104913379273e-09
1.526000000000e-07	1.919735477930e-09	-3.967145145462e-09	1.041793788291e-09
1.528000000000e-07	1.920237676078e-09	-4.097204735885e-09	1.167646677137e-09
1.530000000000e-07	1.901055000584e-09	-3.806558069142e-09	8.909900314591e-10
1.532000000000e-07	1.834593152169e-09	-3.937350125495e-09	1.105850024416e-09
1.534000000000e-07	1.942272837901e-09	-4.067029329064e-09	1.054568687601e-09
1.536000000000e-07	1.806323052317e-09	-3.781776375212e-09	9.491822913172e-10
1.538000000000e-07	1.989200783768e-09	-4.164311504067e-09	1.137163184723e-09
1.540000000000e-07	2.068829879599e-09	-4.125693950076e-09	7.209882997023e-10
1.542000000000e-07	1.742729851096e-09	-3.693157229293e-09	1.026899899365e-09
1.544000000000e-07	1.877249003187e-09	-3.988081132567e-09	1.150851658308e-09
1.546000000000e-07	1.898031183793e-09	-3.946567615809e-09	1.058065054120e-09
1.548000000000e-07	1.923248044416e-09	-3.945754518349e-09	9.193057491527e-10
1.550000000000e-07	1.839981851519e-09	-3.845258043301e-09	9.724514310256e-10
1.552000000000e-07	1.793233305549e-09	-3.654844741173e-09	9.174158881574e-10
1.554000000000e-07	1.969653527672e-09	-3.867626387591e-09	8.080282895087e-10
1.556000000000e-07	1.988164051009e-09	-3.875356083648e-09	8.285056421367e-10
1.558000000000e-07	1.737164985247e-09	-3.430328546415e-09	8.298484136397e-10
1.560000000000e-07	1.896157422743e-09	-3.815407460009e-09	9.304466276172e-10
1.562000000000e-07	1.710848145763e-09	-3.744823681863e-09	1.207841881565e-09
1.564000000000e-07	1.829419439652e-09	-3.880728468588e-09	1.049445591684e-09
1.566000000000e-07	1.955564848304e-09	-4.004369239075e-09	1.005483910989e-09
1.568000000000e-07	1.640926238473e-09	-3.598500466284e-09	1.119444489534e-09
1.570000000000e-07	1.847597022429e-09	-3.659158065689e-09	8.066805049539e-10
1.572000000000e-07	1.801020057381e-09	-3.799656990692e-09	1.041667194428e-09
1.574000000000e-07	1.885003523411e-09	-3.756042287953e-09	7.985949923441e-10
1.576000000000e-07	1.675882550039e-09	-3.506653099458e-09	9.520860303107e-10
1.578000000000e-07	1.873736851986e-09	-3.660862707209e-09	6.757268213851e-10
1.580000000000e-07	1.801925483271e-09	-3.778444573081e-09	1.116246001282e-09
1.582000000000e-07	1.936831493039e-09	-3.964384947160e-09	1.099233622547e-09
1.584000000000e-07	1.826328847925e-09	-3.706105932186e-09	9.079921149212e-10
1.586000000000e-07	1.756498478357e-09	-3.668564569372e-09	9.535825507348e-10
1.588000000000e-07	1.792844263083e-09	-3.729687175448e-09	1.037963095711e-09
1.590000000000e-07	1.684455386266e-09	-3.517268512120e-09	9.515585741489e-10
1.592000000000e-07	1.824145144455e-09	-3.795053905724e-09	9.699135216152e-10
1.594000000000e-07	1.842640903380e-09	-3.932271038655e-09	1.092349064387e-09
1.596000000000e-07	1.723749109837e-09	-3.526100615361e-09	9.633589034563e-10
1.598000000000e-07	1.735292092470e-09	-3.657552116759e-09	1.073338048569e-09
1.600000000000e-07	1.802965461657e-09	-3.786665531922e-09	1.017020870786e-09
1.602000000000e-07	1.840601748302e-09	-3.794121174416e-09	9.418179192624e-10
1.604000000000e-07	1.580340180579e-09	-3.220092746591e-09	6.844886871848e-10
1.606000000000e-07	1.729720703554e-09	-3.419778027329e-09	8.103272641472e-10
1.608000000000e-07	1.645870633288e-09	-3.512102566604e-09	1.059478445592e-09
1.610000000000e-07	1.774731274258e-09	-3.654014414610e-09	8.881675117531e-10
1.612000000000e-07	1.733034279735e-09	-3.495134465052e-09	7.804153048163e-10
1.614000000000e-07	1.741502083479e-09	-3.699080733243e-09	9.650441644869e-10
1.616000000000e-07	1.671573393925e-09	-3.572055526351e-09	1.090413039451e-09
1.618000000000e-07	1.710623147851e-09	-3.545370472187e-09	8.979928094332e-10
1.620000000000e-07	1.792408335334e-09	-3.584843637734e-09	8.468803316712e-10
1.622000000000e-07	1.718251232276e-09	-3.489394182960e-09	8.369273141696e-10
1.624000000000e-07	1.617345127504e-09	-3.409155728031e-09	9.670263493825e-10
1.626000000000e-07	1.628328876319e-09	-3.433896286916e-09	9.691249770028e-10
1.628000000000e-07	1.800137573066e-09	-3.675313994698e-09	9.401003737588e-10
1.630000000000e-07	1.678297072005e-09	-3.328528491458e-09	7.746562481472e-10
1.632000000000e-07	1.665260623858e-09	-3.537190719440e-09	1.028103769915e-09
1.634000000000e-07	1.671854518622e-09	-3.669628482634e-09	1.146094174821e-09
1.636000000000e-07	1.588987735895e-09	-3.319424083184e-09	9.592250906655e-10
1.638000000000e-07	1.684510628331e-09	-3.559694339093e-09	8.817280404463e-10
1.640000000000e-07	1.634172819191e-09	-3.495875206710e-09	9.948532441376e-10
1.642000000000e-07	1.653848440632e-09	-3.448108829742e-09	9.555493268063e-10
1.644000000000e-07	1.716476082062e-09	-3.451609349167e-09	7.981132386446e-10
1.646000000000e-07	1.648474469589e-09	-3.427098401243e-09	8.547767979006e-10
1.648000000000e-07	1.597116419670e-09	-3.389484444032e-09	9.698721487603e-10
1.650000000000e-07	1.590806646214e-09	-3.414384451855e-09	1.026187240072e-09
1.652000000000e-07	1.669677056167e-09	-3.388688824476e-09	8.348267936196e-10
1.654000000000e-07	1.622999332337e-09	-3.399795798162e-09	1.044133062093e-09
1.656000000000e-07	1.742662453449e-09	-3.510779120951e-09	7.804791944738e-10
1.658000000000e-07	1.566147146510e-09	-3.348737595345e-09	9.948174941254e-10
1.660000000000e-07	1.487344611554e-09	-3.093036284534e-09	8.475020269546e-10
1.662000000000e-07	1.748925982000e-09	-3.524514978629e-09	8.378553482611e-10
1.664000000000e-07	1.724435706514e-09	-3.300737451791e-09	6.342273034544e-10
1.666000000000e-07	1.539691279904e-09	-3.225620640588e-09	8.776843212146e-10
1.668000000000e-07	1.622351697627e-09	-3.416574260602e-09	9.821078053986e-10
1.670000000000e-07	1.551146767333e-09	-3.174231214389e-09	8.206531099556e-10
1.672000000000e-07	1.653471579031e-09	-3.524948800788e-09	8.203585229339e-10
1.674000000000e-07	1.632837831302e-09	-3.244868954412e-09	7.314868312645e-10
1.676000000000e-07	1.463018571726e-09	-3.143932113960e-09	8.521941313629e-10
1.678000000000e-07	1.712702256042e-09	-3.518551617550e-09	8.270145476153e-10
1.680000000000e-07	1.490352458765e-09	-3.072084894279e-09	7.709919510852e-10
1.682000000000e-07	1.630306598534e-09	-3.191767074759e-09	5.952715174938e-10
1.684000000000e-07	1.525384950146e-09	-3.168719714521e-09	8.902631350379e-10
1.686000000000e-07	1.515526469173e-09	-3.235439641557e-09	9.355077888671e-10
1.688000000000e-07	1.557875875696e-09	-3.109266892270e-09	8.081211960568e-10
1.690000000000e-07	1.555734074943e-09	-3.336009789512e-09	9.941321860400e-10
1.692000000000e-07	1.609733463139e-09	-3.235077499188e-09	7.574237773846e-10
1.694000000000e-07	1.565692505059e-09	-3.211663064035e-09	8.529870270052e-10
1.696000000000e-07	1.628124964268e-09	-3.234326658572e-09	7.016818224600e-10
1.698000000000e-07	1.431889052642e-09	-2.944984790579e-09	7.577914341729e-10
1.700000000000e-07	1.532698382926e-09	-3.317623429729e-09	1.020577342112e-09
1.702000000000e-07	1.476638684085e-09	-3.200620139813e-09	9.937806009638e-10
1.704000000000e-07	1.458542147510e-09	-3.140981954949e-09	9.435770225093e-10
1.706000000000e-07	1.586467280491e-09	-3.188536419488e-09	7.201125672917e-10
1.708000000000e-07	1.537943875845e-09	-3.182876948791e-09	8.678598541766e-10
1.710000000000e-07	1.297385607506e-09	-3.077425196529e-09	1.237685120352e-09
1.712000000000e-07	1.472443670175e-09	-3.220547515135e-09	9.884406033214e-10
1.714000000000e-07	1.496876762539e-09	-3.304644243523e-09	1.070369650539e-09
1.716000000000e-07	1.484629886118e-09	-3.178557281370e-09	9.454953440349e-10
1.718000000000e-07	1.541307695891e-09	-3.221580616096e-09	8.126639545920e-10
1.720000000000e-07	1.583571968145e-09	-3.221238588639e-09	7.769237169188e-10
1.722000000000e-07	1.498261889862e-09	-3.119299446669e-09	8.690479790311e-10
1.724000000000e-07	1.532747365914e-09	-3.087846325037e-09	7.364529200998e-10
1.726000000000e-07	1.415807568129e-09	-3.117422282499e-09	1.018039131465e-09
1.728000000000e-07	1.459008478318e-09	-2.986065422931e-09	6.889765970634e-10
1.730000000000e-07	1.480561126030e-09	-2.994880811722e-09	7.011138932584e-10
1.732000000000e-07	1.514562804293e-09	-3.118038126654e-09	7.886028476738e-10
1.734000000000e-07	1.390082403017e-09	-3.012094559331e-09	9.415000977585e-10
1.736000000000e-07	1.437353789572e-09	-3.039344826006e-09	8.898298628348e-10
1.738000000000e-07	1.420620032498e-09	-3.070502348102e-09	8.865988798961e-10
1.740000000000e-07	1.438050706814e-09	-3.128265158045e-09	8.518235944806e-10
1.742000000000e-07	1.480021635645e-09	-2.981895664217e-09	7.584036482021e-10
1.744000000000e-07	1.396074532601e-09	-2.914220649354e-09	7.882731762112e-10
1.746000000000e-07	1.539367788048e-09	-3.211492854081e-09	7.672649620157e-10
1.748000000000e-07	1.380588533634e-09	-2.738307890646e-09	5.888991628888e-10
1.750000000000e-07	1.500682364947e-09	-2.981071671593e-09	6.391121215027e-10
1.752000000000e-07	1.482439804435e-09	-3.009454019731e-09	6.770426201434e-10
1.754000000000e-07	1.381409777884e-09	-2.835126534101e-09	7.938315539801e-10
1.756000000000e-07	1.469573650327e-09	-2.985459428297e-09	7.329998904764e-10
1.758000000000e-07	1.467865929299e-09	-3.100081296428e-09	7.494370137626e-10
1.760000000000e-07	1.346824158721e-09	-2.884843497681e-09	8.073300561115e-10
1.762000000000e-07	1.394063463542e-09	-2.868940191471e-09	7.432641298621e-10
1.764000000000e-07	1.364859029477e-09	-2.976935332391e-09	9.794941786819e-10
1.766000000000e-07	1.333888821302e-09	-2.752919212242e-09	7.403704446064e-10
