-4.918000000000e-07	0.000000000000e+00	0.000000000000e+00	0.000000000000e+00
-4.916000000000e-07	0.000000000000e+00	0.000000000000e+00	0.000000000000e+00
-4.914000000000e-07	0.000000000000e+00	0.000000000000e+00	0.000000000000e+00
-4.912000000000e-07	0.000000000000e+00	0.000000000000e+00	0.000000000000e+00
-4.910000000000e-07	0.000000000000e+00	0.000000000000e+00	0.000000000000e+00
-4.908000000000e-07	0.000000000000e+00	0.000000000000e+00	0.000000000000e+00
-4.906000000000e-07	0.000000000000e+00	0.000000000000e+00	0.000000000000e+00
-4.904000000000e-07	0.000000000000e+00	0.000000000000e+00	0.000000000000e+00
-4.902000000000e-07	0.000000000000e+00	0.000000000000e+00	0.000000000000e+00
-4.900000000000e-07	0.000000000000e+00	0.000000000000e+00	0.000000000000e+00
-4.898000000000e-07	0.000000000000e+00	0.000000000000e+00	0.000000000000e+00
-4.896000000000e-07	0.000000000000e+00	0.000000000000e+00	0.000000000000e+00
-4.894000000000e-07	0.000000000000e+00	0.000000000000e+00	0.000000000000e+00
-4.892000000000e-07	0.000000000000e+00	0.000000000000e+00	0.000000000000e+00
-4.890000000000e-07	0.000000000000e+00	0.000000000000e+00	0.000000000000e+00
-4.888000000000e-07	0.000000000000e+00	0.000000000000e+00	0.000000000000e+00
-4.886000000000e-07	0.000000000000e+00	0.000000000000e+00	0.000000000000e+00
-4.884000000000e-07	0.000000000000e+00	0.000000000000e+00	0.000000000000e+00
-4.882000000000e-07	0.000000000000e+00	0.000000000000e+00	0.000000000000e+00
-4.880000000000e-07	0.000000000000e+00	0.000000000000e+00	0.000000000000e+00
-4.878000000000e-07	0.000000000000e+00	0.000000000000e+00	0.000000000000e+00
-4.876000000000e-07	0.000000000000e+00	0.000000000000e+00	0.000000000000e+00
-4.874000000000e-07	0.000000000000e+00	0.000000000000e+00	0.000000000000e+00
-4.872000000000e-07	0.000000000000e+00	0.000000000000e+00	0.000000000000e+00
-4.870000000000e-07	0.000000000000e+00	0.000000000000e+00	0.000000000000e+00
-4.868000000000e-07	0.000000000000e+00	0.000000000000e+00	0.000000000000e+00
-4.866000000000e-07	0.000000000000e+00	0.000000000000e+00	0.000000000000e+00
-4.864000000000e-07	0.000000000000e+00	0.000000000000e+00	0.000000000000e+00
-4.862000000000e-07	0.000000000000e+00	0.000000000000e+00	0.000000000000e+00
-4.860000000000e-07	0.000000000000e+00	0.000000000000e+00	0.000000000000e+00
-4.858000000000e-07	0.000000000000e+00	0.000000000000e+00	0.000000000000e+00
-4.856000000000e-07	0.000000000000e+00	0.000000000000e+00	0.000000000000e+00
-4.854000000000e-07	0.000000000000e+00	0.000000000000e+00	0.000000000000e+00
-4.852000000000e-07	0.000000000000e+00	0.000000000000e+00	0.000000000000e+00
-4.850000000000e-07	0.000000000000e+00	0.000000000000e+00	0.000000000000e+00
-4.848000000000e-07	0.000000000000e+00	0.000000000000e+00	0.000000000000e+00
-4.846000000000e-07	0.000000000000e+00	0.000000000000e+00	0.000000000000e+00
-4.844000000000e-07	0.000000000000e+00	0.000000000000e+00	0.000000000000e+00
-4.842000000000e-07	0.000000000000e+00	0.000000000000e+00	0.000000000000e+00
-4.840000000000e-07	0.000000000000e+00	0.000000000000e+00	0.000000000000e+00
-4.838000000000e-07	0.000000000000e+00	0.000000000000e+00	0.000000000000e+00
-4.836000000000e-07	0.000000000000e+00	0.000000000000e+00	0.000000000000e+00
-4.834000000000e-07	0.000000000000e+00	0.000000000000e+00	0.000000000000e+00
-4.832000000000e-07	0.000000000000e+00	0.000000000000e+00	0.000000000000e+00
-4.830000000000e-07	0.000000000000e+00	0.000000000000e+00	0.000000000000e+00
-4.828000000000e-07	0.000000000000e+00	0.000000000000e+00	0.000000000000e+00
-4.826000000000e-07	0.000000000000e+00	0.000000000000e+00	0.000000000000e+00
-4.824000000000e-07	0.000000000000e+00	0.000000000000e+00	0.000000000000e+00
-4.822000000000e-07	0.000000000000e+00	0.000000000000e+00	0.000000000000e+00
-4.820000000000e-07	0.000000000000e+00	0.000000000000e+00	0.000000000000e+00
-4.818000000000e-07	0.000000000000e+00	0.000000000000e+00	0.000000000000e+00
-4.816000000000e-07	0.000000000000e+00	0.000000000000e+00	0.000000000000e+00
-4.814000000000e-07	0.000000000000e+00	0.000000000000e+00	0.000000000000e+00
-4.812000000000e-07	0.000000000000e+00	0.000000000000e+00	0.000000000000e+00
-4.810000000000e-07	0.000000000000e+00	0.000000000000e+00	0.000000000000e+00
-4.808000000000e-07	8.483461415478e-16	-1.334397156864e-15	-1.449429066243e-16
-4.806000000000e-07	4.699255070140e-14	-6.396515424094e-14	-2.142931737543e-14
-4.804000000000e-07	-3.788594039795e-14	4.368983403860e-14	2.804851811746e-14
-4.802000000000e-07	1.298963782309e-15	-8.234579481745e-15	7.531009842528e-15
-4.800000000000e-07	1.990664760314e-15	1.485145155799e-15	-6.292469308479e-15
-4.798000000000e-07	-2.054940677925e-14	2.492134951027e-14	1.403525424790e-14
-4.796000000000e-07	4.139888268685e-13	3.650998180093e-13	-1.395146439044e-12
-4.794000000000e-07	-2.553308393972e-13	-6.161583409853e-13	1.393293114157e-12
-4.792000000000e-07	2.003286918526e-13	-1.399896831367e-13	-2.484761259770e-13
-4.790000000000e-07	-2.230643207518e-12	-2.933124500329e-12	9.387301949466e-12
-4.788000000000e-07	1.773452215566e-13	-1.162553485901e-13	-3.981282874884e-13
-4.786000000000e-07	-1.600899929290e-12	9.274887632928e-13	2.273158041647e-12
-4.784000000000e-07	-1.693037644043e-12	3.837946285996e-12	-1.316945248977e-12
-4.782000000000e-07	4.344509881090e-12	-4.935055971539e-12	-3.933159712853e-12
-4.780000000000e-07	-3.643786260425e-12	2.366839704680e-12	5.509942657005e-12
-4.778000000000e-07	-1.432279216576e-12	1.845191436520e-12	8.562363906423e-13
-4.776000000000e-07	1.371738207130e-11	6.285069335834e-12	-3.808565325468e-11
-4.774000000000e-07	-8.689585262134e-13	-7.650092400395e-14	2.315781315912e-12
-4.772000000000e-07	-4.455429750183e-12	-4.189374236714e-12	1.177812102639e-11
-4.770000000000e-07	-1.159117570501e-11	2.053130215165e-11	-3.024587120802e-12
-4.768000000000e-07	-1.957269453338e-12	2.617336349656e-12	1.344156043594e-12
-4.766000000000e-07	1.635102749859e-11	-3.000128702113e-11	4.037527830674e-12
-4.764000000000e-07	-8.975823929049e-11	1.265360686657e-10	-4.971308251639e-11
-4.762000000000e-07	-1.660176748364e-11	4.358498999498e-11	-1.697096226970e-11
-4.760000000000e-07	-1.198973320067e-11	7.210652785689e-11	-6.761042372132e-11
-4.758000000000e-07	-1.658770007181e-10	2.069079206891e-10	9.121740372145e-11
-4.756000000000e-07	-1.925546483872e-10	3.154430014895e-10	2.035970078003e-11
-4.754000000000e-07	-3.599751806270e-10	7.110487951876e-10	-1.087766173437e-10
-4.752000000000e-07	-6.390865221649e-10	1.380941545924e-09	-3.252696118472e-10
-4.750000000000e-07	-1.294734710955e-09	2.941772832399e-09	-8.896665414473e-10
-4.748000000000e-07	-1.773055855411e-09	4.175781597783e-09	-1.409952478451e-09
-4.746000000000e-07	-1.987287383819e-09	4.042655447920e-09	-7.561255356446e-10
-4.744000000000e-07	-1.405142818636e-09	3.147438118410e-09	-9.067479819289e-10
-4.742000000000e-07	-1.917031753308e-09	4.079168119295e-09	-1.104878120615e-09
-4.740000000000e-07	-1.747488423720e-09	4.329815896978e-09	-1.535280295604e-09
-4.738000000000e-07	-6.070372025753e-09	1.308163966457e-08	-3.346400710823e-09
-4.736000000000e-07	-2.280562722621e-08	4.814762817109e-08	-1.164886464986e-08
-4.734000000000e-07	-3.885683937489e-08	8.262647148809e-08	-2.050743929332e-08
-4.732000000000e-07	-3.960512377063e-08	8.471045761868e-08	-2.135745516987e-08
-4.730000000000e-07	-3.578545047974e-08	7.710102334079e-08	-1.984050329850e-08
-4.728000000000e-07	-2.893853320515e-08	6.208118028417e-08	-1.555030164487e-08
-4.726000000000e-07	-2.115669739741e-08	4.482974732729e-08	-1.053322486787e-08
-4.724000000000e-07	-1.648198429261e-08	3.594991445607e-08	-9.388051276966e-09
-4.722000000000e-07	-1.150815618148e-08	2.479258607289e-08	-6.165595261013e-09
-4.720000000000e-07	-9.104516895759e-09	1.941910654807e-08	-4.605578240012e-09
-4.718000000000e-07	-6.360636583119e-09	1.388102329389e-08	-3.605647875598e-09
-4.716000000000e-07	-4.472711587132e-09	1.080024458411e-08	-3.884928587645e-09
-4.714000000000e-07	-3.542941258544e-09	7.799219627576e-09	-2.094825606306e-09
-4.712000000000e-07	-3.382309759516e-09	6.628963122349e-09	-9.618593931431e-10
-4.710000000000e-07	-4.432153731786e-09	8.095359499439e-09	-1.251505781957e-10
-4.708000000000e-07	-3.296666838512e-09	7.133262007869e-09	-1.858384265276e-09
-4.706000000000e-07	-1.713098196495e-09	5.604463694531e-09	-3.395296214377e-09
-4.704000000000e-07	-3.176288251926e-09	5.778181189122e-09	-3.558499143730e-10
-4.702000000000e-07	-2.221651654007e-09	4.655375984535e-09	-1.074094312241e-09
-4.700000000000e-07	-2.540750597032e-09	5.603752691948e-09	-1.624229906995e-09
-4.698000000000e-07	-6.500154435880e-10	1.832219072672e-09	-9.433016360426e-10
-4.696000000000e-07	3.532563009238e-10	-1.511352534528e-09	1.224830665876e-09
-4.694000000000e-07	1.234096664116e-09	-1.613795249730e-09	-6.419973267289e-10
-4.692000000000e-07	-2.819721966475e-10	1.223210861301e-09	-8.589850528626e-10
-4.690000000000e-07	-2.149079055689e-09	4.774613497443e-09	-1.294680724269e-09
-4.688000000000e-07	-4.512323193148e-09	9.415993524479e-09	-1.973722469390e-09
-4.686000000000e-07	-9.276046046649e-09	1.907348433944e-08	-3.710491281254e-09
-4.684000000000e-07	-1.396989025647e-08	3.169246497100e-08	-9.424319687253e-09
-4.682000000000e-07	-3.000826970516e-08	6.338383075521e-08	-1.427171269163e-08
-4.680000000000e-07	-5.462866972354e-08	1.190452726057e-07	-3.062221199637e-08
-4.678000000000e-07	-1.047393451989e-07	2.267309455819e-07	-5.686625470210e-08
-4.676000000000e-07	-1.241909025036e-07	2.711408254428e-07	-7.132834678959e-08
-4.674000000000e-07	-1.485322426833e-07	3.213023922099e-07	-8.236306591216e-08
-4.672000000000e-07	-1.659894736363e-07	3.599435003791e-07	-9.395812074987e-08
-4.670000000000e-07	-1.851124893558e-07	3.949804854394e-07	-9.708610552224e-08
-4.668000000000e-07	-1.829054408400e-07	3.936044078855e-07	-1.009743535573e-07
-4.666000000000e-07	-1.774839121575e-07	3.792006833392e-07	-9.504451132105e-08
-4.664000000000e-07	-1.544576560823e-07	3.358771855829e-07	-9.086338062744e-08
-4.662000000000e-07	-1.359625707544e-07	2.896633863073e-07	-7.253914331438e-08
-4.660000000000e-07	-1.189215696548e-07	2.467998934953e-07	-5.521492645834e-08
-4.658000000000e-07	-8.871229358215e-08	1.889914592153e-07	-4.785916878243e-08
-4.656000000000e-07	-6.099973056013e-08	1.257851126497e-07	-2.772859523475e-08
-4.654000000000e-07	-3.583583365449e-08	7.482108376321e-08	-1.755408826087e-08
-4.652000000000e-07	-1.114938898744e-08	2.301577000506e-08	-5.373606517567e-09
-4.650000000000e-07	3.800635311203e-09	-7.445623830712e-09	9.704741288911e-10
-4.648000000000e-07	1.439575188519e-08	-2.963363629880e-08	6.363869028169e-09
-4.646000000000e-07	1.837036818178e-08	-3.684860848468e-08	6.851195696943e-09
-4.644000000000e-07	1.686249494964e-08	-3.678274118615e-08	1.026481746071e-08
-4.642000000000e-07	1.807311888807e-08	-3.797080538232e-08	9.034834850420e-09
-4.640000000000e-07	1.570363411736e-08	-3.480064558241e-08	1.013866758935e-08
-4.638000000000e-07	1.421648092297e-08	-3.010301405722e-08	7.397652894138e-09
-4.636000000000e-07	1.330854902966e-08	-2.806243651327e-08	6.803012257419e-09
-4.634000000000e-07	1.369242243232e-08	-2.829265474061e-08	6.256766554399e-09
-4.632000000000e-07	1.162050190985e-08	-2.570005635524e-08	7.513438742087e-09
-4.630000000000e-07	1.057933780128e-08	-2.403550151804e-08	7.642238234821e-09
-4.628000000000e-07	9.384840358467e-09	-2.133014855112e-08	6.802964941367e-09
-4.626000000000e-07	9.978597979398e-09	-2.089137498192e-08	4.867274090441e-09
-4.624000000000e-07	9.340079851615e-09	-2.004881284768e-08	5.250881953101e-09
-4.622000000000e-07	7.774475599578e-09	-1.836567358306e-08	6.554612412065e-09
-4.620000000000e-07	9.770623668144e-09	-1.988173909872e-08	4.017239382544e-09
-4.618000000000e-07	8.465684633864e-09	-1.899541536574e-08	5.768355740906e-09
-4.616000000000e-07	8.370644855617e-09	-1.715658537281e-08	3.647774682272e-09
-4.614000000000e-07	8.688857673943e-09	-1.779462612750e-08	3.676618702990e-09
-4.612000000000e-07	7.791134834138e-09	-1.759637865727e-08	5.478142258265e-09
-4.610000000000e-07	8.398078637210e-09	-1.740700097346e-08	3.887674516105e-09
-4.608000000000e-07	8.512212640249e-09	-1.725284779915e-08	3.399418097098e-09
-4.606000000000e-07	7.761963672392e-09	-1.649518882845e-08	4.091298237391e-09
-4.604000000000e-07	7.798653616724e-09	-1.562412724964e-08	2.841220345238e-09
-4.602000000000e-07	7.575466719917e-09	-1.525887217772e-08	2.920807715353e-09
-4.600000000000e-07	6.334644558839e-09	-1.494796019783e-08	5.268450412589e-09
-4.598000000000e-07	7.222306974593e-09	-1.600081672209e-08	4.657083542609e-09
-4.596000000000e-07	6.767484201547e-09	-1.373129281352e-08	2.730234347305e-09
-4.594000000000e-07	5.589591353126e-09	-1.202282015989e-08	3.191647071683e-09
-4.592000000000e-07	6.097783211962e-09	-1.342689590164e-08	3.805502087470e-09
-4.590000000000e-07	6.597918300667e-09	-1.417993547796e-08	3.676854825395e-09
-4.588000000000e-07	5.801560946929e-09	-1.332803047991e-08	4.363520454485e-09
-4.586000000000e-07	5.843394832804e-09	-1.248711818565e-08	3.219341834858e-09
-4.584000000000e-07	6.287910418968e-09	-1.338449157496e-08	3.326804148484e-09
-4.582000000000e-07	5.739643144586e-09	-1.277560436397e-08	3.797035564321e-09
-4.580000000000e-07	5.953558743897e-09	-1.275465065344e-08	3.298440822913e-09
-4.578000000000e-07	5.185756049079e-09	-1.241332395822e-08	4.547106040127e-09
-4.576000000000e-07	6.110091861108e-09	-1.243682242838e-08	2.534409826615e-09
-4.574000000000e-07	4.990388721922e-09	-1.095750208602e-08	3.130610544814e-09
-4.572000000000e-07	6.313948824711e-09	-1.331634782110e-08	3.129177940268e-09
-4.570000000000e-07	4.973163311838e-09	-1.103438440288e-08	3.194069181073e-09
-4.568000000000e-07	5.347486078824e-09	-1.182829760088e-08	3.444103134344e-09
-4.566000000000e-07	5.923528010365e-09	-1.164921537848e-08	1.933760347837e-09
-4.564000000000e-07	5.613655353550e-09	-1.191372597231e-08	2.948760086110e-09
-4.562000000000e-07	5.111783997644e-09	-1.071678833482e-08	2.520327757615e-09
-4.560000000000e-07	5.287226097505e-09	-1.102008854370e-08	2.517661622707e-09
-4.558000000000e-07	5.036786569460e-09	-1.145771045393e-08	3.636342803460e-09
-4.556000000000e-07	4.961009765636e-09	-1.087326352642e-08	2.980317011425e-09
-4.554000000000e-07	5.160794380434e-09	-1.079916914107e-08	2.498013613113e-09
-4.552000000000e-07	4.639854715406e-09	-1.028535437878e-08	2.998529347261e-09
-4.550000000000e-07	4.531967496693e-09	-1.050504970300e-08	3.549016233755e-09
-4.548000000000e-07	5.189887853904e-09	-1.092109577715e-08	2.551851198073e-09
-4.546000000000e-07	5.002921920339e-09	-1.033389131549e-08	2.328472223223e-09
-4.544000000000e-07	4.513288177282e-09	-9.060634559285e-09	1.708111647714e-09
-4.542000000000e-07	4.976139918362e-09	-1.027899104867e-08	2.285194244198e-09
-4.540000000000e-07	4.253189636197e-09	-9.108813554767e-09	2.393504455049e-09
-4.538000000000e-07	4.555618551328e-09	-1.020327202910e-08	3.095333571762e-09
-4.536000000000e-07	4.674919173372e-09	-1.030590548051e-08	2.931401551573e-09
-4.534000000000e-07	5.117013835614e-09	-1.086762128301e-08	2.705582559318e-09
-4.532000000000e-07	4.765479307123e-09	-1.013406548047e-08	2.524130842057e-09
-4.530000000000e-07	4.642871559059e-09	-1.043756960517e-08	3.171782747993e-09
-4.528000000000e-07	3.926100657114e-09	-8.966429860150e-09	2.896802445130e-09
-4.526000000000e-07	4.123217127243e-09	-8.946498145298e-09	2.388645567422e-09
-4.524000000000e-07	5.006872663688e-09	-1.027480277504e-08	2.114000166795e-09
-4.522000000000e-07	4.665829505503e-09	-1.011655854767e-08	2.712038437979e-09
-4.520000000000e-07	4.381252327438e-09	-9.540636624872e-09	2.592295162644e-09
-4.518000000000e-07	3.999988153309e-09	-9.039777985594e-09	2.830202674651e-09
-4.516000000000e-07	4.444193184219e-09	-9.100682500169e-09	1.902978008988e-09
-4.514000000000e-07	4.893190164359e-09	-9.954990904185e-09	1.992889675329e-09
-4.512000000000e-07	3.844981031853e-09	-8.323460990060e-09	2.254083476653e-09
-4.510000000000e-07	4.416800730823e-09	-9.260527642283e-09	2.189655989855e-09
-4.508000000000e-07	4.449239675773e-09	-8.960424763946e-09	1.687103189393e-09
-4.506000000000e-07	4.371604535029e-09	-9.002588548668e-09	1.946329487941e-09
-4.504000000000e-07	4.086974409721e-09	-9.323335581809e-09	2.972130875053e-09
-4.502000000000e-07	4.058008899355e-09	-8.648135273011e-09	2.176570687631e-09
-4.500000000000e-07	4.736063818500e-09	-9.514384955624e-09	1.763354586571e-09
-4.498000000000e-07	3.873154456194e-09	-8.083618590514e-09	1.875719775962e-09
-4.496000000000e-07	3.968186811302e-09	-8.536776001748e-09	2.223348027394e-09
-4.494000000000e-07	3.987247069650e-09	-9.106706965794e-09	2.961614051238e-09
-4.492000000000e-07	4.030623611715e-09	-8.179064193423e-09	1.646586964991e-09
-4.490000000000e-07	4.282691503074e-09	-9.311081713553e-09	2.513526058775e-09
-4.488000000000e-07	3.618521681570e-09	-7.757300578574e-09	2.050342580469e-09
-4.486000000000e-07	4.389542034368e-09	-8.980844862281e-09	1.849485655834e-09
-4.484000000000e-07	4.065951018104e-09	-8.687049634006e-09	2.248015970781e-09
-4.482000000000e-07	3.601648370513e-09	-8.355803414326e-09	2.830234892707e-09
-4.480000000000e-07	4.012346052722e-09	-8.593270383456e-09	2.198376734255e-09
-4.478000000000e-07	4.605985980988e-09	-9.053615577329e-09	1.474057558495e-09
-4.476000000000e-07	3.825445575966e-09	-8.711665588001e-09	2.705327369934e-09
-4.474000000000e-07	3.928880344599e-09	-8.444885229450e-09	2.201454291902e-09
-4.472000000000e-07	4.107216271661e-09	-8.128837020265e-09	1.387045779539e-09
-4.470000000000e-07	4.009884039753e-09	-8.309409742579e-09	1.844845692409e-09
-4.468000000000e-07	3.481824407966e-09	-7.579619241857e-09	2.094990649833e-09
-4.466000000000e-07	3.313493877630e-09	-7.606291561668e-09	2.504124073787e-09
-4.464000000000e-07	3.289272811127e-09	-8.023853986894e-09	3.125003517858e-09
-4.462000000000e-07	4.041169179666e-09	-8.584162546672e-09	2.126322862173e-09
-4.460000000000e-07	3.964438437548e-09	-7.893999671590e-09	1.387866077460e-09
-4.458000000000e-07	4.198724553027e-09	-8.466196708368e-09	1.618788488323e-09
-4.456000000000e-07	3.620003842883e-09	-7.834923407487e-09	2.140358522891e-09
-4.454000000000e-07	3.756902234188e-09	-7.606482969646e-09	1.379818315449e-09
-4.452000000000e-07	4.095852682866e-09	-8.667773964197e-09	2.073869824991e-09
-4.450000000000e-07	3.526826460926e-09	-7.656280032540e-09	2.065676162689e-09
-4.448000000000e-07	3.719091972425e-09	-8.091924289951e-09	2.266227833161e-09
-4.446000000000e-07	3.842453350664e-09	-8.198981255301e-09	2.104797286907e-09
-4.444000000000e-07	3.725169149068e-09	-7.774842150825e-09	1.778335927625e-09
-4.442000000000e-07	3.716350889862e-09	-7.880256351449e-09	1.922273833612e-09
-4.440000000000e-07	3.089519018353e-09	-7.174477540613e-09	2.445815783496e-09
-4.438000000000e-07	3.490836651511e-09	-7.578158594118e-09	2.013597909712e-09
-4.436000000000e-07	3.408793024261e-09	-7.023067109214e-09	1.592184945633e-09
-4.434000000000e-07	3.505117841022e-09	-7.523069930966e-09	1.978872711232e-09
-4.432000000000e-07	3.836356422945e-09	-8.007101967926e-09	1.690105660891e-09
-4.430000000000e-07	3.669264827757e-09	-7.836806832937e-09	2.027081294728e-09
-4.428000000000e-07	3.562742391302e-09	-7.598871149866e-09	1.905364322666e-09
-4.426000000000e-07	3.222636801138e-09	-7.171843664060e-09	2.159114060891e-09
-4.424000000000e-07	3.485771067780e-09	-7.403913387622e-09	1.828948581017e-09
-4.422000000000e-07	3.599834541362e-09	-7.993675520856e-09	2.361964687064e-09
-4.420000000000e-07	3.524329374220e-09	-7.526225332824e-09	1.901807615531e-09
-4.418000000000e-07	3.421826576516e-09	-7.571838339908e-09	2.216984039712e-09
-4.416000000000e-07	3.467428399962e-09	-7.631619976526e-09	2.143310788076e-09
-4.414000000000e-07	3.252529534530e-09	-7.298682390907e-09	2.207628790496e-09
-4.412000000000e-07	3.494688194028e-09	-7.185328051723e-09	1.472983392571e-09
-4.410000000000e-07	3.605143385640e-09	-7.030047217984e-09	1.094754320022e-09
-4.408000000000e-07	3.741258421550e-09	-7.670670024501e-09	1.622968457571e-09
-4.406000000000e-07	2.828082228369e-09	-6.598717897529e-09	2.306664494629e-09
-4.404000000000e-07	3.549649323036e-09	-7.414739708592e-09	1.709039909152e-09
-4.402000000000e-07	3.170841093268e-09	-6.937688675345e-09	1.902437178111e-09
-4.400000000000e-07	3.434664509909e-09	-7.083313102630e-09	1.556347925707e-09
-4.398000000000e-07	3.775122362174e-09	-7.501735398885e-09	1.286740126876e-09
-4.396000000000e-07	3.178544668080e-09	-7.104959081115e-09	2.157745202376e-09
-4.394000000000e-07	3.097052374956e-09	-6.786837797464e-09	1.904468872245e-09
-4.392000000000e-07	3.470406892376e-09	-7.359955990415e-09	1.784186948413e-09
-4.390000000000e-07	3.296243819339e-09	-7.128999232072e-09	1.916599868054e-09
-4.388000000000e-07	3.570883085865e-09	-7.136142272591e-09	1.245424007200e-09
-4.386000000000e-07	3.141062436924e-09	-7.147319581163e-09	2.277498234294e-09
-4.384000000000e-07	3.147698025445e-09	-7.017011632108e-09	2.122501527565e-09
-4.382000000000e-07	3.351195546173e-09	-7.166618197748e-09	1.883247517487e-09
-4.380000000000e-07	3.226366671885e-09	-7.106800586461e-09	2.072268122393e-09
-4.378000000000e-07	3.102246791660e-09	-6.914153464401e-09	2.076992378414e-09
-4.376000000000e-07	3.275513911636e-09	-7.003941526719e-09	1.735463491291e-09
-4.374000000000e-07	3.203780882278e-09	-6.670136526154e-09	1.500865651746e-09
-4.372000000000e-07	3.338947316197e-09	-6.932545102595e-09	1.603676819877e-09
-4.370000000000e-07	2.997854631961e-09	-6.882022533428e-09	2.304327292234e-09
-4.368000000000e-07	2.884811019685e-09	-6.516954768706e-09	2.023649167622e-09
-4.366000000000e-07	2.918752302142e-09	-6.522267493848e-09	2.004452052258e-09
-4.364000000000e-07	3.460928677434e-09	-6.631460958699e-09	8.542671120692e-10
-4.362000000000e-07	3.383795309834e-09	-7.108858473881e-09	1.659305237651e-09
-4.360000000000e-07	3.052666344831e-09	-6.634023529830e-09	1.785432652972e-09
-4.358000000000e-07	3.262663724063e-09	-6.918099139540e-09	1.729685423729e-09
-4.356000000000e-07	3.255501970408e-09	-6.762571687050e-09	1.516613313701e-09
-4.354000000000e-07	3.343559586805e-09	-6.840531375816e-09	1.420978046109e-09
-4.352000000000e-07	2.899924152655e-09	-6.488180954779e-09	1.986902742357e-09
-4.350000000000e-07	3.096170170364e-09	-6.392304600389e-09	1.380047116546e-09
-4.348000000000e-07	3.303817166090e-09	-7.103652958822e-09	1.839033124444e-09
-4.346000000000e-07	3.206093599483e-09	-6.793256423024e-09	1.671887984500e-09
-4.344000000000e-07	3.026809892373e-09	-6.769742229167e-09	2.030535147668e-09
-4.342000000000e-07	2.911011025517e-09	-6.245302124808e-09	1.596537610065e-09
-4.340000000000e-07	2.977360386206e-09	-6.334314035404e-09	1.578725731887e-09
-4.338000000000e-07	2.928297492542e-09	-6.033588530333e-09	1.323278766494e-09
-4.336000000000e-07	3.276408774688e-09	-7.041491302049e-09	1.843977058681e-09
-4.334000000000e-07	3.061609792491e-09	-6.476967173788e-09	1.643304646475e-09
-4.332000000000e-07	3.168227101749e-09	-6.534812775103e-09	1.449363830425e-09
-4.330000000000e-07	2.684912461225e-09	-5.705095669549e-09	1.412948550738e-09
-4.328000000000e-07	2.979969680001e-09	-6.275759778162e-09	1.489268168699e-09
-4.326000000000e-07	3.132908089036e-09	-6.363179564627e-09	1.299808969028e-09
-4.324000000000e-07	2.776756949340e-09	-5.935909990497e-09	1.570524958154e-09
-4.322000000000e-07	3.116957649694e-09	-6.512864087164e-09	1.502004860808e-09
-4.320000000000e-07	2.952204973060e-09	-6.376323613554e-09	1.679964937828e-09
-4.318000000000e-07	3.234018910345e-09	-6.940603920508e-09	1.810827536151e-09
-4.316000000000e-07	3.042469981551e-09	-6.361820134912e-09	1.506474327346e-09
-4.314000000000e-07	2.830755729964e-09	-5.810226647795e-09	1.298254712766e-09
-4.312000000000e-07	2.713074241210e-09	-6.063148138695e-09	1.846276966708e-09
-4.310000000000e-07	3.000949603339e-09	-6.720173006936e-09	2.006983191130e-09
-4.308000000000e-07	2.794120504457e-09	-6.367293341733e-09	1.997362298451e-09
-4.306000000000e-07	3.044247300605e-09	-6.222789192222e-09	1.324773795477e-09
-4.304000000000e-07	2.920912256739e-09	-6.207030268745e-09	1.542608756557e-09
-4.302000000000e-07	2.782163503220e-09	-5.945938211705e-09	1.546008956570e-09
-4.300000000000e-07	2.799606571831e-09	-6.127332323872e-09	1.739863444013e-09
-4.298000000000e-07	2.919642733641e-09	-6.077239478233e-09	1.370009976000e-09
-4.296000000000e-07	2.664774243141e-09	-5.874475507085e-09	1.732005187681e-09
-4.294000000000e-07	2.682879516375e-09	-5.857370013450e-09	1.653116146944e-09
-4.292000000000e-07	2.772009077063e-09	-6.069423882150e-09	1.637356124249e-09
-4.290000000000e-07	2.790311112702e-09	-6.241172475292e-09	1.898924588033e-09
-4.288000000000e-07	2.962462935421e-09	-6.255900282505e-09	1.583139766673e-09
-4.286000000000e-07	2.858594265323e-09	-6.281560236605e-09	1.777405608631e-09
-4.284000000000e-07	2.855842008426e-09	-5.839477174451e-09	1.303486303176e-09
-4.282000000000e-07	2.734132446717e-09	-5.884198816909e-09	1.515497272820e-09
-4.280000000000e-07	2.743735639486e-09	-6.016652049265e-09	1.708015173261e-09
-4.278000000000e-07	2.727271694274e-09	-5.927632092677e-09	1.590216450658e-09
-4.276000000000e-07	2.943028086582e-09	-6.228363288065e-09	1.527065321526e-09
-4.274000000000e-07	2.689559755037e-09	-5.920339225896e-09	1.656165054492e-09
-4.272000000000e-07	2.773263473287e-09	-5.956354874917e-09	1.569999469199e-09
-4.270000000000e-07	2.742614900095e-09	-5.990607167978e-09	1.719372332225e-09
-4.268000000000e-07	2.745897594202e-09	-5.858977026081e-09	1.509191805848e-09
-4.266000000000e-07	2.616927843046e-09	-5.961858059706e-09	1.902566074821e-09
-4.264000000000e-07	2.925305394968e-09	-6.078078013539e-09	1.324099947852e-09
-4.262000000000e-07	2.903178778149e-09	-5.888301621507e-09	1.171928273273e-09
-4.260000000000e-07	2.682811153774e-09	-5.741494257180e-09	1.517685845234e-09
-4.258000000000e-07	2.695224130603e-09	-5.712786582428e-09	1.432619015018e-09
-4.256000000000e-07	2.696062355305e-09	-5.898642338692e-09	1.643751750432e-09
-4.254000000000e-07	2.674971827239e-09	-5.774375358257e-09	1.537014067854e-09
-4.252000000000e-07	2.458046602669e-09	-5.439644119195e-09	1.603946943507e-09
-4.250000000000e-07	2.722156801374e-09	-5.818777454419e-09	1.495181852399e-09
-4.248000000000e-07	2.519380454772e-09	-5.300413736320e-09	1.296857754557e-09
-4.246000000000e-07	2.716850974361e-09	-5.814414147941e-09	1.507540303829e-09
-4.244000000000e-07	2.548656273382e-09	-5.223093616497e-09	1.094358511996e-09
-4.242000000000e-07	2.586196116142e-09	-5.564348460317e-09	1.498092046467e-09
-4.240000000000e-07	2.581503253597e-09	-5.385744877857e-09	1.271428086605e-09
-4.238000000000e-07	2.514914246173e-09	-5.326924515688e-09	1.322588309181e-09
-4.236000000000e-07	2.808429622803e-09	-5.915195559575e-09	1.377764781738e-09
-4.234000000000e-07	2.729753171944e-09	-6.111327583724e-09	1.823550628072e-09
-4.232000000000e-07	2.599552625846e-09	-5.561090547859e-09	1.441277507483e-09
-4.230000000000e-07	2.668712864279e-09	-5.559894751402e-09	1.280883199801e-09
-4.228000000000e-07	2.751698917735e-09	-5.579487234495e-09	1.109484804707e-09
-4.226000000000e-07	2.511563108257e-09	-5.458279532461e-09	1.488238329164e-09
-4.224000000000e-07	2.700387229434e-09	-5.698434592310e-09	1.393412959318e-09
-4.222000000000e-07	2.385513829465e-09	-5.208317870959e-09	1.420532818188e-09
-4.220000000000e-07	2.372990474925e-09	-5.304125746637e-09	1.582503084312e-09
-4.218000000000e-07	2.681585971601e-09	-5.606001595348e-09	1.310753565943e-09
-4.216000000000e-07	2.581951880496e-09	-5.257469621731e-09	1.044326163308e-09
-4.214000000000e-07	2.529467898851e-09	-5.336919745406e-09	1.350100253036e-09
-4.212000000000e-07	2.516654656377e-09	-5.498345974784e-09	1.505422704201e-09
-4.210000000000e-07	2.501013802208e-09	-5.509330361647e-09	1.573434976934e-09
-4.208000000000e-07	2.477924007091e-09	-5.309413211409e-09	1.369567273159e-09
-4.206000000000e-07	2.660398722060e-09	-5.548173229166e-09	1.288310317707e-09
-4.204000000000e-07	2.516558179576e-09	-5.470750593653e-09	1.489469299644e-09
-4.202000000000e-07	2.633944487600e-09	-5.827841596750e-09	1.718931511604e-09
-4.200000000000e-07	2.420628088181e-09	-4.978156267587e-09	1.088287301349e-09
-4.198000000000e-07	2.340047268661e-09	-5.048040528873e-09	1.345174437458e-09
-4.196000000000e-07	2.563201210406e-09	-5.470779416917e-09	1.361112883409e-09
-4.194000000000e-07	2.453852725361e-09	-5.236847349690e-09	1.341219994055e-09
-4.192000000000e-07	2.390027129990e-09	-5.256899136770e-09	1.531645317827e-09
-4.190000000000e-07	2.426691686295e-09	-5.175566412172e-09	1.325183552176e-09
-4.188000000000e-07	2.383019022214e-09	-5.192197838961e-09	1.445903713166e-09
-4.186000000000e-07	2.517891210197e-09	-5.522053462372e-09	1.534857034011e-09
-4.184000000000e-07	2.491605674792e-09	-5.226666660719e-09	1.252476531269e-09
-4.182000000000e-07	2.332947394360e-09	-4.910759962220e-09	1.181250481076e-09
-4.180000000000e-07	2.544085479248e-09	-5.293545052819e-09	1.264783866211e-09
-4.178000000000e-07	2.425279081115e-09	-5.161245738520e-09	1.314997404115e-09
-4.176000000000e-07	2.430263883909e-09	-5.308908310969e-09	1.456344469568e-09
-4.174000000000e-07	2.465277080375e-09	-5.153188597247e-09	1.169932548406e-09
-4.172000000000e-07	2.484190103029e-09	-5.181115016549e-09	1.186827622869e-09
-4.170000000000e-07	2.492217717217e-09	-5.098797575135e-09	1.127601980435e-09
-4.168000000000e-07	2.368730719019e-09	-5.097041143128e-09	1.370230425812e-09
-4.166000000000e-07	2.402545349602e-09	-5.185601720542e-09	1.336760578148e-09
-4.164000000000e-07	2.574451052642e-09	-5.113347235667e-09	9.406754066251e-10
-4.162000000000e-07	2.261618531159e-09	-5.177673030837e-09	1.728624591376e-09
-4.160000000000e-07	2.295277844075e-09	-5.073125792847e-09	1.504397890891e-09
-4.158000000000e-07	2.292813791286e-09	-4.905890027635e-09	1.240427317646e-09
-4.156000000000e-07	2.392586636942e-09	-4.972937408245e-09	1.121491928141e-09
-4.154000000000e-07	2.300786901761e-09	-4.752696427472e-09	1.014875858592e-09
-4.152000000000e-07	2.367505593640e-09	-5.191358959159e-09	1.477985917921e-09
-4.150000000000e-07	2.369748132040e-09	-5.029261627925e-09	1.233807231554e-09
-4.148000000000e-07	2.310424208411e-09	-5.141756014868e-09	1.563497787832e-09
-4.146000000000e-07	2.193132009554e-09	-4.866140762180e-09	1.438280669017e-09
-4.144000000000e-07	2.146918390381e-09	-4.532021421334e-09	1.099730638856e-09
-4.142000000000e-07	2.171181083208e-09	-4.939884262048e-09	1.597782541907e-09
-4.140000000000e-07	2.350804609347e-09	-4.975801932688e-09	1.210627075931e-09
-4.138000000000e-07	2.131973091365e-09	-4.671405350898e-09	1.333610359909e-09
-4.136000000000e-07	2.201346233244e-09	-4.768942373837e-09	1.327547065709e-09
-4.134000000000e-07	2.286055143369e-09	-4.679189502406e-09	9.766666093535e-10
-4.132000000000e-07	2.217987403133e-09	-4.894961060400e-09	1.404351827361e-09
-4.130000000000e-07	2.488633970935e-09	-5.168843535624e-09	1.183040944995e-09
-4.128000000000e-07	2.149364488080e-09	-4.859090179242e-09	1.516683805353e-09
-4.126000000000e-07	2.266941853715e-09	-4.988373177780e-09	1.459223040882e-09
-4.124000000000e-07	2.357976312864e-09	-5.032309128040e-09	1.221222099453e-09
-4.122000000000e-07	2.372084201288e-09	-4.914480016539e-09	1.133357468275e-09
-4.120000000000e-07	2.167074656097e-09	-4.678751847315e-09	1.247579484770e-09
-4.118000000000e-07	2.361582938456e-09	-4.913966472703e-09	1.109126261006e-09
-4.116000000000e-07	2.344756980359e-09	-4.647004489469e-09	8.197278115657e-10
-4.114000000000e-07	2.197586235010e-09	-4.461706730117e-09	8.816877858990e-10
-4.112000000000e-07	2.552176248049e-09	-5.090369217541e-09	9.120317689917e-10
-4.110000000000e-07	2.274274210013e-09	-4.876236928663e-09	1.257643886696e-09
-4.108000000000e-07	2.182754108359e-09	-4.777841800256e-09	1.322070707007e-09
-4.106000000000e-07	2.128482842936e-09	-4.625419162695e-09	1.284124245634e-09
-4.104000000000e-07	2.251195433609e-09	-4.670315755155e-09	1.054332621816e-09
-4.102000000000e-07	2.149083571606e-09	-4.423231616582e-09	9.951342171414e-10
-4.100000000000e-07	2.246691226715e-09	-4.793123370477e-09	1.228490319993e-09
-4.098000000000e-07	2.351019316792e-09	-4.691600666912e-09	8.707852739453e-10
-4.096000000000e-07	2.178182263897e-09	-4.492025884121e-09	1.008475194218e-09
-4.094000000000e-07	1.963291475993e-09	-4.368975647613e-09	1.345580836260e-09
-4.092000000000e-07	2.145611862664e-09	-4.794390408601e-09	1.481834782272e-09
-4.090000000000e-07	2.003997410328e-09	-4.453495328665e-09	1.410709773868e-09
-4.088000000000e-07	2.128745040866e-09	-4.451093207244e-09	1.016543545166e-09
-4.086000000000e-07	2.338791392166e-09	-4.855352524838e-09	1.096574600935e-09
-4.084000000000e-07	1.979170772287e-09	-4.614241959649e-09	1.571064937694e-09
-4.082000000000e-07	2.264759796019e-09	-4.911404972583e-09	1.277980222945e-09
-4.080000000000e-07	2.063447231875e-09	-4.321071317930e-09	1.022436394583e-09
-4.078000000000e-07	2.338426415047e-09	-4.485240256915e-09	5.924990662269e-10
-4.076000000000e-07	2.218073049456e-09	-4.533008791275e-09	9.759642673981e-10
-4.074000000000e-07	2.287243503507e-09	-4.650336668802e-09	9.583329434428e-10
-4.072000000000e-07	2.055367690888e-09	-4.496944611857e-09	1.258067896874e-09
-4.070000000000e-07	2.157481072020e-09	-4.508230039282e-09	1.063248051067e-09
-4.068000000000e-07	2.119429340458e-09	-4.552997535076e-09	1.172209640385e-09
-4.066000000000e-07	2.066824314750e-09	-4.391163505135e-09	1.111431392125e-09
-4.064000000000e-07	2.159762069998e-09	-4.662596789802e-09	1.263825463648e-09
-4.062000000000e-07	2.188178460273e-09	-4.580709828100e-09	1.082484992444e-09
-4.060000000000e-07	2.022686318973e-09	-4.380059392759e-09	1.217411314929e-09
-4.058000000000e-07	1.984739492364e-09	-4.268381745442e-09	1.065949842425e-09
-4.056000000000e-07	2.079207800899e-09	-4.202434837846e-09	8.173273960013e-10
-4.054000000000e-07	1.842247059770e-09	-4.299066971637e-09	1.474325331651e-09
-4.052000000000e-07	2.155253359910e-09	-4.423138506264e-09	9.537015705950e-10
-4.050000000000e-07	2.071055618395e-09	-4.468512968706e-09	1.184503503170e-09
-4.048000000000e-07	2.138199275478e-09	-4.285140846153e-09	7.828851026376e-10
-4.046000000000e-07	1.990885318820e-09	-4.268694609010e-09	1.097373420777e-09
-4.044000000000e-07	2.053881548734e-09	-4.382618818643e-09	1.102431524335e-09
-4.042000000000e-07	2.175886894507e-09	-4.546582560039e-09	1.058541514786e-09
-4.040000000000e-07	2.269790346495e-09	-4.537846731159e-09	8.234679814523e-10
-4.038000000000e-07	1.892578405398e-09	-4.351007278713e-09	1.490040414189e-09
-4.036000000000e-07	1.878068753614e-09	-4.108313797945e-09	1.097307869630e-09
-4.034000000000e-07	1.959836589679e-09	-4.080344735557e-09	9.167232784380e-10
-4.032000000000e-07	1.981314716478e-09	-4.306858060820e-09	1.315834622761e-09
-4.030000000000e-07	2.058093821341e-09	-4.255833630176e-09	9.446266616017e-10
-4.028000000000e-07	1.804528622372e-09	-4.053697926335e-09	1.255632634776e-09
-4.026000000000e-07	1.956506981589e-09	-4.256716493908e-09	1.192899748144e-09
-4.024000000000e-07	1.805913294459e-09	-4.015599137546e-09	1.222497282841e-09
-4.022000000000e-07	1.913403201429e-09	-4.156477159150e-09	1.152669002900e-09
-4.020000000000e-07	1.854552308654e-09	-3.822329977528e-09	8.918293903028e-10
-4.018000000000e-07	1.978614523964e-09	-4.188510535896e-09	1.019173695406e-09
-4.016000000000e-07	2.005137398696e-09	-4.227689077773e-09	1.017797918410e-09
-4.014000000000e-07	2.009475384275e-09	-4.215330387044e-09	9.852038715893e-10
-4.012000000000e-07	1.990869144135e-09	-4.477835633787e-09	1.394565992203e-09
-4.010000000000e-07	2.109695841371e-09	-4.341546876693e-09	9.212539613238e-10
-4.008000000000e-07	2.020006315872e-09	-4.012910106229e-09	7.740950680407e-10
-4.006000000000e-07	1.965395609370e-09	-4.153198660119e-09	1.013225699210e-09
-4.004000000000e-07	1.866849452991e-09	-3.933365058316e-09	9.402112371380e-10
-4.002000000000e-07	1.792138256394e-09	-4.082045935290e-09	1.312092334354e-09
-4.000000000000e-07	1.884229777679e-09	-4.036051474303e-09	1.013498383229e-09
-3.998000000000e-07	1.755789087830e-09	-4.110491297276e-09	1.459284108794e-09
-3.996000000000e-07	1.934821760641e-09	-4.054321535036e-09	9.315679810425e-10
-3.994000000000e-07	1.829560825343e-09	-3.969371068523e-09	1.060727260107e-09
-3.992000000000e-07	1.990910454974e-09	-4.116041444183e-09	9.164099955382e-10
-3.990000000000e-07	1.902287199107e-09	-3.862550381517e-09	7.786681808741e-10
-3.988000000000e-07	2.032019082687e-09	-4.111006955482e-09	8.067013550158e-10
-3.986000000000e-07	1.952568538767e-09	-4.173865224120e-09	1.060673514892e-09
-3.984000000000e-07	1.782837390098e-09	-3.872386910063e-09	1.078047486845e-09
-3.982000000000e-07	2.001801983603e-09	-4.242293227575e-09	1.050753139629e-09
-3.980000000000e-07	1.889791230158e-09	-4.194256925065e-09	1.202950993181e-09
-3.978000000000e-07	1.895366938486e-09	-4.121024869839e-09	1.134956916954e-09
-3.976000000000e-07	1.948433096479e-09	-3.824335051533e-09	6.531333805213e-10
-3.974000000000e-07	1.850812306302e-09	-3.962067265253e-09	1.038442708137e-09
-3.972000000000e-07	1.876103881221e-09	-4.083008607866e-09	1.153264169090e-09
-3.970000000000e-07	1.845601387880e-09	-3.983565354755e-09	1.077070585392e-09
-3.968000000000e-07	1.998387236035e-09	-3.969263992844e-09	7.031469553185e-10
-3.966000000000e-07	1.712377261608e-09	-3.962043154530e-09	1.377698299999e-09
-3.964000000000e-07	1.716588488601e-09	-3.691316250772e-09	9.930037651044e-10
-3.962000000000e-07	1.844139014243e-09	-3.926981222054e-09	9.792806799614e-10
-3.960000000000e-07	1.712009998743e-09	-3.916030682452e-09	1.271101645606e-09
-3.958000000000e-07	1.783317431252e-09	-3.860535838376e-09	1.027097007467e-09
-3.956000000000e-07	1.876986438577e-09	-3.792280131098e-09	7.504326733726e-10
-3.954000000000e-07	1.873163837597e-09	-3.836365380346e-09	7.988825024486e-10
-3.952000000000e-07	1.933256448928e-09	-4.131818381275e-09	1.061125707423e-09
-3.950000000000e-07	1.752816905237e-09	-3.882772416383e-09	1.147072584962e-09
-3.948000000000e-07	1.742704053914e-09	-3.858930385874e-09	8.633051765312e-10
-3.946000000000e-07	1.902052291730e-09	-3.879934514775e-09	7.945718581231e-10
-3.944000000000e-07	1.814379945462e-09	-3.849263350299e-09	9.736473983010e-10
-3.942000000000e-07	1.941213149872e-09	-4.021626094864e-09	9.097670950050e-10
-3.940000000000e-07	1.853482855831e-09	-3.786242851564e-09	7.594749696053e-10
-3.938000000000e-07	1.750049476523e-09	-3.717004019001e-09	9.424253999991e-10
-3.936000000000e-07	1.587728410184e-09	-3.618330673629e-09	1.152237955023e-09
-3.934000000000e-07	1.799687671694e-09	-3.714750675984e-09	8.370954351903e-10
-3.932000000000e-07	1.872288851270e-09	-3.751231405410e-09	8.410643057399e-10
-3.930000000000e-07	1.866325704338e-09	-3.731193918972e-09	7.392344176736e-10
-3.928000000000e-07	1.659713698018e-09	-3.681163274445e-09	1.045989193369e-09
-3.926000000000e-07	1.782388256284e-09	-3.931015214882e-09	1.132018898103e-09
-3.924000000000e-07	1.748723021375e-09	-3.850954435092e-09	1.078940477145e-09
-3.922000000000e-07	1.704566975597e-09	-3.829558913637e-09	1.175502661897e-09
-3.920000000000e-07	1.699256771419e-09	-3.791167773195e-09	1.140536199703e-09
-3.918000000000e-07	1.659679440304e-09	-3.682950234247e-09	1.136864285864e-09
-3.916000000000e-07	1.783006771248e-09	-3.820752923957e-09	9.594926944515e-10
-3.914000000000e-07	1.711221882954e-09	-3.773324818281e-09	1.121026930113e-09
-3.912000000000e-07	1.726904597080e-09	-3.697062926428e-09	9.750222072809e-10
-3.910000000000e-07	1.684285524528e-09	-3.721261534228e-09	1.051798051176e-09
-3.908000000000e-07	1.662821853404e-09	-3.690769652935e-09	1.089949168342e-09
-3.906000000000e-07	1.669353026615e-09	-3.710996635991e-09	1.143934260584e-09
-3.904000000000e-07	1.705953279475e-09	-3.654545365535e-09	9.335414101262e-10
-3.902000000000e-07	1.815598995333e-09	-3.831263428257e-09	9.243264154486e-10
-3.900000000000e-07	1.731908517606e-09	-3.497051480776e-09	7.305787701688e-10
-3.898000000000e-07	1.527041779596e-09	-3.329611339565e-09	9.455031806350e-10
-3.896000000000e-07	1.665378050751e-09	-3.601365298911e-09	9.933446359647e-10
-3.894000000000e-07	1.788685974102e-09	-3.746066244598e-09	8.856237782692e-10
-3.892000000000e-07	1.867468997891e-09	-3.609210752323e-09	4.976734731282e-10
-3.890000000000e-07	1.740944142778e-09	-3.778455260207e-09	1.011393672478e-09
-3.888000000000e-07	1.649828412747e-09	-3.558987197582e-09	9.856386168954e-10
-3.886000000000e-07	1.554065204134e-09	-3.419573544549e-09	1.024919957466e-09
-3.884000000000e-07	1.618104602719e-09	-3.421575394722e-09	9.386924698957e-10
-3.882000000000e-07	1.613216665877e-09	-3.243026345753e-09	6.610687453749e-10
-3.880000000000e-07	1.790858773213e-09	-3.659243949662e-09	7.609777472257e-10
-3.878000000000e-07	1.635549763403e-09	-3.634954328711e-09	1.095150461261e-09
-3.876000000000e-07	1.703593824672e-09	-3.574557711939e-09	8.551386765052e-10
-3.874000000000e-07	1.682451154903e-09	-3.550957188327e-09	9.708286449796e-10
-3.872000000000e-07	1.464114397573e-09	-3.337511698031e-09	1.106962657409e-09
-3.870000000000e-07	1.558592105898e-09	-3.580013429174e-09	1.154019789906e-09
-3.868000000000e-07	1.542761515420e-09	-3.344003116272e-09	1.048678468648e-09
-3.866000000000e-07	1.619851160967e-09	-3.477008955580e-09	9.138223573134e-10
-3.864000000000e-07	1.712665953462e-09	-3.603296179851e-09	8.083655300888e-10
-3.862000000000e-07	1.733527168889e-09	-3.513047459503e-09	7.094709349517e-10
-3.860000000000e-07	1.650429043170e-09	-3.399638085786e-09	7.394454837638e-10
-3.858000000000e-07	1.626457301103e-09	-3.393121196335e-09	8.410830434609e-10
-3.856000000000e-07	1.630289624977e-09	-3.508096592669e-09	8.626250698817e-10
-3.854000000000e-07	1.570085231672e-09	-3.488185190326e-09	1.045183024328e-09
-3.852000000000e-07	1.600168814691e-09	-3.407259187208e-09	8.939387590051e-10
-3.850000000000e-07	1.521599800482e-09	-3.272316625551e-09	9.027146016887e-10
-3.848000000000e-07	1.637339903030e-09	-3.522633373154e-09	9.162017363748e-10
-3.846000000000e-07	1.481225292828e-09	-3.162914492609e-09	8.234378524821e-10
-3.844000000000e-07	1.630213845525e-09	-3.412684017400e-09	7.608590555024e-10
-3.842000000000e-07	1.415201945495e-09	-2.987483299984e-09	7.811016951482e-10
-3.840000000000e-07	1.626342667442e-09	-3.345861513678e-09	7.575946259571e-10
-3.838000000000e-07	1.651146195785e-09	-3.248300779917e-09	5.710666386763e-10
-3.836000000000e-07	1.518292108087e-09	-3.377682064846e-09	1.009991602195e-09
-3.834000000000e-07	1.502955148447e-09	-3.275614121403e-09	9.125707884679e-10
-3.832000000000e-07	1.505275007307e-09	-3.219560711283e-09	8.457846197831e-10
-3.830000000000e-07	1.382688885158e-09	-3.082091271471e-09	9.318094255765e-10
-3.828000000000e-07	1.478380010611e-09	-3.147658993067e-09	8.241722613227e-10
-3.826000000000e-07	1.631814945829e-09	-3.446550088331e-09	8.272132580758e-10
-3.824000000000e-07	1.554447075040e-09	-3.274696935925e-09	7.523357070872e-10
-3.822000000000e-07	1.422829919976e-09	-3.278289792651e-09	1.089636479153e-09
-3.820000000000e-07	1.524895082140e-09	-3.258870048289e-09	8.486621570596e-10
-3.818000000000e-07	1.408031686398e-09	-2.945531265081e-09	7.142466118548e-10
-3.816000000000e-07	1.608338576723e-09	-3.365640971241e-09	8.926536096306e-10
-3.814000000000e-07	1.621209342297e-09	-3.439298211718e-09	9.168504414396e-10
-3.812000000000e-07	1.484983327663e-09	-3.066552034994e-09	6.264861759650e-10
-3.810000000000e-07	1.640577808704e-09	-3.532923406409e-09	9.376049557791e-10
-3.808000000000e-07	1.542073992928e-09	-3.258733112743e-09	8.394599711946e-10
-3.806000000000e-07	1.523778361782e-09	-3.215415998304e-09	7.667392397465e-10
-3.804000000000e-07	1.587157314234e-09	-3.294972685062e-09	7.576404020445e-10
-3.802000000000e-07	1.609057260221e-09	-3.202451880196e-09	5.930990558199e-10
-3.800000000000e-07	1.521012644795e-09	-3.260096000971e-09	8.544295940919e-10
-3.798000000000e-07	1.527877388989e-09	-3.164896224359e-09	7.001102635723e-10
-3.796000000000e-07	1.543419770566e-09	-3.351479757614e-09	9.427473645442e-10
-3.794000000000e-07	1.558727292028e-09	-3.126459586804e-09	5.532117812352e-10
-3.792000000000e-07	1.509987931500e-09	-3.239186167861e-09	7.985505905519e-10
-3.790000000000e-07	1.591923247373e-09	-3.301643007327e-09	7.453187036067e-10
-3.788000000000e-07	1.493807629655e-09	-3.296549769178e-09	9.706417977081e-10
-3.786000000000e-07	1.533395230952e-09	-3.288786647294e-09	8.810186743183e-10
-3.784000000000e-07	1.576481317840e-09	-3.241160747664e-09	7.035089724579e-10
-3.782000000000e-07	1.331211642549e-09	-2.798270975081e-09	7.049271223062e-10
-3.780000000000e-07	1.441110614564e-09	-3.203736346901e-09	9.433373405341e-10
-3.778000000000e-07	1.396403122070e-09	-3.139073659793e-09	9.212073525237e-10
-3.776000000000e-07	1.446757548746e-09	-3.070466905612e-09	7.443311939602e-10
-3.774000000000e-07	1.324510880255e-09	-2.952185037260e-09	9.096803406712e-10
-3.772000000000e-07	1.351159718493e-09	-2.870218780537e-09	7.472887345109e-10
-3.770000000000e-07	1.354187436246e-09	-3.039729779156e-09	9.608810387467e-10
-3.768000000000e-07	1.304170338185e-09	-2.902030038089e-09	8.310671940890e-10
-3.766000000000e-07	1.386791478286e-09	-2.994268280234e-09	7.922713425852e-10
-3.764000000000e-07	1.386981962781e-09	-3.152654808985e-09	9.968131992652e-10
-3.762000000000e-07	1.531554105099e-09	-3.281715989344e-09	8.415992823742e-10
-3.760000000000e-07	1.503960428876e-09	-3.158020969098e-09	7.395154908731e-10
-3.758000000000e-07	1.484654345214e-09	-3.096563622403e-09	7.278896562498e-10
-3.756000000000e-07	1.542501154694e-09	-3.114581740048e-09	6.061984643592e-10
