7.916000000000e-07	0.000000000000e+00	0.000000000000e+00	0.000000000000e+00
7.918000000000e-07	0.000000000000e+00	0.000000000000e+00	0.000000000000e+00
7.920000000000e-07	0.000000000000e+00	0.000000000000e+00	0.000000000000e+00
7.922000000000e-07	0.000000000000e+00	0.000000000000e+00	0.000000000000e+00
7.924000000000e-07	0.000000000000e+00	0.000000000000e+00	0.000000000000e+00
7.926000000000e-07	0.000000000000e+00	0.000000000000e+00	0.000000000000e+00
7.928000000000e-07	0.000000000000e+00	0.000000000000e+00	0.000000000000e+00
7.930000000000e-07	0.000000000000e+00	0.000000000000e+00	0.000000000000e+00
7.932000000000e-07	0.000000000000e+00	0.000000000000e+00	0.000000000000e+00
7.934000000000e-07	0.000000000000e+00	0.000000000000e+00	0.000000000000e+00
7.936000000000e-07	0.000000000000e+00	0.000000000000e+00	0.000000000000e+00
7.938000000000e-07	0.000000000000e+00	0.000000000000e+00	0.000000000000e+00
7.940000000000e-07	0.000000000000e+00	0.000000000000e+00	0.000000000000e+00
7.942000000000e-07	0.000000000000e+00	0.000000000000e+00	0.000000000000e+00
7.944000000000e-07	0.000000000000e+00	0.000000000000e+00	0.000000000000e+00
7.946000000000e-07	0.000000000000e+00	0.000000000000e+00	0.000000000000e+00
7.948000000000e-07	0.000000000000e+00	0.000000000000e+00	0.000000000000e+00
7.950000000000e-07	0.000000000000e+00	0.000000000000e+00	0.000000000000e+00
7.952000000000e-07	0.000000000000e+00	0.000000000000e+00	0.000000000000e+00
7.954000000000e-07	0.000000000000e+00	0.000000000000e+00	0.000000000000e+00
7.956000000000e-07	0.000000000000e+00	0.000000000000e+00	0.000000000000e+00
7.958000000000e-07	0.000000000000e+00	0.000000000000e+00	0.000000000000e+00
7.960000000000e-07	0.000000000000e+00	0.000000000000e+00	0.000000000000e+00
7.962000000000e-07	0.000000000000e+00	0.000000000000e+00	0.000000000000e+00
7.964000000000e-07	0.000000000000e+00	0.000000000000e+00	0.000000000000e+00
7.966000000000e-07	0.000000000000e+00	0.000000000000e+00	0.000000000000e+00
7.968000000000e-07	0.000000000000e+00	0.000000000000e+00	0.000000000000e+00
7.970000000000e-07	0.000000000000e+00	0.000000000000e+00	0.000000000000e+00
7.972000000000e-07	0.000000000000e+00	0.000000000000e+00	0.000000000000e+00
7.974000000000e-07	0.000000000000e+00	0.000000000000e+00	0.000000000000e+00
7.976000000000e-07	0.000000000000e+00	0.000000000000e+00	0.000000000000e+00
7.978000000000e-07	0.000000000000e+00	0.000000000000e+00	0.000000000000e+00
7.980000000000e-07	0.000000000000e+00	0.000000000000e+00	0.000000000000e+00
7.982000000000e-07	0.000000000000e+00	0.000000000000e+00	0.000000000000e+00
7.984000000000e-07	0.000000000000e+00	0.000000000000e+00	0.000000000000e+00
7.986000000000e-07	0.000000000000e+00	0.000000000000e+00	0.000000000000e+00
7.988000000000e-07	0.000000000000e+00	0.000000000000e+00	0.000000000000e+00
7.990000000000e-07	0.000000000000e+00	0.000000000000e+00	0.000000000000e+00
7.992000000000e-07	0.000000000000e+00	0.000000000000e+00	0.000000000000e+00
7.994000000000e-07	0.000000000000e+00	0.000000000000e+00	0.000000000000e+00
7.996000000000e-07	0.000000000000e+00	0.000000000000e+00	0.000000000000e+00
7.998000000000e-07	0.000000000000e+00	0.000000000000e+00	0.000000000000e+00
8.000000000000e-07	0.000000000000e+00	0.000000000000e+00	0.000000000000e+00
8.002000000000e-07	0.000000000000e+00	0.000000000000e+00	0.000000000000e+00
8.004000000000e-07	0.000000000000e+00	0.000000000000e+00	0.000000000000e+00
8.006000000000e-07	0.000000000000e+00	0.000000000000e+00	0.000000000000e+00
8.008000000000e-07	0.000000000000e+00	0.000000000000e+00	0.000000000000e+00
8.010000000000e-07	0.000000000000e+00	0.000000000000e+00	0.000000000000e+00
8.012000000000e-07	0.000000000000e+00	0.000000000000e+00	0.000000000000e+00
8.014000000000e-07	0.000000000000e+00	0.000000000000e+00	0.000000000000e+00
8.016000000000e-07	0.000000000000e+00	0.000000000000e+00	0.000000000000e+00
8.018000000000e-07	0.000000000000e+00	0.000000000000e+00	0.000000000000e+00
8.020000000000e-07	0.000000000000e+00	0.000000000000e+00	0.000000000000e+00
8.022000000000e-07	0.000000000000e+00	0.000000000000e+00	0.000000000000e+00
8.024000000000e-07	0.000000000000e+00	0.000000000000e+00	0.000000000000e+00
8.026000000000e-07	-2.833176784762e-14	-1.901444141158e-14	9.954531560344e-14
8.028000000000e-07	-3.855899771604e-13	5.404958155972e-13	1.120607395527e-13
8.030000000000e-07	-4.063698692071e-12	9.426175863870e-12	-3.143861771468e-12
8.032000000000e-07	1.261490479594e-12	-2.915837806778e-12	9.961547137437e-13
8.034000000000e-07	8.990842278975e-12	-4.917697284256e-12	-1.429084101960e-11
8.036000000000e-07	-6.319910564847e-12	8.105838121616e-12	3.761022184309e-12
8.038000000000e-07	3.023539607478e-12	-4.330470349382e-12	-1.232001239855e-12
8.040000000000e-07	-9.956203044916e-12	-1.052941273073e-12	2.903044488819e-11
8.042000000000e-07	-1.629948782203e-11	4.554408267095e-11	-2.210204158902e-11
8.044000000000e-07	-1.325846051347e-11	1.270379040988e-11	9.410957757423e-12
8.046000000000e-07	1.900422982779e-12	-1.292830310114e-11	1.240359481132e-11
8.048000000000e-07	-8.791035417813e-12	4.395367880643e-11	-3.901579562386e-11
8.050000000000e-07	2.012659929519e-11	-4.023551441653e-11	1.014099853918e-11
8.052000000000e-07	-2.743642463394e-11	9.012415608513e-11	-5.815548466384e-11
8.054000000000e-07	-8.533537143114e-10	1.617487388583e-09	-2.563008363234e-10
8.056000000000e-07	-4.247937517086e-09	9.331621685992e-09	-3.016429612512e-09
8.058000000000e-07	-2.410195211147e-09	5.161555687864e-09	-1.538382990053e-09
8.060000000000e-07	-1.216623960311e-09	2.486661417620e-09	-6.104327198247e-10
8.062000000000e-07	-8.082494201727e-10	1.867706605678e-09	-7.052953548703e-10
8.064000000000e-07	-1.076984321167e-09	1.742596231653e-09	8.633378973571e-11
8.066000000000e-07	-8.496255234673e-10	2.030090688774e-09	-8.219856324719e-10
8.068000000000e-07	-8.484207570478e-10	1.771073878429e-09	-4.901997581977e-10
8.070000000000e-07	-7.681291448716e-10	2.005329737675e-09	-9.753776531859e-10
8.072000000000e-07	-1.156694586536e-09	2.130550217165e-09	-2.571102799563e-10
8.074000000000e-07	-1.191484651676e-09	2.361666578157e-09	-5.126804308551e-10
8.076000000000e-07	-2.473053393305e-09	4.817426677747e-09	-9.397486981973e-10
8.078000000000e-07	-4.411757199660e-09	9.151517781875e-09	-2.428264008719e-09
8.080000000000e-07	-1.134943586455e-08	2.326445348194e-08	-5.820059746557e-09
8.082000000000e-07	-3.529124058280e-08	7.245151707826e-08	-1.811722196242e-08
8.084000000000e-07	-1.320994746600e-07	2.722508740782e-07	-6.843160916572e-08
8.086000000000e-07	-6.730551970694e-08	1.457203344404e-07	-4.416922184668e-08
8.088000000000e-07	-1.263732828391e-10	-3.298519483019e-10	6.586650693031e-10
8.090000000000e-07	-1.760638465239e-10	1.751100354143e-09	-2.047581158571e-09
8.092000000000e-07	-1.495627268129e-09	4.084627054057e-09	-2.202766383784e-09
8.094000000000e-07	-1.316617571942e-09	3.424425022450e-09	-1.722500051775e-09
8.096000000000e-07	-1.905867358496e-09	3.716460693148e-09	-7.352143722031e-10
8.098000000000e-07	-3.631153100743e-09	6.994706242180e-09	-1.296793629793e-09
8.100000000000e-07	-2.637603636932e-09	5.219096959023e-09	-1.116575072823e-09
8.102000000000e-07	-3.120742940107e-09	7.024741146361e-09	-2.473551217602e-09
8.104000000000e-07	-4.902175023981e-09	8.796027847674e-09	-8.732082077394e-10
8.106000000000e-07	-6.087439086923e-09	1.240028429089e-08	-3.078309449048e-09
8.108000000000e-07	-6.143827875168e-09	1.340229137543e-08	-4.240791429364e-09
8.110000000000e-07	-7.611041315253e-09	1.684282558697e-08	-5.611303564944e-09
8.112000000000e-07	-9.246534846807e-09	1.906501808298e-08	-4.930797428453e-09
8.114000000000e-07	-1.249880135738e-08	2.706849048771e-08	-8.438911169142e-09
8.116000000000e-07	-1.405261872812e-08	3.011968280366e-08	-9.008986600208e-09
8.118000000000e-07	-1.781702472399e-08	3.676448383884e-08	-9.513521274250e-09
8.120000000000e-07	-1.990190688583e-08	4.140585502269e-08	-1.099545924966e-08
8.122000000000e-07	-2.523308958465e-08	5.390616659293e-08	-1.589113934601e-08
8.124000000000e-07	-2.979960874245e-08	6.247111899331e-08	-1.706675049937e-08
8.126000000000e-07	-3.432186166117e-08	7.147096126313e-08	-1.901805983797e-08
8.128000000000e-07	-4.248896277361e-08	8.662661532483e-08	-2.100662690239e-08
8.130000000000e-07	-4.644179248130e-08	9.780549653930e-08	-2.719828425955e-08
8.132000000000e-07	-5.337200144267e-08	1.151943478574e-07	-3.498195943535e-08
8.134000000000e-07	-6.288170294071e-08	1.326612001379e-07	-3.702714127012e-08
8.136000000000e-07	-7.473074547111e-08	1.556563410647e-07	-4.117059886779e-08
8.138000000000e-07	-7.828807108104e-08	1.646164784364e-07	-4.520077196506e-08
8.140000000000e-07	-8.582131428333e-08	1.787428420608e-07	-4.828778127942e-08
8.142000000000e-07	-9.253711441163e-08	1.962522424096e-07	-5.552927750051e-08
8.144000000000e-07	-1.029070762135e-07	2.115265969269e-07	-5.255976176304e-08
8.146000000000e-07	-1.055468869876e-07	2.236261547974e-07	-6.293374491322e-08
8.148000000000e-07	-1.063177394091e-07	2.223343947582e-07	-5.934092417308e-08
8.150000000000e-07	-1.078189604778e-07	2.249660964590e-07	-5.938536910567e-08
8.152000000000e-07	-1.021248865317e-07	2.139644687488e-07	-5.745117483508e-08
8.154000000000e-07	-1.002908091377e-07	2.123982547877e-07	-5.934517964646e-08
8.156000000000e-07	-9.378227244520e-08	1.924537480520e-07	-4.714216384680e-08
8.158000000000e-07	-8.464924074893e-08	1.776265916887e-07	-4.774144885809e-08
8.160000000000e-07	-7.692912224937e-08	1.636503067364e-07	-4.636409162083e-08
8.162000000000e-07	-6.253607131535e-08	1.307025736271e-07	-3.445941584098e-08
8.164000000000e-07	-5.163436990230e-08	1.082392020281e-07	-2.885523548679e-08
8.166000000000e-07	-3.935643281284e-08	8.067061084094e-08	-1.951405110998e-08
8.168000000000e-07	-2.613405784831e-08	5.692374206240e-08	-1.737134681710e-08
8.170000000000e-07	-1.992342146397e-08	4.149789600627e-08	-1.070648101911e-08
8.172000000000e-07	-9.555887084934e-09	2.018103070540e-08	-5.478729110570e-09
8.174000000000e-07	-2.052251417398e-09	5.372125277564e-09	-2.464043519381e-09
8.176000000000e-07	6.301874116757e-09	-1.194453282517e-08	1.889951077505e-09
8.178000000000e-07	9.889893661118e-09	-2.044435283113e-08	5.275928013608e-09
8.180000000000e-07	1.326385485525e-08	-2.706993159303e-08	6.423960597377e-09
8.182000000000e-07	1.488858562795e-08	-3.122271149053e-08	8.461012979882e-09
8.184000000000e-07	1.393821135977e-08	-2.984843570856e-08	8.736649703479e-09
8.186000000000e-07	1.378373891439e-08	-2.995683143819e-08	9.191904188424e-09
8.188000000000e-07	1.403544195147e-08	-2.857864331692e-08	6.798611131802e-09
8.190000000000e-07	1.175077506953e-08	-2.613072585287e-08	8.677747593222e-09
8.192000000000e-07	1.192200951770e-08	-2.541962105219e-08	7.365656109400e-09
8.194000000000e-07	9.988015183898e-09	-2.182991557516e-08	6.839787651895e-09
8.196000000000e-07	1.173969549391e-08	-2.186975956612e-08	2.969625969358e-09
8.198000000000e-07	1.064773034241e-08	-2.152066474098e-08	4.953421521624e-09
8.200000000000e-07	1.089271789435e-08	-2.263158883709e-08	5.942589626127e-09
8.202000000000e-07	7.944738372666e-09	-1.834496476777e-08	6.820347895523e-09
8.204000000000e-07	9.077298193217e-09	-1.973684459377e-08	6.160119524508e-09
8.206000000000e-07	8.225283526539e-09	-1.823057220931e-08	6.016146382550e-09
8.208000000000e-07	8.794286400619e-09	-1.686766264879e-08	2.878441345285e-09
8.210000000000e-07	8.604993079735e-09	-1.817031437234e-08	5.116629346955e-09
8.212000000000e-07	7.408604530052e-09	-1.619261114737e-08	5.078335223918e-09
8.214000000000e-07	8.441633755213e-09	-1.759954498115e-08	4.765619568127e-09
8.216000000000e-07	8.947028072804e-09	-1.785953747675e-08	3.334507974916e-09
8.218000000000e-07	7.305769702952e-09	-1.552986627433e-08	4.482063313042e-09
8.220000000000e-07	7.287912039936e-09	-1.500931066238e-08	3.696786269295e-09
8.222000000000e-07	7.503320557787e-09	-1.476783392328e-08	3.796435648970e-09
8.224000000000e-07	6.563201975498e-09	-1.471138733568e-08	5.068887458570e-09
8.226000000000e-07	7.152329241833e-09	-1.508716247957e-08	4.217451403070e-09
8.228000000000e-07	6.532591330768e-09	-1.343675100461e-08	3.691846405511e-09
8.230000000000e-07	6.403920019164e-09	-1.407202056403e-08	4.561284729915e-09
8.232000000000e-07	6.743277237481e-09	-1.437764495763e-08	4.201995108735e-09
8.234000000000e-07	6.623272382832e-09	-1.387993548852e-08	3.766840966916e-09
8.236000000000e-07	6.520968231327e-09	-1.326901390401e-08	3.181324078509e-09
8.238000000000e-07	6.232602528085e-09	-1.288255534484e-08	3.388469478169e-09
8.240000000000e-07	5.854407784927e-09	-1.241370826260e-08	3.520531884620e-09
8.242000000000e-07	6.033441479439e-09	-1.272753992866e-08	3.611437143332e-09
8.244000000000e-07	5.371603008717e-09	-1.226777604574e-08	4.508880086932e-09
8.246000000000e-07	6.257441017642e-09	-1.265291646373e-08	2.932325736104e-09
8.248000000000e-07	5.267558235833e-09	-1.147355551303e-08	3.621079182051e-09
8.250000000000e-07	5.841141543474e-09	-1.158521668788e-08	2.471508938616e-09
8.252000000000e-07	5.684596140931e-09	-1.252718613405e-08	4.066362626989e-09
8.254000000000e-07	4.891160306761e-09	-1.098981618864e-08	3.817212363262e-09
8.256000000000e-07	6.382772696499e-09	-1.252800483940e-08	2.583895870018e-09
8.258000000000e-07	5.379220828139e-09	-1.130547142446e-08	3.165481216219e-09
8.260000000000e-07	5.567315817721e-09	-1.161205272164e-08	3.092328022575e-09
8.262000000000e-07	5.403630278729e-09	-1.189690947443e-08	3.877392245654e-09
8.264000000000e-07	5.394835981586e-09	-1.115527675722e-08	2.932554444590e-09
8.266000000000e-07	4.796492558194e-09	-1.045354942498e-08	3.360997683622e-09
8.268000000000e-07	5.474695133277e-09	-1.169890652080e-08	3.529517553692e-09
8.270000000000e-07	5.229309010642e-09	-1.096441701506e-08	2.986839699060e-09
8.272000000000e-07	5.238843378299e-09	-1.079049773727e-08	2.765577235315e-09
8.274000000000e-07	4.736483057527e-09	-1.012725612898e-08	2.991847888357e-09
8.276000000000e-07	5.010709476632e-09	-1.021623656201e-08	2.562304121245e-09
8.278000000000e-07	4.677217969609e-09	-1.011552799730e-08	3.079932285374e-09
8.280000000000e-07	4.834234011921e-09	-1.010097105681e-08	2.707531515906e-09
8.282000000000e-07	4.807093718724e-09	-1.050193659451e-08	3.322712701630e-09
8.284000000000e-07	5.005791816775e-09	-1.048045798640e-08	2.890092060277e-09
8.286000000000e-07	5.115274357094e-09	-1.037153891479e-08	2.528745920425e-09
8.288000000000e-07	4.125511469570e-09	-9.846298919590e-09	3.916040530638e-09
8.290000000000e-07	5.193979435930e-09	-1.057809381907e-08	2.580417956982e-09
8.292000000000e-07	4.804719475398e-09	-9.848070589694e-09	2.436744768410e-09
8.294000000000e-07	4.811169277623e-09	-9.983679862028e-09	2.627693604845e-09
8.296000000000e-07	4.363297796381e-09	-9.488691087160e-09	3.020401077144e-09
8.298000000000e-07	5.362747565994e-09	-1.031673767329e-08	1.824403052989e-09
8.300000000000e-07	4.577337036745e-09	-9.724649475500e-09	2.834169712239e-09
8.302000000000e-07	4.411012271492e-09	-9.901992729852e-09	3.465432974484e-09
8.304000000000e-07	4.181070234222e-09	-9.062691160485e-09	2.876718462021e-09
8.306000000000e-07	4.533423042089e-09	-9.199407194106e-09	2.108202496404e-09
8.308000000000e-07	4.873802898537e-09	-1.012131683841e-08	2.652176727437e-09
8.310000000000e-07	4.100321247093e-09	-8.482364948039e-09	2.216880190739e-09
8.312000000000e-07	4.823994116400e-09	-9.558493024947e-09	2.100603887761e-09
8.314000000000e-07	4.357857809219e-09	-9.477255596984e-09	3.019542271961e-09
8.316000000000e-07	4.317381001912e-09	-9.046484269037e-09	2.493266186799e-09
8.318000000000e-07	4.655658441877e-09	-9.661026503838e-09	2.580495594889e-09
8.320000000000e-07	4.181321679929e-09	-9.125269197243e-09	2.921797334772e-09
8.322000000000e-07	4.056027777057e-09	-8.925130000376e-09	3.008847144714e-09
8.324000000000e-07	4.771146745275e-09	-9.744353194097e-09	2.405144848475e-09
8.326000000000e-07	4.190957950851e-09	-9.143788449619e-09	2.886324538599e-09
8.328000000000e-07	4.265848219172e-09	-7.963094626848e-09	1.154461563801e-09
8.330000000000e-07	3.998815075766e-09	-8.787886397952e-09	2.868723023959e-09
8.332000000000e-07	4.259850957368e-09	-9.010328578718e-09	2.599117933101e-09
8.334000000000e-07	3.954499256054e-09	-8.362286661849e-09	2.402968671019e-09
8.336000000000e-07	4.427151688343e-09	-8.940646894738e-09	2.062335656102e-09
8.338000000000e-07	4.281983111343e-09	-9.017691355801e-09	2.570178067642e-09
8.340000000000e-07	3.836338258879e-09	-8.350328248371e-09	2.620347922442e-09
8.342000000000e-07	3.952335143463e-09	-8.894371818875e-09	3.129399706923e-09
8.344000000000e-07	3.986178541844e-09	-8.493240325225e-09	2.443159389616e-09
8.346000000000e-07	3.857436196195e-09	-8.141782111843e-09	2.250334626668e-09
8.348000000000e-07	4.240021146189e-09	-9.227089655960e-09	2.954100470044e-09
8.350000000000e-07	3.935861794589e-09	-8.083277274540e-09	1.982690255334e-09
8.352000000000e-07	3.961960286642e-09	-8.459585510439e-09	2.553805633887e-09
8.354000000000e-07	3.992192009492e-09	-8.211226800689e-09	2.113698450654e-09
8.356000000000e-07	4.062600735865e-09	-8.226873746626e-09	1.988821809341e-09
8.358000000000e-07	4.109497283366e-09	-8.812542814631e-09	2.655225304533e-09
8.360000000000e-07	3.710483841162e-09	-8.161557751470e-09	2.599289068823e-09
8.362000000000e-07	4.109387141210e-09	-7.837935170205e-09	1.338424459893e-09
8.364000000000e-07	3.827426660158e-09	-7.798243349798e-09	1.942165824552e-09
8.366000000000e-07	3.864360267836e-09	-8.217174344428e-09	2.384178881027e-09
8.368000000000e-07	4.212720774430e-09	-8.458014623507e-09	2.021871003180e-09
8.370000000000e-07	3.320661699805e-09	-7.253439231818e-09	2.312402076897e-09
8.372000000000e-07	3.598387282602e-09	-7.800327653379e-09	2.399628366525e-09
8.374000000000e-07	3.931020995442e-09	-8.026953524514e-09	2.058734921975e-09
8.376000000000e-07	4.236922458567e-09	-8.665394584688e-09	2.149434723228e-09
8.378000000000e-07	3.624789001172e-09	-7.689798512196e-09	2.230182551540e-09
8.380000000000e-07	3.599083132486e-09	-7.559048151288e-09	2.142684968265e-09
8.382000000000e-07	3.990569948614e-09	-7.972597716223e-09	1.784122121974e-09
8.384000000000e-07	3.449246264186e-09	-7.705118804962e-09	2.651330643414e-09
8.386000000000e-07	3.827412290910e-09	-7.983888273201e-09	2.151429502410e-09
8.388000000000e-07	3.896153302621e-09	-7.641166717960e-09	1.572378023270e-09
8.390000000000e-07	3.423823796967e-09	-7.480907799460e-09	2.436504098099e-09
8.392000000000e-07	3.694924748697e-09	-7.652892675580e-09	2.049960626837e-09
8.394000000000e-07	3.537576203196e-09	-7.373445037663e-09	2.007411657323e-09
8.396000000000e-07	3.843014353698e-09	-7.813484270329e-09	2.006907905307e-09
8.398000000000e-07	3.823307125800e-09	-8.174799567795e-09	2.481600032030e-09
8.400000000000e-07	3.713221153687e-09	-7.405972987536e-09	1.729429278203e-09
8.402000000000e-07	3.676824324263e-09	-7.635435191916e-09	2.015803794070e-09
8.404000000000e-07	3.646241035561e-09	-7.726834200842e-09	2.289467623215e-09
8.406000000000e-07	3.537051056634e-09	-7.446261756198e-09	2.139939618522e-09
8.408000000000e-07	3.373653750051e-09	-7.634212900723e-09	2.630074372685e-09
8.410000000000e-07	3.614516234842e-09	-7.421005263451e-09	1.925985490162e-09
8.412000000000e-07	3.585938654606e-09	-7.158597802072e-09	1.550319828108e-09
8.414000000000e-07	3.486290095186e-09	-7.357285452769e-09	2.154110836254e-09
8.416000000000e-07	3.604418267222e-09	-7.510809554552e-09	2.053127134857e-09
8.418000000000e-07	3.329911917312e-09	-7.404673493331e-09	2.518424782055e-09
8.420000000000e-07	3.568545476918e-09	-7.395110320933e-09	1.950853755856e-09
8.422000000000e-07	3.729297655396e-09	-7.669214713222e-09	2.016336979345e-09
8.424000000000e-07	3.119102440411e-09	-6.927227188047e-09	2.354580475800e-09
8.426000000000e-07	3.672248925432e-09	-7.476851047797e-09	1.886982108918e-09
8.428000000000e-07	3.539685150107e-09	-7.265933724923e-09	1.902927157438e-09
8.430000000000e-07	3.549348778415e-09	-7.709855086566e-09	2.445028327989e-09
8.432000000000e-07	3.459951712963e-09	-7.160907526340e-09	1.859389767466e-09
8.434000000000e-07	3.598554494811e-09	-7.340463852643e-09	1.840656038021e-09
8.436000000000e-07	3.190364567441e-09	-6.720917359328e-09	1.944006179273e-09
8.438000000000e-07	3.388075937909e-09	-6.704312776560e-09	1.199085534888e-09
8.440000000000e-07	3.459485795768e-09	-7.206340969687e-09	1.999906575705e-09
8.442000000000e-07	3.486367952679e-09	-7.350952947172e-09	2.062831121559e-09
8.444000000000e-07	3.429950417688e-09	-6.972553897003e-09	1.687873216513e-09
8.446000000000e-07	2.975514387460e-09	-6.573199717654e-09	2.200077395137e-09
8.448000000000e-07	3.269425987986e-09	-6.768153160007e-09	1.814781478816e-09
8.450000000000e-07	3.290422944800e-09	-7.099751425482e-09	2.298159378141e-09
8.452000000000e-07	2.835948906706e-09	-6.430898806881e-09	2.318475883246e-09
8.454000000000e-07	3.563903051038e-09	-7.229355224771e-09	1.736413050851e-09
8.456000000000e-07	3.216001588792e-09	-6.771390840982e-09	1.937372382855e-09
8.458000000000e-07	3.370728274814e-09	-6.881257256354e-09	1.718031524858e-09
8.460000000000e-07	3.110483635598e-09	-6.768418584190e-09	2.161681078663e-09
8.462000000000e-07	3.182513577728e-09	-6.286124915266e-09	1.378704826877e-09
8.464000000000e-07	3.184011250819e-09	-6.873678457601e-09	2.083957712372e-09
8.466000000000e-07	3.543419374118e-09	-7.067060410676e-09	1.538874946166e-09
8.468000000000e-07	3.322023700369e-09	-7.058799354267e-09	2.063424479005e-09
8.470000000000e-07	3.424434531218e-09	-7.053289928362e-09	1.875980590358e-09
8.472000000000e-07	2.918103670447e-09	-6.634296176286e-09	2.450629324628e-09
8.474000000000e-07	3.032676578217e-09	-6.050946392809e-09	1.326558004805e-09
8.476000000000e-07	3.476664835378e-09	-7.020956034820e-09	1.673684208169e-09
8.478000000000e-07	2.978500472702e-09	-6.305178398143e-09	1.835436358402e-09
8.480000000000e-07	3.014072128374e-09	-6.266792654312e-09	1.718253688841e-09
8.482000000000e-07	3.310408189621e-09	-6.835656028222e-09	1.839879059583e-09
8.484000000000e-07	3.371401525844e-09	-6.443771942577e-09	1.088723262975e-09
8.486000000000e-07	3.230993370712e-09	-6.726817319624e-09	1.808983369128e-09
8.488000000000e-07	3.176770533373e-09	-6.741114148761e-09	1.899446514392e-09
8.490000000000e-07	3.328451197260e-09	-6.673644808353e-09	1.460769986680e-09
8.492000000000e-07	3.180671768635e-09	-6.741842839775e-09	1.975567917091e-09
8.494000000000e-07	2.756965497168e-09	-6.026803715494e-09	1.923653568553e-09
8.496000000000e-07	3.046105483948e-09	-6.829609884992e-09	2.418849032023e-09
8.498000000000e-07	3.223407014145e-09	-6.541257195593e-09	1.636631207793e-09
8.500000000000e-07	2.938285251557e-09	-6.459017193791e-09	2.112324096665e-09
8.502000000000e-07	2.893551948273e-09	-5.823782073562e-09	1.437365972238e-09
8.504000000000e-07	2.969928755274e-09	-6.143182776382e-09	1.620137695143e-09
8.506000000000e-07	2.900914945472e-09	-6.368023071520e-09	2.153892078969e-09
8.508000000000e-07	3.301593458296e-09	-6.826324877559e-09	1.800222691519e-09
8.510000000000e-07	2.895287275740e-09	-6.094214062556e-09	1.706162983068e-09
8.512000000000e-07	2.788643407236e-09	-5.956170669547e-09	1.695368074410e-09
8.514000000000e-07	3.103032768994e-09	-6.261888919534e-09	1.593396117139e-09
8.516000000000e-07	2.862765134480e-09	-6.213382185991e-09	1.935673376866e-09
8.518000000000e-07	2.924098395180e-09	-6.116710970219e-09	1.706255017687e-09
8.520000000000e-07	2.979496061171e-09	-6.188492671854e-09	1.698772852401e-09
8.522000000000e-07	3.022141056415e-09	-6.216801451395e-09	1.676313522406e-09
8.524000000000e-07	2.944859707357e-09	-6.188225580219e-09	1.750095091425e-09
8.526000000000e-07	2.820488584962e-09	-6.003857951177e-09	1.793864218874e-09
8.528000000000e-07	3.171214873288e-09	-6.540098805665e-09	1.788913331801e-09
8.530000000000e-07	2.898153385167e-09	-6.231193306291e-09	1.907069316924e-09
8.532000000000e-07	3.098985443054e-09	-6.384511657604e-09	1.689811501852e-09
8.534000000000e-07	3.055723394215e-09	-6.314821620608e-09	1.649897056239e-09
8.536000000000e-07	2.883641699714e-09	-5.882510617700e-09	1.569598203554e-09
8.538000000000e-07	2.827648292124e-09	-5.862563343898e-09	1.521471785751e-09
8.540000000000e-07	2.624842629183e-09	-5.647014196439e-09	1.721774192263e-09
8.542000000000e-07	3.038201303093e-09	-6.060246337488e-09	1.395756281239e-09
8.544000000000e-07	2.901242424592e-09	-5.843304227517e-09	1.442798011113e-09
8.546000000000e-07	2.555536115292e-09	-6.055710725929e-09	2.465336275627e-09
8.548000000000e-07	2.972998185408e-09	-5.991010095979e-09	1.166616489426e-09
8.550000000000e-07	2.769943062466e-09	-5.881828724322e-09	1.757829799656e-09
8.552000000000e-07	2.892386499214e-09	-6.146607171408e-09	1.895141666475e-09
8.554000000000e-07	2.614598717422e-09	-5.929978579259e-09	2.153038546508e-09
8.556000000000e-07	2.761872616693e-09	-5.711573463744e-09	1.407217564509e-09
8.558000000000e-07	2.950428803023e-09	-5.894000603970e-09	1.376358856782e-09
8.560000000000e-07	2.847376345872e-09	-6.016744418609e-09	1.685944329811e-09
8.562000000000e-07	2.765900041941e-09	-5.837302225985e-09	1.606763303698e-09
8.564000000000e-07	2.666976529085e-09	-5.637618564788e-09	1.560117528900e-09
8.566000000000e-07	2.882848889246e-09	-5.770962733003e-09	1.257218392387e-09
8.568000000000e-07	2.655728262290e-09	-5.628096345352e-09	1.725718885105e-09
8.570000000000e-07	2.819630776366e-09	-5.977932437143e-09	1.765390413580e-09
8.572000000000e-07	2.637579827211e-09	-5.604273213263e-09	1.650024596761e-09
8.574000000000e-07	2.595658811725e-09	-5.604323163932e-09	1.746773526787e-09
8.576000000000e-07	2.747243995255e-09	-5.867858951718e-09	1.740430953166e-09
8.578000000000e-07	2.437473821007e-09	-5.514682589641e-09	1.997092141617e-09
8.580000000000e-07	2.885709453128e-09	-5.737825182747e-09	1.282423930615e-09
8.582000000000e-07	2.857477248165e-09	-5.877222047840e-09	1.536661363535e-09
8.584000000000e-07	2.846970879446e-09	-5.763106109250e-09	1.411626966654e-09
8.586000000000e-07	2.580024020987e-09	-5.509913140195e-09	1.679112959377e-09
8.588000000000e-07	2.531021468701e-09	-5.306917044987e-09	1.478907140560e-09
8.590000000000e-07	2.603092818518e-09	-5.663009021671e-09	1.825295647190e-09
8.592000000000e-07	2.718095290120e-09	-5.497489117478e-09	1.456285650900e-09
8.594000000000e-07	2.617997700328e-09	-5.500141500176e-09	1.523638675985e-09
8.596000000000e-07	2.585814648538e-09	-5.343697615263e-09	1.368163616140e-09
8.598000000000e-07	2.685472607468e-09	-5.810889581500e-09	1.814678861953e-09
8.600000000000e-07	2.686756219753e-09	-5.510058858118e-09	1.417973626593e-09
8.602000000000e-07	2.610401578331e-09	-5.609759898648e-09	1.692621099395e-09
8.604000000000e-07	2.646560867755e-09	-5.179700645510e-09	1.080589223381e-09
8.606000000000e-07	2.581455128971e-09	-5.473242600354e-09	1.582365808247e-09
8.608000000000e-07	2.337556803156e-09	-4.963855549369e-09	1.536731151460e-09
8.610000000000e-07	2.709872547939e-09	-5.509660997903e-09	1.417986246838e-09
8.612000000000e-07	2.347544956515e-09	-5.095498039499e-09	1.679355090752e-09
8.614000000000e-07	2.392218646618e-09	-5.434899882491e-09	1.975879529660e-09
8.616000000000e-07	2.613319789654e-09	-5.791751611673e-09	1.955863076524e-09
8.618000000000e-07	2.724266187956e-09	-5.451150590777e-09	1.218814820427e-09
8.620000000000e-07	2.470166791498e-09	-5.330796999533e-09	1.635332093727e-09
8.622000000000e-07	2.803797144358e-09	-5.656758053663e-09	1.326062912791e-09
8.624000000000e-07	2.693802850009e-09	-5.519035331729e-09	1.312134255334e-09
8.626000000000e-07	2.282786189709e-09	-4.942713401565e-09	1.541007309126e-09
8.628000000000e-07	2.529139758421e-09	-5.456891426638e-09	1.693148955748e-09
8.630000000000e-07	2.590383570158e-09	-5.290291347091e-09	1.333542187831e-09
8.632000000000e-07	2.532053205190e-09	-5.001124703863e-09	1.089933600888e-09
8.634000000000e-07	2.652951143262e-09	-5.442340645873e-09	1.518059573906e-09
8.636000000000e-07	2.384141571044e-09	-5.229049907868e-09	1.665414202510e-09
8.638000000000e-07	2.624213792062e-09	-5.315825762439e-09	1.310790686396e-09
8.640000000000e-07	2.288691005651e-09	-4.922003598688e-09	1.700149019617e-09
8.642000000000e-07	2.373981946240e-09	-4.815555252940e-09	1.217662976772e-09
8.644000000000e-07	2.730889398742e-09	-5.312502265626e-09	9.997819504128e-10
8.646000000000e-07	2.595053581442e-09	-5.299372735116e-09	1.350765511800e-09
8.648000000000e-07	2.302637033599e-09	-5.048846481737e-09	1.757289332911e-09
8.650000000000e-07	2.418756493979e-09	-5.110403541518e-09	1.474991935050e-09
8.652000000000e-07	2.164103301573e-09	-4.709183126904e-09	1.325759486203e-09
8.654000000000e-07	2.402211571404e-09	-5.161793315057e-09	1.576096183766e-09
8.656000000000e-07	2.382481011136e-09	-5.021644853931e-09	1.440527955119e-09
8.658000000000e-07	2.373355666898e-09	-5.156391476317e-09	1.656887815238e-09
8.660000000000e-07	2.268529144404e-09	-4.881631964030e-09	1.487357434148e-09
8.662000000000e-07	2.359889975869e-09	-5.015873704656e-09	1.528018285270e-09
8.664000000000e-07	2.488947744354e-09	-5.211127605161e-09	1.449776851237e-09
8.666000000000e-07	2.465048308102e-09	-5.102794431005e-09	1.364655746029e-09
8.668000000000e-07	2.453639425272e-09	-4.918706381746e-09	1.164427504231e-09
8.670000000000e-07	2.288658051956e-09	-4.940064297332e-09	1.557814318138e-09
8.672000000000e-07	2.438557080434e-09	-5.008585223149e-09	1.276904743509e-09
8.674000000000e-07	2.532948672180e-09	-5.080376462770e-09	1.235691088864e-09
8.676000000000e-07	2.249784627181e-09	-4.768635819591e-09	1.417265127037e-09
8.678000000000e-07	2.589520609359e-09	-5.092157794632e-09	1.129968097106e-09
8.680000000000e-07	2.420312960482e-09	-5.025715398694e-09	1.346321936536e-09
8.682000000000e-07	2.295633606777e-09	-4.738580295184e-09	1.262657298879e-09
8.684000000000e-07	2.674259050335e-09	-5.226795172483e-09	1.074357424241e-09
8.686000000000e-07	2.416908190615e-09	-4.935556329438e-09	1.249539181497e-09
8.688000000000e-07	2.295944744557e-09	-4.770193148992e-09	1.289293285267e-09
8.690000000000e-07	2.364515057100e-09	-4.903716411702e-09	1.544149726643e-09
8.692000000000e-07	2.125914540640e-09	-4.641470635999e-09	1.532248721850e-09
8.694000000000e-07	2.481597596418e-09	-5.004419946106e-09	1.172728418554e-09
8.696000000000e-07	2.431566144798e-09	-4.972125008736e-09	1.234956445692e-09
8.698000000000e-07	2.293411898140e-09	-4.789928660310e-09	1.311725308429e-09
8.700000000000e-07	2.254696018610e-09	-4.830495508730e-09	1.507826784198e-09
8.702000000000e-07	2.246977407977e-09	-4.754453345414e-09	1.395631052704e-09
8.704000000000e-07	2.500044412002e-09	-5.074571074787e-09	1.296259619156e-09
8.706000000000e-07	2.159957660248e-09	-4.465304402998e-09	1.199436773721e-09
8.708000000000e-07	2.310454841523e-09	-4.737775640072e-09	1.228755417449e-09
8.710000000000e-07	2.179629281054e-09	-4.534323185498e-09	1.267408250987e-09
8.712000000000e-07	2.506944913232e-09	-4.955774842757e-09	1.100715579036e-09
8.714000000000e-07	2.097803977761e-09	-4.449183982626e-09	1.333014136082e-09
8.716000000000e-07	2.023796253144e-09	-4.562454067854e-09	1.620390373532e-09
8.718000000000e-07	2.222907778683e-09	-4.646011174957e-09	1.358764963206e-09
8.720000000000e-07	2.251642172188e-09	-4.591694197413e-09	1.185418990800e-09
8.722000000000e-07	2.348117076996e-09	-4.657588609074e-09	1.049394751645e-09
8.724000000000e-07	2.356398725158e-09	-4.622342876547e-09	9.405846287129e-10
8.726000000000e-07	2.085060582799e-09	-4.453915549551e-09	1.205759358818e-09
8.728000000000e-07	2.338731099471e-09	-4.701280050559e-09	1.083586147001e-09
8.730000000000e-07	2.194467491509e-09	-4.502475909420e-09	1.185877682929e-09
8.732000000000e-07	2.281796617276e-09	-4.786624421036e-09	1.329638009673e-09
8.734000000000e-07	2.249229653658e-09	-4.570022132858e-09	1.140961874375e-09
8.736000000000e-07	2.167583047983e-09	-4.642911460407e-09	1.398984770696e-09
8.738000000000e-07	2.172686621060e-09	-4.401380719358e-09	1.132783510920e-09
8.740000000000e-07	1.965086491043e-09	-4.390559047741e-09	1.597584136816e-09
8.742000000000e-07	2.233689270185e-09	-4.599775245101e-09	1.215475760129e-09
8.744000000000e-07	2.042485182976e-09	-4.192156687046e-09	1.114601476492e-09
8.746000000000e-07	2.147750751947e-09	-4.686242931132e-09	1.511563149992e-09
8.748000000000e-07	2.195140240744e-09	-4.619710819986e-09	1.343619457039e-09
8.750000000000e-07	2.256256246045e-09	-4.498439045160e-09	9.993939299241e-10
8.752000000000e-07	2.135573032512e-09	-4.217983072845e-09	8.385026769646e-10
8.754000000000e-07	2.081364478134e-09	-4.317794038179e-09	1.183031384199e-09
8.756000000000e-07	2.039876862917e-09	-4.248481859744e-09	1.107886619196e-09
8.758000000000e-07	2.160427688872e-09	-4.569507016189e-09	1.323089158825e-09
8.760000000000e-07	2.164959919501e-09	-4.430584503326e-09	1.111057569747e-09
8.762000000000e-07	2.004924572191e-09	-4.351233491249e-09	1.418931679518e-09
8.764000000000e-07	2.051183192641e-09	-4.263951017710e-09	1.170076290184e-09
8.766000000000e-07	2.173200118511e-09	-4.549060230780e-09	1.280332780655e-09
8.768000000000e-07	2.099459383549e-09	-4.445078799266e-09	1.267543861219e-09
8.770000000000e-07	2.102478916039e-09	-4.237694086190e-09	1.015655378874e-09
8.772000000000e-07	2.178391198190e-09	-4.490831356526e-09	1.179526251448e-09
8.774000000000e-07	2.053288087903e-09	-4.392454159142e-09	1.334994503651e-09
8.776000000000e-07	2.007370105657e-09	-4.164739062918e-09	1.141028909825e-09
8.778000000000e-07	2.112876021748e-09	-4.300286434398e-09	1.073876546379e-09
8.780000000000e-07	2.256538456620e-09	-4.533292827836e-09	1.067749142840e-09
8.782000000000e-07	2.165160097253e-09	-4.505341470662e-09	1.248422065224e-09
8.784000000000e-07	1.953440956349e-09	-4.240261142840e-09	1.361020882451e-09
8.786000000000e-07	2.046158357505e-09	-4.312879530734e-09	1.213515077214e-09
8.788000000000e-07	2.329818287001e-09	-4.463586603144e-09	8.394276060820e-10
8.790000000000e-07	1.885755375469e-09	-4.146252396874e-09	1.454764848528e-09
8.792000000000e-07	2.027382875467e-09	-4.250881499157e-09	1.129764174676e-09
8.794000000000e-07	1.803603760579e-09	-3.976556852226e-09	1.336901392696e-09
8.796000000000e-07	2.123049234104e-09	-4.366398650196e-09	1.172586008227e-09
8.798000000000e-07	1.996121866655e-09	-4.062746395610e-09	1.018076973034e-09
8.800000000000e-07	2.076068285797e-09	-4.286319756871e-09	1.151988361513e-09
8.802000000000e-07	2.048909954836e-09	-4.306055727522e-09	1.188650256251e-09
8.804000000000e-07	2.071052042902e-09	-4.119452983162e-09	9.331308732419e-10
8.806000000000e-07	1.939189154331e-09	-4.122373864087e-09	1.150616287105e-09
8.808000000000e-07	2.038226405344e-09	-4.075996136952e-09	9.344613460794e-10
8.810000000000e-07	1.819387771060e-09	-3.985471915279e-09	1.345594472163e-09
8.812000000000e-07	1.976541539448e-09	-4.208096256139e-09	1.247715999182e-09
8.814000000000e-07	2.063873112585e-09	-4.192840389689e-09	1.013972392131e-09
8.816000000000e-07	1.888510810252e-09	-4.001117463536e-09	1.181325176393e-09
8.818000000000e-07	2.157420884085e-09	-4.250832341475e-09	9.469680343580e-10
8.820000000000e-07	1.967604556013e-09	-4.058441272866e-09	1.087713644237e-09
8.822000000000e-07	2.059575410006e-09	-4.083089560616e-09	9.368576329947e-10
8.824000000000e-07	1.945631709779e-09	-3.982209912615e-09	1.073553707302e-09
8.826000000000e-07	1.807388755498e-09	-3.844609017778e-09	1.060549231704e-09
8.828000000000e-07	1.881158007853e-09	-3.923488276908e-09	1.163588754914e-09
8.830000000000e-07	2.028155222049e-09	-4.185322871830e-09	1.147594954837e-09
8.832000000000e-07	1.771649710363e-09	-3.997438531538e-09	1.344147540919e-09
8.834000000000e-07	1.989741788490e-09	-4.051152048616e-09	1.098306325993e-09
8.836000000000e-07	1.908666145558e-09	-4.017979935183e-09	1.125931903816e-09
8.838000000000e-07	1.900897046456e-09	-3.963118178717e-09	1.107764105230e-09
8.840000000000e-07	1.997003909484e-09	-4.320306650397e-09	1.386787694930e-09
8.842000000000e-07	1.923401545733e-09	-3.859306573059e-09	9.459413832485e-10
8.844000000000e-07	1.948170095159e-09	-4.070469525626e-09	1.147066260098e-09
8.846000000000e-07	1.848442443194e-09	-3.878003062189e-09	1.085288882014e-09
8.848000000000e-07	1.873277775718e-09	-4.029127219829e-09	1.229493550385e-09
8.850000000000e-07	1.928758466196e-09	-3.763706935786e-09	8.055983955494e-10
8.852000000000e-07	1.903749576331e-09	-3.978857409102e-09	1.097304418245e-09
8.854000000000e-07	1.949598752316e-09	-4.196992415640e-09	1.304130426694e-09
8.856000000000e-07	1.845451395276e-09	-3.624567086939e-09	7.487659087668e-10
8.858000000000e-07	1.732573255305e-09	-3.817710490251e-09	1.292532718841e-09
8.860000000000e-07	1.987396004545e-09	-4.065773842177e-09	1.071714915099e-09
8.862000000000e-07	1.877975777931e-09	-3.731983484824e-09	8.920640202953e-10
8.864000000000e-07	1.821513289682e-09	-3.715877548934e-09	9.028675692298e-10
8.866000000000e-07	1.928914646790e-09	-3.823218063915e-09	8.558479838328e-10
8.868000000000e-07	1.903975186688e-09	-4.017702073155e-09	1.109181342800e-09
8.870000000000e-07	1.939570940358e-09	-4.005721521169e-09	1.067543936351e-09
8.872000000000e-07	1.941651861951e-09	-4.120483665544e-09	1.215517503869e-09
8.874000000000e-07	1.888942054750e-09	-3.808138833718e-09	8.875924359092e-10
8.876000000000e-07	1.928387034068e-09	-3.989729094538e-09	1.078684674320e-09
8.878000000000e-07	1.784169891250e-09	-3.765727329426e-09	1.113640026989e-09
8.880000000000e-07	1.742175225417e-09	-3.577614291907e-09	8.598108616731e-10
8.882000000000e-07	1.888525663608e-09	-3.847653615482e-09	8.991316890096e-10
8.884000000000e-07	1.952635001041e-09	-4.005931128761e-09	9.995869174909e-10
8.886000000000e-07	1.698737652842e-09	-3.607700360106e-09	1.091149891861e-09
8.888000000000e-07	1.804369848857e-09	-3.807115029068e-09	1.103689965932e-09
8.890000000000e-07	1.926274858923e-09	-3.873465055111e-09	9.833992463298e-10
8.892000000000e-07	1.887219974406e-09	-3.749398192331e-09	8.615371473450e-10
8.894000000000e-07	1.836977547128e-09	-3.817867000580e-09	1.060206045715e-09
8.896000000000e-07	1.754593168193e-09	-3.769043601330e-09	1.195048068370e-09
8.898000000000e-07	1.692618746190e-09	-3.469713302350e-09	8.359269562125e-10
8.900000000000e-07	1.729403223126e-09	-3.635862942890e-09	1.070285785309e-09
8.902000000000e-07	1.781288829930e-09	-3.671949870448e-09	9.293790044843e-10
8.904000000000e-07	1.747962562423e-09	-3.577524308936e-09	9.331599349577e-10
8.906000000000e-07	1.887333096179e-09	-3.981063487824e-09	1.177164334483e-09
8.908000000000e-07	1.823966288393e-09	-3.839609838620e-09	1.083160361709e-09
8.910000000000e-07	1.868095548672e-09	-3.729221106253e-09	8.412273504036e-10
8.912000000000e-07	1.714420605475e-09	-3.523305109472e-09	9.568516984717e-10
8.914000000000e-07	1.860016050402e-09	-3.711174155136e-09	8.144548216608e-10
8.916000000000e-07	1.725977516192e-09	-3.567659121168e-09	9.689390132844e-10
8.918000000000e-07	1.781868887442e-09	-3.758615864088e-09	1.070352783277e-09
8.920000000000e-07	1.763256264079e-09	-3.418718919297e-09	7.039602440816e-10
8.922000000000e-07	1.856064290209e-09	-3.755967631129e-09	9.224446988840e-10
8.924000000000e-07	1.742177380354e-09	-3.699189769428e-09	1.095632809294e-09
8.926000000000e-07	1.645841806387e-09	-3.526398511837e-09	1.089438610461e-09
8.928000000000e-07	1.557386697331e-09	-3.346148309223e-09	1.009199736247e-09
8.930000000000e-07	1.732363155955e-09	-3.420585090528e-09	8.219686249627e-10
8.932000000000e-07	1.722328938231e-09	-3.524580963872e-09	8.767624796413e-10
8.934000000000e-07	1.703580844539e-09	-3.455148041167e-09	8.496203048784e-10
8.936000000000e-07	1.629949805075e-09	-3.556741312200e-09	1.234053807920e-09
8.938000000000e-07	1.645899431867e-09	-3.544769581629e-09	1.100851486043e-09
8.940000000000e-07	1.620512513698e-09	-3.338759395417e-09	9.217335073263e-10
8.942000000000e-07	1.621113847344e-09	-3.338703836379e-09	9.104748703179e-10
8.944000000000e-07	1.709289153612e-09	-3.668407911705e-09	1.153826422641e-09
8.946000000000e-07	1.713537982830e-09	-3.511064856111e-09	9.375744029644e-10
8.948000000000e-07	1.631291366183e-09	-3.403305450440e-09	9.766487412056e-10
8.950000000000e-07	1.707946179743e-09	-3.563476478143e-09	1.115340820313e-09
8.952000000000e-07	1.734935117926e-09	-3.337094265854e-09	6.576951891805e-10
8.954000000000e-07	1.660101239652e-09	-3.418603994864e-09	8.925832732403e-10
8.956000000000e-07	1.634068576889e-09	-3.407153464274e-09	9.132832573626e-10
8.958000000000e-07	1.594042993922e-09	-3.351350551779e-09	9.742583369934e-10
8.960000000000e-07	1.699722735943e-09	-3.495213995373e-09	9.004350715242e-10
8.962000000000e-07	1.694460857725e-09	-3.399862665695e-09	8.131334734479e-10
8.964000000000e-07	1.664577085766e-09	-3.448290193830e-09	9.312293999149e-10
8.966000000000e-07	1.525294273781e-09	-3.303545487504e-09	1.035319810559e-09
8.968000000000e-07	1.730464751420e-09	-3.517043540916e-09	8.892066014220e-10
8.970000000000e-07	1.570766602785e-09	-3.264083445651e-09	9.174771667879e-10
8.972000000000e-07	1.638275311032e-09	-3.398900009892e-09	9.227034539425e-10
8.974000000000e-07	1.709371703725e-09	-3.500578202866e-09	9.000569696739e-10
8.976000000000e-07	1.781800911369e-09	-3.640993581355e-09	9.503707005485e-10
8.978000000000e-07	1.516699872202e-09	-3.248999959477e-09	1.018690066658e-09
8.980000000000e-07	1.438305126601e-09	-3.087605201854e-09	9.409671963910e-10
8.982000000000e-07	1.476574569557e-09	-3.214543365939e-09	1.090965802470e-09
8.984000000000e-07	1.679350477168e-09	-3.324382815024e-09	7.455956627028e-10
8.986000000000e-07	1.524942877977e-09	-3.190863027644e-09	9.518655440574e-10
8.988000000000e-07	1.448281925150e-09	-3.187068268458e-09	1.080825744142e-09
8.990000000000e-07	1.785706726887e-09	-3.586008085997e-09	8.151111804563e-10
8.992000000000e-07	1.712157745949e-09	-3.408414249324e-09	7.718439567711e-10
8.994000000000e-07	1.494242848598e-09	-3.091856221788e-09	8.299516778157e-10
8.996000000000e-07	1.538296956270e-09	-3.310236542591e-09	1.047093650990e-09
8.998000000000e-07	1.691087297560e-09	-3.539944428976e-09	9.626001609944e-10
9.000000000000e-07	1.580935569112e-09	-3.437007915972e-09	1.152059830686e-09
9.002000000000e-07	1.541708551167e-09	-3.266954128870e-09	9.715077543277e-10
9.004000000000e-07	1.569577952539e-09	-3.140519973232e-09	7.321832605260e-10
9.006000000000e-07	1.555544627098e-09	-3.338854541632e-09	1.036238696039e-09
9.008000000000e-07	1.509131558055e-09	-3.092568784643e-09	7.497702252621e-10
9.010000000000e-07	1.503814245040e-09	-3.029525364330e-09	6.599656459084e-10
9.012000000000e-07	1.511081969300e-09	-3.165673141866e-09	8.794626638668e-10
9.014000000000e-07	1.612831321474e-09	-3.265313378409e-09	8.237515212798e-10
9.016000000000e-07	1.470220651043e-09	-3.145101044978e-09	9.761934276791e-10
9.018000000000e-07	1.499420982026e-09	-3.111974636060e-09	8.236299433532e-10
9.020000000000e-07	1.495162158371e-09	-3.096502222948e-09	8.940799102427e-10
9.022000000000e-07	1.483458774778e-09	-2.957760847507e-09	7.506693680357e-10
9.024000000000e-07	1.470560377525e-09	-3.267647248294e-09	1.152465767748e-09
9.026000000000e-07	1.606784707950e-09	-3.371373360221e-09	9.490230940675e-10
9.028000000000e-07	1.484031356317e-09	-3.061219307821e-09	7.890075014099e-10
9.030000000000e-07	1.579643338694e-09	-3.135616722653e-09	7.017568312832e-10
9.032000000000e-07	1.454554965376e-09	-2.926753785478e-09	7.624975563273e-10
9.034000000000e-07	1.485851783470e-09	-3.141515633417e-09	9.309087438911e-10
9.036000000000e-07	1.482800356539e-09	-3.161046983548e-09	9.707872310077e-10
9.038000000000e-07	1.565545662795e-09	-3.172324231720e-09	7.869822245140e-10
9.040000000000e-07	1.386251539587e-09	-3.069896191675e-09	1.074924855656e-09
9.042000000000e-07	1.414884690862e-09	-2.934520248341e-09	8.150461198695e-10
9.044000000000e-07	1.506550271730e-09	-3.162842315315e-09	8.820703031158e-10
9.046000000000e-07	1.599817863358e-09	-3.214971913789e-09	7.628074804080e-10
9.048000000000e-07	1.613856092270e-09	-3.277656009917e-09	8.296342468098e-10
9.050000000000e-07	1.439170856436e-09	-3.078908101731e-09	9.348496599498e-10
9.052000000000e-07	1.419130835613e-09	-2.905045192848e-09	7.246624261556e-10
9.054000000000e-07	1.385189367805e-09	-2.997921998620e-09	9.325025486081e-10
9.056000000000e-07	1.285513884966e-09	-2.687863423640e-09	7.502528392710e-10
9.058000000000e-07	1.600925493716e-09	-3.254450529448e-09	8.330329033149e-10
9.060000000000e-07	1.441658995009e-09	-2.909339655804e-09	7.042973627864e-10
9.062000000000e-07	1.488220846570e-09	-3.033505772413e-09	7.463021096670e-10
9.064000000000e-07	1.414190230159e-09	-2.957397315709e-09	8.840023485478e-10
9.066000000000e-07	1.474101012427e-09	-3.054731208183e-09	8.011066731422e-10
9.068000000000e-07	1.445376150065e-09	-3.019319798837e-09	8.777910201730e-10
9.070000000000e-07	1.389206866562e-09	-2.933250663434e-09	8.781307081708e-10
9.072000000000e-07	1.529021611207e-09	-2.955772144491e-09	5.710350504235e-10
9.074000000000e-07	1.396907522027e-09	-2.923913247401e-09	8.535178635752e-10
9.076000000000e-07	1.415959680146e-09	-3.017751920719e-09	8.942266168606e-10
9.078000000000e-07	1.406142960688e-09	-2.986810522470e-09	8.950264667862e-10
