-1.184260000000e-05	0.000000000000e+00	0.000000000000e+00	0.000000000000e+00
-1.184240000000e-05	0.000000000000e+00	0.000000000000e+00	0.000000000000e+00
-1.184220000000e-05	0.000000000000e+00	0.000000000000e+00	0.000000000000e+00
-1.184200000000e-05	0.000000000000e+00	0.000000000000e+00	0.000000000000e+00
-1.184180000000e-05	0.000000000000e+00	0.000000000000e+00	0.000000000000e+00
-1.184160000000e-05	0.000000000000e+00	0.000000000000e+00	0.000000000000e+00
-1.184140000000e-05	0.000000000000e+00	0.000000000000e+00	0.000000000000e+00
-1.184120000000e-05	0.000000000000e+00	0.000000000000e+00	0.000000000000e+00
-1.184100000000e-05	0.000000000000e+00	0.000000000000e+00	0.000000000000e+00
-1.184080000000e-05	0.000000000000e+00	0.000000000000e+00	0.000000000000e+00
-1.184060000000e-05	0.000000000000e+00	0.000000000000e+00	0.000000000000e+00
-1.184040000000e-05	0.000000000000e+00	0.000000000000e+00	0.000000000000e+00
-1.184020000000e-05	0.000000000000e+00	0.000000000000e+00	0.000000000000e+00
-1.184000000000e-05	0.000000000000e+00	0.000000000000e+00	0.000000000000e+00
-1.183980000000e-05	0.000000000000e+00	0.000000000000e+00	0.000000000000e+00
-1.183960000000e-05	0.000000000000e+00	0.000000000000e+00	0.000000000000e+00
-1.183940000000e-05	0.000000000000e+00	0.000000000000e+00	0.000000000000e+00
-1.183920000000e-05	0.000000000000e+00	0.000000000000e+00	0.000000000000e+00
-1.183900000000e-05	0.000000000000e+00	0.000000000000e+00	0.000000000000e+00
-1.183880000000e-05	0.000000000000e+00	0.000000000000e+00	0.000000000000e+00
-1.183860000000e-05	0.000000000000e+00	0.000000000000e+00	0.000000000000e+00
-1.183840000000e-05	0.000000000000e+00	0.000000000000e+00	0.000000000000e+00
-1.183820000000e-05	0.000000000000e+00	0.000000000000e+00	0.000000000000e+00
-1.183800000000e-05	0.000000000000e+00	0.000000000000e+00	0.000000000000e+00
-1.183780000000e-05	0.000000000000e+00	0.000000000000e+00	0.000000000000e+00
-1.183760000000e-05	0.000000000000e+00	0.000000000000e+00	0.000000000000e+00
-1.183740000000e-05	0.000000000000e+00	0.000000000000e+00	0.000000000000e+00
-1.183720000000e-05	0.000000000000e+00	0.000000000000e+00	0.000000000000e+00
-1.183700000000e-05	0.000000000000e+00	0.000000000000e+00	0.000000000000e+00
-1.183680000000e-05	0.000000000000e+00	0.000000000000e+00	0.000000000000e+00
-1.183660000000e-05	0.000000000000e+00	0.000000000000e+00	0.000000000000e+00
-1.183640000000e-05	0.000000000000e+00	0.000000000000e+00	0.000000000000e+00
-1.183620000000e-05	0.000000000000e+00	0.000000000000e+00	0.000000000000e+00
-1.183600000000e-05	0.000000000000e+00	0.000000000000e+00	0.000000000000e+00
-1.183580000000e-05	0.000000000000e+00	0.000000000000e+00	0.000000000000e+00
-1.183560000000e-05	0.000000000000e+00	0.000000000000e+00	0.000000000000e+00
-1.183540000000e-05	0.000000000000e+00	0.000000000000e+00	0.000000000000e+00
-1.183520000000e-05	0.000000000000e+00	0.000000000000e+00	0.000000000000e+00
-1.183500000000e-05	0.000000000000e+00	0.000000000000e+00	0.000000000000e+00
-1.183480000000e-05	0.000000000000e+00	0.000000000000e+00	0.000000000000e+00
-1.183460000000e-05	0.000000000000e+00	0.000000000000e+00	0.000000000000e+00
-1.183440000000e-05	0.000000000000e+00	0.000000000000e+00	0.000000000000e+00
-1.183420000000e-05	0.000000000000e+00	0.000000000000e+00	0.000000000000e+00
-1.183400000000e-05	0.000000000000e+00	0.000000000000e+00	0.000000000000e+00
-1.183380000000e-05	0.000000000000e+00	0.000000000000e+00	0.000000000000e+00
-1.183360000000e-05	0.000000000000e+00	0.000000000000e+00	0.000000000000e+00
-1.183340000000e-05	0.000000000000e+00	0.000000000000e+00	0.000000000000e+00
-1.183320000000e-05	0.000000000000e+00	0.000000000000e+00	0.000000000000e+00
-1.183300000000e-05	0.000000000000e+00	0.000000000000e+00	0.000000000000e+00
-1.183280000000e-05	0.000000000000e+00	0.000000000000e+00	0.000000000000e+00
-1.183260000000e-05	0.000000000000e+00	0.000000000000e+00	0.000000000000e+00
-1.183240000000e-05	0.000000000000e+00	0.000000000000e+00	0.000000000000e+00
-1.183220000000e-05	0.000000000000e+00	0.000000000000e+00	0.000000000000e+00
-1.183200000000e-05	0.000000000000e+00	0.000000000000e+00	0.000000000000e+00
-1.183180000000e-05	0.000000000000e+00	0.000000000000e+00	0.000000000000e+00
-1.183160000000e-05	0.000000000000e+00	0.000000000000e+00	0.000000000000e+00
-1.183140000000e-05	0.000000000000e+00	0.000000000000e+00	0.000000000000e+00
-1.183120000000e-05	0.000000000000e+00	0.000000000000e+00	0.000000000000e+00
-1.183100000000e-05	0.000000000000e+00	0.000000000000e+00	0.000000000000e+00
-1.183080000000e-05	0.000000000000e+00	0.000000000000e+00	0.000000000000e+00
-1.183060000000e-05	0.000000000000e+00	0.000000000000e+00	0.000000000000e+00
-1.183040000000e-05	0.000000000000e+00	0.000000000000e+00	0.000000000000e+00
-1.183020000000e-05	0.000000000000e+00	0.000000000000e+00	0.000000000000e+00
-1.183000000000e-05	0.000000000000e+00	0.000000000000e+00	0.000000000000e+00
-1.182980000000e-05	0.000000000000e+00	0.000000000000e+00	0.000000000000e+00
-1.182960000000e-05	0.000000000000e+00	0.000000000000e+00	0.000000000000e+00
-1.182940000000e-05	0.000000000000e+00	0.000000000000e+00	0.000000000000e+00
-1.182920000000e-05	0.000000000000e+00	0.000000000000e+00	0.000000000000e+00
-1.182900000000e-05	0.000000000000e+00	0.000000000000e+00	0.000000000000e+00
-1.182880000000e-05	0.000000000000e+00	0.000000000000e+00	0.000000000000e+00
-1.182860000000e-05	0.000000000000e+00	0.000000000000e+00	0.000000000000e+00
-1.182840000000e-05	0.000000000000e+00	0.000000000000e+00	0.000000000000e+00
-1.182820000000e-05	0.000000000000e+00	0.000000000000e+00	0.000000000000e+00
-1.182800000000e-05	0.000000000000e+00	0.000000000000e+00	0.000000000000e+00
-1.182780000000e-05	0.000000000000e+00	0.000000000000e+00	0.000000000000e+00
-1.182760000000e-05	0.000000000000e+00	0.000000000000e+00	0.000000000000e+00
-1.182740000000e-05	0.000000000000e+00	0.000000000000e+00	0.000000000000e+00
-1.182720000000e-05	0.000000000000e+00	0.000000000000e+00	0.000000000000e+00
-1.182700000000e-05	0.000000000000e+00	0.000000000000e+00	0.000000000000e+00
-1.182680000000e-05	0.000000000000e+00	0.000000000000e+00	0.000000000000e+00
-1.182660000000e-05	0.000000000000e+00	0.000000000000e+00	0.000000000000e+00
-1.182640000000e-05	0.000000000000e+00	0.000000000000e+00	0.000000000000e+00
-1.182620000000e-05	0.000000000000e+00	0.000000000000e+00	0.000000000000e+00
-1.182600000000e-05	0.000000000000e+00	0.000000000000e+00	0.000000000000e+00
-1.182580000000e-05	0.000000000000e+00	0.000000000000e+00	0.000000000000e+00
-1.182560000000e-05	0.000000000000e+00	0.000000000000e+00	0.000000000000e+00
-1.182540000000e-05	0.000000000000e+00	0.000000000000e+00	0.000000000000e+00
-1.182520000000e-05	0.000000000000e+00	0.000000000000e+00	0.000000000000e+00
-1.182500000000e-05	0.000000000000e+00	0.000000000000e+00	0.000000000000e+00
-1.182480000000e-05	0.000000000000e+00	0.000000000000e+00	0.000000000000e+00
-1.182460000000e-05	0.000000000000e+00	0.000000000000e+00	0.000000000000e+00
-1.182440000000e-05	0.000000000000e+00	0.000000000000e+00	0.000000000000e+00
-1.182420000000e-05	0.000000000000e+00	0.000000000000e+00	0.000000000000e+00
-1.182400000000e-05	0.000000000000e+00	0.000000000000e+00	0.000000000000e+00
-1.182380000000e-05	0.000000000000e+00	0.000000000000e+00	0.000000000000e+00
-1.182360000000e-05	0.000000000000e+00	0.000000000000e+00	0.000000000000e+00
-1.182340000000e-05	0.000000000000e+00	0.000000000000e+00	0.000000000000e+00
-1.182320000000e-05	0.000000000000e+00	0.000000000000e+00	0.000000000000e+00
-1.182300000000e-05	0.000000000000e+00	0.000000000000e+00	0.000000000000e+00
-1.182280000000e-05	0.000000000000e+00	0.000000000000e+00	0.000000000000e+00
-1.182260000000e-05	0.000000000000e+00	0.000000000000e+00	0.000000000000e+00
-1.182240000000e-05	0.000000000000e+00	0.000000000000e+00	0.000000000000e+00
-1.182220000000e-05	0.000000000000e+00	0.000000000000e+00	0.000000000000e+00
-1.182200000000e-05	0.000000000000e+00	0.000000000000e+00	0.000000000000e+00
-1.182180000000e-05	0.000000000000e+00	0.000000000000e+00	0.000000000000e+00
-1.182160000000e-05	0.000000000000e+00	0.000000000000e+00	0.000000000000e+00
-1.182140000000e-05	0.000000000000e+00	0.000000000000e+00	0.000000000000e+00
-1.182120000000e-05	0.000000000000e+00	0.000000000000e+00	0.000000000000e+00
-1.182100000000e-05	0.000000000000e+00	0.000000000000e+00	0.000000000000e+00
-1.182080000000e-05	0.000000000000e+00	0.000000000000e+00	0.000000000000e+00
-1.182060000000e-05	0.000000000000e+00	0.000000000000e+00	0.000000000000e+00
-1.182040000000e-05	0.000000000000e+00	0.000000000000e+00	0.000000000000e+00
-1.182020000000e-05	0.000000000000e+00	0.000000000000e+00	0.000000000000e+00
-1.182000000000e-05	0.000000000000e+00	0.000000000000e+00	0.000000000000e+00
-1.181980000000e-05	0.000000000000e+00	0.000000000000e+00	0.000000000000e+00
-1.181960000000e-05	0.000000000000e+00	0.000000000000e+00	0.000000000000e+00
-1.181940000000e-05	0.000000000000e+00	0.000000000000e+00	0.000000000000e+00
-1.181920000000e-05	0.000000000000e+00	0.000000000000e+00	0.000000000000e+00
-1.181900000000e-05	0.000000000000e+00	0.000000000000e+00	0.000000000000e+00
-1.181880000000e-05	0.000000000000e+00	0.000000000000e+00	0.000000000000e+00
-1.181860000000e-05	0.000000000000e+00	0.000000000000e+00	0.000000000000e+00
-1.181840000000e-05	0.000000000000e+00	0.000000000000e+00	0.000000000000e+00
-1.181820000000e-05	0.000000000000e+00	0.000000000000e+00	0.000000000000e+00
-1.181800000000e-05	0.000000000000e+00	0.000000000000e+00	0.000000000000e+00
-1.181780000000e-05	0.000000000000e+00	0.000000000000e+00	0.000000000000e+00
-1.181760000000e-05	0.000000000000e+00	0.000000000000e+00	0.000000000000e+00
-1.181740000000e-05	0.000000000000e+00	0.000000000000e+00	0.000000000000e+00
-1.181720000000e-05	0.000000000000e+00	0.000000000000e+00	0.000000000000e+00
-1.181700000000e-05	0.000000000000e+00	0.000000000000e+00	0.000000000000e+00
-1.181680000000e-05	0.000000000000e+00	0.000000000000e+00	0.000000000000e+00
-1.181660000000e-05	0.000000000000e+00	0.000000000000e+00	0.000000000000e+00
-1.181640000000e-05	0.000000000000e+00	0.000000000000e+00	0.000000000000e+00
-1.181620000000e-05	0.000000000000e+00	0.000000000000e+00	0.000000000000e+00
-1.181600000000e-05	0.000000000000e+00	0.000000000000e+00	0.000000000000e+00
-1.181580000000e-05	0.000000000000e+00	0.000000000000e+00	0.000000000000e+00
-1.181560000000e-05	2.483099099702e-15	-1.227205502640e-16	-5.088963487030e-15
-1.181540000000e-05	3.983478585290e-15	-3.956826014703e-16	-7.910685227233e-15
-1.181520000000e-05	-4.114958736623e-15	1.999613847530e-16	8.436749426843e-15
-1.181500000000e-05	-1.419327116594e-15	1.270290427967e-16	2.835422186876e-15
-1.181480000000e-05	-4.635622804570e-15	7.998853109126e-16	8.767731291545e-15
-1.181460000000e-05	-2.698597558588e-15	3.345740818854e-15	1.465480520343e-15
-1.181440000000e-05	1.517854043483e-16	3.703648590920e-16	-7.911200676628e-16
-1.181420000000e-05	-7.515996639062e-15	1.949530924918e-14	-8.821945461181e-15
-1.181400000000e-05	3.867963635595e-15	-7.233397862869e-15	9.903935552404e-16
-1.181380000000e-05	4.705599847371e-15	-5.106851766744e-15	-3.461606357009e-15
-1.181360000000e-05	-1.991373671705e-15	2.377401273507e-15	1.183252096132e-15
-1.181340000000e-05	1.922050622524e-15	-5.100844606008e-15	2.393983605594e-15
-1.181320000000e-05	-5.500080510834e-15	8.472141531785e-15	9.091246438068e-16
-1.181300000000e-05	-2.834524895793e-16	-5.977624090757e-16	1.324953815544e-15
-1.181280000000e-05	1.389057908819e-15	-1.854964800263e-15	-5.986563418438e-16
-1.181260000000e-05	-1.877927919041e-14	4.709018217346e-14	-1.996795477494e-14
-1.181240000000e-05	7.038118548524e-15	-1.325380403942e-14	1.936304361250e-15
-1.181220000000e-05	-5.956637998166e-15	1.047653356985e-14	-6.619132883304e-16
-1.181200000000e-05	-1.364664902978e-14	-1.353077346735e-14	4.580175942565e-14
-1.181180000000e-05	-3.268665136424e-14	3.136887783913e-14	2.895475206345e-14
-1.181160000000e-05	-1.134061096091e-13	2.039870421045e-13	-1.909793603278e-14
-1.181140000000e-05	-2.820178218594e-14	1.058386555921e-13	-7.410033749666e-14
-1.181120000000e-05	-6.900726963960e-15	-2.393892966391e-14	4.479702352050e-14
-1.181100000000e-05	1.797673828565e-14	3.973317871004e-15	-4.279811077114e-14
-1.181080000000e-05	-1.965942197287e-14	-2.362866536391e-14	7.095350908921e-14
-1.181060000000e-05	-3.656510920029e-14	5.300275835216e-14	9.790101567817e-15
-1.181040000000e-05	-1.417699313807e-14	3.607792405564e-14	-1.690426580250e-14
-1.181020000000e-05	-4.090933766992e-14	1.036360579425e-13	-4.367027044730e-14
-1.181000000000e-05	-2.880480328494e-14	2.792129946906e-16	5.958888469614e-14
-1.180980000000e-05	-2.063746394549e-13	1.666570359328e-13	2.227841826113e-13
-1.180960000000e-05	2.580582673052e-14	-3.996315122063e-14	-4.257960388365e-15
-1.180940000000e-05	-1.065762024496e-13	1.672110856787e-13	1.163519549655e-14
-1.180920000000e-05	-1.543729965667e-14	-2.167211644540e-14	5.980825891015e-14
-1.180900000000e-05	4.104626192015e-14	-9.082196265724e-14	2.872986223761e-14
-1.180880000000e-05	-3.105378175221e-13	-6.395669609313e-14	7.265752759264e-13
-1.180860000000e-05	-1.967122838036e-13	5.532831691478e-13	-2.848019886958e-13
-1.180840000000e-05	1.635532821991e-13	7.532559724907e-14	-4.344796535959e-13
-1.180820000000e-05	-3.803614850827e-13	3.588650770877e-13	3.425643683301e-13
-1.180800000000e-05	-4.342236064244e-13	3.629007466952e-13	4.506700928207e-13
-1.180780000000e-05	1.745331557736e-13	7.780027260759e-14	-4.627688521897e-13
-1.180760000000e-05	-6.634838451680e-14	1.453913272183e-13	-4.553993055931e-14
-1.180740000000e-05	4.998084465400e-14	-2.956007307370e-14	-6.605240321863e-14
-1.180720000000e-05	-5.055056096396e-13	5.105961147496e-13	4.144722200477e-13
-1.180700000000e-05	1.836973521097e-13	1.726215816536e-14	-4.052383555190e-13
-1.180680000000e-05	1.065577688675e-13	7.836552372151e-14	-3.209761465754e-13
-1.180660000000e-05	-5.412668231887e-14	-1.067954983808e-13	2.453137424139e-13
-1.180640000000e-05	1.578836314931e-13	4.106399586525e-13	-8.468221648999e-13
-1.180620000000e-05	-6.299782875641e-14	4.032346228808e-13	-3.724588752126e-13
-1.180600000000e-05	-3.434465430705e-13	5.298594678734e-13	5.132915430952e-14
-1.180580000000e-05	2.905548179968e-13	3.015187790319e-13	-9.832683923721e-13
-1.180560000000e-05	-1.448578590681e-12	9.832903747882e-13	1.786582219489e-12
-1.180540000000e-05	-1.204346208346e-13	7.557227579907e-14	1.567043601558e-13
-1.180520000000e-05	-8.838591760644e-13	9.026054490127e-13	7.095194342670e-13
-1.180500000000e-05	3.254194246863e-13	3.317021662884e-13	-1.091977867156e-12
-1.180480000000e-05	-1.704800063292e-12	4.864155363987e-13	2.940904146642e-12
-1.180460000000e-05	9.047640822628e-13	4.375004907426e-13	-2.438087602863e-12
-1.180440000000e-05	-2.524263790952e-13	1.588446311271e-13	3.257274208935e-13
-1.180420000000e-05	-5.963316958374e-13	1.154476771504e-12	-2.039844492078e-13
-1.180400000000e-05	-3.903360434380e-13	5.843009773952e-13	8.821517899117e-14
-1.180380000000e-05	-2.352452102060e-12	2.659541993832e-12	1.568166029248e-12
-1.180360000000e-05	-2.214299983394e-13	2.091755249059e-12	-2.151600585047e-12
-1.180340000000e-05	-4.318279970953e-13	9.511695614556e-13	-2.890958301578e-13
-1.180320000000e-05	-3.498056229909e-13	2.008074344064e-12	-1.795233705500e-12
-1.180300000000e-05	-1.879661184840e-12	5.381721678507e-12	-2.856549073955e-12
-1.180280000000e-05	1.571085168063e-12	-1.081791436869e-12	-1.916143583878e-12
-1.180260000000e-05	-1.985871867802e-12	2.593363073557e-12	9.497865921846e-13
-1.180240000000e-05	-1.979752842185e-14	2.102551326017e-12	-2.565844642058e-12
-1.180220000000e-05	1.034888790796e-12	-2.955467225590e-13	-1.816478822553e-12
-1.180200000000e-05	-1.283504798800e-12	-2.669440711813e-13	2.998714823999e-12
-1.180180000000e-05	-8.839771226227e-13	1.371672586641e-12	1.046122812469e-13
-1.180160000000e-05	-5.613030408442e-13	2.848359348425e-12	-2.393659320573e-12
-1.180140000000e-05	-1.633991392050e-12	1.155025941025e-12	1.936292363063e-12
-1.180120000000e-05	-8.777844727943e-13	3.213332499746e-12	-2.194706861501e-12
-1.180100000000e-05	-1.566570942679e-12	3.467725291734e-12	-1.067999724331e-12
-1.180080000000e-05	-4.262966254306e-12	1.914815479370e-12	6.437824908361e-12
-1.180060000000e-05	-1.478628190256e-12	4.277997742866e-12	-2.275964568399e-12
-1.180040000000e-05	-1.166659398683e-12	2.864798139986e-12	-1.188636276893e-12
-1.180020000000e-05	-4.523504780282e-13	4.039202872786e-13	5.345430165230e-13
-1.180000000000e-05	-2.684993695741e-12	4.443158827278e-12	2.242329474320e-15
-1.179980000000e-05	-1.876198497861e-12	2.712519489785e-12	4.763215468497e-13
-1.179960000000e-05	-3.216936698675e-12	4.706541435443e-12	8.027111437895e-13
-1.179940000000e-05	-7.523391023788e-13	2.333049306561e-12	-1.378405569903e-12
-1.179920000000e-05	-4.620132686740e-13	3.751147753687e-12	-3.746315352873e-12
-1.179900000000e-05	-9.868955262614e-13	4.652551233762e-12	-3.720614094234e-12
-1.179880000000e-05	-8.045225877553e-12	7.711970118749e-12	6.899069106259e-12
-1.179860000000e-05	-1.196669994662e-12	3.661420051744e-12	-2.113198982616e-12
-1.179840000000e-05	-1.641445172720e-12	5.181689229606e-12	-3.019788813226e-12
-1.179820000000e-05	-8.395150726021e-13	2.233714620635e-12	-1.042381041471e-12
-1.179800000000e-05	-6.591122311867e-12	6.720791598980e-12	5.220145182617e-12
-1.179780000000e-05	-3.309563731123e-12	1.086326946785e-11	-6.723712644112e-12
-1.179760000000e-05	-5.591665568019e-12	8.938973943613e-12	4.029441794361e-13
-1.179740000000e-05	-3.915999481709e-12	1.098091582959e-11	-5.554203088921e-12
-1.179720000000e-05	-2.058982559764e-12	7.243236847486e-12	-4.764711210070e-12
-1.179700000000e-05	-2.247492976348e-13	6.595338523996e-12	-7.721191119663e-12
-1.179680000000e-05	-4.501400121953e-12	7.705767544081e-12	-2.683814976323e-13
-1.179660000000e-05	-4.009440418065e-12	5.391202886759e-12	1.561634777253e-12
-1.179640000000e-05	-8.949614766331e-12	1.538160847382e-11	-6.606194723783e-13
-1.179620000000e-05	-4.829907000965e-12	5.044572240555e-12	3.648899737730e-12
-1.179600000000e-05	-9.068068964657e-12	1.680321716781e-11	-2.122060112992e-12
-1.179580000000e-05	-7.756259439537e-12	1.206105471879e-11	9.067884736456e-13
-1.179560000000e-05	-2.325318694535e-12	6.379942413781e-12	-3.130397567198e-12
-1.179540000000e-05	-3.235053660650e-12	1.131149683894e-11	-7.379550040619e-12
-1.179520000000e-05	-7.604672450219e-12	1.454384630663e-11	-2.438474896973e-12
-1.179500000000e-05	-6.104241382159e-12	1.987908605342e-11	-1.207455592496e-11
-1.179480000000e-05	-1.025862768885e-11	1.689979254151e-11	1.232775679638e-13
-1.179460000000e-05	-8.540705367500e-12	1.379419496071e-11	4.921015980129e-13
-1.179440000000e-05	-4.607442484486e-12	1.018078437277e-11	-3.130532401235e-12
-1.179420000000e-05	-9.100964250334e-12	2.510126143748e-11	-1.243407390406e-11
-1.179400000000e-05	-1.353620407323e-14	1.019580290787e-11	-1.259736600740e-11
-1.179380000000e-05	-8.595492248778e-12	2.434487873378e-11	-1.250669498093e-11
-1.179360000000e-05	-1.635611721160e-11	2.663914609911e-11	5.612265565983e-13
-1.179340000000e-05	3.394043637308e-12	3.557984945410e-12	-1.142062009927e-11
-1.179320000000e-05	-1.473744892648e-11	2.206344009143e-11	2.938856765077e-12
-1.179300000000e-05	-9.141282222040e-12	1.818675163892e-11	-3.720672825547e-12
-1.179280000000e-05	-1.679729954718e-11	3.247077737348e-11	-5.715730483101e-12
-1.179260000000e-05	-4.883077469914e-12	2.350013440281e-11	-1.908933618133e-11
-1.179240000000e-05	-1.759212821488e-11	2.763264210806e-11	1.876578887404e-12
-1.179220000000e-05	-1.312015966445e-11	2.988062229378e-11	-1.004372809685e-11
-1.179200000000e-05	-1.419310839976e-11	3.333454185455e-11	-1.218189207645e-11
-1.179180000000e-05	-1.042329673140e-11	3.158221506468e-11	-1.773880372693e-11
-1.179160000000e-05	-2.162555906077e-11	3.540780373588e-11	5.386693464890e-13
-1.179140000000e-05	-6.094279410606e-12	1.773767113803e-11	-9.442620041623e-12
-1.179120000000e-05	-2.570453981226e-11	3.832763949429e-11	5.167702494580e-12
-1.179100000000e-05	-2.341494284484e-11	4.759965711947e-11	-1.080831971157e-11
-1.179080000000e-05	-2.999378361330e-11	4.702870474566e-11	3.304848973488e-12
-1.179060000000e-05	-1.783719527527e-11	5.618557241651e-11	-3.296180960617e-11
-1.179040000000e-05	-2.165584374494e-11	3.353685474786e-11	2.735308451176e-12
-1.179020000000e-05	-1.054606229060e-11	4.679828756691e-11	-3.612463025002e-11
-1.179000000000e-05	-2.634577502892e-11	5.718438433246e-11	-1.686836369559e-11
-1.178980000000e-05	-2.414608724333e-11	4.405027213844e-11	-4.913185346851e-12
-1.178960000000e-05	-4.583961208273e-11	5.810548069059e-11	2.202276533133e-11
-1.178940000000e-05	-3.198841778135e-11	5.336113242397e-11	-6.990625202794e-13
-1.178920000000e-05	-2.242465159867e-11	6.097934954077e-11	-2.933499941968e-11
-1.178900000000e-05	-1.552400214309e-11	3.436067345271e-11	-1.073831006176e-11
-1.178880000000e-05	-4.339943641231e-11	5.946420986404e-11	1.517827307695e-11
-1.178860000000e-05	-3.569064679553e-11	5.796614164242e-11	1.337961393238e-12
-1.178840000000e-05	-1.056078704987e-11	5.281566094764e-11	-4.341768111577e-11
-1.178820000000e-05	-4.136196709421e-11	7.613384234687e-11	-9.405223816468e-12
-1.178800000000e-05	-5.139756198076e-11	7.011991705441e-11	1.805566327742e-11
-1.178780000000e-05	-1.123863705488e-11	5.910306453409e-11	-4.992559444277e-11
-1.178760000000e-05	-2.723882583579e-11	9.312860945318e-11	-5.921601508730e-11
-1.178740000000e-05	-5.436843052486e-11	7.665935879608e-11	1.647063244003e-11
-1.178720000000e-05	-4.488114023499e-11	7.777042540028e-11	-4.270277446943e-12
-1.178700000000e-05	-2.758290976907e-11	7.356374673597e-11	-3.434589171936e-11
-1.178680000000e-05	-3.983352047708e-11	9.353967491048e-11	-3.409293420083e-11
-1.178660000000e-05	-6.130403183056e-11	1.057453920839e-10	-5.267902124636e-12
-1.178640000000e-05	-4.581478260322e-11	1.139386652192e-10	-4.688778632636e-11
-1.178620000000e-05	-6.360622597870e-11	1.300833955171e-10	-3.065200308508e-11
-1.178600000000e-05	-6.554377908206e-11	1.271129624264e-10	-2.318725991602e-11
-1.178580000000e-05	-5.399338095887e-11	1.148322552270e-10	-3.144447088101e-11
-1.178560000000e-05	-6.178294887758e-11	1.197690144770e-10	-2.137290792466e-11
-1.178540000000e-05	-8.171262774045e-11	1.539673970576e-10	-2.337675744975e-11
-1.178520000000e-05	-5.147294281507e-11	1.164674746813e-10	-3.833300711403e-11
-1.178500000000e-05	-6.694455084783e-11	1.344721483249e-10	-2.904578420714e-11
-1.178480000000e-05	-6.607903722144e-11	1.256231827006e-10	-1.994159558618e-11
-1.178460000000e-05	-6.576441108678e-11	1.199452803223e-10	-1.364158860717e-11
-1.178440000000e-05	-6.686764931501e-11	1.523838971022e-10	-5.127090881708e-11
-1.178420000000e-05	-9.001427150256e-11	1.481001467857e-10	6.626739257084e-13
-1.178400000000e-05	-1.007155446394e-10	1.426626387211e-10	2.906891583599e-11
-1.178380000000e-05	-7.698796339965e-11	1.344753756718e-10	-8.755758521734e-12
-1.178360000000e-05	-1.143019600577e-10	1.715400991194e-10	2.116612049152e-11
-1.178340000000e-05	-1.053894466487e-10	1.909928423894e-10	-2.064262705287e-11
-1.178320000000e-05	-9.086529701283e-11	1.925675028050e-10	-5.174116574623e-11
-1.178300000000e-05	-6.782704696561e-11	1.657236273587e-10	-6.589386515987e-11
-1.178280000000e-05	-4.167319391884e-11	2.009443971146e-10	-1.616066936341e-10
-1.178260000000e-05	-1.271677848446e-10	2.420144096425e-10	-3.945353335681e-11
-1.178240000000e-05	-1.095551238921e-10	1.893710414002e-10	-1.024954005443e-11
-1.178220000000e-05	-1.123125685793e-10	1.731054111292e-10	1.502035619840e-11
-1.178200000000e-05	-9.551079446465e-11	1.742498541148e-10	-2.021135926161e-11
-1.178180000000e-05	-8.971752543910e-11	2.127502372517e-10	-7.897766024578e-11
-1.178160000000e-05	-1.351670556149e-10	2.625028357688e-10	-4.771511943142e-11
-1.178140000000e-05	-1.164186994168e-10	2.554202741234e-10	-7.751728856612e-11
-1.178120000000e-05	-1.383757820282e-10	2.849306246974e-10	-6.908281989240e-11
-1.178100000000e-05	-1.175078675636e-10	2.259760786091e-10	-3.890668789879e-11
-1.178080000000e-05	-1.434694987793e-10	2.897257932140e-10	-6.487521347150e-11
-1.178060000000e-05	-1.130771429135e-10	2.321099548318e-10	-5.571590846682e-11
-1.178040000000e-05	-1.213575124698e-10	2.606910996305e-10	-7.360401963891e-11
-1.178020000000e-05	-1.163581111118e-10	2.888837486796e-10	-1.182901714001e-10
-1.178000000000e-05	-1.979579339113e-10	3.386022587440e-10	-1.428748350374e-11
-1.177980000000e-05	-1.439647199641e-10	2.732883579417e-10	-4.293563173927e-11
-1.177960000000e-05	-1.305604398790e-10	3.167901103099e-10	-1.239750411773e-10
-1.177940000000e-05	-1.720111608156e-10	2.862956066877e-10	-2.926867014053e-12
-1.177920000000e-05	-1.703181994418e-10	3.058130181536e-10	-3.042415961267e-11
-1.177900000000e-05	-1.207442594386e-10	3.754143507878e-10	-2.143177661657e-10
-1.177880000000e-05	-1.432704813638e-10	3.179899488683e-10	-9.900400330308e-11
-1.177860000000e-05	-1.558954759117e-10	3.696211588995e-10	-1.370930599462e-10
-1.177840000000e-05	-2.933633466049e-10	4.803859138021e-10	4.287599742789e-12
-1.177820000000e-05	-2.114531898697e-10	3.643955113455e-10	-1.923156778039e-11
-1.177800000000e-05	-2.006936063300e-10	4.190041923192e-10	-1.065701479613e-10
-1.177780000000e-05	-2.161802348326e-10	4.323909781006e-10	-9.239192912848e-11
-1.177760000000e-05	-2.335750552620e-10	3.980734261686e-10	-1.603603245457e-11
-1.177740000000e-05	-1.761253762380e-10	3.777981392612e-10	-1.062548405403e-10
-1.177720000000e-05	-2.444893744273e-10	4.311377026873e-10	-3.408576689485e-11
-1.177700000000e-05	-2.325939707702e-10	4.668797719183e-10	-1.014147668925e-10
-1.177680000000e-05	-2.371138386473e-10	4.527254028687e-10	-7.481315459026e-11
-1.177660000000e-05	-2.351004418277e-10	4.668522225638e-10	-9.630080508036e-11
-1.177640000000e-05	-2.859655957448e-10	5.011197838566e-10	-3.561859776324e-11
-1.177620000000e-05	-2.355942448718e-10	4.684417042535e-10	-9.705877763247e-11
-1.177600000000e-05	-2.427452905471e-10	5.539937727789e-10	-1.869774395299e-10
-1.177580000000e-05	-2.670425813158e-10	5.298974168321e-10	-1.079806051460e-10
-1.177560000000e-05	-3.157552077479e-10	5.753777374732e-10	-6.654931477952e-11
-1.177540000000e-05	-2.437547886780e-10	5.534856222225e-10	-1.845042361838e-10
-1.177520000000e-05	-2.727890697433e-10	5.854639435176e-10	-1.652456380345e-10
-1.177500000000e-05	-3.384261597013e-10	5.957479008903e-10	-4.571175531365e-11
-1.177480000000e-05	-2.100540246501e-10	4.944837106771e-10	-1.801442706747e-10
-1.177460000000e-05	-3.177645980774e-10	6.245777276184e-10	-1.222806054424e-10
-1.177440000000e-05	-3.273010384549e-10	6.422239607779e-10	-1.245008024464e-10
-1.177420000000e-05	-4.337316745110e-10	7.155089719946e-10	-6.044386641131e-13
-1.177400000000e-05	-2.829853750844e-10	6.107065133153e-10	-1.755980368203e-10
-1.177380000000e-05	-3.155546467356e-10	6.228204973665e-10	-1.241905564130e-10
-1.177360000000e-05	-3.047798049145e-10	6.426939258641e-10	-1.708055563537e-10
-1.177340000000e-05	-3.159411139281e-10	7.321805495864e-10	-2.566556733701e-10
-1.177320000000e-05	-3.547776463130e-10	6.888481420526e-10	-1.265554254069e-10
-1.177300000000e-05	-3.946314251832e-10	7.833956383195e-10	-1.613183266422e-10
-1.177280000000e-05	-3.361014988143e-10	7.264218780002e-10	-2.089007660337e-10
-1.177260000000e-05	-4.667434722248e-10	7.668203451355e-10	2.178945094410e-12
-1.177240000000e-05	-5.387480787253e-10	9.280684750193e-10	-4.940816502140e-11
-1.177220000000e-05	-3.909995936372e-10	7.618636344042e-10	-1.427984607283e-10
-1.177200000000e-05	-4.302815146856e-10	7.778418557240e-10	-8.306780245459e-11
-1.177180000000e-05	-4.314620758816e-10	9.936763416702e-10	-3.428150917626e-10
-1.177160000000e-05	-4.862676410318e-10	7.933872645217e-10	8.948156740330e-12
-1.177140000000e-05	-3.817325171649e-10	8.974512595508e-10	-3.250418388804e-10
-1.177120000000e-05	-5.004057573063e-10	9.417760428560e-10	-1.422518481795e-10
-1.177100000000e-05	-5.299928592594e-10	1.016333842281e-09	-1.736156372438e-10
-1.177080000000e-05	-4.607702768591e-10	1.002806925088e-09	-2.952094990437e-10
-1.177060000000e-05	-4.924850625170e-10	9.631747823015e-10	-1.850419798393e-10
-1.177040000000e-05	-5.175619226853e-10	1.074071920729e-09	-2.675280253745e-10
-1.177020000000e-05	-4.300760336893e-10	1.031464868450e-09	-3.903341614930e-10
-1.177000000000e-05	-6.619151364445e-10	1.131149796452e-09	-5.007341614959e-11
-1.176980000000e-05	-5.564459558944e-10	1.050422883256e-09	-1.629706447402e-10
-1.176960000000e-05	-6.178331880814e-10	1.055691796469e-09	-4.587780963129e-11
-1.176940000000e-05	-6.378080942273e-10	1.147875470655e-09	-1.192219554992e-10
-1.176920000000e-05	-5.782314323014e-10	1.159878328811e-09	-2.511643969419e-10
-1.176900000000e-05	-4.876083031188e-10	9.427092331998e-10	-1.696893639928e-10
-1.176880000000e-05	-6.052736521108e-10	1.183216691033e-09	-2.256830286419e-10
-1.176860000000e-05	-7.148271308834e-10	1.290383992314e-09	-1.370674889277e-10
-1.176840000000e-05	-6.199023860076e-10	1.289736988037e-09	-3.253071785995e-10
-1.176820000000e-05	-7.620769849801e-10	1.373608708337e-09	-1.448239267381e-10
-1.176800000000e-05	-6.532700230981e-10	1.356354180362e-09	-3.399443174280e-10
-1.176780000000e-05	-7.186501366847e-10	1.313830532807e-09	-1.595238535243e-10
-1.176760000000e-05	-5.901663260280e-10	1.252965284170e-09	-3.399705170025e-10
-1.176740000000e-05	-7.136603505036e-10	1.406377094392e-09	-2.798836541433e-10
-1.176720000000e-05	-7.168637695473e-10	1.388381223975e-09	-2.527665426193e-10
-1.176700000000e-05	-6.905751736664e-10	1.357520551600e-09	-2.670528193727e-10
-1.176680000000e-05	-7.031620219760e-10	1.375686683814e-09	-2.628162811822e-10
-1.176660000000e-05	-8.138059833574e-10	1.412779482050e-09	-8.924410147880e-11
-1.176640000000e-05	-7.816018199556e-10	1.494999986234e-09	-2.526394813516e-10
-1.176620000000e-05	-8.099133832151e-10	1.491233681670e-09	-1.914026272870e-10
-1.176600000000e-05	-8.514640522595e-10	1.560435433697e-09	-1.932351718436e-10
-1.176580000000e-05	-8.470548963802e-10	1.686806770411e-09	-3.547474045262e-10
-1.176560000000e-05	-8.313319255848e-10	1.511860639998e-09	-1.743174026413e-10
-1.176540000000e-05	-7.273262403238e-10	1.465139981175e-09	-3.232166722406e-10
-1.176520000000e-05	-8.451913621846e-10	1.671982009011e-09	-3.391231346931e-10
-1.176500000000e-05	-8.235585262832e-10	1.614293567572e-09	-3.132587011608e-10
-1.176480000000e-05	-9.390995615734e-10	1.732906395224e-09	-2.274754636995e-10
-1.176460000000e-05	-7.512020825807e-10	1.414536813423e-09	-2.153050951301e-10
-1.176440000000e-05	-9.912728752955e-10	1.894456959069e-09	-3.172024941886e-10
-1.176420000000e-05	-7.912358558861e-10	1.765246180922e-09	-5.597419307746e-10
-1.176400000000e-05	-9.396292426450e-10	1.719503724973e-09	-2.106602648188e-10
-1.176380000000e-05	-9.278954988105e-10	1.740367217322e-09	-2.590757580138e-10
-1.176360000000e-05	-1.090779878438e-09	2.051422397575e-09	-3.110215567639e-10
-1.176340000000e-05	-9.996031056736e-10	1.790928076328e-09	-1.781920927978e-10
-1.176320000000e-05	-1.029441164015e-09	2.007271746350e-09	-3.790291502976e-10
-1.176300000000e-05	-1.012435210777e-09	1.932786663322e-09	-3.238279630051e-10
-1.176280000000e-05	-1.077718704253e-09	1.910646610596e-09	-1.670433280235e-10
-1.176260000000e-05	-1.030134527261e-09	2.128069716634e-09	-5.236855475352e-10
-1.176240000000e-05	-1.141748113131e-09	2.147929894014e-09	-3.277496086218e-10
-1.176220000000e-05	-9.747239380229e-10	1.977101647734e-09	-4.503243069343e-10
-1.176200000000e-05	-1.040683671635e-09	2.301229637698e-09	-7.091674921951e-10
-1.176180000000e-05	-1.131196165771e-09	2.203116964814e-09	-4.138779227113e-10
-1.176160000000e-05	-1.236997104678e-09	2.217776975144e-09	-2.232161457606e-10
-1.176140000000e-05	-1.228721265968e-09	2.356928665019e-09	-4.041888641647e-10
-1.176120000000e-05	-1.146860772855e-09	2.069765249230e-09	-2.221001995242e-10
-1.176100000000e-05	-1.160157500390e-09	2.318511274844e-09	-4.948878736588e-10
-1.176080000000e-05	-1.339653056120e-09	2.208458551659e-09	-1.202100505038e-11
-1.176060000000e-05	-1.263820859375e-09	2.293788139356e-09	-2.626596804068e-10
-1.176040000000e-05	-1.171044135684e-09	2.331596414877e-09	-4.902601113123e-10
-1.176020000000e-05	-1.072266976393e-09	2.475776968781e-09	-8.562185443129e-10
-1.176000000000e-05	-1.368975220566e-09	2.274779190426e-09	-3.193086465147e-11
-1.175980000000e-05	-1.279955538211e-09	2.608437679536e-09	-6.082643588346e-10
-1.175960000000e-05	-1.197980890026e-09	2.386349163465e-09	-5.005817619421e-10
-1.175940000000e-05	-1.557737116435e-09	2.701411397003e-09	-1.723258410943e-10
-1.175920000000e-05	-1.408365289304e-09	2.695831714792e-09	-4.596187383005e-10
-1.175900000000e-05	-1.332489582953e-09	2.586319474868e-09	-4.771251833848e-10
-1.175880000000e-05	-1.341978288315e-09	2.639842297226e-09	-5.224462999027e-10
-1.175860000000e-05	-1.466118788653e-09	2.499069254486e-09	-1.108224529230e-10
-1.175840000000e-05	-1.527706228187e-09	2.735031947129e-09	-2.727572918702e-10
-1.175820000000e-05	-1.398562302357e-09	2.743188906676e-09	-5.361552768042e-10
-1.175800000000e-05	-1.474590122987e-09	2.703203768043e-09	-3.385469468176e-10
-1.175780000000e-05	-1.467150296926e-09	2.693518522834e-09	-3.443727048194e-10
-1.175760000000e-05	-1.806035273049e-09	3.227255876982e-09	-3.161749539012e-10
-1.175740000000e-05	-1.475069005665e-09	3.030583561756e-09	-7.283665964476e-10
-1.175720000000e-05	-1.662576423684e-09	2.953842929572e-09	-2.690143764621e-10
-1.175700000000e-05	-1.762105026418e-09	3.309988839636e-09	-5.009855456842e-10
-1.175680000000e-05	-1.569586850340e-09	2.973216967045e-09	-4.765876201421e-10
-1.175660000000e-05	-1.342385930449e-09	2.940588788078e-09	-8.823609063340e-10
-1.175640000000e-05	-1.579275881231e-09	3.052667073291e-09	-5.487929933356e-10
-1.175620000000e-05	-1.835868861068e-09	3.181134120183e-09	-2.040575472203e-10
-1.175600000000e-05	-1.711339943735e-09	3.277378785059e-09	-5.597318659664e-10
-1.175580000000e-05	-1.766180940708e-09	3.384093521965e-09	-5.811797548935e-10
-1.175560000000e-05	-1.558209610582e-09	3.155469322616e-09	-7.171187220607e-10
-1.175540000000e-05	-1.679059476136e-09	3.285961206723e-09	-6.333260959047e-10
-1.175520000000e-05	-1.914267693891e-09	3.433050816260e-09	-3.507404916060e-10
-1.175500000000e-05	-1.591857729069e-09	3.204938535239e-09	-7.108494643592e-10
-1.175480000000e-05	-1.845045378368e-09	3.378591737877e-09	-4.216182180831e-10
-1.175460000000e-05	-1.658222025696e-09	3.251805274040e-09	-6.343618488370e-10
-1.175440000000e-05	-1.823925233424e-09	3.512210221655e-09	-6.209503689498e-10
-1.175420000000e-05	-1.806714521037e-09	3.296424852990e-09	-3.982133570991e-10
-1.175400000000e-05	-2.014043382620e-09	3.756924779076e-09	-5.426356619423e-10
-1.175380000000e-05	-1.823178722301e-09	3.423654128249e-09	-5.181507779112e-10
-1.175360000000e-05	-2.083538589496e-09	3.941188131399e-09	-6.257778980935e-10
-1.175340000000e-05	-1.964666282160e-09	3.676502783747e-09	-5.453668245222e-10
-1.175320000000e-05	-1.843018331252e-09	3.507447839544e-09	-5.765814425720e-10
-1.175300000000e-05	-1.894213798151e-09	3.775521809012e-09	-7.983982343145e-10
-1.175280000000e-05	-1.757898702167e-09	3.445390455362e-09	-6.708503640788e-10
-1.175260000000e-05	-1.651857433051e-09	3.377585000784e-09	-7.958631129944e-10
-1.175240000000e-05	-2.201155071390e-09	3.819571727234e-09	-2.530622645027e-10
-1.175220000000e-05	-2.067379005508e-09	3.828206141340e-09	-5.237137595174e-10
-1.175200000000e-05	-2.033601169648e-09	3.584724462304e-09	-3.018338448768e-10
-1.175180000000e-05	-2.041335834479e-09	3.896477672616e-09	-6.558879952860e-10
-1.175160000000e-05	-1.894854411902e-09	3.745508947781e-09	-7.626788064175e-10
-1.175140000000e-05	-2.264538496786e-09	3.961219471140e-09	-2.970761914635e-10
-1.175120000000e-05	-1.895079258812e-09	3.802012089260e-09	-8.290741387371e-10
-1.175100000000e-05	-2.090214136570e-09	4.042714338180e-09	-7.358066943951e-10
-1.175080000000e-05	-2.229744144169e-09	3.844703298817e-09	-2.290978396663e-10
-1.175060000000e-05	-2.161739174282e-09	4.024019166885e-09	-5.736253220318e-10
-1.175040000000e-05	-2.391499985472e-09	4.043067413823e-09	-1.515394186459e-10
-1.175020000000e-05	-1.943155364974e-09	3.737103566598e-09	-6.578469087607e-10
-1.175000000000e-05	-2.302186058682e-09	3.957520912030e-09	-2.220005797296e-10
-1.174980000000e-05	-2.156237381571e-09	4.399367911786e-09	-1.028863964344e-09
-1.174960000000e-05	-2.100429066112e-09	4.001520937571e-09	-6.668452735805e-10
-1.174940000000e-05	-2.436230030592e-09	4.330074904625e-09	-4.032489558423e-10
-1.174920000000e-05	-2.170440074902e-09	4.048570191365e-09	-5.868323972437e-10
-1.174900000000e-05	-2.326532513702e-09	4.337228604310e-09	-6.265837637751e-10
-1.174880000000e-05	-2.225229321593e-09	3.969519008031e-09	-3.888076751213e-10
-1.174860000000e-05	-2.362974034582e-09	4.511476812088e-09	-7.644524635167e-10
-1.174840000000e-05	-2.885963659913e-09	4.750310947498e-09	-3.356050328379e-11
-1.174820000000e-05	-2.172393147019e-09	4.345307463139e-09	-9.341251065948e-10
-1.174800000000e-05	-2.245916242492e-09	4.657602766024e-09	-1.160251033681e-09
-1.174780000000e-05	-2.396623544127e-09	4.121570133973e-09	-2.355612100527e-10
-1.174760000000e-05	-2.569317014045e-09	4.755939428104e-09	-6.517957796516e-10
-1.174740000000e-05	-2.384423465456e-09	4.430683212632e-09	-6.281877880466e-10
-1.174720000000e-05	-2.427251327556e-09	4.258926541321e-09	-3.439854825498e-10
-1.174700000000e-05	-2.533488846492e-09	4.953918529797e-09	-9.553423967017e-10
-1.174680000000e-05	-2.368084182045e-09	4.665532703442e-09	-9.346440112034e-10
-1.174660000000e-05	-2.436926626947e-09	4.432711939528e-09	-5.267675012135e-10
-1.174640000000e-05	-2.396188695294e-09	4.734595017636e-09	-9.619922382611e-10
-1.174620000000e-05	-2.705382562530e-09	4.756781286267e-09	-3.890527395142e-10
-1.174600000000e-05	-2.649701642199e-09	4.883270471745e-09	-6.440709274390e-10
-1.174580000000e-05	-3.003443104321e-09	5.115847464438e-09	-2.441078709028e-10
-1.174560000000e-05	-2.394644510438e-09	4.491915824591e-09	-6.819791414514e-10
-1.174540000000e-05	-2.545004614259e-09	5.363737286221e-09	-1.415454257528e-09
-1.174520000000e-05	-2.963788789078e-09	4.779168428083e-09	7.894481769237e-11
-1.174500000000e-05	-2.514147772316e-09	4.542671267178e-09	-5.120370035586e-10
-1.174480000000e-05	-2.354772816010e-09	4.807580358206e-09	-1.128718502045e-09
-1.174460000000e-05	-2.718884765665e-09	4.986209877201e-09	-6.380672788549e-10
-1.174440000000e-05	-2.579880267121e-09	4.868259097650e-09	-7.657072890007e-10
-1.174420000000e-05	-2.720914469611e-09	4.843403781044e-09	-4.651252397661e-10
-1.174400000000e-05	-2.791743625939e-09	5.119981462807e-09	-6.568258059294e-10
-1.174380000000e-05	-2.924379941950e-09	4.900993954156e-09	-1.400930305309e-10
-1.174360000000e-05	-2.629909087355e-09	5.050978039998e-09	-8.816616554129e-10
-1.174340000000e-05	-2.971677922974e-09	5.367677870182e-09	-6.012246255693e-10
-1.174320000000e-05	-2.848336309394e-09	5.446154692383e-09	-9.349276619083e-10
-1.174300000000e-05	-2.524011685093e-09	5.025627578490e-09	-1.063673207445e-09
-1.174280000000e-05	-2.598747774595e-09	5.299066322860e-09	-1.238345435015e-09
-1.174260000000e-05	-2.894036844144e-09	5.621508301042e-09	-1.049728433042e-09
-1.174240000000e-05	-3.014366238825e-09	5.379196647088e-09	-5.346573927707e-10
-1.174220000000e-05	-3.102738075000e-09	5.502659557069e-09	-5.118675494593e-10
-1.174200000000e-05	-2.816965074908e-09	5.140841802533e-09	-6.375817902182e-10
-1.174180000000e-05	-2.789678421093e-09	5.160461591509e-09	-7.094363715189e-10
-1.174160000000e-05	-2.873805473133e-09	5.610465844205e-09	-1.075860722820e-09
-1.174140000000e-05	-2.787009689053e-09	5.216888491570e-09	-7.841540197496e-10
-1.174120000000e-05	-2.981051859195e-09	5.798098015922e-09	-1.090726849327e-09
-1.174100000000e-05	-3.335591933233e-09	5.861162365601e-09	-4.842206985518e-10
-1.174080000000e-05	-3.057815149026e-09	5.472633383801e-09	-5.584737988250e-10
-1.174060000000e-05	-2.985971015293e-09	5.690731402780e-09	-9.583596469509e-10
-1.174040000000e-05	-2.802755855528e-09	4.942088199795e-09	-4.283173482285e-10
-1.174020000000e-05	-3.185790003692e-09	5.604773103728e-09	-4.708922246467e-10
-1.174000000000e-05	-2.832180004087e-09	5.575107778383e-09	-1.115507302189e-09
-1.173980000000e-05	-3.358468480829e-09	5.942735666263e-09	-5.367470018390e-10
-1.173960000000e-05	-3.205169686671e-09	5.840979814259e-09	-7.143101800615e-10
-1.173940000000e-05	-3.402324437840e-09	5.884962720490e-09	-3.843396648692e-10
-1.173920000000e-05	-3.165118141317e-09	5.526554612307e-09	-4.189476202892e-10
-1.173900000000e-05	-3.306040099487e-09	5.986267726694e-09	-6.873007447474e-10
-1.173880000000e-05	-3.177914885725e-09	5.541198584460e-09	-4.170888592885e-10
-1.173860000000e-05	-3.169627615482e-09	5.711186801020e-09	-6.277883585231e-10
-1.173840000000e-05	-3.068011794939e-09	5.775551241548e-09	-8.966400756149e-10
-1.173820000000e-05	-3.456337062898e-09	5.733957823469e-09	-1.112499479190e-10
-1.173800000000e-05	-3.421830866786e-09	6.123390748761e-09	-6.310597148192e-10
-1.173780000000e-05	-3.051598609737e-09	5.931069894283e-09	-1.106235827394e-09
-1.173760000000e-05	-3.276608221334e-09	6.076447655525e-09	-8.567534143884e-10
-1.173740000000e-05	-3.503813775964e-09	6.405948915247e-09	-8.068921879316e-10
-1.173720000000e-05	-3.471998794923e-09	6.127808424555e-09	-5.473885581438e-10
-1.173700000000e-05	-3.286891192560e-09	6.059954317114e-09	-8.153213078490e-10
-1.173680000000e-05	-3.553696911096e-09	6.251725899433e-09	-5.310089163097e-10
-1.173660000000e-05	-3.170053546769e-09	6.095314567644e-09	-1.079368078038e-09
-1.173640000000e-05	-3.278682516677e-09	5.849508719680e-09	-5.900941576233e-10
-1.173620000000e-05	-3.338455657303e-09	5.900343995952e-09	-5.328200963577e-10
-1.173600000000e-05	-3.564197336645e-09	6.294609456916e-09	-5.567846424149e-10
-1.173580000000e-05	-3.001790471030e-09	5.366510244537e-09	-5.491826454662e-10
-1.173560000000e-05	-3.324135365958e-09	6.111882733248e-09	-8.049221030149e-10
-1.173540000000e-05	-3.341751120953e-09	6.387540666460e-09	-1.095828797423e-09
-1.173520000000e-05	-3.475156508547e-09	6.059913748008e-09	-4.605690267727e-10
-1.173500000000e-05	-3.707825622790e-09	6.338435676395e-09	-3.426522717765e-10
-1.173480000000e-05	-3.672782078250e-09	7.115268248139e-09	-1.315229780018e-09
-1.173460000000e-05	-3.077272418737e-09	5.729086729381e-09	-8.281800877645e-10
-1.173440000000e-05	-3.295110079875e-09	5.890479382702e-09	-6.070881542894e-10
-1.173420000000e-05	-3.597924341127e-09	6.115710748685e-09	-2.946367111595e-10
-1.173400000000e-05	-3.520774515475e-09	6.375911029096e-09	-7.432610830931e-10
-1.173380000000e-05	-3.110031685028e-09	5.741304608474e-09	-7.900094746116e-10
-1.173360000000e-05	-4.115167996062e-09	6.837067190306e-09	-1.487048403604e-10
-1.173340000000e-05	-2.825114948233e-09	5.587396566654e-09	-1.148784063088e-09
-1.173320000000e-05	-4.036416200679e-09	6.882069031023e-09	-3.569864151812e-10
-1.173300000000e-05	-3.616701388819e-09	6.268628845543e-09	-4.318115366463e-10
-1.173280000000e-05	-3.627751807438e-09	6.633680866622e-09	-8.394868618720e-10
-1.173260000000e-05	-3.362354932563e-09	6.218258319872e-09	-8.642864776923e-10
-1.173240000000e-05	-3.420134217800e-09	6.130520905298e-09	-6.500413724303e-10
-1.173220000000e-05	-3.712989448405e-09	6.636419692627e-09	-6.872718340653e-10
-1.173200000000e-05	-3.663614152355e-09	6.618926588210e-09	-7.567053619120e-10
-1.173180000000e-05	-3.264328410829e-09	6.103793945006e-09	-9.147358533971e-10
-1.173160000000e-05	-3.536414063282e-09	6.284880921616e-09	-6.106207143876e-10
-1.173140000000e-05	-3.712763801111e-09	6.413925096210e-09	-4.246682784266e-10
-1.173120000000e-05	-3.935224001399e-09	6.863264793831e-09	-5.242369380372e-10
-1.173100000000e-05	-3.334016257775e-09	6.292546892866e-09	-1.004969661982e-09
-1.173080000000e-05	-3.842124747443e-09	6.261863418521e-09	-3.219043845516e-12
-1.173060000000e-05	-3.458407709209e-09	6.333262216078e-09	-8.146146187337e-10
-1.173040000000e-05	-3.665963944323e-09	6.487340053393e-09	-6.001758079008e-10
-1.173020000000e-05	-3.544182239364e-09	6.632573972307e-09	-1.003419123870e-09
-1.173000000000e-05	-3.370789596597e-09	5.726629827124e-09	-2.752775569598e-10
-1.172980000000e-05	-4.131148220883e-09	7.075060299283e-09	-4.027188325853e-10
-1.172960000000e-05	-3.660351660813e-09	6.286428685851e-09	-3.784334936956e-10
-1.172940000000e-05	-3.668250744412e-09	6.572106825386e-09	-6.961319029413e-10
-1.172920000000e-05	-3.786037816662e-09	6.720860395587e-09	-6.502134133315e-10
-1.172900000000e-05	-3.953057881988e-09	7.030386982926e-09	-6.856461579310e-10
-1.172880000000e-05	-3.597500899524e-09	6.508970196476e-09	-7.631387939945e-10
-1.172860000000e-05	-3.500989800071e-09	6.554647800820e-09	-9.988461385506e-10
-1.172840000000e-05	-3.970932942490e-09	7.072537441783e-09	-7.019998591673e-10
-1.172820000000e-05	-4.007528799849e-09	7.069711434584e-09	-6.341957573832e-10
-1.172800000000e-05	-3.848202797923e-09	6.580776681887e-09	-3.665973921675e-10
-1.172780000000e-05	-3.299536990351e-09	6.203812414276e-09	-9.726477280358e-10
-1.172760000000e-05	-3.739046474328e-09	6.398358205578e-09	-3.575505056076e-10
-1.172740000000e-05	-3.742283985081e-09	6.660952911890e-09	-6.635217964559e-10
-1.172720000000e-05	-3.716729623785e-09	6.176866736200e-09	-1.526090233811e-10
-1.172700000000e-05	-2.914069759082e-09	5.780199442687e-09	-1.205445274912e-09
-1.172680000000e-05	-3.434423838093e-09	6.097128452456e-09	-5.883650888233e-10
-1.172660000000e-05	-3.853839194699e-09	6.752306361374e-09	-5.595092530538e-10
-1.172640000000e-05	-3.615192262566e-09	6.685949898515e-09	-9.355355477346e-10
