1.112200000000e-06	0.000000000000e+00	0.000000000000e+00	0.000000000000e+00
1.112400000000e-06	0.000000000000e+00	0.000000000000e+00	0.000000000000e+00
1.112600000000e-06	0.000000000000e+00	0.000000000000e+00	0.000000000000e+00
1.112800000000e-06	0.000000000000e+00	0.000000000000e+00	0.000000000000e+00
1.113000000000e-06	0.000000000000e+00	0.000000000000e+00	0.000000000000e+00
1.113200000000e-06	0.000000000000e+00	0.000000000000e+00	0.000000000000e+00
1.113400000000e-06	0.000000000000e+00	0.000000000000e+00	0.000000000000e+00
1.113600000000e-06	0.000000000000e+00	0.000000000000e+00	0.000000000000e+00
1.113800000000e-06	0.000000000000e+00	0.000000000000e+00	0.000000000000e+00
1.114000000000e-06	0.000000000000e+00	0.000000000000e+00	0.000000000000e+00
1.114200000000e-06	0.000000000000e+00	0.000000000000e+00	0.000000000000e+00
1.114400000000e-06	0.000000000000e+00	0.000000000000e+00	0.000000000000e+00
1.114600000000e-06	0.000000000000e+00	0.000000000000e+00	0.000000000000e+00
1.114800000000e-06	0.000000000000e+00	0.000000000000e+00	0.000000000000e+00
1.115000000000e-06	0.000000000000e+00	0.000000000000e+00	0.000000000000e+00
1.115200000000e-06	0.000000000000e+00	0.000000000000e+00	0.000000000000e+00
1.115400000000e-06	0.000000000000e+00	0.000000000000e+00	0.000000000000e+00
1.115600000000e-06	0.000000000000e+00	0.000000000000e+00	0.000000000000e+00
1.115800000000e-06	0.000000000000e+00	0.000000000000e+00	0.000000000000e+00
1.116000000000e-06	0.000000000000e+00	0.000000000000e+00	0.000000000000e+00
1.116200000000e-06	0.000000000000e+00	0.000000000000e+00	0.000000000000e+00
1.116400000000e-06	0.000000000000e+00	0.000000000000e+00	0.000000000000e+00
1.116600000000e-06	0.000000000000e+00	0.000000000000e+00	0.000000000000e+00
1.116800000000e-06	0.000000000000e+00	0.000000000000e+00	0.000000000000e+00
1.117000000000e-06	0.000000000000e+00	0.000000000000e+00	0.000000000000e+00
1.117200000000e-06	0.000000000000e+00	0.000000000000e+00	0.000000000000e+00
1.117400000000e-06	0.000000000000e+00	0.000000000000e+00	0.000000000000e+00
1.117600000000e-06	0.000000000000e+00	0.000000000000e+00	0.000000000000e+00
1.117800000000e-06	0.000000000000e+00	0.000000000000e+00	0.000000000000e+00
1.118000000000e-06	0.000000000000e+00	0.000000000000e+00	0.000000000000e+00
1.118200000000e-06	0.000000000000e+00	0.000000000000e+00	0.000000000000e+00
1.118400000000e-06	0.000000000000e+00	0.000000000000e+00	0.000000000000e+00
1.118600000000e-06	0.000000000000e+00	0.000000000000e+00	0.000000000000e+00
1.118800000000e-06	0.000000000000e+00	0.000000000000e+00	0.000000000000e+00
1.119000000000e-06	0.000000000000e+00	0.000000000000e+00	0.000000000000e+00
1.119200000000e-06	0.000000000000e+00	0.000000000000e+00	0.000000000000e+00
1.119400000000e-06	0.000000000000e+00	0.000000000000e+00	0.000000000000e+00
1.119600000000e-06	0.000000000000e+00	0.000000000000e+00	0.000000000000e+00
1.119800000000e-06	0.000000000000e+00	0.000000000000e+00	0.000000000000e+00
1.120000000000e-06	0.000000000000e+00	0.000000000000e+00	0.000000000000e+00
1.120200000000e-06	0.000000000000e+00	0.000000000000e+00	0.000000000000e+00
1.120400000000e-06	0.000000000000e+00	0.000000000000e+00	0.000000000000e+00
1.120600000000e-06	0.000000000000e+00	0.000000000000e+00	0.000000000000e+00
1.120800000000e-06	0.000000000000e+00	0.000000000000e+00	0.000000000000e+00
1.121000000000e-06	0.000000000000e+00	0.000000000000e+00	0.000000000000e+00
1.121200000000e-06	0.000000000000e+00	0.000000000000e+00	0.000000000000e+00
1.121400000000e-06	0.000000000000e+00	0.000000000000e+00	0.000000000000e+00
1.121600000000e-06	0.000000000000e+00	0.000000000000e+00	0.000000000000e+00
1.121800000000e-06	0.000000000000e+00	0.000000000000e+00	0.000000000000e+00
1.122000000000e-06	0.000000000000e+00	0.000000000000e+00	0.000000000000e+00
1.122200000000e-06	0.000000000000e+00	0.000000000000e+00	0.000000000000e+00
1.122400000000e-06	0.000000000000e+00	0.000000000000e+00	0.000000000000e+00
1.122600000000e-06	0.000000000000e+00	0.000000000000e+00	0.000000000000e+00
1.122800000000e-06	0.000000000000e+00	0.000000000000e+00	0.000000000000e+00
1.123000000000e-06	0.000000000000e+00	0.000000000000e+00	0.000000000000e+00
1.123200000000e-06	0.000000000000e+00	0.000000000000e+00	0.000000000000e+00
1.123400000000e-06	0.000000000000e+00	0.000000000000e+00	0.000000000000e+00
1.123600000000e-06	0.000000000000e+00	0.000000000000e+00	0.000000000000e+00
1.123800000000e-06	0.000000000000e+00	0.000000000000e+00	0.000000000000e+00
1.124000000000e-06	0.000000000000e+00	0.000000000000e+00	0.000000000000e+00
1.124200000000e-06	0.000000000000e+00	0.000000000000e+00	0.000000000000e+00
1.124400000000e-06	0.000000000000e+00	0.000000000000e+00	0.000000000000e+00
1.124600000000e-06	0.000000000000e+00	0.000000000000e+00	0.000000000000e+00
1.124800000000e-06	0.000000000000e+00	0.000000000000e+00	0.000000000000e+00
1.125000000000e-06	0.000000000000e+00	0.000000000000e+00	0.000000000000e+00
1.125200000000e-06	0.000000000000e+00	0.000000000000e+00	0.000000000000e+00
1.125400000000e-06	0.000000000000e+00	0.000000000000e+00	0.000000000000e+00
1.125600000000e-06	0.000000000000e+00	0.000000000000e+00	0.000000000000e+00
1.125800000000e-06	0.000000000000e+00	0.000000000000e+00	0.000000000000e+00
1.126000000000e-06	0.000000000000e+00	0.000000000000e+00	0.000000000000e+00
1.126200000000e-06	0.000000000000e+00	0.000000000000e+00	0.000000000000e+00
1.126400000000e-06	0.000000000000e+00	0.000000000000e+00	0.000000000000e+00
1.126600000000e-06	0.000000000000e+00	0.000000000000e+00	0.000000000000e+00
1.126800000000e-06	0.000000000000e+00	0.000000000000e+00	0.000000000000e+00
1.127000000000e-06	0.000000000000e+00	0.000000000000e+00	0.000000000000e+00
1.127200000000e-06	0.000000000000e+00	0.000000000000e+00	0.000000000000e+00
1.127400000000e-06	0.000000000000e+00	0.000000000000e+00	0.000000000000e+00
1.127600000000e-06	0.000000000000e+00	0.000000000000e+00	0.000000000000e+00
1.127800000000e-06	0.000000000000e+00	0.000000000000e+00	0.000000000000e+00
1.128000000000e-06	0.000000000000e+00	0.000000000000e+00	0.000000000000e+00
1.128200000000e-06	0.000000000000e+00	0.000000000000e+00	0.000000000000e+00
1.128400000000e-06	0.000000000000e+00	0.000000000000e+00	0.000000000000e+00
1.128600000000e-06	-4.296434520122e-12	5.754417219989e-13	9.177230475606e-12
1.128800000000e-06	-1.601570162851e-12	3.459114642101e-12	-1.177550794650e-12
1.129000000000e-06	2.990412884740e-12	-2.717408548891e-12	-3.091897133575e-12
1.129200000000e-06	3.806328919801e-13	-4.468422254013e-13	-2.469676604204e-13
1.129400000000e-06	-2.401971244677e-13	3.436077945520e-13	6.409310282943e-14
1.129600000000e-06	-1.829738032237e-13	1.114157237377e-12	-1.130589845006e-12
1.129800000000e-06	-1.009897788709e-12	-1.961676232768e-13	2.565380685784e-12
1.130000000000e-06	3.631855436255e-14	8.374912218539e-13	-1.232547335003e-12
1.130200000000e-06	-6.252404779946e-14	-5.653158856573e-13	9.272425486009e-13
1.130400000000e-06	5.988972902702e-13	-3.478969137797e-13	-8.617626498649e-13
1.130600000000e-06	-6.418868455123e-13	9.518351219860e-13	1.263986044761e-13
1.130800000000e-06	-7.299802365863e-14	3.040100394729e-15	1.550155556785e-13
1.131000000000e-06	5.561362192286e-13	-5.773274929295e-13	-4.821554225034e-13
1.131200000000e-06	-2.037197752246e-12	-3.460603712995e-12	8.222681465764e-12
1.131400000000e-06	-2.861247832487e-12	-3.778677908298e-12	9.946912223146e-12
1.131600000000e-06	1.998163239796e-13	-1.091535240854e-13	-4.771848233954e-13
1.131800000000e-06	-6.012898633012e-12	8.483384519534e-12	2.018026177422e-12
1.132000000000e-06	-4.924361068398e-12	-2.352781944571e-12	1.450621220300e-11
1.132200000000e-06	8.573373462392e-12	2.757897528737e-12	-2.313233558392e-11
1.132400000000e-06	-1.431659093446e-11	1.923521694038e-11	7.221630383346e-12
1.132600000000e-06	-6.261243638523e-12	1.029994659644e-11	1.245304856446e-12
1.132800000000e-06	3.451477237684e-12	7.735187694018e-12	-1.679696612796e-11
1.133000000000e-06	-3.156613385592e-13	2.597008409841e-11	-3.134898651045e-11
1.133200000000e-06	1.459080280978e-11	-2.829732134781e-11	2.394590880314e-12
1.133400000000e-06	-9.452925530803e-12	1.746557093663e-11	-3.135766122441e-12
1.133600000000e-06	-4.052041544377e-12	1.444179425442e-11	-1.007734970026e-11
1.133800000000e-06	-1.472333568413e-11	1.825438712979e-11	8.109929666692e-12
1.134000000000e-06	-4.395269472052e-12	8.909410324769e-12	-2.749035302642e-12
1.134200000000e-06	-2.545085422463e-12	-5.576105920008e-12	1.212523296698e-11
1.134400000000e-06	-1.859267436933e-11	2.837441522563e-11	2.908473602879e-12
1.134600000000e-06	-2.983966714224e-11	6.159850017668e-11	-1.771798676569e-11
1.134800000000e-06	-4.100404622991e-11	1.205116483434e-10	-7.305480846433e-11
1.135000000000e-06	-6.798785309987e-11	8.309358442194e-11	3.700413610596e-11
1.135200000000e-06	-1.025128174497e-11	6.770057599042e-11	-6.935698180057e-11
1.135400000000e-06	-1.238777761566e-10	2.428696822313e-10	-5.494520200246e-11
1.135600000000e-06	-1.384284977102e-10	2.871881597984e-10	-8.563422368646e-11
1.135800000000e-06	-1.545433879514e-10	2.946656102187e-10	-6.010927122948e-11
1.136000000000e-06	-2.796560145580e-10	5.255318392188e-10	-9.339875922589e-11
1.136200000000e-06	-3.720304883019e-10	7.979375433344e-10	-2.664550068823e-10
1.136400000000e-06	-4.582217372136e-10	9.340223628079e-10	-2.594535833877e-10
1.136600000000e-06	-7.904465305910e-10	1.552540993965e-09	-3.704515611224e-10
1.136800000000e-06	-9.413015291284e-10	1.960896024807e-09	-5.972467408649e-10
1.137000000000e-06	-1.288500574280e-09	2.668587397403e-09	-7.932318306258e-10
1.137200000000e-06	-1.859409210764e-09	3.715633768192e-09	-9.611119110587e-10
1.137400000000e-06	-2.198443870887e-09	4.346953299112e-09	-1.074524286409e-09
1.137600000000e-06	-3.289075433653e-09	6.462764942002e-09	-1.552340458173e-09
1.137800000000e-06	-7.057287967129e-09	1.380984470516e-08	-3.275150413946e-09
1.138000000000e-06	-6.746104506424e-09	1.369196785252e-08	-3.810075871717e-09
1.138200000000e-06	-6.112940979210e-09	1.243889179867e-08	-3.505921705730e-09
1.138400000000e-06	-5.865056275604e-09	1.192141280843e-08	-3.351732672457e-09
1.138600000000e-06	-6.182053822098e-09	1.189853137678e-08	-2.618794454726e-09
1.138800000000e-06	-6.263603992960e-09	1.271470710671e-08	-3.572804245217e-09
1.139000000000e-06	-6.139658970001e-09	1.206919892058e-08	-2.960830858455e-09
1.139200000000e-06	-6.171595171840e-09	1.217828110386e-08	-3.049345393218e-09
1.139400000000e-06	-5.683671707159e-09	1.190057828312e-08	-3.766836025087e-09
1.139600000000e-06	-6.085206321008e-09	1.228758601445e-08	-3.414126049833e-09
1.139800000000e-06	-6.824055836284e-09	1.345644663105e-08	-3.379273774793e-09
1.140000000000e-06	-5.817301467272e-09	1.163873093376e-08	-3.132412795691e-09
1.140200000000e-06	-5.840736939004e-09	1.183761720022e-08	-3.384177792978e-09
1.140400000000e-06	-6.326979309427e-09	1.296141872248e-08	-3.845171488479e-09
1.140600000000e-06	-6.161984993191e-09	1.260986751896e-08	-3.744094980009e-09
1.140800000000e-06	-5.967978265797e-09	1.168871499794e-08	-2.900050734358e-09
1.141000000000e-06	-6.531830982143e-09	1.278365460350e-08	-3.150855669499e-09
1.141200000000e-06	-7.060042740390e-09	1.373863402509e-08	-3.313117163306e-09
1.141400000000e-06	-6.775859490059e-09	1.341911787945e-08	-3.543655082851e-09
1.141600000000e-06	-7.247086450059e-09	1.434894736161e-08	-3.780377194487e-09
1.141800000000e-06	-6.857712336800e-09	1.359862005727e-08	-3.626582128656e-09
1.142000000000e-06	-6.941047420826e-09	1.416841380579e-08	-4.231415020925e-09
1.142200000000e-06	-7.949158756320e-09	1.511247815830e-08	-3.294325599333e-09
1.142400000000e-06	-7.620298688826e-09	1.477221738172e-08	-3.568190753106e-09
1.142600000000e-06	-7.826756082403e-09	1.586433252841e-08	-4.609924173133e-09
1.142800000000e-06	-8.946068725668e-09	1.804005304805e-08	-5.122699254314e-09
1.143000000000e-06	-9.391426295623e-09	1.920035723832e-08	-5.704231008497e-09
1.143200000000e-06	-1.006240999981e-08	2.053463969527e-08	-6.024916024483e-09
1.143400000000e-06	-1.059950638364e-08	2.160800079527e-08	-6.241455383992e-09
1.143600000000e-06	-1.321952512574e-08	2.636739986764e-08	-6.934171312366e-09
1.143800000000e-06	-1.565969983650e-08	3.150556570884e-08	-8.564617801545e-09
1.144000000000e-06	-1.887079159435e-08	3.640651772381e-08	-8.063740464807e-09
1.144200000000e-06	-2.116111822366e-08	4.385157448972e-08	-1.321497856426e-08
1.144400000000e-06	-2.551606127793e-08	5.077342761149e-08	-1.300985479168e-08
1.144600000000e-06	-2.768259192007e-08	5.629138380145e-08	-1.574892069001e-08
1.144800000000e-06	-3.344071744906e-08	6.737264220753e-08	-1.823069818386e-08
1.145000000000e-06	-3.679311582638e-08	7.400974342996e-08	-1.993233197471e-08
1.145200000000e-06	-4.177827308275e-08	8.299205744286e-08	-2.128862342576e-08
1.145400000000e-06	-4.536125843396e-08	9.172947407020e-08	-2.543110323259e-08
1.145600000000e-06	-5.077817190121e-08	1.005758029895e-07	-2.562231382573e-08
1.145800000000e-06	-5.305439051946e-08	1.071056030862e-07	-2.971577606483e-08
1.146000000000e-06	-5.696741103469e-08	1.140152144773e-07	-3.064956513193e-08
1.146200000000e-06	-6.030582803016e-08	1.195953467435e-07	-3.104349721274e-08
1.146400000000e-06	-5.971236651503e-08	1.187484369618e-07	-3.135996345339e-08
1.146600000000e-06	-6.062967514516e-08	1.196011775289e-07	-3.066717453851e-08
1.146800000000e-06	-5.875922984888e-08	1.166531089458e-07	-3.091388059562e-08
1.147000000000e-06	-5.990158544451e-08	1.193174167391e-07	-3.219691666537e-08
1.147200000000e-06	-5.696522064717e-08	1.151509487524e-07	-3.315620082921e-08
1.147400000000e-06	-5.799400296677e-08	1.142067057373e-07	-2.965680528276e-08
1.147600000000e-06	-5.498674523458e-08	1.077938395803e-07	-2.757811791064e-08
1.147800000000e-06	-5.256696765360e-08	1.057990720117e-07	-3.033257212628e-08
1.148000000000e-06	-5.083304252831e-08	1.014766464718e-07	-2.833508815186e-08
1.148200000000e-06	-4.947801733354e-08	9.673693381932e-08	-2.483595875570e-08
1.148400000000e-06	-4.448532224854e-08	8.826082552620e-08	-2.423006725778e-08
1.148600000000e-06	-4.240537281527e-08	8.621714445130e-08	-2.619461211256e-08
1.148800000000e-06	-4.312059861795e-08	8.413901677635e-08	-2.179763813506e-08
1.149000000000e-06	-4.008935671738e-08	7.862654085024e-08	-2.088014503575e-08
1.149200000000e-06	-3.625332032433e-08	7.259779394890e-08	-2.108829134405e-08
1.149400000000e-06	-3.421670392706e-08	6.734275005060e-08	-1.836602404551e-08
1.149600000000e-06	-3.095460183636e-08	6.377504717481e-08	-2.073411085557e-08
1.149800000000e-06	-3.039821458167e-08	5.863752649434e-08	-1.480121969481e-08
1.150000000000e-06	-2.671764641502e-08	5.294456366568e-08	-1.510944001508e-08
1.150200000000e-06	-2.425143414968e-08	4.609187296301e-08	-1.099874232068e-08
1.150400000000e-06	-2.295438834167e-08	4.682042020587e-08	-1.497683983563e-08
1.150600000000e-06	-2.171283476573e-08	4.392258006709e-08	-1.373564417055e-08
1.150800000000e-06	-2.153158708205e-08	3.738128756847e-08	-4.947395706286e-09
1.151000000000e-06	-1.844811313838e-08	3.728229580821e-08	-1.173929070381e-08
1.151200000000e-06	-1.644037928279e-08	3.136466210928e-08	-7.891977589711e-09
1.151400000000e-06	-1.672859000539e-08	3.301137027318e-08	-9.609651598417e-09
1.151600000000e-06	-1.536335671489e-08	3.040909612434e-08	-8.978897916930e-09
1.151800000000e-06	-1.285937886055e-08	2.439199513545e-08	-6.126671180764e-09
1.152000000000e-06	-1.270668327051e-08	2.554248029735e-08	-8.136738851259e-09
1.152200000000e-06	-1.154690014178e-08	2.189554672177e-08	-5.593065402470e-09
1.152400000000e-06	-8.034587005716e-09	1.623542207122e-08	-5.441151862339e-09
1.152600000000e-06	-8.645059864607e-09	1.551140522156e-08	-3.063404325594e-09
1.152800000000e-06	-8.394561165852e-09	1.601920425316e-08	-4.364742680709e-09
1.153000000000e-06	-7.319902771552e-09	1.362117099576e-08	-3.370961143735e-09
1.153200000000e-06	-5.554732806977e-09	1.178365714590e-08	-4.713338603444e-09
1.153400000000e-06	-5.985696233432e-09	1.043384435650e-08	-1.874322199960e-09
1.153600000000e-06	-4.552038978955e-09	8.554079701880e-09	-2.399175824147e-09
1.153800000000e-06	-3.503263284683e-09	7.316472913470e-09	-2.963907145013e-09
1.154000000000e-06	-4.048914518376e-09	7.186283201002e-09	-1.585450877316e-09
1.154200000000e-06	-3.010737725636e-09	5.782534237947e-09	-1.887488471557e-09
1.154400000000e-06	-3.335351257538e-09	5.731751701911e-09	-1.128869867734e-09
1.154600000000e-06	-4.017889809750e-09	7.700514918154e-09	-2.384148256506e-09
1.154800000000e-06	-1.353288046162e-09	1.499545727598e-09	4.738274200268e-10
1.155000000000e-06	-1.327931137212e-09	1.768931202241e-09	3.506301534476e-11
1.155200000000e-06	-1.771761379764e-09	3.060047514318e-09	-8.395214198024e-10
1.155400000000e-06	-3.473414417308e-09	3.375689650542e-09	2.561699162506e-09
1.155600000000e-06	8.191111900635e-10	4.342622812995e-10	-2.862527025676e-09
1.155800000000e-06	-4.169989463939e-11	-5.002873904156e-10	3.866456031330e-10
1.156000000000e-06	6.001554166660e-10	-1.309721177717e-09	1.019482127042e-10
1.156200000000e-06	2.062663414489e-11	-7.434008445340e-10	6.003670867287e-10
1.156400000000e-06	1.016157793934e-09	-1.955274879974e-09	1.365146602454e-10
1.156600000000e-06	1.319145108387e-09	-3.292022814320e-09	1.344968732047e-09
1.156800000000e-06	5.444573957945e-10	-5.395837145666e-10	-8.280388690511e-10
1.157000000000e-06	1.563129849997e-09	-3.051622084008e-09	4.537305228321e-10
1.157200000000e-06	8.325899118386e-10	-1.897928335978e-09	4.723914165251e-10
1.157400000000e-06	9.086033544848e-10	-4.020883628593e-09	3.358123756733e-09
1.157600000000e-06	1.860326658834e-09	-2.551494321763e-09	-9.711546375029e-10
1.157800000000e-06	2.140525287787e-09	-4.344174111426e-09	1.025177871729e-09
1.158000000000e-06	1.994563259028e-09	-3.913387661827e-09	7.994140134808e-10
1.158200000000e-06	2.110101606989e-09	-4.136972273295e-09	8.063585149077e-10
1.158400000000e-06	1.859926856926e-09	-4.381440092133e-09	1.742647041382e-09
1.158600000000e-06	1.931648923743e-09	-4.207765475902e-09	1.329171643997e-09
1.158800000000e-06	2.373692789423e-09	-3.990889533763e-09	9.633887883645e-12
1.159000000000e-06	2.694744928538e-09	-5.717440572477e-09	1.818691845697e-09
1.159200000000e-06	1.638503125714e-09	-3.906173816269e-09	1.575141848619e-09
1.159400000000e-06	2.765014059925e-09	-5.648660482538e-09	1.556565356533e-09
1.159600000000e-06	3.274369758164e-09	-6.102837363324e-09	1.053986727838e-09
1.159800000000e-06	2.761986426625e-09	-5.959673548976e-09	1.955550472353e-09
1.160000000000e-06	2.158238015935e-09	-5.415718892585e-09	2.538708683210e-09
1.160200000000e-06	3.519894196077e-09	-6.173998324946e-09	6.172857405268e-10
1.160400000000e-06	3.589223603450e-09	-7.465564115471e-09	2.292954448143e-09
1.160600000000e-06	2.856699167479e-09	-5.836897126951e-09	1.596648853509e-09
1.160800000000e-06	2.839689424988e-09	-6.275156334271e-09	2.317480281438e-09
1.161000000000e-06	3.784864396699e-09	-6.993979881311e-09	1.202748192715e-09
1.161200000000e-06	3.978278006483e-09	-7.102837110681e-09	9.262364872451e-10
1.161400000000e-06	3.777323136538e-09	-7.543768395890e-09	1.990111658943e-09
1.161600000000e-06	3.113375837634e-09	-5.861745644680e-09	1.078946342765e-09
1.161800000000e-06	2.155591369682e-09	-5.658310875821e-09	2.949739312216e-09
1.162000000000e-06	3.463230401494e-09	-7.261921565490e-09	2.340990474243e-09
1.162200000000e-06	3.576443999211e-09	-6.867807022179e-09	1.533980678327e-09
1.162400000000e-06	3.077486164164e-09	-6.455487528363e-09	2.034556346332e-09
1.162600000000e-06	3.585816760850e-09	-6.680259299498e-09	1.219802461645e-09
1.162800000000e-06	3.291469934752e-09	-6.630417490863e-09	1.775141908196e-09
1.163000000000e-06	4.109414159567e-09	-7.161527529831e-09	8.195816431341e-10
1.163200000000e-06	3.323036791742e-09	-6.162032918926e-09	1.047877135552e-09
1.163400000000e-06	3.647038482681e-09	-7.479304649033e-09	2.285868727849e-09
1.163600000000e-06	3.960438943837e-09	-7.153519305347e-09	1.125289141089e-09
1.163800000000e-06	3.365904990668e-09	-6.571009440627e-09	1.592920177343e-09
1.164000000000e-06	3.437646900527e-09	-7.036552830036e-09	2.092605717847e-09
1.164200000000e-06	4.103718252344e-09	-7.978225587343e-09	1.963766005140e-09
1.164400000000e-06	3.240342717890e-09	-7.160642539097e-09	2.736253174191e-09
1.164600000000e-06	3.748196535985e-09	-8.190188106565e-09	3.090028125040e-09
1.164800000000e-06	3.400345236102e-09	-6.447397066200e-09	1.304404775444e-09
1.165000000000e-06	3.882351057392e-09	-7.783204019071e-09	2.163620583128e-09
1.165200000000e-06	3.119842360284e-09	-7.131124407013e-09	2.980990167996e-09
1.165400000000e-06	3.893809613336e-09	-7.866097033947e-09	2.271868429649e-09
1.165600000000e-06	3.412097531644e-09	-7.553747643522e-09	2.933871227764e-09
1.165800000000e-06	3.392307679660e-09	-6.928116365800e-09	2.062476211766e-09
1.166000000000e-06	4.730119455734e-09	-9.079410329885e-09	2.152945840737e-09
1.166200000000e-06	4.120175231256e-09	-7.877312683167e-09	1.814307712390e-09
1.166400000000e-06	3.750577356104e-09	-7.101939654104e-09	1.565041440877e-09
1.166600000000e-06	3.191136769489e-09	-5.979304326760e-09	1.172966758021e-09
1.166800000000e-06	4.530549754631e-09	-8.480859960977e-09	1.736374209850e-09
1.167000000000e-06	3.859900490253e-09	-7.408090885590e-09	1.714884788752e-09
1.167200000000e-06	4.156796239774e-09	-8.017876312946e-09	1.924818674799e-09
1.167400000000e-06	3.920160563466e-09	-7.706269299001e-09	2.059102544229e-09
1.167600000000e-06	3.601178570326e-09	-7.120291355774e-09	1.888406347105e-09
1.167800000000e-06	3.683571383928e-09	-7.758810236119e-09	2.634588557267e-09
1.168000000000e-06	3.716256086944e-09	-7.607924371920e-09	2.358969204623e-09
1.168200000000e-06	4.622312730307e-09	-8.441837157552e-09	1.506851384024e-09
1.168400000000e-06	3.736446482538e-09	-7.907392846373e-09	2.726675088086e-09
1.168600000000e-06	3.922714964057e-09	-8.081465946632e-09	2.555405800894e-09
1.168800000000e-06	3.859755066167e-09	-7.719683849893e-09	2.213746769439e-09
1.169000000000e-06	3.441639274964e-09	-7.179253378676e-09	2.314208793186e-09
1.169200000000e-06	3.410338445799e-09	-7.266205181902e-09	2.587280825856e-09
1.169400000000e-06	3.869682667728e-09	-7.815898973201e-09	2.313441838667e-09
1.169600000000e-06	3.505376560420e-09	-7.168056484408e-09	2.207149768142e-09
1.169800000000e-06	3.383915647141e-09	-7.495298562556e-09	2.960730167406e-09
1.170000000000e-06	4.064622204327e-09	-7.667317280740e-09	1.651399428709e-09
1.170200000000e-06	3.941402715839e-09	-7.752154570060e-09	2.018245263103e-09
1.170400000000e-06	4.230329022265e-09	-7.933517530968e-09	1.706767626259e-09
1.170600000000e-06	3.636780186136e-09	-7.542532680281e-09	2.474389479848e-09
1.170800000000e-06	3.748495487308e-09	-7.300327178694e-09	1.869736450755e-09
1.171000000000e-06	3.554816253764e-09	-7.389980226571e-09	2.446576793047e-09
1.171200000000e-06	4.115738591203e-09	-7.819310359481e-09	1.780884450677e-09
1.171400000000e-06	3.403514729310e-09	-7.183624229412e-09	2.486807853644e-09
1.171600000000e-06	3.702354230240e-09	-7.162525821279e-09	1.761266307435e-09
1.171800000000e-06	4.177543047974e-09	-8.033047440559e-09	1.924108539811e-09
1.172000000000e-06	3.798553574333e-09	-7.306207155018e-09	1.754802590333e-09
1.172200000000e-06	4.066580508091e-09	-7.807137103512e-09	1.893582534523e-09
1.172400000000e-06	3.758585506623e-09	-7.507432277765e-09	2.131651742942e-09
1.172600000000e-06	3.916339161959e-09	-7.358686851901e-09	1.602457599924e-09
1.172800000000e-06	3.982202816487e-09	-7.742833826303e-09	2.001206200312e-09
1.173000000000e-06	3.254053203668e-09	-6.743837977723e-09	2.230447101292e-09
1.173200000000e-06	4.099417588364e-09	-7.415955929078e-09	1.278573799487e-09
1.173400000000e-06	3.494884906568e-09	-6.861622296495e-09	1.798919768511e-09
1.173600000000e-06	3.395102019604e-09	-7.510395136887e-09	2.968538975159e-09
1.173800000000e-06	3.845871636432e-09	-7.439689066122e-09	1.827001032437e-09
1.174000000000e-06	3.379774765860e-09	-6.494693848778e-09	1.582888689222e-09
1.174200000000e-06	3.263365036135e-09	-6.742025838169e-09	2.182155656916e-09
1.174400000000e-06	3.678716653793e-09	-7.597593209033e-09	2.451260290938e-09
1.174600000000e-06	4.182605180498e-09	-7.423900097681e-09	1.085812592879e-09
1.174800000000e-06	3.762854212852e-09	-7.218364613451e-09	1.726550128251e-09
1.175000000000e-06	4.227446052168e-09	-8.026119774616e-09	1.863556653956e-09
1.175200000000e-06	3.654635999168e-09	-7.382869166359e-09	2.212443131412e-09
1.175400000000e-06	3.552709096014e-09	-7.210847233806e-09	2.151619040307e-09
1.175600000000e-06	3.885402590680e-09	-7.193899514628e-09	1.473236128245e-09
1.175800000000e-06	3.573631260489e-09	-7.449656191673e-09	2.480755104623e-09
1.176000000000e-06	3.848539920708e-09	-7.266715216945e-09	1.657753785501e-09
1.176200000000e-06	3.409515517278e-09	-7.059125973890e-09	2.269655394303e-09
1.176400000000e-06	3.695854336535e-09	-7.517539083424e-09	2.328331276766e-09
1.176600000000e-06	3.846950009378e-09	-7.299007842749e-09	1.722729409652e-09
1.176800000000e-06	3.531584911143e-09	-7.492061089506e-09	2.682683564951e-09
1.177000000000e-06	3.407799890141e-09	-6.703192837485e-09	1.856263990180e-09
1.177200000000e-06	3.238949691499e-09	-6.774386603047e-09	2.311251358616e-09
1.177400000000e-06	3.732475820648e-09	-6.683795024948e-09	1.023273161497e-09
1.177600000000e-06	3.597267062325e-09	-7.056255981199e-09	1.892933871103e-09
1.177800000000e-06	3.455841304504e-09	-7.069210705919e-09	2.232567669621e-09
1.178000000000e-06	4.090847142842e-09	-7.591075092379e-09	1.532684470694e-09
1.178200000000e-06	3.571374316945e-09	-6.728029332888e-09	1.508617372684e-09
1.178400000000e-06	3.251514537750e-09	-6.632128429157e-09	2.065792826705e-09
1.178600000000e-06	3.090037989676e-09	-6.588357909660e-09	2.357456757793e-09
1.178800000000e-06	3.469180584599e-09	-6.772761855370e-09	1.784489800168e-09
1.179000000000e-06	3.686904246717e-09	-7.138015417961e-09	1.810283445637e-09
1.179200000000e-06	3.215151990108e-09	-6.517543648230e-09	1.984100086802e-09
1.179400000000e-06	3.505338148696e-09	-6.937898614512e-09	1.928471127612e-09
1.179600000000e-06	3.591714215669e-09	-6.708500948727e-09	1.449877396656e-09
1.179800000000e-06	3.298553139457e-09	-6.740104791955e-09	2.122849325523e-09
1.180000000000e-06	3.522395314582e-09	-6.887485013864e-09	1.827495720718e-09
1.180200000000e-06	3.481387862461e-09	-6.695761346042e-09	1.651991067897e-09
1.180400000000e-06	3.736172429354e-09	-7.571064473668e-09	2.349530071387e-09
1.180600000000e-06	3.163876548259e-09	-6.332995228938e-09	1.858353073614e-09
1.180800000000e-06	3.316766181908e-09	-6.496305935257e-09	1.728659505564e-09
1.181000000000e-06	3.864132759495e-09	-7.242243765644e-09	1.566729985466e-09
1.181200000000e-06	3.055119857269e-09	-6.492466980032e-09	2.289403519797e-09
1.181400000000e-06	3.499007783601e-09	-6.593885482526e-09	1.500796534569e-09
1.181600000000e-06	3.493998443717e-09	-7.105760218338e-09	2.213694177873e-09
1.181800000000e-06	3.307391846778e-09	-6.590137960286e-09	1.881052978262e-09
1.182000000000e-06	3.441251504545e-09	-6.649824455971e-09	1.700642819067e-09
1.182200000000e-06	3.341618162987e-09	-6.668776522019e-09	1.953440030768e-09
1.182400000000e-06	3.542272832032e-09	-7.081339120196e-09	2.087226126879e-09
1.182600000000e-06	3.183906785053e-09	-6.158140198840e-09	1.552671316019e-09
1.182800000000e-06	3.250367895739e-09	-6.374481069374e-09	1.752522763435e-09
1.183000000000e-06	3.117203100459e-09	-6.175441840106e-09	1.759347143914e-09
1.183200000000e-06	3.455042217797e-09	-7.018315760080e-09	2.195692118046e-09
1.183400000000e-06	3.215465892256e-09	-6.512164661166e-09	1.997255231415e-09
1.183600000000e-06	3.802175513974e-09	-7.209602820561e-09	1.692273835711e-09
1.183800000000e-06	3.148535862496e-09	-6.364091161503e-09	1.946586603884e-09
1.184000000000e-06	3.038156570980e-09	-6.323691569374e-09	2.149001723917e-09
1.184200000000e-06	2.891563863128e-09	-6.163577188019e-09	2.214763422545e-09
1.184400000000e-06	3.364401188443e-09	-6.326189727263e-09	1.385109735748e-09
1.184600000000e-06	3.487241593986e-09	-6.787669914243e-09	1.781654527756e-09
1.184800000000e-06	3.209384425865e-09	-6.616497954776e-09	2.173703513227e-09
1.185000000000e-06	3.240839864981e-09	-6.654597407876e-09	2.171841925818e-09
1.185200000000e-06	3.370674151337e-09	-6.545897292202e-09	1.684167578608e-09
1.185400000000e-06	3.110974593330e-09	-6.238652294892e-09	1.866580393369e-09
1.185600000000e-06	3.241376617601e-09	-6.290660654843e-09	1.620305235475e-09
1.185800000000e-06	3.288934853927e-09	-6.404576797781e-09	1.672379431740e-09
1.186000000000e-06	3.410616781132e-09	-6.294512420736e-09	1.252080510705e-09
1.186200000000e-06	2.880281006136e-09	-5.978660832436e-09	1.994686999505e-09
1.186400000000e-06	3.529104623936e-09	-6.694877050841e-09	1.586632188888e-09
1.186600000000e-06	3.437149235488e-09	-6.634976485213e-09	1.725763478259e-09
1.186800000000e-06	3.164677602420e-09	-6.285908989555e-09	1.809250479369e-09
1.187000000000e-06	3.169714713558e-09	-6.209193393019e-09	1.668298055886e-09
1.187200000000e-06	3.005249423393e-09	-6.073263848727e-09	1.847326970170e-09
1.187400000000e-06	3.249683493221e-09	-6.403955448470e-09	1.810303200303e-09
1.187600000000e-06	3.095066320284e-09	-6.192165707872e-09	1.815739423920e-09
1.187800000000e-06	3.214009499402e-09	-6.257174385473e-09	1.682048585074e-09
1.188000000000e-06	3.255056529651e-09	-6.387153216407e-09	1.722878180468e-09
1.188200000000e-06	3.029471323685e-09	-6.045023174974e-09	1.739417129560e-09
1.188400000000e-06	3.020015899079e-09	-6.171795613725e-09	1.950923924153e-09
1.188600000000e-06	2.960038589496e-09	-5.930501925388e-09	1.772416810735e-09
1.188800000000e-06	3.056884213016e-09	-5.924109447752e-09	1.540973737704e-09
1.189000000000e-06	3.345835370078e-09	-6.311202914038e-09	1.447367351509e-09
1.189200000000e-06	3.030868988201e-09	-5.974715068004e-09	1.665337789682e-09
1.189400000000e-06	3.201039509381e-09	-6.381292451641e-09	1.871407207803e-09
1.189600000000e-06	3.032923180855e-09	-5.741703085958e-09	1.311012376508e-09
1.189800000000e-06	3.302179705626e-09	-6.213447966044e-09	1.411784936002e-09
1.190000000000e-06	2.749255827619e-09	-5.762581461171e-09	1.992665962822e-09
1.190200000000e-06	2.989855467601e-09	-5.598723044481e-09	1.197105628032e-09
1.190400000000e-06	2.817398814410e-09	-6.081756184075e-09	2.272330265774e-09
1.190600000000e-06	3.092947486104e-09	-5.928650307175e-09	1.439322482222e-09
1.190800000000e-06	3.096940617521e-09	-6.020666033380e-09	1.586492184785e-09
1.191000000000e-06	2.959149492124e-09	-6.052033856952e-09	1.973875456131e-09
1.191200000000e-06	3.100586249284e-09	-5.736633566002e-09	1.161842275257e-09
1.191400000000e-06	2.967862660803e-09	-5.923113100624e-09	1.783643215148e-09
1.191600000000e-06	2.984050583133e-09	-5.647592379749e-09	1.294833006925e-09
1.191800000000e-06	3.042726818481e-09	-6.118539869416e-09	1.857068762171e-09
1.192000000000e-06	3.050780964501e-09	-5.711178035623e-09	1.230122272359e-09
1.192200000000e-06	2.974849633318e-09	-5.898361127278e-09	1.717469754197e-09
1.192400000000e-06	2.845860584251e-09	-5.736031309071e-09	1.772141696713e-09
1.192600000000e-06	2.834042201076e-09	-5.874511302002e-09	1.959916184017e-09
1.192800000000e-06	2.943831382797e-09	-5.767630001040e-09	1.592073661042e-09
1.193000000000e-06	2.973126978518e-09	-5.915095636585e-09	1.735424354955e-09
1.193200000000e-06	2.789992230899e-09	-5.626449063233e-09	1.693381144729e-09
1.193400000000e-06	2.872424767336e-09	-5.473750059492e-09	1.317829174245e-09
1.193600000000e-06	2.946298090774e-09	-5.977757195833e-09	1.853577347864e-09
1.193800000000e-06	2.883244430999e-09	-5.730602362397e-09	1.693362423860e-09
1.194000000000e-06	3.074500430670e-09	-5.735757481932e-09	1.194044643869e-09
1.194200000000e-06	2.858404357227e-09	-5.459018229775e-09	1.333289417320e-09
1.194400000000e-06	2.622282144546e-09	-5.226549975008e-09	1.514998806295e-09
1.194600000000e-06	2.862297480350e-09	-5.752274428537e-09	1.762232399820e-09
1.194800000000e-06	2.971861283316e-09	-5.950340731051e-09	1.763536631423e-09
1.195000000000e-06	2.901583856954e-09	-5.727923267039e-09	1.622141929062e-09
1.195200000000e-06	2.463022739756e-09	-5.100483038510e-09	1.683669693243e-09
1.195400000000e-06	2.846821879375e-09	-5.691707671975e-09	1.680322765245e-09
1.195600000000e-06	2.957693755759e-09	-5.783680278302e-09	1.591885048477e-09
1.195800000000e-06	2.790377125096e-09	-5.800653136032e-09	1.959165993165e-09
1.196000000000e-06	2.830882316704e-09	-5.394198955830e-09	1.278729801039e-09
1.196200000000e-06	2.824454760716e-09	-5.519430123773e-09	1.490265150940e-09
1.196400000000e-06	3.123816273349e-09	-5.878762082586e-09	1.389722269406e-09
1.196600000000e-06	2.580915519771e-09	-5.220888721213e-09	1.630075506858e-09
1.196800000000e-06	2.812805777148e-09	-5.447662857624e-09	1.433385693498e-09
1.197000000000e-06	2.949846744935e-09	-5.582302914424e-09	1.271779297830e-09
1.197200000000e-06	2.565437697090e-09	-5.137459586750e-09	1.518771176935e-09
1.197400000000e-06	2.563649075928e-09	-5.245266379662e-09	1.695712672634e-09
1.197600000000e-06	2.663791199178e-09	-5.369946931651e-09	1.648859820081e-09
1.197800000000e-06	2.878071569025e-09	-5.359527192756e-09	1.145416383507e-09
1.198000000000e-06	2.673233102528e-09	-5.367393046792e-09	1.631686715440e-09
1.198200000000e-06	2.691206976734e-09	-5.494872293953e-09	1.752635413266e-09
1.198400000000e-06	2.932443193370e-09	-5.582010372420e-09	1.365828186889e-09
1.198600000000e-06	2.842046026475e-09	-5.602108629732e-09	1.596000125199e-09
1.198800000000e-06	2.705336557575e-09	-5.289548405973e-09	1.416798241185e-09
1.199000000000e-06	2.779272247837e-09	-5.449146807525e-09	1.463335363347e-09
1.199200000000e-06	2.741500983269e-09	-5.360510987493e-09	1.442911237655e-09
1.199400000000e-06	2.478984327950e-09	-5.070068129382e-09	1.625260538505e-09
1.199600000000e-06	2.692553329351e-09	-5.285899336725e-09	1.473610789175e-09
1.199800000000e-06	2.836955349649e-09	-5.392618840007e-09	1.294351503860e-09
1.200000000000e-06	2.813598844568e-09	-5.320565292652e-09	1.246878213493e-09
1.200200000000e-06	2.754612658186e-09	-5.246596237127e-09	1.281307174046e-09
1.200400000000e-06	2.765847335312e-09	-5.268071550256e-09	1.272241899459e-09
1.200600000000e-06	2.537036333334e-09	-4.997279558521e-09	1.399952312958e-09
1.200800000000e-06	2.628821623745e-09	-5.099008441824e-09	1.346110740301e-09
1.201000000000e-06	2.491614505404e-09	-5.133424795931e-09	1.719766897304e-09
1.201200000000e-06	2.621728332103e-09	-5.220515379515e-09	1.516057564164e-09
1.201400000000e-06	2.498642420325e-09	-4.901618351383e-09	1.345851770390e-09
1.201600000000e-06	2.465097428667e-09	-5.071115143238e-09	1.684180471238e-09
1.201800000000e-06	2.615360805565e-09	-4.987177653951e-09	1.198836337005e-09
1.202000000000e-06	2.412339235240e-09	-5.006820045862e-09	1.672039618289e-09
1.202200000000e-06	2.812213924256e-09	-5.414754566012e-09	1.359719253718e-09
1.202400000000e-06	2.585808102442e-09	-5.115456435030e-09	1.468792851604e-09
1.202600000000e-06	2.501605608463e-09	-4.993425603130e-09	1.481335368418e-09
1.202800000000e-06	2.712428674211e-09	-5.028156010534e-09	1.028882871303e-09
1.203000000000e-06	2.767358573309e-09	-5.443803565945e-09	1.527265087181e-09
1.203200000000e-06	2.565279628003e-09	-4.840729521582e-09	1.107588115500e-09
1.203400000000e-06	2.356311765425e-09	-4.751399028883e-09	1.441010347746e-09
1.203600000000e-06	2.616624243766e-09	-5.202378204384e-09	1.519532854677e-09
1.203800000000e-06	2.604614853791e-09	-5.154562844630e-09	1.473520792963e-09
1.204000000000e-06	2.527330625688e-09	-4.838011986786e-09	1.207139798118e-09
1.204200000000e-06	2.444398703464e-09	-4.998851386820e-09	1.567172820090e-09
1.204400000000e-06	2.669838486405e-09	-5.300229442926e-09	1.545891279514e-09
1.204600000000e-06	2.326606921712e-09	-4.722563442605e-09	1.486219537036e-09
1.204800000000e-06	2.579469586416e-09	-4.978674991588e-09	1.278245908989e-09
1.205000000000e-06	2.769185303004e-09	-5.184379585892e-09	1.177947545819e-09
1.205200000000e-06	2.465972446515e-09	-4.860031176932e-09	1.361441059162e-09
1.205400000000e-06	2.572617472674e-09	-4.821225468557e-09	1.059433274583e-09
1.205600000000e-06	2.486840899011e-09	-4.939055102323e-09	1.448968850553e-09
1.205800000000e-06	2.544298980661e-09	-4.836615767064e-09	1.166622790473e-09
1.206000000000e-06	2.405780408052e-09	-5.012508132211e-09	1.719797253425e-09
1.206200000000e-06	2.289029642068e-09	-4.454820627726e-09	1.163472971969e-09
1.206400000000e-06	2.390595863380e-09	-4.841103638484e-09	1.517001824990e-09
1.206600000000e-06	2.500829015049e-09	-4.983512321634e-09	1.459668858962e-09
1.206800000000e-06	2.412009732505e-09	-4.787620553534e-09	1.411223791490e-09
1.207000000000e-06	2.482893675642e-09	-4.879341030628e-09	1.365297703708e-09
1.207200000000e-06	2.284089954152e-09	-4.807011652604e-09	1.701468531443e-09
1.207400000000e-06	2.297083473896e-09	-4.423010496326e-09	1.137605871183e-09
1.207600000000e-06	2.314736514278e-09	-4.722680563251e-09	1.502268059658e-09
1.207800000000e-06	2.485886673233e-09	-4.878870214263e-09	1.376215120904e-09
1.208000000000e-06	2.447614316314e-09	-4.927886296357e-09	1.497058712903e-09
1.208200000000e-06	2.341363641192e-09	-4.614422132172e-09	1.286261410455e-09
1.208400000000e-06	2.309400503281e-09	-4.586507565136e-09	1.300332302093e-09
1.208600000000e-06	2.345843113035e-09	-4.464153473166e-09	1.068850783333e-09
1.208800000000e-06	2.435490947333e-09	-4.678048559372e-09	1.180470293748e-09
1.209000000000e-06	2.553970088509e-09	-4.788564956115e-09	1.066332833949e-09
1.209200000000e-06	2.320600499932e-09	-4.652288361296e-09	1.389255977329e-09
1.209400000000e-06	2.503793555982e-09	-4.808454672675e-09	1.236005020323e-09
1.209600000000e-06	2.269131213107e-09	-4.539595616328e-09	1.347088008388e-09
1.209800000000e-06	2.214486765504e-09	-4.590724356916e-09	1.559179050264e-09
1.210000000000e-06	2.486782619860e-09	-4.597928302453e-09	9.636814962684e-10
1.210200000000e-06	2.269840920693e-09	-4.549974913104e-09	1.356194489753e-09
1.210400000000e-06	2.490094601797e-09	-4.755315152215e-09	1.172987594586e-09
1.210600000000e-06	2.404270001464e-09	-4.568438586878e-09	1.079654303180e-09
1.210800000000e-06	2.260556839638e-09	-4.410409859335e-09	1.184409462737e-09
1.211000000000e-06	2.247250161534e-09	-4.562858770724e-09	1.450907845625e-09
1.211200000000e-06	2.349417291490e-09	-4.614654104976e-09	1.273958147314e-09
1.211400000000e-06	2.290100630852e-09	-4.656197925436e-09	1.454334282408e-09
1.211600000000e-06	2.158874238095e-09	-4.346281137237e-09	1.314446242012e-09
1.211800000000e-06	2.328473919896e-09	-4.422884008345e-09	1.026940244948e-09
1.212000000000e-06	2.298052167297e-09	-4.289378598213e-09	9.272634227497e-10
1.212200000000e-06	2.403518071313e-09	-4.566823361619e-09	1.098676374814e-09
1.212400000000e-06	2.267349345256e-09	-4.506681730612e-09	1.329230314027e-09
1.212600000000e-06	2.297765850693e-09	-4.576436381627e-09	1.356692253623e-09
1.212800000000e-06	2.421518835150e-09	-4.606444659011e-09	1.117505866424e-09
1.213000000000e-06	2.098689204365e-09	-4.289470238935e-09	1.381044533294e-09
1.213200000000e-06	2.220643072425e-09	-4.472173454796e-09	1.369425969440e-09
1.213400000000e-06	2.429798653751e-09	-4.550227940269e-09	1.015597350222e-09
1.213600000000e-06	2.323139447270e-09	-4.515446935438e-09	1.230385517393e-09
1.213800000000e-06	2.145946965210e-09	-4.249867033320e-09	1.187707070261e-09
1.214000000000e-06	2.159294371698e-09	-4.135918159848e-09	1.004664175162e-09
1.214200000000e-06	2.272600143641e-09	-4.483958120511e-09	1.279610793289e-09
1.214400000000e-06	2.161373895005e-09	-4.293297268597e-09	1.255536061779e-09
1.214600000000e-06	2.255476092686e-09	-4.402019494221e-09	1.216226447851e-09
1.214800000000e-06	2.365098498388e-09	-4.385974378523e-09	9.353285362335e-10
1.215000000000e-06	2.171753738723e-09	-4.245679849066e-09	1.169192420024e-09
1.215200000000e-06	2.245823087235e-09	-4.472498160283e-09	1.307905189091e-09
1.215400000000e-06	2.275393849106e-09	-4.421693333151e-09	1.203839664272e-09
1.215600000000e-06	2.307255371598e-09	-4.336516172756e-09	1.011225667431e-09
1.215800000000e-06	2.110338881634e-09	-4.080223840355e-09	1.043348532174e-09
1.216000000000e-06	2.181618058969e-09	-4.351941690363e-09	1.295238091009e-09
1.216200000000e-06	2.230816383661e-09	-4.256215496436e-09	1.067945084131e-09
1.216400000000e-06	2.192702255024e-09	-4.219023949701e-09	1.076594110279e-09
1.216600000000e-06	2.189952395496e-09	-4.129218680504e-09	9.606182946101e-10
1.216800000000e-06	2.009414365762e-09	-4.127990881446e-09	1.351966324200e-09
1.217000000000e-06	2.230718673852e-09	-4.433843999148e-09	1.311008942489e-09
1.217200000000e-06	2.204286163150e-09	-4.198197776156e-09	1.028373202048e-09
1.217400000000e-06	2.265136175149e-09	-4.360542625619e-09	1.072007359308e-09
1.217600000000e-06	2.100475732180e-09	-4.209569231015e-09	1.256149709910e-09
1.217800000000e-06	1.993223241351e-09	-4.051307386256e-09	1.294093629651e-09
1.218000000000e-06	2.101436322650e-09	-4.234713200194e-09	1.313969642384e-09
1.218200000000e-06	2.146750442927e-09	-4.246559179123e-09	1.235624066781e-09
1.218400000000e-06	2.166277080979e-09	-4.177359802959e-09	1.052226161936e-09
1.218600000000e-06	2.114287355457e-09	-4.228803944732e-09	1.269908840209e-09
1.218800000000e-06	2.036925781147e-09	-4.065167411434e-09	1.202197645797e-09
1.219000000000e-06	2.271216674054e-09	-4.161527337988e-09	8.183450839336e-10
1.219200000000e-06	1.932399606523e-09	-3.891816946586e-09	1.223254531165e-09
1.219400000000e-06	2.147346008964e-09	-4.177394058975e-09	1.123101412047e-09
1.219600000000e-06	2.087490413163e-09	-4.090695262382e-09	1.148447060452e-09
1.219800000000e-06	2.250129365595e-09	-4.163914626545e-09	8.636865969341e-10
1.220000000000e-06	2.111903400512e-09	-4.029054034661e-09	1.015979208162e-09
1.220200000000e-06	2.108106997421e-09	-3.948153313572e-09	9.147255479370e-10
1.220400000000e-06	2.189444745999e-09	-4.163988304149e-09	1.019173373850e-09
1.220600000000e-06	1.966138783150e-09	-3.967017247399e-09	1.210196076282e-09
1.220800000000e-06	2.170801035403e-09	-4.222787728375e-09	1.127226895448e-09
1.221000000000e-06	1.915825093789e-09	-3.822019698132e-09	1.129224328330e-09
1.221200000000e-06	2.154377180266e-09	-4.169592470812e-09	1.108568843877e-09
1.221400000000e-06	1.927234745826e-09	-3.900573701272e-09	1.218015504931e-09
1.221600000000e-06	1.967019506792e-09	-3.886896677377e-09	1.141912869185e-09
1.221800000000e-06	1.925199990032e-09	-3.829246109340e-09	1.123961870736e-09
1.222000000000e-06	1.941675881188e-09	-3.985655662836e-09	1.301229459159e-09
1.222200000000e-06	2.031098855257e-09	-3.953932304565e-09	1.079676007392e-09
1.222400000000e-06	2.027842889470e-09	-3.928712207176e-09	1.017472614609e-09
1.222600000000e-06	2.044284701117e-09	-3.967304935488e-09	1.065014689193e-09
1.222800000000e-06	1.916058972677e-09	-3.732194280134e-09	9.872054316657e-10
1.223000000000e-06	2.071795564136e-09	-4.013453969152e-09	1.054048141904e-09
1.223200000000e-06	2.117960094573e-09	-4.091040555163e-09	1.064415687638e-09
1.223400000000e-06	2.027492042757e-09	-3.945875505414e-09	1.066666901576e-09
1.223600000000e-06	2.055615880681e-09	-3.921963912585e-09	9.615154055346e-10
1.223800000000e-06	2.028280720695e-09	-3.967491046443e-09	1.145273456027e-09
1.224000000000e-06	2.022256192972e-09	-3.822481150872e-09	8.846326495519e-10
1.224200000000e-06	1.965075365924e-09	-3.893675479769e-09	1.115288519238e-09
1.224400000000e-06	2.024647722916e-09	-3.746576103476e-09	7.857489067694e-10
1.224600000000e-06	1.879344453408e-09	-3.814451115876e-09	1.183414476497e-09
1.224800000000e-06	2.005812331983e-09	-4.178804107183e-09	1.454685796442e-09
1.225000000000e-06	1.886929787198e-09	-3.829851049424e-09	1.177141176692e-09
1.225200000000e-06	2.064343183625e-09	-3.758829017423e-09	7.153935024442e-10
1.225400000000e-06	1.878844712094e-09	-3.608849784012e-09	9.250355822888e-10
1.225600000000e-06	1.946162370789e-09	-3.881157167907e-09	1.143191067262e-09
1.225800000000e-06	1.860099822663e-09	-3.639315841579e-09	9.989466095947e-10
1.226000000000e-06	2.060562563904e-09	-3.960024509907e-09	1.047385452543e-09
1.226200000000e-06	1.909854490663e-09	-3.755792913492e-09	1.055852711099e-09
1.226400000000e-06	1.878954353638e-09	-3.659149967958e-09	1.012014619166e-09
1.226600000000e-06	1.975358967379e-09	-3.825947969880e-09	1.005785592511e-09
1.226800000000e-06	1.838922684588e-09	-3.619965659874e-09	1.032334109237e-09
1.227000000000e-06	1.854000085091e-09	-3.730735749487e-09	1.145842792450e-09
1.227200000000e-06	1.940498086712e-09	-3.768717813116e-09	9.969006749485e-10
1.227400000000e-06	1.618123450112e-09	-3.414521492537e-09	1.198147501726e-09
1.227600000000e-06	1.903122910825e-09	-3.629579642189e-09	8.926426385418e-10
1.227800000000e-06	1.859587891203e-09	-3.622859011278e-09	1.020739406760e-09
1.228000000000e-06	1.951565856680e-09	-3.800184428805e-09	1.053447572147e-09
1.228200000000e-06	1.923705815231e-09	-3.583712863447e-09	7.805440900882e-10
1.228400000000e-06	1.785639103593e-09	-3.580733580057e-09	1.079716573445e-09
