-1.838600000000e-06	0.000000000000e+00	0.000000000000e+00	0.000000000000e+00
-1.838400000000e-06	0.000000000000e+00	0.000000000000e+00	0.000000000000e+00
-1.838200000000e-06	0.000000000000e+00	0.000000000000e+00	0.000000000000e+00
-1.838000000000e-06	0.000000000000e+00	0.000000000000e+00	0.000000000000e+00
-1.837800000000e-06	0.000000000000e+00	0.000000000000e+00	0.000000000000e+00
-1.837600000000e-06	0.000000000000e+00	0.000000000000e+00	0.000000000000e+00
-1.837400000000e-06	0.000000000000e+00	0.000000000000e+00	0.000000000000e+00
-1.837200000000e-06	0.000000000000e+00	0.000000000000e+00	0.000000000000e+00
-1.837000000000e-06	0.000000000000e+00	0.000000000000e+00	0.000000000000e+00
-1.836800000000e-06	0.000000000000e+00	0.000000000000e+00	0.000000000000e+00
-1.836600000000e-06	0.000000000000e+00	0.000000000000e+00	0.000000000000e+00
-1.836400000000e-06	0.000000000000e+00	0.000000000000e+00	0.000000000000e+00
-1.836200000000e-06	0.000000000000e+00	0.000000000000e+00	0.000000000000e+00
-1.836000000000e-06	0.000000000000e+00	0.000000000000e+00	0.000000000000e+00
-1.835800000000e-06	0.000000000000e+00	0.000000000000e+00	0.000000000000e+00
-1.835600000000e-06	0.000000000000e+00	0.000000000000e+00	0.000000000000e+00
-1.835400000000e-06	0.000000000000e+00	0.000000000000e+00	0.000000000000e+00
-1.835200000000e-06	0.000000000000e+00	0.000000000000e+00	0.000000000000e+00
-1.835000000000e-06	0.000000000000e+00	0.000000000000e+00	0.000000000000e+00
-1.834800000000e-06	0.000000000000e+00	0.000000000000e+00	0.000000000000e+00
-1.834600000000e-06	0.000000000000e+00	0.000000000000e+00	0.000000000000e+00
-1.834400000000e-06	0.000000000000e+00	0.000000000000e+00	0.000000000000e+00
-1.834200000000e-06	0.000000000000e+00	0.000000000000e+00	0.000000000000e+00
-1.834000000000e-06	0.000000000000e+00	0.000000000000e+00	0.000000000000e+00
-1.833800000000e-06	0.000000000000e+00	0.000000000000e+00	0.000000000000e+00
-1.833600000000e-06	0.000000000000e+00	0.000000000000e+00	0.000000000000e+00
-1.833400000000e-06	0.000000000000e+00	0.000000000000e+00	0.000000000000e+00
-1.833200000000e-06	0.000000000000e+00	0.000000000000e+00	0.000000000000e+00
-1.833000000000e-06	0.000000000000e+00	0.000000000000e+00	0.000000000000e+00
-1.832800000000e-06	0.000000000000e+00	0.000000000000e+00	0.000000000000e+00
-1.832600000000e-06	0.000000000000e+00	0.000000000000e+00	0.000000000000e+00
-1.832400000000e-06	0.000000000000e+00	0.000000000000e+00	0.000000000000e+00
-1.832200000000e-06	0.000000000000e+00	0.000000000000e+00	0.000000000000e+00
-1.832000000000e-06	0.000000000000e+00	0.000000000000e+00	0.000000000000e+00
-1.831800000000e-06	0.000000000000e+00	0.000000000000e+00	0.000000000000e+00
-1.831600000000e-06	0.000000000000e+00	0.000000000000e+00	0.000000000000e+00
-1.831400000000e-06	0.000000000000e+00	0.000000000000e+00	0.000000000000e+00
-1.831200000000e-06	0.000000000000e+00	0.000000000000e+00	0.000000000000e+00
-1.831000000000e-06	0.000000000000e+00	0.000000000000e+00	0.000000000000e+00
-1.830800000000e-06	0.000000000000e+00	0.000000000000e+00	0.000000000000e+00
-1.830600000000e-06	0.000000000000e+00	0.000000000000e+00	0.000000000000e+00
-1.830400000000e-06	0.000000000000e+00	0.000000000000e+00	0.000000000000e+00
-1.830200000000e-06	0.000000000000e+00	0.000000000000e+00	0.000000000000e+00
-1.830000000000e-06	0.000000000000e+00	0.000000000000e+00	0.000000000000e+00
-1.829800000000e-06	0.000000000000e+00	0.000000000000e+00	0.000000000000e+00
-1.829600000000e-06	0.000000000000e+00	0.000000000000e+00	0.000000000000e+00
-1.829400000000e-06	0.000000000000e+00	0.000000000000e+00	0.000000000000e+00
-1.829200000000e-06	0.000000000000e+00	0.000000000000e+00	0.000000000000e+00
-1.829000000000e-06	0.000000000000e+00	0.000000000000e+00	0.000000000000e+00
-1.828800000000e-06	0.000000000000e+00	0.000000000000e+00	0.000000000000e+00
-1.828600000000e-06	0.000000000000e+00	0.000000000000e+00	0.000000000000e+00
-1.828400000000e-06	0.000000000000e+00	0.000000000000e+00	0.000000000000e+00
-1.828200000000e-06	0.000000000000e+00	0.000000000000e+00	0.000000000000e+00
-1.828000000000e-06	0.000000000000e+00	0.000000000000e+00	0.000000000000e+00
-1.827800000000e-06	0.000000000000e+00	0.000000000000e+00	0.000000000000e+00
-1.827600000000e-06	0.000000000000e+00	0.000000000000e+00	0.000000000000e+00
-1.827400000000e-06	0.000000000000e+00	0.000000000000e+00	0.000000000000e+00
-1.827200000000e-06	0.000000000000e+00	0.000000000000e+00	0.000000000000e+00
-1.827000000000e-06	0.000000000000e+00	0.000000000000e+00	0.000000000000e+00
-1.826800000000e-06	0.000000000000e+00	0.000000000000e+00	0.000000000000e+00
-1.826600000000e-06	0.000000000000e+00	0.000000000000e+00	0.000000000000e+00
-1.826400000000e-06	0.000000000000e+00	0.000000000000e+00	0.000000000000e+00
-1.826200000000e-06	0.000000000000e+00	0.000000000000e+00	0.000000000000e+00
-1.826000000000e-06	0.000000000000e+00	0.000000000000e+00	0.000000000000e+00
-1.825800000000e-06	0.000000000000e+00	0.000000000000e+00	0.000000000000e+00
-1.825600000000e-06	0.000000000000e+00	0.000000000000e+00	0.000000000000e+00
-1.825400000000e-06	0.000000000000e+00	0.000000000000e+00	0.000000000000e+00
-1.825200000000e-06	0.000000000000e+00	0.000000000000e+00	0.000000000000e+00
-1.825000000000e-06	0.000000000000e+00	0.000000000000e+00	0.000000000000e+00
-1.824800000000e-06	0.000000000000e+00	0.000000000000e+00	0.000000000000e+00
-1.824600000000e-06	0.000000000000e+00	0.000000000000e+00	0.000000000000e+00
-1.824400000000e-06	0.000000000000e+00	0.000000000000e+00	0.000000000000e+00
-1.824200000000e-06	0.000000000000e+00	0.000000000000e+00	0.000000000000e+00
-1.824000000000e-06	0.000000000000e+00	0.000000000000e+00	0.000000000000e+00
-1.823800000000e-06	0.000000000000e+00	0.000000000000e+00	0.000000000000e+00
-1.823600000000e-06	0.000000000000e+00	0.000000000000e+00	0.000000000000e+00
-1.823400000000e-06	0.000000000000e+00	0.000000000000e+00	0.000000000000e+00
-1.823200000000e-06	0.000000000000e+00	0.000000000000e+00	0.000000000000e+00
-1.823000000000e-06	0.000000000000e+00	0.000000000000e+00	0.000000000000e+00
-1.822800000000e-06	1.747466663656e-15	-8.971790195375e-15	8.058005141210e-15
-1.822600000000e-06	2.185083791354e-15	-5.940829994740e-15	3.122103726023e-15
-1.822400000000e-06	-1.659328909388e-14	1.847531808165e-14	1.279347022469e-14
-1.822200000000e-06	5.319094440663e-14	-2.144081102549e-14	-8.650122812611e-14
-1.822000000000e-06	7.240126308268e-13	-6.642868937072e-13	-7.269739182976e-13
-1.821800000000e-06	-5.815721926049e-13	3.033821058837e-12	-2.874079713568e-12
-1.821600000000e-06	-1.448286715437e-12	2.202858811574e-12	3.426830325948e-13
-1.821400000000e-06	-4.705009534319e-13	1.571026186545e-12	-1.078458052365e-12
-1.821200000000e-06	1.905763962180e-11	-2.295241305657e-11	-1.357810570863e-11
-1.821000000000e-06	-3.485442367030e-12	-3.139819111467e-13	8.125770380114e-12
-1.820800000000e-06	-8.132235064840e-12	1.153261504940e-11	3.623830271742e-12
-1.820600000000e-06	5.985003748870e-12	-7.576790354468e-12	-3.897100834881e-12
-1.820400000000e-06	-1.901205745602e-12	2.493047467870e-12	7.258157452733e-13
-1.820200000000e-06	-1.757437574495e-12	-6.222570408715e-13	4.945868640037e-12
-1.820000000000e-06	-1.074332093901e-11	2.075028841260e-11	-1.570688138024e-12
-1.819800000000e-06	-1.107029782067e-13	7.398638842169e-13	-7.803671643911e-13
-1.819600000000e-06	-9.806659277535e-13	4.711419874754e-13	1.609639710281e-12
-1.819400000000e-06	-1.371381733296e-13	1.615591067461e-12	-1.646343189788e-12
-1.819200000000e-06	-1.280862589890e-11	2.196314972911e-11	-1.229320700723e-12
-1.819000000000e-06	-6.781500345936e-12	1.065407325397e-11	-2.278277272074e-13
-1.818800000000e-06	-8.627909131435e-12	4.026067778085e-11	-3.406697759167e-11
-1.818600000000e-06	-2.242499714882e-11	5.009078427157e-11	-1.743133854499e-11
-1.818400000000e-06	-4.303903610612e-11	8.134171375128e-11	-1.438692363078e-11
-1.818200000000e-06	-8.197781763420e-11	1.547218309416e-10	-2.771920205156e-11
-1.818000000000e-06	-8.224242752558e-11	1.821816983378e-10	-5.715969256737e-11
-1.817800000000e-06	-1.188083913318e-10	2.958729632326e-10	-1.315227482781e-10
-1.817600000000e-06	-3.735629651828e-10	7.247592348209e-10	-1.516476073777e-10
-1.817400000000e-06	-6.218933412120e-10	1.385889803474e-09	-4.816664788998e-10
-1.817200000000e-06	-1.052787283528e-09	2.231564499618e-09	-6.662373851391e-10
-1.817000000000e-06	-1.740647741988e-09	4.550247064641e-09	-2.246851055327e-09
-1.816800000000e-06	-2.957462942879e-09	9.481272962843e-09	-6.143817599888e-09
-1.816600000000e-06	-9.268725375356e-09	1.867313090673e-08	-4.611987990552e-09
-1.816400000000e-06	-9.689212447904e-09	1.945529301305e-08	-4.750950923566e-09
-1.816200000000e-06	-9.811965297829e-09	1.948607968512e-08	-4.532859472547e-09
-1.816000000000e-06	-9.848873779823e-09	1.964535159567e-08	-4.673644155244e-09
-1.815800000000e-06	-9.277969829122e-09	1.887019982265e-08	-4.901735388053e-09
-1.815600000000e-06	-9.957855259081e-09	1.997735838622e-08	-4.908424308072e-09
-1.815400000000e-06	-1.027490382238e-08	1.995063689874e-08	-4.206653962112e-09
-1.815200000000e-06	-1.039129201401e-08	2.043525203827e-08	-4.599946161931e-09
-1.815000000000e-06	-9.672749953670e-09	1.872108328439e-08	-3.902665483432e-09
-1.814800000000e-06	-9.165804854395e-09	1.871619306188e-08	-5.010560041491e-09
-1.814600000000e-06	-1.003734552610e-08	1.984922566498e-08	-4.634679214482e-09
-1.814400000000e-06	-9.096943014461e-09	1.839293275798e-08	-4.746709984141e-09
-1.814200000000e-06	-1.020581702793e-08	2.107764704546e-08	-5.921514769596e-09
-1.814000000000e-06	-1.077338388590e-08	2.083067112551e-08	-4.384716270290e-09
-1.813800000000e-06	-1.142112736617e-08	2.464727126330e-08	-8.056204465770e-09
-1.813600000000e-06	-1.298193524747e-08	2.792709123593e-08	-9.056926647560e-09
-1.813400000000e-06	-1.734711334505e-08	3.835829773174e-08	-1.354118711370e-08
-1.813200000000e-06	-2.552392480442e-08	4.587457445465e-08	-5.798097396963e-09
-1.813000000000e-06	-1.518935003378e-08	2.299923123931e-08	2.199793018406e-09
-1.812800000000e-06	-6.303095811752e-09	1.181045298325e-08	-2.168400960406e-09
-1.812600000000e-06	-4.927328218002e-09	8.660008981968e-09	-9.402672602607e-10
-1.812400000000e-06	-4.956332913370e-09	9.148678760523e-09	-1.553569560440e-09
-1.812200000000e-06	-3.603545768759e-09	7.531074090051e-09	-2.321858202870e-09
-1.812000000000e-06	-4.268070623030e-09	7.840445528992e-09	-1.293353424233e-09
-1.811800000000e-06	-3.971669642019e-09	6.719365762631e-09	-4.583044850766e-10
-1.811600000000e-06	-3.623754786578e-09	7.037138361990e-09	-1.609483018265e-09
-1.811400000000e-06	-3.864799849879e-09	6.983409314994e-09	-1.039662586960e-09
-1.811200000000e-06	-3.380694491247e-09	6.231294228307e-09	-1.081938447594e-09
-1.811000000000e-06	-3.130042586206e-09	6.122930125155e-09	-1.454835608407e-09
-1.810800000000e-06	-3.492981705473e-09	5.811616860671e-09	-2.536888114929e-10
-1.810600000000e-06	-4.115872776915e-09	7.965553248222e-09	-1.725830896062e-09
-1.810400000000e-06	-5.452474429648e-09	1.044056755147e-08	-2.116406828800e-09
-1.810200000000e-06	-6.450322684929e-09	1.451570814957e-08	-5.322795944907e-09
-1.810000000000e-06	-1.096391454423e-08	2.355647787554e-08	-7.461231677997e-09
-1.809800000000e-06	-1.895128176244e-08	4.285292984979e-08	-1.561634494575e-08
-1.809600000000e-06	-3.655350886680e-08	8.899291525504e-08	-3.846189689223e-08
-1.809400000000e-06	-6.914190227691e-08	1.643912813415e-07	-6.747167866964e-08
-1.809200000000e-06	-1.103434015172e-07	2.521391976741e-07	-9.439790464699e-08
-1.809000000000e-06	-1.581797323735e-07	3.356452383544e-07	-1.015663961481e-07
-1.808800000000e-06	-1.829758208155e-07	3.672531149226e-07	-9.034549850332e-08
-1.808600000000e-06	-1.828386690136e-07	3.540388524904e-07	-7.386991488526e-08
-1.808400000000e-06	-1.643667769719e-07	3.151622714842e-07	-6.301439368440e-08
-1.808200000000e-06	-1.408844725838e-07	2.683557329953e-07	-5.223628334756e-08
-1.808000000000e-06	-1.201759092060e-07	2.266179804277e-07	-4.195364003730e-08
-1.807800000000e-06	-1.056209509263e-07	1.941009175133e-07	-3.054581877643e-08
-1.807600000000e-06	-8.830052798271e-08	1.627164854419e-07	-2.649394694657e-08
-1.807400000000e-06	-7.133623236827e-08	1.335813259817e-07	-2.451308549444e-08
-1.807200000000e-06	-6.038770669600e-08	1.107995160241e-07	-1.791571462407e-08
-1.807000000000e-06	-5.174052388737e-08	9.371367941933e-08	-1.397029879327e-08
-1.806800000000e-06	-3.893651209796e-08	7.338206240635e-08	-1.452242124017e-08
-1.806600000000e-06	-3.642243765692e-08	6.425942645058e-08	-7.848779901670e-09
-1.806400000000e-06	-3.016635016225e-08	5.240634862570e-08	-5.499206642405e-09
-1.806200000000e-06	-2.311425976782e-08	4.166115597365e-08	-6.404816996246e-09
-1.806000000000e-06	-2.132557117235e-08	3.609258758056e-08	-2.853511735260e-09
-1.805800000000e-06	-2.001419914952e-08	3.289843001000e-08	-1.396223388248e-09
-1.805600000000e-06	-1.349591253509e-08	2.339689865237e-08	-2.710132775419e-09
-1.805400000000e-06	-1.273467426365e-08	2.188454452979e-08	-2.347252108695e-09
-1.805200000000e-06	-1.032251487073e-08	1.549838371983e-08	9.561377445298e-10
-1.805000000000e-06	-7.902157859018e-09	1.454450316941e-08	-2.931994913524e-09
-1.804800000000e-06	-3.861314655560e-09	7.131995823163e-09	-1.711567329555e-09
-1.804600000000e-06	-7.552012465311e-09	8.183503479827e-09	4.781276876863e-09
-1.804400000000e-06	-3.116541544828e-09	3.745172124027e-09	1.211665283569e-09
-1.804200000000e-06	-3.188446453653e-09	3.167935471548e-09	2.172976522861e-09
-1.804000000000e-06	-1.407314071103e-09	2.727929914147e-10	2.160466230522e-09
-1.803800000000e-06	1.237929303467e-10	-1.556608751575e-09	1.422578119954e-09
-1.803600000000e-06	-9.539882159088e-10	-8.280619068143e-10	2.691614857958e-09
-1.803400000000e-06	-6.451747671905e-11	-2.642482200736e-10	1.553884971380e-10
-1.803200000000e-06	1.079533431459e-09	-3.573282831996e-09	2.064027072219e-09
-1.803000000000e-06	1.247739813293e-09	-4.230708060594e-09	2.622535379784e-09
-1.802800000000e-06	1.360941405162e-09	-4.678064276275e-09	2.912221472264e-09
-1.802600000000e-06	1.583030196960e-09	-4.031878357468e-09	1.639528816862e-09
-1.802400000000e-06	2.796267937901e-09	-5.452423872151e-09	9.235497148773e-10
-1.802200000000e-06	3.372699771384e-09	-7.666253828313e-09	2.671421727390e-09
-1.802000000000e-06	3.121763974783e-09	-7.347375236439e-09	2.811739230995e-09
-1.801800000000e-06	3.382706444544e-09	-8.175416511020e-09	3.363766629676e-09
-1.801600000000e-06	2.879702805345e-09	-6.891413947550e-09	2.706362059140e-09
-1.801400000000e-06	3.678331282161e-09	-9.393048033092e-09	4.339475245168e-09
-1.801200000000e-06	3.320198764457e-09	-6.038719311615e-09	6.821881358166e-10
-1.801000000000e-06	4.557342607266e-09	-8.394926046659e-09	1.144012472823e-09
-1.800800000000e-06	4.746030969063e-09	-7.905992952549e-09	1.355397453452e-10
-1.800600000000e-06	4.550708595968e-09	-8.797990757467e-09	1.700179399791e-09
-1.800400000000e-06	3.496530929883e-09	-7.742304641889e-09	2.586773874446e-09
-1.800200000000e-06	4.418549033057e-09	-1.037783850877e-08	4.151327961297e-09
-1.800000000000e-06	3.847649253028e-09	-8.132868325909e-09	2.350790141466e-09
-1.799800000000e-06	4.576951954308e-09	-9.003233573212e-09	1.961938224455e-09
-1.799600000000e-06	4.919808604470e-09	-9.859791514416e-09	2.417329216476e-09
-1.799400000000e-06	4.133081482245e-09	-8.298477251842e-09	2.026433189172e-09
-1.799200000000e-06	4.407785665855e-09	-8.949059007086e-09	2.265601961150e-09
-1.799000000000e-06	5.150896484627e-09	-1.011406539614e-08	2.226676870184e-09
-1.798800000000e-06	5.103243259104e-09	-9.512929921520e-09	1.556644484570e-09
-1.798600000000e-06	4.652587311733e-09	-9.829037817989e-09	2.941555388350e-09
-1.798400000000e-06	5.006084390835e-09	-9.700959649514e-09	2.065281392460e-09
-1.798200000000e-06	4.779716534845e-09	-9.481655381186e-09	2.219963561138e-09
-1.798000000000e-06	4.745804131516e-09	-9.189847710902e-09	1.948836062804e-09
-1.797800000000e-06	5.064602292143e-09	-1.047573629296e-08	2.920675653332e-09
-1.797600000000e-06	3.614436577577e-09	-7.776516513941e-09	2.496379790331e-09
-1.797400000000e-06	5.014891871635e-09	-9.576224230511e-09	1.893290931023e-09
-1.797200000000e-06	4.769666859676e-09	-1.026626474388e-08	3.326914750804e-09
-1.797000000000e-06	5.964800733255e-09	-1.051823464285e-08	1.106355337988e-09
-1.796800000000e-06	4.635084975462e-09	-8.516283660470e-09	1.257279431970e-09
-1.796600000000e-06	4.959229939647e-09	-9.627076320064e-09	2.060192606200e-09
-1.796400000000e-06	4.667442234708e-09	-9.298069240906e-09	2.311041965086e-09
-1.796200000000e-06	3.670242511366e-09	-8.690766679740e-09	3.613688433772e-09
-1.796000000000e-06	5.467597920769e-09	-9.867135183203e-09	1.321728596227e-09
-1.795800000000e-06	5.309578662021e-09	-1.109195888872e-08	3.300533457248e-09
-1.795600000000e-06	4.691294693917e-09	-8.330070898139e-09	9.728483876143e-10
-1.795400000000e-06	4.634393356283e-09	-8.808630857580e-09	1.627764469625e-09
-1.795200000000e-06	4.577367154841e-09	-9.124737351129e-09	2.233285482623e-09
-1.795000000000e-06	4.704835854272e-09	-9.327549089036e-09	2.274453611431e-09
-1.794800000000e-06	4.713920771462e-09	-9.268374921061e-09	2.112702520051e-09
-1.794600000000e-06	5.557070588164e-09	-9.759011444866e-09	9.641510120297e-10
-1.794400000000e-06	5.240585250169e-09	-9.721784597450e-09	1.663043823703e-09
-1.794200000000e-06	3.840915265641e-09	-7.926645131135e-09	2.245617236766e-09
-1.794000000000e-06	4.254484303790e-09	-9.056674079365e-09	2.884619356070e-09
-1.793800000000e-06	4.345916050802e-09	-8.462011745165e-09	1.831894182529e-09
-1.793600000000e-06	4.699624858403e-09	-9.761695764828e-09	2.891306129908e-09
-1.793400000000e-06	5.328900073767e-09	-9.638742819330e-09	1.349706224216e-09
-1.793200000000e-06	4.356270656381e-09	-8.135076932530e-09	1.449791533699e-09
-1.793000000000e-06	5.579468187628e-09	-9.544027824262e-09	7.155980738286e-10
-1.792800000000e-06	4.536558404715e-09	-9.078533992066e-09	2.313225351364e-09
-1.792600000000e-06	4.298559804147e-09	-8.583258836338e-09	2.123095910997e-09
-1.792400000000e-06	4.250315415018e-09	-8.838095104013e-09	2.570584094568e-09
-1.792200000000e-06	4.241465119971e-09	-8.307052919585e-09	1.896349095817e-09
-1.792000000000e-06	5.587724372058e-09	-9.762783380748e-09	1.001825818893e-09
-1.791800000000e-06	4.857321429868e-09	-8.967139195367e-09	1.446412070672e-09
-1.791600000000e-06	4.250422122899e-09	-8.658967927192e-09	2.361111672419e-09
-1.791400000000e-06	4.693448505297e-09	-8.870423603055e-09	1.714869589117e-09
-1.791200000000e-06	4.674837168250e-09	-8.985338771502e-09	1.929248621662e-09
-1.791000000000e-06	4.775170473885e-09	-9.305319002973e-09	2.096394733211e-09
-1.790800000000e-06	4.295532368070e-09	-8.617493488992e-09	2.195385165326e-09
-1.790600000000e-06	5.470283535402e-09	-9.960156773496e-09	1.520561860661e-09
-1.790400000000e-06	3.971664794814e-09	-7.453292201324e-09	1.346396564523e-09
-1.790200000000e-06	4.262938108937e-09	-8.049022866092e-09	1.582227533617e-09
-1.790000000000e-06	4.916957504503e-09	-9.237278429045e-09	1.745284099415e-09
-1.789800000000e-06	4.857377955512e-09	-9.294438474360e-09	1.922726873851e-09
-1.789600000000e-06	3.860994003231e-09	-7.754088871365e-09	1.995951956537e-09
-1.789400000000e-06	4.276423787468e-09	-8.490104088365e-09	2.109861681472e-09
-1.789200000000e-06	5.010175819449e-09	-8.688614740129e-09	8.255516005520e-10
-1.789000000000e-06	4.870887697633e-09	-9.384401364768e-09	2.018865590966e-09
-1.788800000000e-06	5.129457239252e-09	-8.724657262603e-09	6.379029314728e-10
-1.788600000000e-06	4.488837731077e-09	-8.642583927774e-09	1.799016209763e-09
-1.788400000000e-06	5.037637407739e-09	-9.156431395743e-09	1.421457724296e-09
-1.788200000000e-06	3.766832562010e-09	-7.510769529310e-09	1.837954461467e-09
-1.788000000000e-06	4.454874582798e-09	-8.418587939582e-09	1.583931897666e-09
-1.787800000000e-06	4.188610456657e-09	-8.660403152847e-09	2.526628096806e-09
-1.787600000000e-06	4.335888141149e-09	-8.870576472565e-09	2.477860444173e-09
-1.787400000000e-06	4.456913663229e-09	-8.771432585614e-09	2.115720043745e-09
-1.787200000000e-06	4.696198517172e-09	-8.344694766807e-09	1.023467544140e-09
-1.787000000000e-06	4.658157035270e-09	-9.307663696360e-09	2.390329256182e-09
-1.786800000000e-06	4.488197018086e-09	-8.353206324468e-09	1.472412435038e-09
-1.786600000000e-06	4.335870634264e-09	-7.921029180384e-09	1.251976231189e-09
-1.786400000000e-06	4.186997600823e-09	-7.716165189210e-09	1.255208187791e-09
-1.786200000000e-06	4.291906399998e-09	-7.374560570019e-09	6.090382808376e-10
-1.786000000000e-06	4.496842395225e-09	-8.753233896759e-09	2.003192392293e-09
-1.785800000000e-06	3.776141863137e-09	-7.632881074804e-09	2.044050754862e-09
-1.785600000000e-06	3.859678837082e-09	-7.807661512342e-09	2.106997664898e-09
-1.785400000000e-06	4.815426586853e-09	-8.593184192623e-09	1.158413177683e-09
-1.785200000000e-06	4.126322320778e-09	-8.237230050995e-09	2.114245739006e-09
-1.785000000000e-06	4.647712318718e-09	-8.948721505991e-09	1.957927382170e-09
-1.784800000000e-06	4.738033855032e-09	-8.200013293375e-09	7.323165778620e-10
-1.784600000000e-06	3.698131833519e-09	-7.065396956808e-09	1.441214720396e-09
-1.784400000000e-06	4.270849620166e-09	-8.785486015080e-09	2.452634788559e-09
-1.784200000000e-06	4.485543815488e-09	-7.905504369364e-09	9.170065147521e-10
-1.784000000000e-06	4.167640646206e-09	-8.306079922619e-09	2.121617819795e-09
-1.783800000000e-06	4.569218415587e-09	-8.519143531591e-09	1.548094606419e-09
-1.783600000000e-06	4.215224835253e-09	-7.488083567332e-09	9.349754717545e-10
-1.783400000000e-06	4.409608078404e-09	-8.304694477040e-09	1.606288633949e-09
-1.783200000000e-06	4.220313522153e-09	-7.921454947069e-09	1.535011028190e-09
-1.783000000000e-06	3.799439668190e-09	-7.590075651262e-09	1.928160706340e-09
-1.782800000000e-06	4.205292391206e-09	-7.879723498921e-09	1.453690739771e-09
-1.782600000000e-06	4.035279331135e-09	-7.811136515039e-09	1.764577207517e-09
-1.782400000000e-06	4.204901265056e-09	-8.138685244789e-09	1.813034488532e-09
-1.782200000000e-06	3.786118801136e-09	-7.414797761173e-09	1.712305441124e-09
-1.782000000000e-06	4.340188069075e-09	-7.947890424911e-09	1.324927403839e-09
-1.781800000000e-06	4.262356047918e-09	-8.011475758254e-09	1.530559292994e-09
-1.781600000000e-06	3.791113788341e-09	-6.981110276781e-09	1.165438697002e-09
-1.781400000000e-06	3.486087526806e-09	-7.621194475413e-09	2.666972885519e-09
-1.781200000000e-06	4.109063336811e-09	-7.748472222833e-09	1.459953338054e-09
-1.781000000000e-06	3.851351555530e-09	-7.790851760824e-09	2.127396571597e-09
-1.780800000000e-06	3.846812243616e-09	-7.517728278156e-09	1.747486753199e-09
-1.780600000000e-06	4.199118925046e-09	-7.652202156919e-09	1.186572308672e-09
-1.780400000000e-06	3.728166350806e-09	-7.381903897309e-09	1.835358812346e-09
-1.780200000000e-06	4.158460218442e-09	-8.252778825046e-09	2.111201038028e-09
-1.780000000000e-06	3.602262303787e-09	-6.805595620807e-09	1.324083652564e-09
-1.779800000000e-06	3.939249364649e-09	-7.604075905158e-09	1.723271253795e-09
-1.779600000000e-06	3.412256310211e-09	-7.075270695340e-09	2.099969027050e-09
-1.779400000000e-06	3.904518186638e-09	-7.396987333540e-09	1.503139709242e-09
-1.779200000000e-06	3.789871850312e-09	-7.965846747144e-09	2.451610714764e-09
-1.779000000000e-06	4.001428208385e-09	-7.610818843304e-09	1.531366787979e-09
-1.778800000000e-06	3.970032648773e-09	-7.220157240088e-09	1.130037791889e-09
-1.778600000000e-06	3.727138562939e-09	-7.515411052883e-09	2.009019228967e-09
-1.778400000000e-06	3.665996676036e-09	-7.415337093396e-09	2.032062699510e-09
-1.778200000000e-06	4.328941732421e-09	-8.113739618088e-09	1.556340753412e-09
-1.778000000000e-06	4.071941860965e-09	-7.690738947599e-09	1.510675985353e-09
-1.777800000000e-06	3.933016902555e-09	-6.904680381090e-09	7.752298173977e-10
-1.777600000000e-06	3.840914822233e-09	-7.343035100016e-09	1.524330556370e-09
-1.777400000000e-06	3.464629194543e-09	-7.052022690045e-09	1.953080669475e-09
-1.777200000000e-06	4.012906771334e-09	-7.239992382320e-09	1.061863707273e-09
-1.777000000000e-06	3.588074887563e-09	-6.905185037247e-09	1.498641720286e-09
-1.776800000000e-06	3.605069303971e-09	-7.008653933289e-09	1.629339596733e-09
-1.776600000000e-06	4.058206022365e-09	-7.717470294342e-09	1.592351765842e-09
-1.776400000000e-06	3.563609895063e-09	-7.111038148960e-09	1.872892015918e-09
-1.776200000000e-06	3.433380729304e-09	-6.570000765994e-09	1.393382950495e-09
-1.776000000000e-06	3.799381220649e-09	-7.331958894574e-09	1.616219061582e-09
-1.775800000000e-06	3.805560666969e-09	-7.126127983203e-09	1.367406927540e-09
-1.775600000000e-06	3.505666186028e-09	-6.503162509898e-09	1.142159209553e-09
-1.775400000000e-06	3.720070733019e-09	-7.084189449707e-09	1.437893335317e-09
-1.775200000000e-06	3.675419918558e-09	-7.014491934453e-09	1.518944624873e-09
-1.775000000000e-06	3.648373299065e-09	-7.215179266031e-09	1.824436409623e-09
-1.774800000000e-06	3.563176900546e-09	-6.758089598695e-09	1.377218684810e-09
-1.774600000000e-06	3.321090835178e-09	-6.811256360758e-09	1.978262312282e-09
-1.774400000000e-06	3.729446610253e-09	-7.123080678361e-09	1.508164591482e-09
-1.774200000000e-06	3.817345895175e-09	-6.912077090907e-09	1.052344112919e-09
-1.774000000000e-06	3.439055647717e-09	-6.925734880140e-09	1.881963938364e-09
-1.773800000000e-06	4.132721064439e-09	-7.161577855445e-09	7.176024189106e-10
-1.773600000000e-06	3.888233631300e-09	-6.797759350365e-09	7.281534018140e-10
-1.773400000000e-06	3.581781483638e-09	-7.026744941254e-09	1.702672107818e-09
-1.773200000000e-06	3.532716213624e-09	-6.853972644721e-09	1.564289589587e-09
-1.773000000000e-06	3.433706154290e-09	-6.587438600740e-09	1.416576756270e-09
-1.772800000000e-06	3.538380337307e-09	-7.087000634004e-09	1.864629848802e-09
-1.772600000000e-06	3.708730876474e-09	-7.085847100539e-09	1.477417781437e-09
-1.772400000000e-06	3.777528642361e-09	-6.865265695278e-09	1.102186195111e-09
-1.772200000000e-06	3.590059451032e-09	-6.797534409423e-09	1.376218948664e-09
-1.772000000000e-06	3.573138272982e-09	-6.377437955668e-09	8.394504224068e-10
-1.771800000000e-06	3.158434405809e-09	-6.369241895248e-09	1.710968087621e-09
-1.771600000000e-06	3.580020575061e-09	-7.095897961846e-09	1.800916390951e-09
-1.771400000000e-06	3.525837303333e-09	-6.619584009015e-09	1.267889488516e-09
-1.771200000000e-06	3.602547592466e-09	-6.905468777980e-09	1.539839655086e-09
-1.771000000000e-06	3.242234965085e-09	-6.531827405445e-09	1.755930691622e-09
-1.770800000000e-06	3.724566221795e-09	-7.031946586815e-09	1.408942914024e-09
-1.770600000000e-06	3.489208182846e-09	-6.823145092363e-09	1.640442079251e-09
-1.770400000000e-06	3.516421962169e-09	-6.791470221726e-09	1.484055220510e-09
-1.770200000000e-06	3.321417236546e-09	-6.204691893739e-09	1.205043677628e-09
-1.770000000000e-06	3.395482610507e-09	-6.497715916054e-09	1.395600601699e-09
-1.769800000000e-06	3.318596997000e-09	-6.479011597378e-09	1.494515402934e-09
-1.769600000000e-06	3.029880034923e-09	-5.992578333290e-09	1.482240129609e-09
-1.769400000000e-06	3.417657867106e-09	-6.408055195820e-09	1.249808527124e-09
-1.769200000000e-06	3.353969109101e-09	-6.434110593768e-09	1.405849670754e-09
-1.769000000000e-06	3.380530114930e-09	-6.214520911808e-09	1.047810881417e-09
-1.768800000000e-06	3.482192060727e-09	-6.845266180696e-09	1.690516442079e-09
-1.768600000000e-06	3.165331954898e-09	-5.961239021352e-09	1.162471172577e-09
-1.768400000000e-06	3.630886974062e-09	-6.381659975861e-09	7.642548466918e-10
-1.768200000000e-06	2.936582687840e-09	-5.854214013501e-09	1.478366421745e-09
-1.768000000000e-06	3.083254873410e-09	-6.116600907037e-09	1.551904780687e-09
-1.767800000000e-06	3.219522493345e-09	-6.362892114717e-09	1.566272946658e-09
-1.767600000000e-06	3.332496213242e-09	-6.363041408381e-09	1.359206320531e-09
-1.767400000000e-06	3.514054341648e-09	-6.498602143676e-09	1.190129666997e-09
-1.767200000000e-06	3.433591570146e-09	-6.465297894305e-09	1.270944373403e-09
-1.767000000000e-06	3.303341311503e-09	-6.344163444855e-09	1.389909498131e-09
-1.766800000000e-06	2.949605339995e-09	-5.950330274432e-09	1.583615181601e-09
-1.766600000000e-06	3.272619055505e-09	-6.310479522527e-09	1.409539078075e-09
-1.766400000000e-06	3.317690865398e-09	-6.464534748517e-09	1.490078416407e-09
-1.766200000000e-06	3.183674896895e-09	-6.184122858381e-09	1.410911798641e-09
-1.766000000000e-06	3.245970382231e-09	-6.210519028037e-09	1.323130427801e-09
-1.765800000000e-06	3.336208213025e-09	-6.303711813773e-09	1.266819591722e-09
-1.765600000000e-06	3.229444476935e-09	-6.201194605325e-09	1.383051898553e-09
-1.765400000000e-06	3.004666568613e-09	-5.905915792875e-09	1.433073678452e-09
-1.765200000000e-06	2.993631910627e-09	-5.900634198269e-09	1.468644529603e-09
-1.765000000000e-06	3.275542399611e-09	-6.030189653444e-09	1.029462368425e-09
-1.764800000000e-06	3.227042861538e-09	-6.160518186877e-09	1.302304785958e-09
-1.764600000000e-06	3.045199581873e-09	-5.861434159852e-09	1.314265024249e-09
-1.764400000000e-06	3.159169606079e-09	-5.983426182909e-09	1.232203665941e-09
-1.764200000000e-06	3.211276512886e-09	-5.815357447268e-09	8.487755379798e-10
-1.764000000000e-06	3.304192520558e-09	-6.426030368986e-09	1.518620695366e-09
-1.763800000000e-06	3.265028909739e-09	-6.323506849326e-09	1.461107716351e-09
-1.763600000000e-06	3.010831808521e-09	-5.657291936593e-09	1.119003761336e-09
-1.763400000000e-06	2.986302063668e-09	-6.059246182053e-09	1.674602409624e-09
-1.763200000000e-06	2.992994140210e-09	-5.817625666827e-09	1.322271839685e-09
-1.763000000000e-06	3.202319204066e-09	-6.168969652972e-09	1.401494436955e-09
-1.762800000000e-06	3.063163015196e-09	-5.850787846090e-09	1.235028576985e-09
-1.762600000000e-06	3.014825742018e-09	-5.753778922312e-09	1.187108432326e-09
-1.762400000000e-06	2.832451757987e-09	-5.742301559633e-09	1.592318013484e-09
-1.762200000000e-06	2.965256818983e-09	-5.309643662088e-09	7.006138934493e-10
-1.762000000000e-06	2.882259878212e-09	-5.753834261477e-09	1.512765917501e-09
-1.761800000000e-06	2.803950698047e-09	-5.633564256921e-09	1.496739705636e-09
-1.761600000000e-06	2.999966326889e-09	-5.804197512720e-09	1.297764906784e-09
-1.761400000000e-06	3.076155626524e-09	-5.866566741656e-09	1.252418927223e-09
-1.761200000000e-06	2.961432957277e-09	-5.643983434360e-09	1.235390802101e-09
-1.761000000000e-06	3.037385500509e-09	-5.625328844292e-09	1.000293141588e-09
-1.760800000000e-06	2.816453769592e-09	-5.440785197374e-09	1.251620294852e-09
-1.760600000000e-06	3.032534062811e-09	-5.817787367160e-09	1.239214967116e-09
-1.760400000000e-06	2.882280008645e-09	-5.745902229537e-09	1.500947162246e-09
-1.760200000000e-06	2.819718619639e-09	-5.614356747628e-09	1.454393164006e-09
-1.760000000000e-06	3.005995639428e-09	-5.600928082393e-09	1.010634225533e-09
-1.759800000000e-06	3.297066243211e-09	-6.080112004532e-09	1.067719254509e-09
-1.759600000000e-06	2.930314735158e-09	-5.447000444478e-09	1.010521437761e-09
-1.759400000000e-06	3.083198069038e-09	-5.657681918894e-09	9.791248173510e-10
-1.759200000000e-06	2.938188130604e-09	-5.747226266854e-09	1.378848924344e-09
-1.759000000000e-06	2.999212077896e-09	-5.684198302494e-09	1.148795541676e-09
-1.758800000000e-06	2.958327642170e-09	-5.523339948901e-09	1.056085656257e-09
-1.758600000000e-06	2.845046919185e-09	-5.493076713420e-09	1.230653475380e-09
-1.758400000000e-06	2.953334121772e-09	-5.685671753850e-09	1.275407929863e-09
-1.758200000000e-06	2.754348848619e-09	-5.563543394733e-09	1.517899335369e-09
-1.758000000000e-06	2.792418435835e-09	-5.405985334795e-09	1.212359465759e-09
-1.757800000000e-06	2.803612907659e-09	-5.339134806106e-09	1.113731350400e-09
-1.757600000000e-06	2.847045646852e-09	-5.495103837157e-09	1.257317493780e-09
-1.757400000000e-06	2.749388096857e-09	-5.330606836307e-09	1.257000708339e-09
-1.757200000000e-06	2.981317414484e-09	-5.795734404726e-09	1.402473615755e-09
-1.757000000000e-06	2.673988861182e-09	-5.396076546539e-09	1.480304615117e-09
-1.756800000000e-06	2.767686853752e-09	-5.332020153201e-09	1.119470000484e-09
-1.756600000000e-06	2.666699771354e-09	-5.251207990821e-09	1.281905886644e-09
-1.756400000000e-06	2.750514066327e-09	-5.282342426923e-09	1.176319198531e-09
-1.756200000000e-06	2.863937836584e-09	-5.374837885162e-09	1.064541260709e-09
-1.756000000000e-06	2.656393722974e-09	-5.140784553938e-09	1.186043004561e-09
-1.755800000000e-06	2.610642991937e-09	-5.108821962810e-09	1.236067659086e-09
-1.755600000000e-06	2.646800302994e-09	-5.443378144839e-09	1.625352888073e-09
-1.755400000000e-06	2.768198195530e-09	-5.229105404891e-09	1.056860904474e-09
-1.755200000000e-06	2.669595925441e-09	-5.305560711829e-09	1.325872685977e-09
-1.755000000000e-06	2.692143318773e-09	-5.491296415313e-09	1.531600073426e-09
-1.754800000000e-06	2.835217659849e-09	-5.501626763143e-09	1.281737190679e-09
-1.754600000000e-06	2.552998560983e-09	-5.109510411828e-09	1.297106615749e-09
-1.754400000000e-06	2.625935161107e-09	-5.035215799756e-09	1.112448201091e-09
-1.754200000000e-06	2.821588610655e-09	-5.336500304419e-09	1.119052520451e-09
-1.754000000000e-06	2.460390854523e-09	-4.949815043764e-09	1.342929834105e-09
-1.753800000000e-06	2.957831958394e-09	-5.529220619244e-09	1.074271690116e-09
-1.753600000000e-06	2.623353091406e-09	-5.079403522555e-09	1.178314609576e-09
-1.753400000000e-06	2.537188385247e-09	-4.972937774822e-09	1.214934417860e-09
-1.753200000000e-06	2.642726415679e-09	-5.035779282629e-09	1.062479645272e-09
-1.753000000000e-06	2.812604561655e-09	-5.372989699165e-09	1.130472053479e-09
-1.752800000000e-06	2.600106808656e-09	-5.007699355416e-09	1.132486553000e-09
-1.752600000000e-06	2.643481404504e-09	-5.227338928073e-09	1.299551444396e-09
-1.752400000000e-06	2.568292376944e-09	-5.240822458062e-09	1.491333896646e-09
-1.752200000000e-06	2.463997708223e-09	-5.012054348256e-09	1.406889482688e-09
-1.752000000000e-06	2.507789382714e-09	-4.926694559139e-09	1.210861710565e-09
-1.751800000000e-06	2.986848695930e-09	-5.227038323245e-09	6.159551758267e-10
-1.751600000000e-06	2.640354129847e-09	-5.288933006890e-09	1.434618097590e-09
-1.751400000000e-06	2.475779380097e-09	-5.003666223570e-09	1.351111371009e-09
-1.751200000000e-06	2.504308779095e-09	-4.855270917834e-09	1.115385434424e-09
-1.751000000000e-06	2.553281443166e-09	-4.969850055610e-09	1.159424733840e-09
-1.750800000000e-06	2.633940757369e-09	-4.961297431211e-09	9.748594802877e-10
-1.750600000000e-06	2.550249334253e-09	-4.955325615683e-09	1.178494654694e-09
-1.750400000000e-06	2.626948026777e-09	-4.713638695996e-09	6.550334280887e-10
-1.750200000000e-06	2.653159995362e-09	-5.079602294224e-09	1.130709429172e-09
-1.750000000000e-06	2.624978399818e-09	-5.115924318522e-09	1.206352974359e-09
-1.749800000000e-06	2.589744962179e-09	-4.738355841773e-09	7.823965849500e-10
-1.749600000000e-06	2.457233588357e-09	-4.849814060888e-09	1.191795499907e-09
-1.749400000000e-06	2.534969920840e-09	-4.968860600083e-09	1.213094360693e-09
-1.749200000000e-06	2.586465164996e-09	-5.015409814350e-09	1.179498045910e-09
-1.749000000000e-06	2.867040815129e-09	-5.122852003343e-09	7.073707585722e-10
-1.748800000000e-06	2.416686296766e-09	-4.721000712240e-09	1.140001911954e-09
-1.748600000000e-06	2.512363785420e-09	-4.805358817088e-09	1.062447338008e-09
-1.748400000000e-06	2.603151811176e-09	-4.638871010524e-09	6.483479403440e-10
-1.748200000000e-06	2.453695658062e-09	-4.737750473844e-09	1.058754535171e-09
-1.748000000000e-06	2.335899668491e-09	-4.660452956135e-09	1.205257237855e-09
-1.747800000000e-06	2.682407793759e-09	-4.998414452524e-09	9.626311587114e-10
-1.747600000000e-06	2.316403455752e-09	-4.654616669303e-09	1.229005684769e-09
-1.747400000000e-06	2.415253485770e-09	-4.797679308491e-09	1.230173734526e-09
-1.747200000000e-06	2.386216021961e-09	-4.642788156232e-09	1.071675535062e-09
-1.747000000000e-06	2.472359500107e-09	-4.893585787463e-09	1.289118931870e-09
-1.746800000000e-06	2.497667265748e-09	-4.756073949495e-09	1.033307293946e-09
-1.746600000000e-06	2.631458039391e-09	-4.791822700561e-09	7.860693020199e-10
-1.746400000000e-06	2.360297747223e-09	-4.712135213719e-09	1.228434836151e-09
-1.746200000000e-06	2.301442876314e-09	-4.927618967334e-09	1.616762074024e-09
-1.746000000000e-06	2.364178764687e-09	-4.768604902244e-09	1.289045477970e-09
-1.745800000000e-06	2.386619670797e-09	-4.757000281356e-09	1.235640811544e-09
-1.745600000000e-06	2.454369182088e-09	-4.481187752074e-09	7.481233540948e-10
-1.745400000000e-06	2.438645762322e-09	-4.781483018955e-09	1.140073707155e-09
-1.745200000000e-06	2.264812903510e-09	-4.467807675494e-09	1.129557456605e-09
-1.745000000000e-06	2.650078444545e-09	-5.049067507068e-09	1.039844191940e-09
-1.744800000000e-06	2.358845724939e-09	-4.496860866357e-09	9.689177258432e-10
-1.744600000000e-06	2.466781904790e-09	-4.684364726846e-09	9.914783491728e-10
-1.744400000000e-06	2.137193503727e-09	-4.374788237561e-09	1.275346140511e-09
-1.744200000000e-06	2.352062714625e-09	-4.544494497810e-09	1.034587282721e-09
-1.744000000000e-06	2.518994755398e-09	-4.666703685639e-09	8.433775904196e-10
-1.743800000000e-06	2.321466168660e-09	-4.470374374377e-09	9.773284616862e-10
-1.743600000000e-06	2.398425343447e-09	-4.465930352053e-09	8.583447525650e-10
-1.743400000000e-06	2.399390789557e-09	-4.674864185935e-09	1.111640533459e-09
-1.743200000000e-06	2.241561125263e-09	-4.494958207003e-09	1.160768311183e-09
-1.743000000000e-06	2.497668091431e-09	-4.575817883426e-09	7.776549161953e-10
-1.742800000000e-06	2.329638054938e-09	-4.425062329239e-09	9.539173812661e-10
-1.742600000000e-06	2.359482871974e-09	-4.512037557173e-09	9.938292763517e-10
-1.742400000000e-06	2.404349467687e-09	-4.565313128964e-09	9.670494895731e-10
-1.742200000000e-06	2.316182344817e-09	-4.432098890040e-09	9.344837541715e-10
-1.742000000000e-06	2.276846825156e-09	-4.563595788327e-09	1.210029392712e-09
-1.741800000000e-06	2.381111679462e-09	-4.572444222495e-09	1.014548191694e-09
-1.741600000000e-06	2.494508408481e-09	-4.547442227804e-09	7.416090363174e-10
-1.741400000000e-06	2.194949985609e-09	-4.399371379320e-09	1.144183798689e-09
-1.741200000000e-06	2.456441537227e-09	-4.606411744563e-09	9.499458653773e-10
-1.741000000000e-06	2.261239686678e-09	-4.302811753801e-09	9.184076223865e-10
-1.740800000000e-06	2.115242528730e-09	-4.281638287806e-09	1.196034534303e-09
-1.740600000000e-06	2.260010437575e-09	-4.371969607319e-09	1.014561586054e-09
-1.740400000000e-06	2.334225910095e-09	-4.425926715604e-09	9.240722982616e-10
-1.740200000000e-06	2.283530007788e-09	-4.483771948250e-09	1.085879806916e-09
-1.740000000000e-06	2.241420970566e-09	-4.274267721252e-09	9.110043407391e-10
-1.739800000000e-06	2.291367465855e-09	-4.389190066039e-09	9.544117460258e-10
-1.739600000000e-06	2.405866872039e-09	-4.428992728437e-09	7.619531818488e-10
-1.739400000000e-06	2.112210541615e-09	-4.067012457290e-09	9.006962273560e-10
-1.739200000000e-06	2.170911322398e-09	-4.380960039354e-09	1.192938310003e-09
-1.739000000000e-06	2.184755380709e-09	-4.250748046308e-09	1.004638442102e-09
-1.738800000000e-06	2.186091966860e-09	-4.037372015948e-09	7.434902250485e-10
-1.738600000000e-06	2.206753592513e-09	-4.224663433928e-09	9.210217945003e-10
-1.738400000000e-06	2.222111532875e-09	-4.318263477860e-09	1.002038615476e-09
-1.738200000000e-06	2.246482463702e-09	-4.428566854157e-09	1.102466571974e-09
-1.738000000000e-06	2.418925862480e-09	-4.481403972642e-09	8.491472412768e-10
-1.737800000000e-06	2.260011725362e-09	-4.507327629552e-09	1.180913054378e-09
-1.737600000000e-06	2.222076636638e-09	-4.195571142616e-09	8.373260266993e-10
-1.737400000000e-06	2.332069275545e-09	-4.254524469717e-09	7.198943343805e-10
-1.737200000000e-06	2.144262088854e-09	-4.136759297738e-09	9.026299063365e-10
-1.737000000000e-06	2.321893212764e-09	-4.186948470501e-09	6.419769301616e-10
-1.736800000000e-06	2.230189580149e-09	-4.390893547283e-09	1.163695398479e-09
-1.736600000000e-06	2.094480174696e-09	-4.145368907093e-09	1.053438170405e-09
-1.736400000000e-06	2.013220857123e-09	-4.131639238476e-09	1.211495687606e-09
-1.736200000000e-06	2.101262891451e-09	-3.993566326329e-09	8.464525199606e-10
-1.736000000000e-06	2.157215321668e-09	-4.269893529651e-09	1.130759332117e-09
-1.735800000000e-06	1.970737970026e-09	-3.988687628915e-09	1.080305373346e-09
-1.735600000000e-06	1.903796339378e-09	-3.766571863957e-09	9.107429410206e-10
-1.735400000000e-06	2.173345298748e-09	-4.230953493528e-09	1.005803003550e-09
-1.735200000000e-06	1.920729034032e-09	-4.190225549343e-09	1.436985953028e-09
-1.735000000000e-06	2.111495822683e-09	-3.903918464524e-09	6.738504474273e-10
-1.734800000000e-06	1.836534982243e-09	-3.799162186278e-09	1.140226368464e-09
-1.734600000000e-06	1.957251032587e-09	-4.041458219308e-09	1.193428043846e-09
-1.734400000000e-06	2.080138274756e-09	-3.976877336670e-09	8.719968581787e-10
-1.734200000000e-06	2.178740601187e-09	-4.145662893900e-09	8.767333622711e-10
-1.734000000000e-06	2.199515265161e-09	-4.321311656990e-09	1.054760602325e-09
-1.733800000000e-06	2.141885812075e-09	-4.160045108918e-09	9.770640626252e-10
-1.733600000000e-06	2.193333785260e-09	-4.021323680097e-09	6.793590016657e-10
-1.733400000000e-06	2.029134957188e-09	-3.973040925281e-09	9.420830054203e-10
-1.733200000000e-06	1.864109929242e-09	-3.782978852785e-09	1.049065780264e-09
-1.733000000000e-06	2.048100375570e-09	-3.971587197036e-09	9.020932817987e-10
-1.732800000000e-06	2.050383825551e-09	-4.034939904406e-09	1.030871762664e-09
-1.732600000000e-06	1.897752016394e-09	-3.627938387529e-09	7.852807118608e-10
-1.732400000000e-06	2.070831209989e-09	-4.054915690917e-09	9.833069191801e-10
-1.732200000000e-06	2.249740065262e-09	-4.079640665030e-09	6.399621074408e-10
-1.732000000000e-06	2.143868921152e-09	-3.942456403774e-09	6.891583605143e-10
-1.731800000000e-06	1.948534542407e-09	-3.812583980048e-09	9.167201147031e-10
-1.731600000000e-06	2.052208916003e-09	-4.164303298505e-09	1.173487774223e-09
-1.731400000000e-06	1.927512636490e-09	-3.829277906756e-09	9.731134201293e-10
-1.731200000000e-06	1.987060362740e-09	-3.824050422950e-09	8.689519383062e-10
-1.731000000000e-06	1.811377678908e-09	-3.660040022086e-09	9.678478226584e-10
-1.730800000000e-06	1.910015553622e-09	-3.782152141728e-09	9.593862939704e-10
-1.730600000000e-06	2.247700382772e-09	-4.295427223561e-09	9.354112187680e-10
-1.730400000000e-06	2.018891626162e-09	-3.811404989576e-09	7.860447970947e-10
-1.730200000000e-06	2.155009685314e-09	-3.960202822485e-09	6.895797280952e-10
-1.730000000000e-06	1.850319469681e-09	-3.555595094295e-09	7.731448626401e-10
-1.729800000000e-06	2.147842818323e-09	-3.962646297117e-09	7.123053971272e-10
-1.729600000000e-06	1.973406263708e-09	-3.893333977229e-09	9.832883731234e-10
-1.729400000000e-06	1.906200175923e-09	-3.774420250505e-09	9.684283880018e-10
-1.729200000000e-06	2.050899809049e-09	-3.933382180352e-09	8.847383940722e-10
-1.729000000000e-06	1.915484595181e-09	-3.614619675096e-09	7.498087417538e-10
-1.728800000000e-06	1.817943096224e-09	-3.680938522214e-09	1.008255317300e-09
-1.728600000000e-06	1.837731389666e-09	-3.600772310600e-09	8.684091757179e-10
-1.728400000000e-06	2.028297924115e-09	-3.928371610224e-09	9.146496491176e-10
-1.728200000000e-06	2.151270544605e-09	-3.961112259282e-09	6.897066734016e-10
-1.728000000000e-06	1.847378730488e-09	-3.711368830992e-09	1.016149417281e-09
-1.727800000000e-06	1.960668677628e-09	-3.741491920174e-09	8.301042558177e-10
-1.727600000000e-06	1.980167184555e-09	-3.769959924908e-09	7.926582682321e-10
-1.727400000000e-06	1.827133982333e-09	-3.525878847101e-09	7.712526967159e-10
-1.727200000000e-06	2.056976699677e-09	-3.997623204095e-09	9.697889310179e-10
-1.727000000000e-06	1.766712098826e-09	-3.463801527054e-09	8.256748643395e-10
-1.726800000000e-06	1.711150608926e-09	-3.461633774394e-09	9.740821014326e-10
-1.726600000000e-06	1.860228243103e-09	-3.401015824891e-09	5.313970636817e-10
-1.726400000000e-06	1.882073369519e-09	-3.657956944822e-09	8.843359209866e-10
-1.726200000000e-06	1.936964891966e-09	-3.781813802908e-09	9.220895470250e-10
-1.726000000000e-06	1.806727160725e-09	-3.627874039262e-09	9.615541763270e-10
-1.725800000000e-06	1.966010638660e-09	-3.697253670105e-09	7.537156883121e-10
-1.725600000000e-06	1.867608430851e-09	-3.588762682894e-09	7.847369891314e-10
-1.725400000000e-06	1.886706106067e-09	-3.684605061939e-09	9.161119067164e-10
-1.725200000000e-06	1.895328927740e-09	-3.746212682800e-09	9.627279278067e-10
-1.725000000000e-06	1.784753484338e-09	-3.605480656907e-09	9.953356481015e-10
-1.724800000000e-06	1.797989514363e-09	-3.459708361598e-09	7.667823938651e-10
-1.724600000000e-06	1.762938680410e-09	-3.521635981844e-09	9.353173449794e-10
-1.724400000000e-06	1.887545666353e-09	-3.539393857208e-09	6.941290431250e-10
-1.724200000000e-06	1.925476264717e-09	-3.631380610580e-09	7.515992921117e-10
-1.724000000000e-06	1.894486972120e-09	-3.623729296126e-09	7.762303040784e-10
-1.723800000000e-06	1.929446099302e-09	-3.743753199864e-09	8.907613205748e-10
-1.723600000000e-06	1.573985401001e-09	-3.220591844341e-09	9.195626517915e-10
-1.723400000000e-06	1.807586383696e-09	-3.534329437776e-09	8.529037238511e-10
-1.723200000000e-06	1.638080308954e-09	-3.294214948367e-09	9.058438544293e-10
-1.723000000000e-06	1.831284602221e-09	-3.410525081945e-09	6.603142383089e-10
-1.722800000000e-06	1.942168369648e-09	-3.482526825781e-09	4.945790764182e-10
-1.722600000000e-06	1.751692826742e-09	-3.453222164501e-09	8.728190774124e-10
-1.722400000000e-06	1.864455223618e-09	-3.584824480807e-09	7.926111770110e-10
