-3.537000000000e-06	0.000000000000e+00	0.000000000000e+00	0.000000000000e+00
-3.536800000000e-06	0.000000000000e+00	0.000000000000e+00	0.000000000000e+00
-3.536600000000e-06	0.000000000000e+00	0.000000000000e+00	0.000000000000e+00
-3.536400000000e-06	0.000000000000e+00	0.000000000000e+00	0.000000000000e+00
-3.536200000000e-06	0.000000000000e+00	0.000000000000e+00	0.000000000000e+00
-3.536000000000e-06	0.000000000000e+00	0.000000000000e+00	0.000000000000e+00
-3.535800000000e-06	0.000000000000e+00	0.000000000000e+00	0.000000000000e+00
-3.535600000000e-06	0.000000000000e+00	0.000000000000e+00	0.000000000000e+00
-3.535400000000e-06	0.000000000000e+00	0.000000000000e+00	0.000000000000e+00
-3.535200000000e-06	0.000000000000e+00	0.000000000000e+00	0.000000000000e+00
-3.535000000000e-06	0.000000000000e+00	0.000000000000e+00	0.000000000000e+00
-3.534800000000e-06	0.000000000000e+00	0.000000000000e+00	0.000000000000e+00
-3.534600000000e-06	0.000000000000e+00	0.000000000000e+00	0.000000000000e+00
-3.534400000000e-06	0.000000000000e+00	0.000000000000e+00	0.000000000000e+00
-3.534200000000e-06	0.000000000000e+00	0.000000000000e+00	0.000000000000e+00
-3.534000000000e-06	0.000000000000e+00	0.000000000000e+00	0.000000000000e+00
-3.533800000000e-06	0.000000000000e+00	0.000000000000e+00	0.000000000000e+00
-3.533600000000e-06	0.000000000000e+00	0.000000000000e+00	0.000000000000e+00
-3.533400000000e-06	0.000000000000e+00	0.000000000000e+00	0.000000000000e+00
-3.533200000000e-06	0.000000000000e+00	0.000000000000e+00	0.000000000000e+00
-3.533000000000e-06	0.000000000000e+00	0.000000000000e+00	0.000000000000e+00
-3.532800000000e-06	0.000000000000e+00	0.000000000000e+00	0.000000000000e+00
-3.532600000000e-06	0.000000000000e+00	0.000000000000e+00	0.000000000000e+00
-3.532400000000e-06	0.000000000000e+00	0.000000000000e+00	0.000000000000e+00
-3.532200000000e-06	0.000000000000e+00	0.000000000000e+00	0.000000000000e+00
-3.532000000000e-06	0.000000000000e+00	0.000000000000e+00	0.000000000000e+00
-3.531800000000e-06	0.000000000000e+00	0.000000000000e+00	0.000000000000e+00
-3.531600000000e-06	0.000000000000e+00	0.000000000000e+00	0.000000000000e+00
-3.531400000000e-06	0.000000000000e+00	0.000000000000e+00	0.000000000000e+00
-3.531200000000e-06	0.000000000000e+00	0.000000000000e+00	0.000000000000e+00
-3.531000000000e-06	0.000000000000e+00	0.000000000000e+00	0.000000000000e+00
-3.530800000000e-06	0.000000000000e+00	0.000000000000e+00	0.000000000000e+00
-3.530600000000e-06	0.000000000000e+00	0.000000000000e+00	0.000000000000e+00
-3.530400000000e-06	0.000000000000e+00	0.000000000000e+00	0.000000000000e+00
-3.530200000000e-06	0.000000000000e+00	0.000000000000e+00	0.000000000000e+00
-3.530000000000e-06	0.000000000000e+00	0.000000000000e+00	0.000000000000e+00
-3.529800000000e-06	0.000000000000e+00	0.000000000000e+00	0.000000000000e+00
-3.529600000000e-06	0.000000000000e+00	0.000000000000e+00	0.000000000000e+00
-3.529400000000e-06	0.000000000000e+00	0.000000000000e+00	0.000000000000e+00
-3.529200000000e-06	0.000000000000e+00	0.000000000000e+00	0.000000000000e+00
-3.529000000000e-06	0.000000000000e+00	0.000000000000e+00	0.000000000000e+00
-3.528800000000e-06	0.000000000000e+00	0.000000000000e+00	0.000000000000e+00
-3.528600000000e-06	0.000000000000e+00	0.000000000000e+00	0.000000000000e+00
-3.528400000000e-06	0.000000000000e+00	0.000000000000e+00	0.000000000000e+00
-3.528200000000e-06	0.000000000000e+00	0.000000000000e+00	0.000000000000e+00
-3.528000000000e-06	0.000000000000e+00	0.000000000000e+00	0.000000000000e+00
-3.527800000000e-06	0.000000000000e+00	0.000000000000e+00	0.000000000000e+00
-3.527600000000e-06	0.000000000000e+00	0.000000000000e+00	0.000000000000e+00
-3.527400000000e-06	0.000000000000e+00	0.000000000000e+00	0.000000000000e+00
-3.527200000000e-06	0.000000000000e+00	0.000000000000e+00	0.000000000000e+00
-3.527000000000e-06	0.000000000000e+00	0.000000000000e+00	0.000000000000e+00
-3.526800000000e-06	0.000000000000e+00	0.000000000000e+00	0.000000000000e+00
-3.526600000000e-06	0.000000000000e+00	0.000000000000e+00	0.000000000000e+00
-3.526400000000e-06	0.000000000000e+00	0.000000000000e+00	0.000000000000e+00
-3.526200000000e-06	0.000000000000e+00	0.000000000000e+00	0.000000000000e+00
-3.526000000000e-06	0.000000000000e+00	0.000000000000e+00	0.000000000000e+00
-3.525800000000e-06	0.000000000000e+00	0.000000000000e+00	0.000000000000e+00
-3.525600000000e-06	0.000000000000e+00	0.000000000000e+00	0.000000000000e+00
-3.525400000000e-06	0.000000000000e+00	0.000000000000e+00	0.000000000000e+00
-3.525200000000e-06	0.000000000000e+00	0.000000000000e+00	0.000000000000e+00
-3.525000000000e-06	0.000000000000e+00	0.000000000000e+00	0.000000000000e+00
-3.524800000000e-06	0.000000000000e+00	0.000000000000e+00	0.000000000000e+00
-3.524600000000e-06	0.000000000000e+00	0.000000000000e+00	0.000000000000e+00
-3.524400000000e-06	0.000000000000e+00	0.000000000000e+00	0.000000000000e+00
-3.524200000000e-06	0.000000000000e+00	0.000000000000e+00	0.000000000000e+00
-3.524000000000e-06	0.000000000000e+00	0.000000000000e+00	0.000000000000e+00
-3.523800000000e-06	0.000000000000e+00	0.000000000000e+00	0.000000000000e+00
-3.523600000000e-06	0.000000000000e+00	0.000000000000e+00	0.000000000000e+00
-3.523400000000e-06	0.000000000000e+00	0.000000000000e+00	0.000000000000e+00
-3.523200000000e-06	0.000000000000e+00	0.000000000000e+00	0.000000000000e+00
-3.523000000000e-06	0.000000000000e+00	0.000000000000e+00	0.000000000000e+00
-3.522800000000e-06	0.000000000000e+00	0.000000000000e+00	0.000000000000e+00
-3.522600000000e-06	0.000000000000e+00	0.000000000000e+00	0.000000000000e+00
-3.522400000000e-06	0.000000000000e+00	0.000000000000e+00	0.000000000000e+00
-3.522200000000e-06	0.000000000000e+00	0.000000000000e+00	0.000000000000e+00
-3.522000000000e-06	0.000000000000e+00	0.000000000000e+00	0.000000000000e+00
-3.521800000000e-06	0.000000000000e+00	0.000000000000e+00	0.000000000000e+00
-3.521600000000e-06	0.000000000000e+00	0.000000000000e+00	0.000000000000e+00
-3.521400000000e-06	0.000000000000e+00	0.000000000000e+00	0.000000000000e+00
-3.521200000000e-06	0.000000000000e+00	0.000000000000e+00	0.000000000000e+00
-3.521000000000e-06	0.000000000000e+00	0.000000000000e+00	0.000000000000e+00
-3.520800000000e-06	0.000000000000e+00	0.000000000000e+00	0.000000000000e+00
-3.520600000000e-06	0.000000000000e+00	0.000000000000e+00	0.000000000000e+00
-3.520400000000e-06	0.000000000000e+00	0.000000000000e+00	0.000000000000e+00
-3.520200000000e-06	0.000000000000e+00	0.000000000000e+00	0.000000000000e+00
-3.520000000000e-06	0.000000000000e+00	0.000000000000e+00	0.000000000000e+00
-3.519800000000e-06	0.000000000000e+00	0.000000000000e+00	0.000000000000e+00
-3.519600000000e-06	0.000000000000e+00	0.000000000000e+00	0.000000000000e+00
-3.519400000000e-06	0.000000000000e+00	0.000000000000e+00	0.000000000000e+00
-3.519200000000e-06	0.000000000000e+00	0.000000000000e+00	0.000000000000e+00
-3.519000000000e-06	0.000000000000e+00	0.000000000000e+00	0.000000000000e+00
-3.518800000000e-06	0.000000000000e+00	0.000000000000e+00	0.000000000000e+00
-3.518600000000e-06	0.000000000000e+00	0.000000000000e+00	0.000000000000e+00
-3.518400000000e-06	0.000000000000e+00	0.000000000000e+00	0.000000000000e+00
-3.518200000000e-06	0.000000000000e+00	0.000000000000e+00	0.000000000000e+00
-3.518000000000e-06	0.000000000000e+00	0.000000000000e+00	0.000000000000e+00
-3.517800000000e-06	0.000000000000e+00	0.000000000000e+00	0.000000000000e+00
-3.517600000000e-06	0.000000000000e+00	0.000000000000e+00	0.000000000000e+00
-3.517400000000e-06	0.000000000000e+00	0.000000000000e+00	0.000000000000e+00
-3.517200000000e-06	0.000000000000e+00	0.000000000000e+00	0.000000000000e+00
-3.517000000000e-06	0.000000000000e+00	0.000000000000e+00	0.000000000000e+00
-3.516800000000e-06	0.000000000000e+00	0.000000000000e+00	0.000000000000e+00
-3.516600000000e-06	0.000000000000e+00	0.000000000000e+00	0.000000000000e+00
-3.516400000000e-06	-4.397332972836e-15	1.934192946911e-14	-1.635927931843e-14
-3.516200000000e-06	1.070184964540e-14	-1.158024720584e-14	-7.591691467716e-15
-3.516000000000e-06	1.167087936300e-15	-2.498588568682e-15	8.113347283147e-16
-3.515800000000e-06	-4.704062584654e-15	-1.782106307410e-15	1.251626032504e-14
-3.515600000000e-06	4.098475560273e-15	2.677608048313e-15	-1.242143777304e-14
-3.515400000000e-06	-1.308922016337e-15	8.375595906139e-16	1.702941678912e-15
-3.515200000000e-06	-2.461153692451e-15	6.618989715177e-15	-3.551834290254e-15
-3.515000000000e-06	1.548313075461e-15	-1.543336329016e-15	-1.276423236818e-15
-3.514800000000e-06	1.512365466121e-14	-2.474171537207e-14	4.543484701409e-16
-3.514600000000e-06	-4.294925782062e-15	1.080603099567e-14	-5.192654009516e-15
-3.514400000000e-06	-4.403721797771e-14	1.544658468937e-14	7.444773514765e-14
-3.514200000000e-06	1.040349588662e-12	5.237026575866e-13	-3.104615639009e-12
-3.514000000000e-06	-1.550239310786e-12	6.078401491416e-13	2.683887910635e-12
-3.513800000000e-06	1.018160750728e-12	-1.989085022285e-12	4.496828813863e-13
-3.513600000000e-06	5.164869924221e-13	-2.932206152786e-14	-1.090712575042e-12
-3.513400000000e-06	-3.817550924692e-13	1.687424934555e-13	6.038860883239e-13
-3.513200000000e-06	-2.299879462302e-12	2.801673396916e-12	1.274936215979e-12
-3.513000000000e-06	6.954486113502e-13	-7.431395570023e-13	-5.238202122673e-13
-3.512800000000e-06	-1.040829808523e-13	8.779179505320e-13	-9.401094140237e-13
-3.512600000000e-06	5.592834504753e-13	-1.698326513565e-13	-9.863782136102e-13
-3.512400000000e-06	7.758234463313e-13	-2.413111775343e-12	1.501592896908e-12
-3.512200000000e-06	-1.667905540696e-12	2.830007023996e-12	-1.302865177669e-13
-3.512000000000e-06	-2.320809842633e-13	-1.897876556012e-14	5.337538623089e-13
-3.511800000000e-06	7.192907763978e-13	-5.836654987709e-13	-7.848449554936e-13
-3.511600000000e-06	-4.071063803437e-13	1.201880991305e-12	-7.031412877325e-13
-3.511400000000e-06	-2.315398907169e-12	3.335096599645e-12	5.789986128053e-13
-3.511200000000e-06	3.848824844193e-13	-9.033389073762e-13	3.765529608227e-13
-3.511000000000e-06	2.343315699534e-12	-2.265790790422e-12	-2.032161986982e-12
-3.510800000000e-06	-3.047939086929e-12	6.863372536401e-12	-2.560812721903e-12
-3.510600000000e-06	-1.183221718610e-14	1.970428836106e-12	-2.613240236154e-12
-3.510400000000e-06	2.072016067791e-12	-1.986769896484e-12	-1.817315966979e-12
-3.510200000000e-06	-4.343459292857e-13	-6.759104925119e-13	1.833335004705e-12
-3.510000000000e-06	-2.054388563964e-12	1.641613852049e-12	2.226339757350e-12
-3.509800000000e-06	9.123424122257e-14	8.069378366552e-13	-1.227924932509e-12
-3.509600000000e-06	-3.947588574188e-12	5.931274888199e-12	6.479407796044e-13
-3.509400000000e-06	-3.360881711154e-13	-3.462344465098e-12	5.322758123047e-12
-3.509200000000e-06	2.100171422515e-12	1.460136518766e-12	-6.425459649603e-12
-3.509000000000e-06	-1.431432659915e-11	2.537983761342e-11	-3.132898230672e-12
-3.508800000000e-06	-5.697064285277e-12	2.273106446260e-12	9.274823107471e-12
-3.508600000000e-06	4.550627264293e-12	-6.805744707756e-12	-8.514451363075e-13
-3.508400000000e-06	1.467254487208e-12	3.044616702727e-12	-7.206833627556e-12
-3.508200000000e-06	-6.850617264446e-12	1.046586166454e-11	9.038147308751e-13
-3.508000000000e-06	-3.497209757281e-12	6.764989752408e-12	-1.401003262917e-12
-3.507800000000e-06	-2.495211190777e-12	5.018175828802e-12	-1.206956243354e-12
-3.507600000000e-06	-5.176254078864e-13	1.031360005250e-11	-1.245078516319e-11
-3.507400000000e-06	-9.092018466815e-12	2.237706547264e-11	-1.005536018460e-11
-3.507200000000e-06	-4.502526193277e-12	1.333637050698e-11	-7.867648630510e-12
-3.507000000000e-06	-7.748691871576e-12	2.106452004871e-11	-1.138631785127e-11
-3.506800000000e-06	-2.593630971973e-11	3.893859589404e-11	3.924158076293e-12
-3.506600000000e-06	-2.350400659569e-11	3.093312296819e-11	9.507923220735e-12
-3.506400000000e-06	-2.006864328460e-11	4.784691679636e-11	-2.037298599217e-11
-3.506200000000e-06	-1.976527988754e-11	4.414017932014e-11	-1.590526103919e-11
-3.506000000000e-06	-1.944209466541e-11	6.962850647955e-11	-5.043004912293e-11
-3.505800000000e-06	-4.236804270533e-11	7.249768024437e-11	-5.387181589144e-12
-3.505600000000e-06	-2.719400283457e-11	8.039754463581e-11	-4.795181675492e-11
-3.505400000000e-06	-7.796317513552e-11	1.284529347644e-10	-3.067449399638e-12
-3.505200000000e-06	-2.633189143176e-11	1.348625977123e-10	-1.220698798430e-10
-3.505000000000e-06	-1.072918240789e-10	2.044795607424e-10	-4.116883705632e-11
-3.504800000000e-06	-1.029255464029e-10	2.157797374257e-10	-6.409321779683e-11
-3.504600000000e-06	-1.018685317721e-10	2.131285160097e-10	-6.330666176816e-11
-3.504400000000e-06	-8.494793117608e-11	1.891354874216e-10	-6.765489181584e-11
-3.504200000000e-06	-1.378107470490e-10	2.724874928978e-10	-6.550043447179e-11
-3.504000000000e-06	-1.818713498452e-10	3.839929784591e-10	-1.191666385547e-10
-3.503800000000e-06	-1.759488382555e-10	3.836580674971e-10	-1.316139498646e-10
-3.503600000000e-06	-1.897633463196e-10	4.477155479753e-10	-1.860641250364e-10
-3.503400000000e-06	-2.379925632816e-10	5.763504192859e-10	-2.556039670368e-10
-3.503200000000e-06	-3.435519789801e-10	7.961521866483e-10	-3.188928029326e-10
-3.503000000000e-06	-4.149218132703e-10	9.841448513792e-10	-4.142618479687e-10
-3.502800000000e-06	-3.650614592220e-10	9.279841646086e-10	-4.493876313857e-10
-3.502600000000e-06	-5.364334944129e-10	1.295092087090e-09	-5.663081904777e-10
-3.502400000000e-06	-7.828055031347e-10	1.629642694906e-09	-4.834981436693e-10
-3.502200000000e-06	-8.963448081374e-10	1.993568604573e-09	-7.258337248331e-10
-3.502000000000e-06	-1.064181018357e-09	2.570396406106e-09	-1.133228138984e-09
-3.501800000000e-06	-8.173888291249e-10	2.582324155038e-09	-1.674529188917e-09
-3.501600000000e-06	-1.252658495808e-09	3.418521006708e-09	-1.854813259578e-09
-3.501400000000e-06	-1.436341660795e-09	3.727260923388e-09	-1.869276073677e-09
-3.501200000000e-06	-2.285446385263e-09	5.080611931203e-09	-1.852262477376e-09
-3.501000000000e-06	-2.281107361243e-09	5.251900885698e-09	-2.088156958702e-09
-3.500800000000e-06	-2.299126474497e-09	6.208622197259e-09	-3.325465525745e-09
-3.500600000000e-06	-3.435883506995e-09	7.632984284031e-09	-2.789735588265e-09
-3.500400000000e-06	-3.510686074844e-09	8.044500529451e-09	-3.184796539906e-09
-3.500200000000e-06	-5.431371584946e-09	9.739203601405e-09	-1.360559712238e-09
-3.500000000000e-06	-5.407088951637e-09	9.315137316826e-09	-8.619074281532e-10
-3.499800000000e-06	-7.319718895280e-09	1.005676247440e-08	2.193607615226e-09
-3.499600000000e-06	-1.929588542601e-09	4.002042570109e-09	-1.201221372861e-09
-3.499400000000e-06	-2.139590715047e-09	4.596204412384e-09	-1.533715274911e-09
-3.499200000000e-06	-2.260268947746e-09	4.923046099329e-09	-1.721263857860e-09
-3.499000000000e-06	-2.600339730446e-09	5.581210961615e-09	-1.873887924945e-09
-3.498800000000e-06	-2.650737753107e-09	5.707606572239e-09	-1.928325948224e-09
-3.498600000000e-06	-2.941754524101e-09	6.599114698936e-09	-2.490451207241e-09
-3.498400000000e-06	-3.768003530003e-09	7.443118523637e-09	-1.852627207230e-09
-3.498200000000e-06	-3.857488379106e-09	7.631513467606e-09	-1.916015784786e-09
-3.498000000000e-06	-3.693250399907e-09	7.517429026420e-09	-2.109533162617e-09
-3.497800000000e-06	-3.944841923253e-09	8.187158354173e-09	-2.462045084175e-09
-3.497600000000e-06	-4.435207306934e-09	8.361327649971e-09	-1.661948381856e-09
-3.497400000000e-06	-3.947420135632e-09	9.131738920292e-09	-3.718305607495e-09
-3.497200000000e-06	-4.972755936973e-09	1.017732271340e-08	-2.928724885892e-09
-3.497000000000e-06	-5.011079637246e-09	1.036703378616e-08	-3.095017578341e-09
-3.496800000000e-06	-5.875629744059e-09	1.149009756236e-08	-2.747825950903e-09
-3.496600000000e-06	-6.061718591975e-09	1.227365191260e-08	-3.390560496727e-09
-3.496400000000e-06	-5.646803837907e-09	1.174941341404e-08	-3.592826007617e-09
-3.496200000000e-06	-6.437452986209e-09	1.314542520866e-08	-3.767230769286e-09
-3.496000000000e-06	-6.727779015352e-09	1.370150877526e-08	-3.883047542253e-09
-3.495800000000e-06	-7.685810142303e-09	1.511873329930e-08	-3.734470744895e-09
-3.495600000000e-06	-7.185567765351e-09	1.472087780555e-08	-4.273078549286e-09
-3.495400000000e-06	-7.327391736118e-09	1.526532042689e-08	-4.694020026133e-09
-3.495200000000e-06	-7.985283516134e-09	1.642036485855e-08	-4.847035714574e-09
-3.495000000000e-06	-8.520417351173e-09	1.703004001189e-08	-4.516170974914e-09
-3.494800000000e-06	-9.712458064368e-09	1.882547385045e-08	-4.378985362116e-09
-3.494600000000e-06	-9.400498028836e-09	1.850921321818e-08	-4.628183424162e-09
-3.494400000000e-06	-9.652365175954e-09	1.906132001480e-08	-4.827134468459e-09
-3.494200000000e-06	-9.510923654947e-09	1.967267866113e-08	-5.951844558466e-09
-3.494000000000e-06	-1.004976178962e-08	2.046979711017e-08	-5.872526587929e-09
-3.493800000000e-06	-1.026072875515e-08	2.032104297848e-08	-5.223339831868e-09
-3.493600000000e-06	-1.102544922933e-08	2.231226548544e-08	-6.264919568655e-09
-3.493400000000e-06	-1.197158954655e-08	2.339218372896e-08	-5.703487444129e-09
-3.493200000000e-06	-1.273654075936e-08	2.354345373016e-08	-4.287510670439e-09
-3.493000000000e-06	-1.185969808532e-08	2.444280485500e-08	-7.344931767919e-09
-3.492800000000e-06	-1.197288741472e-08	2.422951500222e-08	-6.818986561992e-09
-3.492600000000e-06	-1.272706002880e-08	2.530144909044e-08	-6.670651721949e-09
-3.492400000000e-06	-1.344729984365e-08	2.670457447996e-08	-7.024198671660e-09
-3.492200000000e-06	-1.440851383320e-08	2.736978382135e-08	-5.880634845548e-09
-3.492000000000e-06	-1.345626248580e-08	2.714102862489e-08	-7.605305220952e-09
-3.491800000000e-06	-1.355747307940e-08	2.736192002403e-08	-7.696647753009e-09
-3.491600000000e-06	-1.488958689348e-08	2.849220828588e-08	-6.397028972402e-09
-3.491400000000e-06	-1.564790446253e-08	3.047484394321e-08	-7.419609950532e-09
-3.491200000000e-06	-1.561467601805e-08	3.098968570660e-08	-8.183819861430e-09
-3.491000000000e-06	-1.512566017720e-08	2.966899318607e-08	-7.485120038048e-09
-3.490800000000e-06	-1.591753249383e-08	3.135230269288e-08	-8.069133996441e-09
-3.490600000000e-06	-1.602974554477e-08	3.104676260445e-08	-7.423026091271e-09
-3.490400000000e-06	-1.672182826551e-08	3.137942526272e-08	-6.429299217960e-09
-3.490200000000e-06	-1.687924441162e-08	3.230000012692e-08	-7.327496592761e-09
-3.490000000000e-06	-1.738618120820e-08	3.353198789410e-08	-7.910686781870e-09
-3.489800000000e-06	-1.694442363770e-08	3.256294354084e-08	-7.564501160083e-09
-3.489600000000e-06	-1.877327807221e-08	3.607303971691e-08	-8.394688018076e-09
-3.489400000000e-06	-1.784216587077e-08	3.397487814302e-08	-7.574010125264e-09
-3.489200000000e-06	-1.749372214233e-08	3.244942166048e-08	-6.305485432734e-09
-3.489000000000e-06	-1.801936451170e-08	3.369341800754e-08	-6.860484405465e-09
-3.488800000000e-06	-1.798428142287e-08	3.412530969290e-08	-7.529998285024e-09
-3.488600000000e-06	-1.803634621352e-08	3.435940428665e-08	-7.731005001430e-09
-3.488400000000e-06	-1.771484643580e-08	3.381937948780e-08	-7.713553732094e-09
-3.488200000000e-06	-1.816592606632e-08	3.412909303308e-08	-7.193299734248e-09
-3.488000000000e-06	-1.748695349835e-08	3.378763142542e-08	-8.182097869136e-09
-3.487800000000e-06	-1.815167563467e-08	3.433757711501e-08	-7.524961728743e-09
-3.487600000000e-06	-1.988090778169e-08	3.603639049735e-08	-6.154786941932e-09
-3.487400000000e-06	-1.816479180976e-08	3.425240107833e-08	-7.421199578864e-09
-3.487200000000e-06	-1.854495073332e-08	3.486963621951e-08	-7.455110529072e-09
-3.487000000000e-06	-1.830877421399e-08	3.469879957200e-08	-7.740791548857e-09
-3.486800000000e-06	-1.887616884920e-08	3.463027215203e-08	-6.475984467579e-09
-3.486600000000e-06	-1.794117393974e-08	3.443912093021e-08	-8.184660233340e-09
-3.486400000000e-06	-1.993950111023e-08	3.638611008587e-08	-6.614856924872e-09
-3.486200000000e-06	-1.869876804262e-08	3.554525587322e-08	-8.098685660088e-09
-3.486000000000e-06	-2.079188335329e-08	3.727561111980e-08	-6.039828337519e-09
-3.485800000000e-06	-1.847695861051e-08	3.355773478515e-08	-5.954110195379e-09
-3.485600000000e-06	-1.761252848141e-08	3.346567595028e-08	-7.655251711112e-09
-3.485400000000e-06	-1.703229354710e-08	3.258979137634e-08	-7.723705946416e-09
-3.485200000000e-06	-1.867666479286e-08	3.327752549355e-08	-5.211026350606e-09
-3.485000000000e-06	-1.722597685861e-08	3.128586779278e-08	-5.612151066939e-09
-3.484800000000e-06	-1.783677590829e-08	3.285262547661e-08	-6.439702533307e-09
-3.484600000000e-06	-1.769574043760e-08	3.281652126043e-08	-6.698810031009e-09
-3.484400000000e-06	-1.813437827079e-08	3.444202206767e-08	-7.939954037857e-09
-3.484200000000e-06	-1.800704067131e-08	3.175195412110e-08	-4.666783577692e-09
-3.484000000000e-06	-1.723220341307e-08	3.149127568668e-08	-5.961939703222e-09
-3.483800000000e-06	-1.777587430797e-08	3.241255721678e-08	-6.036733239273e-09
-3.483600000000e-06	-1.626318925051e-08	3.015463967507e-08	-6.227301867511e-09
-3.483400000000e-06	-1.687957462479e-08	3.011290720700e-08	-4.902296717926e-09
-3.483200000000e-06	-1.578940023115e-08	3.003837819568e-08	-7.092469855582e-09
-3.483000000000e-06	-1.587904040607e-08	2.853244476784e-08	-4.900662669030e-09
-3.482800000000e-06	-1.744595191088e-08	2.962455118131e-08	-3.108438323534e-09
-3.482600000000e-06	-1.555765818123e-08	2.920582926079e-08	-6.495332518628e-09
-3.482400000000e-06	-1.604433227448e-08	2.972318175459e-08	-6.194161159738e-09
-3.482200000000e-06	-1.608947659860e-08	2.858603871532e-08	-4.574612469709e-09
-3.482000000000e-06	-1.520376189770e-08	2.693958127093e-08	-4.255310953674e-09
-3.481800000000e-06	-1.553729358605e-08	2.882439636379e-08	-6.082455585487e-09
-3.481600000000e-06	-1.499469686097e-08	2.585918732664e-08	-3.272709602777e-09
-3.481400000000e-06	-1.396022436705e-08	2.556960293603e-08	-5.060082197189e-09
-3.481200000000e-06	-1.576696651927e-08	2.747910391549e-08	-3.835452045320e-09
-3.481000000000e-06	-1.428527054727e-08	2.504692478758e-08	-3.732375153999e-09
-3.480800000000e-06	-1.355409486912e-08	2.438325386074e-08	-4.348475757281e-09
-3.480600000000e-06	-1.403208639325e-08	2.518877630434e-08	-4.451658607374e-09
-3.480400000000e-06	-1.267646642299e-08	2.475490401201e-08	-6.690788670636e-09
-3.480200000000e-06	-1.403606396330e-08	2.359861416731e-08	-2.357213772918e-09
-3.480000000000e-06	-1.427189099265e-08	2.500544062602e-08	-3.752023934885e-09
-3.479800000000e-06	-1.257441736207e-08	2.186217921089e-08	-3.103758687271e-09
-3.479600000000e-06	-1.360615065113e-08	2.309995346837e-08	-2.598105166474e-09
-3.479400000000e-06	-1.346393038014e-08	2.335798113258e-08	-3.249446427916e-09
-3.479200000000e-06	-1.283451408474e-08	2.230261233743e-08	-3.170279858199e-09
-3.479000000000e-06	-1.173150897844e-08	2.057648770690e-08	-3.180392212993e-09
-3.478800000000e-06	-1.120731797576e-08	2.011154780806e-08	-3.676664018883e-09
-3.478600000000e-06	-1.184461534602e-08	2.149041877760e-08	-4.177874097855e-09
-3.478400000000e-06	-1.243307125842e-08	2.091049073335e-08	-2.178793527118e-09
-3.478200000000e-06	-1.084774110477e-08	1.859775427348e-08	-2.415248820870e-09
-3.478000000000e-06	-1.092249193276e-08	1.893289559063e-08	-2.717379754741e-09
-3.477800000000e-06	-9.568221176862e-09	1.849801802109e-08	-4.932526480202e-09
-3.477600000000e-06	-1.018135780670e-08	1.794450603195e-08	-2.961608771813e-09
-3.477400000000e-06	-9.963104802692e-09	1.705619995884e-08	-2.215718711969e-09
-3.477200000000e-06	-9.740643422001e-09	1.570508514055e-08	-9.011865784100e-10
-3.477000000000e-06	-9.171537992577e-09	1.685006513324e-08	-3.618798133439e-09
-3.476800000000e-06	-1.111105739677e-08	1.807659648483e-08	-1.213339060207e-09
-3.476600000000e-06	-8.558160481508e-09	1.569662177549e-08	-3.343768877151e-09
-3.476400000000e-06	-9.780360902868e-09	1.669607347884e-08	-2.155317778756e-09
-3.476200000000e-06	-8.849733003343e-09	1.422884784935e-08	-8.104136851954e-10
-3.476000000000e-06	-8.653675462083e-09	1.558985548593e-08	-3.014352564640e-09
-3.475800000000e-06	-7.906829600106e-09	1.336249808193e-08	-1.640092333356e-09
-3.475600000000e-06	-8.410192780755e-09	1.464261316201e-08	-2.294077472554e-09
-3.475400000000e-06	-8.662257467148e-09	1.542071632993e-08	-2.816398518289e-09
-3.475200000000e-06	-8.016220326480e-09	1.365662019648e-08	-1.782518568985e-09
-3.475000000000e-06	-6.645587074535e-09	1.214687181067e-08	-2.634095317671e-09
-3.474800000000e-06	-8.346234196817e-09	1.282990708459e-08	-2.665799761779e-11
-3.474600000000e-06	-7.057289255896e-09	1.245472576628e-08	-2.204963732490e-09
-3.474400000000e-06	-8.721988319983e-09	1.385560583993e-08	-6.467666458557e-10
-3.474200000000e-06	-5.681836622561e-09	9.670441620859e-09	-1.354104794868e-09
-3.474000000000e-06	-7.300390778655e-09	1.247778438509e-08	-1.731073926883e-09
-3.473800000000e-06	-4.779209422698e-09	9.560246771854e-09	-3.066798057618e-09
-3.473600000000e-06	-6.903643919096e-09	1.117820834139e-08	-8.175132653411e-10
-3.473400000000e-06	-6.179856009167e-09	9.618509427583e-09	-2.767580689273e-10
-3.473200000000e-06	-5.337050276671e-09	9.962868730645e-09	-2.434039300347e-09
-3.473000000000e-06	-6.127236138658e-09	9.530660052106e-09	-2.620409222495e-10
-3.472800000000e-06	-5.244768688925e-09	8.973749718946e-09	-1.330630908574e-09
-3.472600000000e-06	-4.128469577390e-09	7.564208248091e-09	-1.765859970123e-09
-3.472400000000e-06	-5.830513226444e-09	8.988732773370e-09	-1.702186099857e-10
-3.472200000000e-06	-5.036081862209e-09	7.838973418982e-09	-2.556046350904e-10
-3.472000000000e-06	-5.196803697813e-09	8.723394647520e-09	-1.124014330968e-09
-3.471800000000e-06	-4.122591727920e-09	6.274030671616e-09	-7.525816137137e-11
-3.471600000000e-06	-5.252645884616e-09	7.977682776697e-09	-1.849473599413e-11
-3.471400000000e-06	-4.668197552594e-09	8.333438830073e-09	-1.678366685565e-09
-3.471200000000e-06	-3.862299038679e-09	6.860772820194e-09	-1.396967071415e-09
-3.471000000000e-06	-3.668179097219e-09	5.666444016048e-09	-2.140207809623e-10
-3.470800000000e-06	-4.500648160081e-09	7.399851367399e-09	-8.083923057345e-10
-3.470600000000e-06	-4.222771111640e-09	6.616078430097e-09	-3.328977814793e-10
-3.470400000000e-06	-4.147298908254e-09	6.297973589924e-09	-7.811332908014e-11
-3.470200000000e-06	-3.332417543734e-09	5.154391561180e-09	-2.363242978342e-10
-3.470000000000e-06	-3.757241836210e-09	5.505637946141e-09	1.472434501097e-10
-3.469800000000e-06	-3.003236198638e-09	4.809511460875e-09	-4.712051937465e-10
-3.469600000000e-06	-1.936405794307e-09	3.599860157104e-09	-1.040931320538e-09
-3.469400000000e-06	-2.401972333150e-09	4.779187613112e-09	-1.668047253330e-09
-3.469200000000e-06	-2.221549427158e-09	3.882017150770e-09	-8.376877360767e-10
-3.469000000000e-06	-3.696733779898e-09	5.003274778001e-09	7.076639106121e-10
-3.468800000000e-06	-2.541702674156e-09	4.342108646754e-09	-7.689902796379e-10
-3.468600000000e-06	-1.634230171759e-09	3.482232528277e-09	-1.499926698928e-09
-3.468400000000e-06	-1.145683449226e-09	2.580889946364e-09	-1.305177233503e-09
-3.468200000000e-06	-3.156249397117e-09	3.842993523753e-09	1.116423829956e-09
-3.468000000000e-06	-2.405461844912e-09	3.344883405123e-09	2.531029603148e-10
-3.467800000000e-06	-1.619227439248e-09	2.139041703484e-09	2.471140927046e-10
-3.467600000000e-06	-1.624529883627e-09	2.066400179234e-09	3.578667919070e-10
-3.467400000000e-06	-2.122413113796e-09	2.166755528837e-09	1.241683789831e-09
-3.467200000000e-06	-6.847553871191e-10	2.556043345043e-09	-2.185369539789e-09
-3.467000000000e-06	-1.222185071398e-09	1.056455455873e-09	8.647254989543e-10
-3.466800000000e-06	-1.398909592232e-09	1.647188682789e-09	4.375172311781e-10
-3.466600000000e-06	-2.296279015957e-09	2.749589944808e-09	8.195588987013e-10
-3.466400000000e-06	-1.209293579237e-09	2.143434639189e-09	-5.995560699017e-10
-3.466200000000e-06	-8.731865152725e-10	1.112106170955e-09	8.361352341404e-11
-3.466000000000e-06	-3.379760345219e-10	2.530199664094e-11	4.255184759999e-10
-3.465800000000e-06	-1.342614318751e-09	1.342485741888e-09	7.112648434565e-10
-3.465600000000e-06	-1.068424354149e-09	2.270056906887e-09	-1.069112181147e-09
-3.465400000000e-06	-6.390034731589e-11	-1.594129529764e-10	1.052357879962e-10
-3.465200000000e-06	-9.519596736545e-10	1.234201498572e-09	8.186385392120e-11
-3.465000000000e-06	-8.377101841152e-10	1.037292775133e-09	1.192893193494e-10
-3.464800000000e-06	2.360310436232e-10	-5.515020765061e-10	-7.402199180240e-12
-3.464600000000e-06	-1.815622302934e-10	4.112088396795e-10	-4.088110515434e-10
-3.464400000000e-06	4.412577460686e-11	-6.143083331900e-10	4.771221059290e-10
-3.464200000000e-06	2.112076736795e-10	-7.030533012222e-10	2.546581597433e-10
-3.464000000000e-06	1.015488473426e-09	-1.252936500126e-09	-6.336305291693e-10
-3.463800000000e-06	3.625584685640e-10	-5.320031873125e-10	-2.560460745638e-10
-3.463600000000e-06	-4.186056409025e-10	-3.346057213268e-10	1.081888876285e-09
-3.463400000000e-06	-3.418191077930e-10	-9.762763234381e-10	1.774996206753e-09
-3.463200000000e-06	4.744094862880e-10	-9.980149639819e-10	1.213494298935e-10
-3.463000000000e-06	6.735393454820e-10	-6.091953057574e-10	-8.181081503184e-10
-3.462800000000e-06	2.820034385943e-12	-9.762998522533e-10	1.040416851467e-09
-3.462600000000e-06	5.994906256312e-10	-1.148514229459e-09	7.953733494917e-11
-3.462400000000e-06	3.094622449399e-10	-5.291930567730e-10	-1.950622681871e-10
-3.462200000000e-06	-1.241217502527e-10	-8.287729157592e-10	1.142338319153e-09
-3.462000000000e-06	2.249736354912e-10	-1.726952962581e-09	1.595897141861e-09
-3.461800000000e-06	1.336447036682e-09	-1.959407622745e-09	-3.465306776595e-10
-3.461600000000e-06	1.266422380413e-09	-2.229558510807e-09	1.531582894021e-10
-3.461400000000e-06	1.030035054139e-09	-1.461118779308e-09	-3.863299531732e-10
-3.461200000000e-06	1.337550994305e-10	-1.379324867981e-09	1.324884506847e-09
-3.461000000000e-06	7.758222635480e-10	-1.772057694926e-09	5.395078032974e-10
-3.460800000000e-06	2.389721060528e-09	-3.190739221317e-09	-8.305954092027e-10
-3.460600000000e-06	1.469449755325e-09	-2.706381405422e-09	3.602275029137e-10
-3.460400000000e-06	1.839819573982e-09	-3.462598461845e-09	6.489884802606e-10
-3.460200000000e-06	-1.598947188719e-10	-1.297801506437e-09	1.794938242534e-09
-3.460000000000e-06	1.341150928624e-09	-2.427330926695e-09	2.843945137787e-10
-3.459800000000e-06	8.628119759976e-10	-2.554336614873e-09	1.434258807005e-09
-3.459600000000e-06	6.026265899679e-10	-1.792286503353e-09	9.184181071668e-10
-3.459400000000e-06	1.509184642613e-09	-3.433892209818e-09	1.241692923525e-09
-3.459200000000e-06	7.985885837125e-10	-2.104500953400e-09	9.335365201378e-10
-3.459000000000e-06	1.005587761660e-09	-2.208422140178e-09	6.659580361433e-10
-3.458800000000e-06	2.052647257461e-09	-3.749052095144e-09	5.784560885807e-10
-3.458600000000e-06	1.655106700224e-09	-2.891175732704e-09	2.558722045680e-10
-3.458400000000e-06	1.533740870143e-09	-3.561626748745e-09	1.401858856824e-09
-3.458200000000e-06	1.418800971369e-09	-2.658814822548e-09	4.325537797854e-10
-3.458000000000e-06	1.411769696954e-09	-3.122250155653e-09	1.066859086856e-09
-3.457800000000e-06	2.127982111689e-09	-3.918549907681e-09	6.322644695565e-10
-3.457600000000e-06	2.274756883740e-09	-2.675840666989e-09	-1.279383377130e-09
-3.457400000000e-06	1.763650331309e-09	-3.380426705739e-09	6.811395050459e-10
-3.457200000000e-06	1.726418896521e-09	-3.556998231014e-09	9.910668956816e-10
-3.457000000000e-06	1.801988388392e-09	-4.253884811699e-09	1.764848271174e-09
-3.456800000000e-06	1.182360089751e-09	-2.546288666688e-09	7.970568575116e-10
-3.456600000000e-06	2.015626086522e-09	-3.674844177418e-09	5.848023448436e-10
-3.456400000000e-06	1.862565224036e-09	-3.436896332274e-09	5.447105603560e-10
-3.456200000000e-06	1.376785658509e-09	-3.198771258082e-09	1.232141966619e-09
-3.456000000000e-06	1.899816587689e-09	-3.392560516384e-09	4.233448489280e-10
-3.455800000000e-06	1.938867379962e-09	-3.712298855417e-09	7.891049964010e-10
-3.455600000000e-06	2.393593873696e-09	-4.488368000881e-09	8.947811428028e-10
-3.455400000000e-06	2.022442398274e-09	-3.520088540554e-09	3.483496212517e-10
-3.455200000000e-06	1.856397409525e-09	-4.224236194663e-09	1.640136801452e-09
-3.455000000000e-06	2.353746716716e-09	-3.696664817613e-09	-7.807450899815e-11
-3.454800000000e-06	2.056532147369e-09	-4.190535025186e-09	1.196125691556e-09
-3.454600000000e-06	2.071636926499e-09	-3.870639856400e-09	7.183859297019e-10
-3.454400000000e-06	2.216989555574e-09	-3.484811525896e-09	-1.022268583106e-10
-3.454200000000e-06	2.846892242387e-09	-4.872451009097e-09	5.115190201207e-10
-3.454000000000e-06	2.343795316489e-09	-4.496244218499e-09	1.023839412986e-09
-3.453800000000e-06	2.166444609452e-09	-3.971757398365e-09	6.976297829630e-10
-3.453600000000e-06	2.567925209625e-09	-4.616237021926e-09	7.097265175804e-10
-3.453400000000e-06	2.744334001316e-09	-4.755992437080e-09	5.523893292958e-10
-3.453200000000e-06	2.354425913900e-09	-4.579332551167e-09	1.089064992165e-09
-3.453000000000e-06	2.275134653578e-09	-4.322432398325e-09	9.103846203721e-10
-3.452800000000e-06	1.684954732305e-09	-3.830406165636e-09	1.452043708674e-09
-3.452600000000e-06	2.527530631153e-09	-4.230553021360e-09	3.087619254105e-10
-3.452400000000e-06	1.846096603499e-09	-4.107610855530e-09	1.485203091729e-09
-3.452200000000e-06	2.115834258660e-09	-4.209124305703e-09	1.091467884666e-09
-3.452000000000e-06	2.940282451667e-09	-5.217059496187e-09	7.724881262776e-10
-3.451800000000e-06	2.163078237998e-09	-4.267837646190e-09	1.081782957956e-09
-3.451600000000e-06	3.010754292802e-09	-5.089163751067e-09	4.731461830680e-10
-3.451400000000e-06	1.756579503675e-09	-4.437930707425e-09	2.114570654557e-09
-3.451200000000e-06	2.328753913357e-09	-4.156797613570e-09	6.300054114185e-10
-3.451000000000e-06	2.579163449423e-09	-4.521014110917e-09	5.803574971097e-10
-3.450800000000e-06	1.937316755525e-09	-3.790728960516e-09	8.909713079044e-10
-3.450600000000e-06	2.879751576629e-09	-5.010021457762e-09	6.526876211022e-10
-3.450400000000e-06	2.523038018329e-09	-4.500281842850e-09	6.745359546623e-10
-3.450200000000e-06	2.652057132396e-09	-5.163769427310e-09	1.320134833058e-09
-3.450000000000e-06	3.095684204206e-09	-5.037718617254e-09	2.339989851025e-10
-3.449800000000e-06	2.503109626829e-09	-5.121083378405e-09	1.530495525114e-09
-3.449600000000e-06	2.569298759039e-09	-4.450942087700e-09	5.296186575950e-10
-3.449400000000e-06	3.627600349165e-09	-6.012794994162e-09	4.715365180470e-10
-3.449200000000e-06	2.099026989627e-09	-4.465234192917e-09	1.486432581140e-09
-3.449000000000e-06	2.645159548350e-09	-5.290809589931e-09	1.477887464669e-09
-3.448800000000e-06	2.546452545722e-09	-4.352184770304e-09	4.350348482873e-10
-3.448600000000e-06	3.123156108437e-09	-5.024032803074e-09	1.892972839507e-10
-3.448400000000e-06	2.061456464321e-09	-4.484813136895e-09	1.570375885585e-09
-3.448200000000e-06	2.415021398865e-09	-4.636852799357e-09	1.060165298856e-09
-3.448000000000e-06	3.194248948936e-09	-5.662310437599e-09	8.948071544254e-10
-3.447800000000e-06	2.702159526734e-09	-5.056549812902e-09	1.076233906903e-09
-3.447600000000e-06	2.445491122768e-09	-4.531676868750e-09	8.906674643291e-10
-3.447400000000e-06	3.152766826699e-09	-5.815105282307e-09	1.167365414804e-09
-3.447200000000e-06	2.838648351547e-09	-4.725893035635e-09	3.522826302183e-10
-3.447000000000e-06	2.914954114083e-09	-5.035571271838e-09	5.846019550615e-10
-3.446800000000e-06	2.978101451685e-09	-5.378351465862e-09	9.178853574205e-10
-3.446600000000e-06	1.939580402967e-09	-4.595600848052e-09	1.971059915867e-09
-3.446400000000e-06	3.468633323922e-09	-5.708206382783e-09	4.108744898390e-10
-3.446200000000e-06	2.939122406399e-09	-5.296227785575e-09	9.172006205365e-10
-3.446000000000e-06	2.639165373626e-09	-4.834077547964e-09	9.296159481981e-10
-3.445800000000e-06	3.335092133799e-09	-5.443123462888e-09	3.308265443580e-10
-3.445600000000e-06	2.408405721057e-09	-4.721707992070e-09	1.198860360940e-09
-3.445400000000e-06	3.000806051386e-09	-5.273582615016e-09	7.891389212366e-10
-3.445200000000e-06	2.959957187744e-09	-5.060360438937e-09	5.597089162088e-10
-3.445000000000e-06	2.989485041614e-09	-5.269009359247e-09	7.510003897113e-10
-3.444800000000e-06	2.593933425046e-09	-4.809709717288e-09	9.586655758909e-10
-3.444600000000e-06	3.250504913774e-09	-5.426194578942e-09	4.899045485847e-10
-3.444400000000e-06	3.043917289570e-09	-5.688111106232e-09	1.211635142091e-09
-3.444200000000e-06	2.335406682735e-09	-4.619550819477e-09	1.235503640081e-09
-3.444000000000e-06	3.101161299796e-09	-5.933179509662e-09	1.464685454905e-09
-3.443800000000e-06	2.618074843845e-09	-4.973663487578e-09	1.148793892155e-09
-3.443600000000e-06	2.998878740847e-09	-5.255706804363e-09	7.283078257530e-10
-3.443400000000e-06	3.276748928364e-09	-5.432964303506e-09	4.343857200310e-10
-3.443200000000e-06	1.938174956894e-09	-4.266575015867e-09	1.539934634338e-09
-3.443000000000e-06	2.581888288331e-09	-5.231696345816e-09	1.551484199454e-09
-3.442800000000e-06	3.343644921408e-09	-5.353134538967e-09	1.874006575725e-10
-3.442600000000e-06	3.233963005826e-09	-6.127261274097e-09	1.468313772077e-09
-3.442400000000e-06	2.691364063955e-09	-5.275122500219e-09	1.408377359482e-09
-3.442200000000e-06	2.715402179061e-09	-5.081253234359e-09	1.095537340421e-09
-3.442000000000e-06	2.677995861973e-09	-4.941186363027e-09	9.879744162207e-10
-3.441800000000e-06	3.093321320207e-09	-5.690553400643e-09	1.155061645594e-09
-3.441600000000e-06	2.935996712105e-09	-5.013976498548e-09	5.664111464893e-10
-3.441400000000e-06	3.416026323998e-09	-5.594692021465e-09	4.154841634545e-10
-3.441200000000e-06	3.064345549552e-09	-5.890336237768e-09	1.462590755505e-09
-3.441000000000e-06	2.656242197770e-09	-5.059088090047e-09	1.215010257725e-09
-3.440800000000e-06	2.864457607603e-09	-5.161690337895e-09	8.897249456554e-10
-3.440600000000e-06	2.575704501902e-09	-4.521512739507e-09	6.470640279411e-10
-3.440400000000e-06	2.665406157987e-09	-5.223662812059e-09	1.396906207287e-09
-3.440200000000e-06	3.154336643640e-09	-4.889558994809e-09	-2.859068264076e-11
-3.440000000000e-06	2.843955330371e-09	-5.077955963116e-09	8.252160552695e-10
-3.439800000000e-06	2.941167007387e-09	-5.597218447438e-09	1.322434563627e-09
-3.439600000000e-06	2.794076366567e-09	-5.278886950804e-09	1.212789871717e-09
-3.439400000000e-06	3.355002882988e-09	-6.012248695254e-09	1.082437132886e-09
-3.439200000000e-06	2.930060277263e-09	-5.395639082756e-09	1.127460713989e-09
-3.439000000000e-06	3.054900329021e-09	-5.749071409358e-09	1.288655860502e-09
-3.438800000000e-06	2.713126423922e-09	-5.115518717900e-09	1.159268570801e-09
-3.438600000000e-06	3.061060809604e-09	-5.241882719192e-09	6.439491766201e-10
-3.438400000000e-06	2.786405241381e-09	-5.178835358600e-09	1.103162002190e-09
-3.438200000000e-06	2.721028588795e-09	-5.099686229526e-09	1.140982368988e-09
-3.438000000000e-06	3.109668914163e-09	-5.668178837326e-09	1.129343197642e-09
-3.437800000000e-06	3.254111419602e-09	-5.585959563387e-09	7.181938645995e-10
-3.437600000000e-06	3.232153566433e-09	-5.543825287562e-09	7.245579380743e-10
-3.437400000000e-06	3.005418701516e-09	-5.612929357770e-09	1.242108531622e-09
-3.437200000000e-06	2.726581745684e-09	-4.735841808566e-09	6.425734969892e-10
-3.437000000000e-06	2.774576119556e-09	-5.512253252571e-09	1.559933862712e-09
-3.436800000000e-06	2.992213131791e-09	-5.358365836535e-09	9.436025573918e-10
-3.436600000000e-06	2.962822740731e-09	-5.188235908696e-09	7.761988867354e-10
-3.436400000000e-06	3.283796090751e-09	-5.642516406381e-09	7.278158636965e-10
-3.436200000000e-06	3.099826989836e-09	-5.585949840281e-09	1.013698407114e-09
-3.436000000000e-06	3.189901875260e-09	-5.315681656567e-09	5.019201699258e-10
-3.435800000000e-06	2.775335959640e-09	-5.228334924749e-09	1.188421795786e-09
-3.435600000000e-06	2.988721587996e-09	-5.362361281424e-09	9.682005478514e-10
-3.435400000000e-06	2.748960053293e-09	-5.266316057855e-09	1.284014477769e-09
-3.435200000000e-06	2.633563240907e-09	-4.906808325112e-09	1.057903944009e-09
-3.435000000000e-06	2.630001555012e-09	-5.277363875989e-09	1.538546959226e-09
-3.434800000000e-06	3.252672972704e-09	-5.424493025669e-09	5.169349445637e-10
-3.434600000000e-06	2.930368643422e-09	-5.464642731563e-09	1.231472972434e-09
-3.434400000000e-06	3.406230766632e-09	-5.642869193607e-09	5.143420808119e-10
-3.434200000000e-06	3.141882057458e-09	-5.849326561448e-09	1.320858586777e-09
-3.434000000000e-06	2.787264381417e-09	-5.019901953615e-09	8.986486204974e-10
-3.433800000000e-06	2.929201814793e-09	-5.540574987167e-09	1.301880937474e-09
-3.433600000000e-06	2.752372338955e-09	-5.248270903551e-09	1.314009154221e-09
-3.433400000000e-06	2.968906984612e-09	-5.156513414328e-09	7.483680434146e-10
-3.433200000000e-06	2.837698318253e-09	-5.366381353669e-09	1.266578663482e-09
-3.433000000000e-06	2.917455307843e-09	-5.218738381740e-09	9.181890862810e-10
-3.432800000000e-06	2.791592603926e-09	-4.745563658132e-09	5.768007032438e-10
-3.432600000000e-06	2.710957637658e-09	-5.487567105571e-09	1.687960303482e-09
-3.432400000000e-06	3.120831856373e-09	-5.331144512356e-09	7.100390203500e-10
-3.432200000000e-06	3.032995057407e-09	-4.931232823983e-09	3.283121786033e-10
-3.432000000000e-06	2.923096290761e-09	-5.389889960488e-09	1.153963670201e-09
-3.431800000000e-06	2.772412869763e-09	-5.541753966984e-09	1.623891483262e-09
-3.431600000000e-06	2.568915640819e-09	-4.778428492118e-09	1.021551283136e-09
-3.431400000000e-06	2.844202761918e-09	-5.170036752923e-09	9.847121785697e-10
-3.431200000000e-06	2.742651350310e-09	-4.583147283630e-09	4.336923938845e-10
-3.431000000000e-06	2.617350513911e-09	-5.057105973009e-09	1.266121856099e-09
-3.430800000000e-06	3.089157802614e-09	-5.107205443224e-09	4.542328655919e-10
-3.430600000000e-06	2.693933253522e-09	-5.552852437253e-09	1.813316373425e-09
-3.430400000000e-06	2.894187649068e-09	-5.236938048599e-09	9.912378177371e-10
-3.430200000000e-06	2.711723715427e-09	-4.865703808834e-09	7.637698592678e-10
-3.430000000000e-06	2.727711405047e-09	-5.288228807656e-09	1.397340555518e-09
-3.429800000000e-06	2.778441580528e-09	-5.128043602679e-09	1.086300497817e-09
-3.429600000000e-06	3.056813076984e-09	-5.549750425358e-09	1.086605614330e-09
-3.429400000000e-06	2.885043440205e-09	-5.318800088849e-09	1.148022453211e-09
-3.429200000000e-06	2.912918793659e-09	-5.269889209342e-09	9.991129252426e-10
-3.429000000000e-06	3.085335290171e-09	-5.206840628081e-09	6.091000405354e-10
-3.428800000000e-06	2.972801966847e-09	-5.208664046312e-09	8.105557656786e-10
-3.428600000000e-06	2.545426531381e-09	-4.943755128213e-09	1.332334560545e-09
-3.428400000000e-06	2.677090014157e-09	-4.857054175906e-09	9.548788445734e-10
-3.428200000000e-06	2.775704065368e-09	-4.970007829884e-09	8.904530254039e-10
-3.428000000000e-06	2.867989610020e-09	-5.181068909036e-09	9.837686289416e-10
-3.427800000000e-06	2.981503371126e-09	-5.459211790635e-09	1.124766527716e-09
-3.427600000000e-06	2.980270975979e-09	-5.332098889374e-09	9.604227595432e-10
-3.427400000000e-06	2.618760665859e-09	-4.793400423045e-09	9.543362793093e-10
-3.427200000000e-06	2.786457670896e-09	-4.997446921884e-09	9.164272322630e-10
-3.427000000000e-06	2.678256615486e-09	-5.294153670766e-09	1.524654057718e-09
-3.426800000000e-06	2.803914170342e-09	-5.350395210664e-09	1.363559559593e-09
-3.426600000000e-06	2.874691332559e-09	-4.774787023378e-09	3.740640010876e-10
-3.426400000000e-06	2.736386871495e-09	-5.051240682545e-09	1.092062211824e-09
-3.426200000000e-06	2.782841567452e-09	-5.249839879710e-09	1.255580899232e-09
-3.426000000000e-06	2.984386115147e-09	-5.130562032640e-09	6.879535373202e-10
-3.425800000000e-06	2.937529581888e-09	-4.654369079106e-09	1.632522547237e-10
-3.425600000000e-06	2.873474824133e-09	-5.125883407823e-09	9.281341737861e-10
-3.425400000000e-06	2.668973417491e-09	-4.907532085019e-09	1.046819179236e-09
-3.425200000000e-06	2.996629481370e-09	-5.240555112113e-09	8.924952855915e-10
-3.425000000000e-06	2.956762160817e-09	-5.326101824987e-09	1.009921907636e-09
-3.424800000000e-06	2.852633290416e-09	-4.755504887845e-09	4.750165224483e-10
-3.424600000000e-06	2.681058963147e-09	-4.868299582911e-09	9.281880427022e-10
-3.424400000000e-06	2.380268205117e-09	-4.632214890682e-09	1.215257876759e-09
-3.424200000000e-06	3.075837410845e-09	-5.687898324051e-09	1.275842327333e-09
-3.424000000000e-06	2.784717486900e-09	-4.873431338047e-09	7.686669143649e-10
-3.423800000000e-06	2.335971291056e-09	-4.396143110755e-09	1.008262257830e-09
-3.423600000000e-06	2.733253358296e-09	-4.960400051301e-09	1.010510816401e-09
-3.423400000000e-06	2.478360089260e-09	-4.862678524695e-09	1.351750196170e-09
-3.423200000000e-06	2.622633031676e-09	-4.722360413457e-09	8.983968087780e-10
-3.423000000000e-06	2.735232751822e-09	-5.017953557279e-09	1.070652137216e-09
-3.422800000000e-06	2.494203275985e-09	-4.683549621715e-09	1.081734078620e-09
-3.422600000000e-06	2.676182989990e-09	-4.849671580077e-09	9.566885031634e-10
-3.422400000000e-06	2.796866683357e-09	-4.938921231001e-09	8.069723068882e-10
-3.422200000000e-06	2.444847467066e-09	-4.559153821531e-09	1.017938939832e-09
-3.422000000000e-06	2.783826437000e-09	-4.849834607995e-09	7.529613623741e-10
-3.421800000000e-06	3.097080577468e-09	-5.306791898973e-09	7.320008361192e-10
-3.421600000000e-06	2.362507212159e-09	-4.457548968967e-09	1.025249138195e-09
-3.421400000000e-06	2.884693468759e-09	-5.081809616857e-09	8.605148130984e-10
-3.421200000000e-06	2.863288086826e-09	-4.842130513859e-09	5.790457989224e-10
-3.421000000000e-06	2.695031413171e-09	-4.977429598402e-09	1.083194355320e-09
-3.420800000000e-06	2.660680701518e-09	-4.897531264432e-09	1.057812633958e-09
