-3.146600000000e-06	0.000000000000e+00	0.000000000000e+00	0.000000000000e+00
-3.146400000000e-06	0.000000000000e+00	0.000000000000e+00	0.000000000000e+00
-3.146200000000e-06	0.000000000000e+00	0.000000000000e+00	0.000000000000e+00
-3.146000000000e-06	0.000000000000e+00	0.000000000000e+00	0.000000000000e+00
-3.145800000000e-06	0.000000000000e+00	0.000000000000e+00	0.000000000000e+00
-3.145600000000e-06	0.000000000000e+00	0.000000000000e+00	0.000000000000e+00
-3.145400000000e-06	0.000000000000e+00	0.000000000000e+00	0.000000000000e+00
-3.145200000000e-06	0.000000000000e+00	0.000000000000e+00	0.000000000000e+00
-3.145000000000e-06	0.000000000000e+00	0.000000000000e+00	0.000000000000e+00
-3.144800000000e-06	0.000000000000e+00	0.000000000000e+00	0.000000000000e+00
-3.144600000000e-06	0.000000000000e+00	0.000000000000e+00	0.000000000000e+00
-3.144400000000e-06	0.000000000000e+00	0.000000000000e+00	0.000000000000e+00
-3.144200000000e-06	0.000000000000e+00	0.000000000000e+00	0.000000000000e+00
-3.144000000000e-06	0.000000000000e+00	0.000000000000e+00	0.000000000000e+00
-3.143800000000e-06	0.000000000000e+00	0.000000000000e+00	0.000000000000e+00
-3.143600000000e-06	0.000000000000e+00	0.000000000000e+00	0.000000000000e+00
-3.143400000000e-06	0.000000000000e+00	0.000000000000e+00	0.000000000000e+00
-3.143200000000e-06	0.000000000000e+00	0.000000000000e+00	0.000000000000e+00
-3.143000000000e-06	0.000000000000e+00	0.000000000000e+00	0.000000000000e+00
-3.142800000000e-06	0.000000000000e+00	0.000000000000e+00	0.000000000000e+00
-3.142600000000e-06	0.000000000000e+00	0.000000000000e+00	0.000000000000e+00
-3.142400000000e-06	0.000000000000e+00	0.000000000000e+00	0.000000000000e+00
-3.142200000000e-06	0.000000000000e+00	0.000000000000e+00	0.000000000000e+00
-3.142000000000e-06	0.000000000000e+00	0.000000000000e+00	0.000000000000e+00
-3.141800000000e-06	0.000000000000e+00	0.000000000000e+00	0.000000000000e+00
-3.141600000000e-06	0.000000000000e+00	0.000000000000e+00	0.000000000000e+00
-3.141400000000e-06	0.000000000000e+00	0.000000000000e+00	0.000000000000e+00
-3.141200000000e-06	0.000000000000e+00	0.000000000000e+00	0.000000000000e+00
-3.141000000000e-06	0.000000000000e+00	0.000000000000e+00	0.000000000000e+00
-3.140800000000e-06	0.000000000000e+00	0.000000000000e+00	0.000000000000e+00
-3.140600000000e-06	0.000000000000e+00	0.000000000000e+00	0.000000000000e+00
-3.140400000000e-06	0.000000000000e+00	0.000000000000e+00	0.000000000000e+00
-3.140200000000e-06	0.000000000000e+00	0.000000000000e+00	0.000000000000e+00
-3.140000000000e-06	0.000000000000e+00	0.000000000000e+00	0.000000000000e+00
-3.139800000000e-06	0.000000000000e+00	0.000000000000e+00	0.000000000000e+00
-3.139600000000e-06	0.000000000000e+00	0.000000000000e+00	0.000000000000e+00
-3.139400000000e-06	0.000000000000e+00	0.000000000000e+00	0.000000000000e+00
-3.139200000000e-06	0.000000000000e+00	0.000000000000e+00	0.000000000000e+00
-3.139000000000e-06	0.000000000000e+00	0.000000000000e+00	0.000000000000e+00
-3.138800000000e-06	0.000000000000e+00	0.000000000000e+00	0.000000000000e+00
-3.138600000000e-06	0.000000000000e+00	0.000000000000e+00	0.000000000000e+00
-3.138400000000e-06	0.000000000000e+00	0.000000000000e+00	0.000000000000e+00
-3.138200000000e-06	0.000000000000e+00	0.000000000000e+00	0.000000000000e+00
-3.138000000000e-06	0.000000000000e+00	0.000000000000e+00	0.000000000000e+00
-3.137800000000e-06	0.000000000000e+00	0.000000000000e+00	0.000000000000e+00
-3.137600000000e-06	0.000000000000e+00	0.000000000000e+00	0.000000000000e+00
-3.137400000000e-06	0.000000000000e+00	0.000000000000e+00	0.000000000000e+00
-3.137200000000e-06	0.000000000000e+00	0.000000000000e+00	0.000000000000e+00
-3.137000000000e-06	0.000000000000e+00	0.000000000000e+00	0.000000000000e+00
-3.136800000000e-06	0.000000000000e+00	0.000000000000e+00	0.000000000000e+00
-3.136600000000e-06	0.000000000000e+00	0.000000000000e+00	0.000000000000e+00
-3.136400000000e-06	0.000000000000e+00	0.000000000000e+00	0.000000000000e+00
-3.136200000000e-06	0.000000000000e+00	0.000000000000e+00	0.000000000000e+00
-3.136000000000e-06	0.000000000000e+00	0.000000000000e+00	0.000000000000e+00
-3.135800000000e-06	0.000000000000e+00	0.000000000000e+00	0.000000000000e+00
-3.135600000000e-06	0.000000000000e+00	0.000000000000e+00	0.000000000000e+00
-3.135400000000e-06	0.000000000000e+00	0.000000000000e+00	0.000000000000e+00
-3.135200000000e-06	0.000000000000e+00	0.000000000000e+00	0.000000000000e+00
-3.135000000000e-06	0.000000000000e+00	0.000000000000e+00	0.000000000000e+00
-3.134800000000e-06	0.000000000000e+00	0.000000000000e+00	0.000000000000e+00
-3.134600000000e-06	0.000000000000e+00	0.000000000000e+00	0.000000000000e+00
-3.134400000000e-06	0.000000000000e+00	0.000000000000e+00	0.000000000000e+00
-3.134200000000e-06	0.000000000000e+00	0.000000000000e+00	0.000000000000e+00
-3.134000000000e-06	0.000000000000e+00	0.000000000000e+00	0.000000000000e+00
-3.133800000000e-06	0.000000000000e+00	0.000000000000e+00	0.000000000000e+00
-3.133600000000e-06	0.000000000000e+00	0.000000000000e+00	0.000000000000e+00
-3.133400000000e-06	0.000000000000e+00	0.000000000000e+00	0.000000000000e+00
-3.133200000000e-06	0.000000000000e+00	0.000000000000e+00	0.000000000000e+00
-3.133000000000e-06	0.000000000000e+00	0.000000000000e+00	0.000000000000e+00
-3.132800000000e-06	0.000000000000e+00	0.000000000000e+00	0.000000000000e+00
-3.132600000000e-06	0.000000000000e+00	0.000000000000e+00	0.000000000000e+00
-3.132400000000e-06	0.000000000000e+00	0.000000000000e+00	0.000000000000e+00
-3.132200000000e-06	0.000000000000e+00	0.000000000000e+00	0.000000000000e+00
-3.132000000000e-06	0.000000000000e+00	0.000000000000e+00	0.000000000000e+00
-3.131800000000e-06	0.000000000000e+00	0.000000000000e+00	0.000000000000e+00
-3.131600000000e-06	0.000000000000e+00	0.000000000000e+00	0.000000000000e+00
-3.131400000000e-06	0.000000000000e+00	0.000000000000e+00	0.000000000000e+00
-3.131200000000e-06	0.000000000000e+00	0.000000000000e+00	0.000000000000e+00
-3.131000000000e-06	0.000000000000e+00	0.000000000000e+00	0.000000000000e+00
-3.130800000000e-06	0.000000000000e+00	0.000000000000e+00	0.000000000000e+00
-3.130600000000e-06	0.000000000000e+00	0.000000000000e+00	0.000000000000e+00
-3.130400000000e-06	0.000000000000e+00	0.000000000000e+00	0.000000000000e+00
-3.130200000000e-06	0.000000000000e+00	0.000000000000e+00	0.000000000000e+00
-3.130000000000e-06	0.000000000000e+00	0.000000000000e+00	0.000000000000e+00
-3.129800000000e-06	0.000000000000e+00	0.000000000000e+00	0.000000000000e+00
-3.129600000000e-06	0.000000000000e+00	0.000000000000e+00	0.000000000000e+00
-3.129400000000e-06	0.000000000000e+00	0.000000000000e+00	0.000000000000e+00
-3.129200000000e-06	0.000000000000e+00	0.000000000000e+00	0.000000000000e+00
-3.129000000000e-06	0.000000000000e+00	0.000000000000e+00	0.000000000000e+00
-3.128800000000e-06	0.000000000000e+00	0.000000000000e+00	0.000000000000e+00
-3.128600000000e-06	0.000000000000e+00	0.000000000000e+00	0.000000000000e+00
-3.128400000000e-06	4.228153071458e-15	6.755693225424e-15	-1.822225016536e-14
-3.128200000000e-06	3.208637825391e-15	-1.691012470032e-16	-6.772573836091e-15
-3.128000000000e-06	-5.679385537658e-16	-4.055091568472e-15	6.644038894850e-15
-3.127800000000e-06	8.555747550006e-16	9.631561230904e-17	-2.002833953388e-15
-3.127600000000e-06	-6.595241109897e-16	4.235901143755e-15	-4.234016470675e-15
-3.127400000000e-06	-1.544512507114e-15	-9.536989604309e-16	4.645575804652e-15
-3.127200000000e-06	6.923486864146e-16	-9.000883954208e-16	-3.061142439432e-16
-3.127000000000e-06	-3.491136733867e-15	7.265803196075e-15	-2.141862812790e-15
-3.126800000000e-06	8.727492046441e-15	-2.342748125754e-15	-1.589105187126e-14
-3.126600000000e-06	1.547486942289e-14	-2.444451831463e-14	-1.027257137463e-15
-3.126400000000e-06	-1.004398137710e-14	2.476090564825e-15	1.862326670156e-14
-3.126200000000e-06	-2.964543457085e-14	4.079126066544e-14	1.004460815797e-14
-3.126000000000e-06	1.720777633869e-14	-3.261495790193e-14	6.026219100854e-15
-3.125800000000e-06	-6.199390279719e-15	4.413686016578e-15	7.746868092754e-15
-3.125600000000e-06	-1.206331012249e-15	1.800388930797e-15	2.227205640889e-16
-3.125400000000e-06	-1.294817629663e-15	1.423542490820e-15	9.300030652600e-16
-3.125200000000e-06	-1.557781376727e-14	8.809097713717e-15	2.233199202185e-14
-3.125000000000e-06	-5.237542461408e-14	8.014074594009e-14	7.742533013950e-15
-3.124800000000e-06	7.325025819416e-14	-7.520604018615e-14	-6.013035571446e-14
-3.124600000000e-06	-1.239764707564e-14	-9.620935431978e-15	4.025732809615e-14
-3.124400000000e-06	8.880891361704e-13	-1.091960435826e-12	-4.895628137792e-13
-3.124200000000e-06	2.017817682394e-13	-2.390599359958e-13	-1.244157704351e-13
-3.124000000000e-06	-6.730033967317e-13	1.749466840342e-12	-8.549570293835e-13
-3.123800000000e-06	-1.818369627371e-12	2.189893197336e-12	1.066415014626e-12
-3.123600000000e-06	6.675896597942e-13	-3.931698613150e-13	-9.373148268738e-13
-3.123400000000e-06	1.622267021496e-12	-1.673197642937e-12	-1.294596683480e-12
-3.123200000000e-06	-5.859635836344e-13	5.749607842751e-13	4.848816193605e-13
-3.123000000000e-06	-6.140553792681e-13	4.396990616425e-13	7.492339563089e-13
-3.122800000000e-06	-7.675901349280e-13	6.454496918432e-12	-6.868822305899e-12
-3.122600000000e-06	-6.733641762558e-13	1.070803578751e-14	1.478111385816e-12
-3.122400000000e-06	9.142204047573e-13	-6.612899831294e-13	-1.128880905306e-12
-3.122200000000e-06	-3.547401813373e-12	7.731030395819e-12	-2.674492886268e-12
-3.122000000000e-06	-1.124798622025e-12	1.455135972236e-12	4.757754103941e-13
-3.121800000000e-06	-6.822163521647e-13	-2.398931232349e-12	4.666594126309e-12
-3.121600000000e-06	-3.150071134292e-13	-2.298870666536e-12	3.813408529674e-12
-3.121400000000e-06	-2.211186239060e-12	9.916682999744e-12	-8.315051308613e-12
-3.121200000000e-06	-7.606278737899e-12	8.537026155195e-12	5.061056113074e-12
-3.121000000000e-06	-5.619221461525e-12	1.034147066302e-11	-1.577468791785e-12
-3.120800000000e-06	4.727535361432e-12	7.244701564906e-13	-1.127951201826e-11
-3.120600000000e-06	-9.110569171709e-12	7.367789016473e-12	1.003791520341e-11
-3.120400000000e-06	-4.248357707298e-13	-2.192442512582e-12	3.682365232784e-12
-3.120200000000e-06	3.834819632524e-12	-4.520272133736e-12	-2.156405645475e-12
-3.120000000000e-06	-5.235380721704e-12	5.885826019611e-12	3.593374276050e-12
-3.119800000000e-06	-1.120465952537e-11	3.281728045955e-11	-1.939118589078e-11
-3.119600000000e-06	-4.130272561987e-12	1.717397493579e-11	-1.400940202390e-11
-3.119400000000e-06	-7.060426232377e-12	1.619993455210e-11	-6.399415141193e-12
-3.119200000000e-06	-2.870990397161e-11	3.310703722414e-11	1.799474990341e-11
-3.119000000000e-06	8.812161362092e-12	-9.179224845582e-12	-6.709710793170e-12
-3.118800000000e-06	-4.790700074073e-11	4.948366439891e-11	3.076809513094e-11
-3.118600000000e-06	-1.654418579332e-11	7.418333152802e-11	-5.482777518870e-11
-3.118400000000e-06	-2.833211889423e-11	4.289898221013e-11	7.731124598576e-13
-3.118200000000e-06	-6.775623772791e-12	6.169234664056e-11	-6.545739430535e-11
-3.118000000000e-06	-2.984129332056e-11	6.201788704374e-11	-1.627076977759e-11
-3.117800000000e-06	-3.447131263899e-11	9.934398735202e-11	-5.151998293882e-11
-3.117600000000e-06	-6.325898373023e-11	1.161536016832e-10	-2.432213463465e-11
-3.117400000000e-06	-8.517298158117e-11	1.610625302579e-10	-3.106083274448e-11
-3.117200000000e-06	-9.691971340009e-11	2.353790625163e-10	-1.035804680239e-10
-3.117000000000e-06	-1.367688663888e-10	2.778588708084e-10	-7.460633700680e-11
-3.116800000000e-06	-9.784378019477e-11	2.314583682669e-10	-9.806285231550e-11
-3.116600000000e-06	-1.633972223365e-10	3.205332807360e-10	-7.482302619393e-11
-3.116400000000e-06	-2.541576377585e-10	4.857136910560e-10	-9.800190935730e-11
-3.116200000000e-06	-2.322441303784e-10	5.836286609019e-10	-2.759713500941e-10
-3.116000000000e-06	-3.453374220984e-10	7.627370599307e-10	-2.679196175608e-10
-3.115800000000e-06	-3.551059566275e-10	7.398892296624e-10	-2.200200070332e-10
-3.115600000000e-06	-6.302779941487e-10	1.242910254616e-09	-2.957166882740e-10
-3.115400000000e-06	-7.231713350767e-10	1.636880018835e-09	-6.185288003336e-10
-3.115200000000e-06	-8.038567852663e-10	1.772175387597e-09	-6.271370210127e-10
-3.115000000000e-06	-8.542794928575e-10	2.123748981271e-09	-9.853437425545e-10
-3.114800000000e-06	-1.359569844287e-09	3.340291582308e-09	-1.518974267701e-09
-3.114600000000e-06	-1.141650393937e-09	3.613281839013e-09	-2.344811297656e-09
-3.114400000000e-06	-1.456328368129e-09	5.232270549513e-09	-3.817574216460e-09
-3.114200000000e-06	-9.613373712589e-10	5.912973274974e-09	-5.782843350839e-09
-3.114000000000e-06	8.230478269864e-10	6.438277280593e-09	-1.029727841879e-08
-3.113800000000e-06	-1.053530850467e-08	2.114934367604e-08	-5.576389277600e-09
-3.113600000000e-06	-2.389960997586e-08	2.877438034312e-08	1.306241782081e-08
-3.113400000000e-06	8.254655343170e-10	2.045056323931e-10	-2.071905702886e-09
-3.113200000000e-06	-8.821844191598e-10	2.866039751086e-09	-1.936829474157e-09
-3.113000000000e-06	-1.923955300062e-09	3.845871846163e-09	-1.000582211125e-09
-3.112800000000e-06	-1.997525382620e-09	4.217498505152e-09	-1.341468667567e-09
-3.112600000000e-06	-2.360256250054e-09	4.873698529922e-09	-1.431773201539e-09
-3.112400000000e-06	-2.292231250709e-09	5.051752089713e-09	-1.812529912691e-09
-3.112200000000e-06	-2.533166175195e-09	5.591832476271e-09	-2.011803497501e-09
-3.112000000000e-06	-3.169800856595e-09	6.664931231536e-09	-2.070435390605e-09
-3.111800000000e-06	-3.661471212030e-09	7.508114584578e-09	-2.143139429266e-09
-3.111600000000e-06	-3.922698404978e-09	7.945316100145e-09	-2.157997795246e-09
-3.111400000000e-06	-4.180261660985e-09	8.401959333356e-09	-2.213799201685e-09
-3.111200000000e-06	-4.360345081222e-09	9.307503897308e-09	-3.038987760596e-09
-3.111000000000e-06	-4.735192119466e-09	9.835201764574e-09	-2.932329829110e-09
-3.110800000000e-06	-5.179410979488e-09	1.053558052800e-08	-2.914350281970e-09
-3.110600000000e-06	-5.572202736744e-09	1.139054699145e-08	-3.197164151799e-09
-3.110400000000e-06	-6.177776093577e-09	1.246218542605e-08	-3.341733982935e-09
-3.110200000000e-06	-6.584786162737e-09	1.356875641600e-08	-3.931441225145e-09
-3.110000000000e-06	-6.769075482545e-09	1.445484360881e-08	-4.723612538390e-09
-3.109800000000e-06	-7.846816944073e-09	1.569356159935e-08	-4.061091847321e-09
-3.109600000000e-06	-8.041977827598e-09	1.649832938021e-08	-4.714562386117e-09
-3.109400000000e-06	-8.845183395200e-09	1.825521264126e-08	-5.336304909631e-09
-3.109200000000e-06	-9.146855285586e-09	1.901537553994e-08	-5.707356762874e-09
-3.109000000000e-06	-9.960858425723e-09	2.003913314505e-08	-5.323936065958e-09
-3.108800000000e-06	-1.103971363057e-08	2.144365894750e-08	-4.890676928253e-09
-3.108600000000e-06	-1.062923714604e-08	2.210051472322e-08	-6.641183829917e-09
-3.108400000000e-06	-1.098824853151e-08	2.313983067650e-08	-7.266249291723e-09
-3.108200000000e-06	-1.175064998319e-08	2.431417144341e-08	-7.205802007998e-09
-3.108000000000e-06	-1.362841273224e-08	2.758830740286e-08	-7.549248246673e-09
-3.107800000000e-06	-1.332471275933e-08	2.687445911225e-08	-7.256305193700e-09
-3.107600000000e-06	-1.468753668149e-08	2.922535556544e-08	-7.489792516705e-09
-3.107400000000e-06	-1.506339259277e-08	2.991609652379e-08	-7.619023328530e-09
-3.107200000000e-06	-1.691625253419e-08	3.306529802994e-08	-7.860071176378e-09
-3.107000000000e-06	-1.628772911926e-08	3.310739246594e-08	-9.248924757854e-09
-3.106800000000e-06	-1.671548120011e-08	3.325011753448e-08	-8.555891377289e-09
-3.106600000000e-06	-1.699938701644e-08	3.450181658121e-08	-9.618012888872e-09
-3.106400000000e-06	-1.922966142873e-08	3.795980716811e-08	-9.494880392407e-09
-3.106200000000e-06	-1.951782724330e-08	3.865166737350e-08	-9.801249402121e-09
-3.106000000000e-06	-1.876782202434e-08	3.756502656427e-08	-9.970784105112e-09
-3.105800000000e-06	-2.047112928781e-08	4.075911189734e-08	-1.062427766733e-08
-3.105600000000e-06	-2.194982529113e-08	4.248217989346e-08	-9.780342247894e-09
-3.105400000000e-06	-2.113437717845e-08	4.206101209723e-08	-1.097996451957e-08
-3.105200000000e-06	-2.085161062985e-08	4.282058698787e-08	-1.260323396461e-08
-3.105000000000e-06	-2.267046380926e-08	4.401281606795e-08	-1.032551288916e-08
-3.104800000000e-06	-2.325802102455e-08	4.480349242521e-08	-1.015677053989e-08
-3.104600000000e-06	-2.404096750377e-08	4.560206442978e-08	-9.578851540557e-09
-3.104400000000e-06	-2.414765032261e-08	4.667398719510e-08	-1.079868478894e-08
-3.104200000000e-06	-2.416595380614e-08	4.757772436798e-08	-1.197262320381e-08
-3.104000000000e-06	-2.407928187558e-08	4.612601081747e-08	-1.027903451723e-08
-3.103800000000e-06	-2.502807322374e-08	4.699461659313e-08	-9.435140285288e-09
-3.103600000000e-06	-2.443281627485e-08	4.666886529634e-08	-1.028647574688e-08
-3.103400000000e-06	-2.453613669098e-08	4.726417349191e-08	-1.088447559276e-08
-3.103200000000e-06	-2.404008188899e-08	4.623842356449e-08	-1.060835393817e-08
-3.103000000000e-06	-2.466273869926e-08	4.758780527293e-08	-1.110020380165e-08
-3.102800000000e-06	-2.665470626128e-08	4.899408554286e-08	-8.750114200996e-09
-3.102600000000e-06	-2.524707436633e-08	4.762854351537e-08	-9.959635259022e-09
-3.102400000000e-06	-2.448745439145e-08	4.737955727357e-08	-1.126152539057e-08
-3.102200000000e-06	-2.430389635853e-08	4.674375375189e-08	-1.082512699387e-08
-3.102000000000e-06	-2.581032920475e-08	4.876865707421e-08	-1.034846110102e-08
-3.101800000000e-06	-2.564552152005e-08	4.688769273876e-08	-8.218352419121e-09
-3.101600000000e-06	-2.492426737750e-08	4.718148581139e-08	-1.016999947498e-08
-3.101400000000e-06	-2.430898315816e-08	4.664511173221e-08	-1.077600835660e-08
-3.101200000000e-06	-2.467536107456e-08	4.649314624335e-08	-9.823423747960e-09
-3.101000000000e-06	-2.543715486534e-08	4.702342547807e-08	-8.940481452481e-09
-3.100800000000e-06	-2.474295890945e-08	4.504505845323e-08	-7.807522349635e-09
-3.100600000000e-06	-2.298939227785e-08	4.350505576511e-08	-9.474431811495e-09
-3.100400000000e-06	-2.384264025937e-08	4.359973069362e-08	-7.824310986606e-09
-3.100200000000e-06	-2.300707070299e-08	4.230146763870e-08	-7.891366093912e-09
-3.100000000000e-06	-2.319597326129e-08	4.251750570441e-08	-7.805292181100e-09
-3.099800000000e-06	-2.346207554149e-08	4.278589265068e-08	-7.614124209204e-09
-3.099600000000e-06	-2.269244851660e-08	4.064220016350e-08	-6.402428958065e-09
-3.099400000000e-06	-2.022111101792e-08	3.848493438018e-08	-8.748805290346e-09
-3.099200000000e-06	-2.061557185796e-08	3.990387558650e-08	-9.828560661147e-09
-3.099000000000e-06	-2.203948974042e-08	4.008903903460e-08	-7.097070044098e-09
-3.098800000000e-06	-2.024755068085e-08	3.697793043034e-08	-6.740175732468e-09
-3.098600000000e-06	-2.193136711939e-08	3.873570539163e-08	-5.580906519797e-09
-3.098400000000e-06	-1.981097739242e-08	3.582028186334e-08	-6.166928511343e-09
-3.098200000000e-06	-1.875754947992e-08	3.490504730691e-08	-7.190056302615e-09
-3.098000000000e-06	-2.024361803018e-08	3.666986823162e-08	-6.428256866761e-09
-3.097800000000e-06	-1.869618361005e-08	3.389572191622e-08	-5.996673255661e-09
-3.097600000000e-06	-1.838436517514e-08	3.486054702046e-08	-7.967749415659e-09
-3.097400000000e-06	-1.743306110520e-08	3.150173000538e-08	-5.496409641478e-09
-3.097200000000e-06	-1.705900695909e-08	3.121506629406e-08	-5.930584521661e-09
-3.097000000000e-06	-1.756745559992e-08	3.077105184691e-08	-4.268859722868e-09
-3.096800000000e-06	-1.924409854389e-08	3.314838116498e-08	-3.931874999798e-09
-3.096600000000e-06	-1.726249168269e-08	2.916475057411e-08	-2.814459483708e-09
-3.096400000000e-06	-1.612255238938e-08	2.978719151863e-08	-6.042680407359e-09
-3.096200000000e-06	-1.544786929606e-08	2.737594962312e-08	-4.267070346747e-09
-3.096000000000e-06	-1.478553238987e-08	2.694071408602e-08	-5.075627894222e-09
-3.095800000000e-06	-1.473321816674e-08	2.610685101162e-08	-4.100559239468e-09
-3.095600000000e-06	-1.583475302034e-08	2.589554627566e-08	-1.528128650514e-09
-3.095400000000e-06	-1.272890561111e-08	2.321249713560e-08	-4.457926601185e-09
-3.095200000000e-06	-1.328808681084e-08	2.209862988371e-08	-1.822648550897e-09
-3.095000000000e-06	-1.308677582000e-08	2.400641494799e-08	-4.776215240089e-09
-3.094800000000e-06	-1.257104253693e-08	2.294511459546e-08	-4.442654360510e-09
-3.094600000000e-06	-1.324417694207e-08	2.307488259468e-08	-3.234560321762e-09
-3.094400000000e-06	-1.175359445687e-08	1.889239476819e-08	-7.986385835669e-10
-3.094200000000e-06	-1.128058899678e-08	2.121935449121e-08	-4.900891373615e-09
-3.094000000000e-06	-1.181452075725e-08	1.948936316506e-08	-1.501318071151e-09
-3.093800000000e-06	-1.079560470419e-08	1.821456567668e-08	-1.946564887876e-09
-3.093600000000e-06	-1.187651498415e-08	2.061974883335e-08	-2.875425109999e-09
-3.093400000000e-06	-9.100505965073e-09	1.751203319360e-08	-4.539761189179e-09
-3.093200000000e-06	-1.101482612937e-08	1.840822856292e-08	-1.755432200015e-09
-3.093000000000e-06	-1.069410453555e-08	1.813192746019e-08	-2.053939479070e-09
-3.092800000000e-06	-9.484414957947e-09	1.629146359322e-08	-2.118983384135e-09
-3.092600000000e-06	-9.229390156485e-09	1.592464147361e-08	-2.203592155423e-09
-3.092400000000e-06	-7.364570495367e-09	1.402178812950e-08	-3.549788022920e-09
-3.092200000000e-06	-7.963582314073e-09	1.348638185377e-08	-1.612958103892e-09
-3.092000000000e-06	-7.864179281822e-09	1.356693055791e-08	-1.901693782825e-09
-3.091800000000e-06	-6.409733577419e-09	1.122948310310e-08	-1.812616350742e-09
-3.091600000000e-06	-7.399442286442e-09	1.271331718792e-08	-1.741017881540e-09
-3.091400000000e-06	-7.681027512668e-09	1.282704414650e-08	-1.334732332823e-09
-3.091200000000e-06	-7.114503652800e-09	1.189399776691e-08	-1.285196012616e-09
-3.091000000000e-06	-6.584978273360e-09	1.027162828237e-08	-2.097533504800e-10
-3.090800000000e-06	-5.525084310226e-09	9.562128389650e-09	-1.488013787301e-09
-3.090600000000e-06	-6.682170639647e-09	1.161984204093e-08	-1.839479149017e-09
-3.090400000000e-06	-5.279173943230e-09	9.681095562315e-09	-2.141577989444e-09
-3.090200000000e-06	-6.480290634678e-09	1.015245871711e-08	-2.913176412460e-10
-3.090000000000e-06	-5.463623353815e-09	8.123240342747e-09	2.788799211359e-10
-3.089800000000e-06	-4.789146862461e-09	8.088689967097e-09	-1.065458409770e-09
-3.089600000000e-06	-5.524741189704e-09	8.014031740113e-09	5.741854069081e-10
-3.089400000000e-06	-3.893925942405e-09	7.201659476110e-09	-1.763733390670e-09
-3.089200000000e-06	-3.482475047252e-09	5.226180608986e-09	1.214486600562e-11
-3.089000000000e-06	-4.190345771348e-09	6.613845863561e-09	-3.648664577663e-10
-3.088800000000e-06	-4.609534888215e-09	7.882956528025e-09	-1.184914544797e-09
-3.088600000000e-06	-3.918300588541e-09	6.007060924777e-09	-1.081647084367e-10
-3.088400000000e-06	-3.407721109256e-09	5.613085786258e-09	-6.270510211811e-10
-3.088200000000e-06	-3.860190348847e-09	5.800979920448e-09	1.860770148073e-11
-3.088000000000e-06	-3.358663147489e-09	3.870807634896e-09	1.545421315373e-09
-3.087800000000e-06	-2.031232713170e-09	4.325060046250e-09	-1.790988386513e-09
-3.087600000000e-06	-2.240152472177e-09	4.058350850246e-09	-9.787153923156e-10
-3.087400000000e-06	-2.736927131265e-09	4.148126404401e-09	-8.411916556587e-11
-3.087200000000e-06	-2.922903134236e-09	4.211136449995e-09	1.956164769740e-10
-3.087000000000e-06	-1.218360658147e-09	1.824863051007e-09	-1.368876898457e-10
-3.086800000000e-06	-2.605797529154e-09	4.080600011694e-09	-2.863169794778e-10
-3.086600000000e-06	-2.191353893451e-09	2.961084881961e-09	3.292528442543e-10
-3.086400000000e-06	-1.569927395086e-09	2.862241380420e-09	-7.937392920815e-10
-3.086200000000e-06	-1.718711159576e-09	1.961940377553e-09	6.961416777246e-10
-3.086000000000e-06	-1.651567392984e-09	2.168524356837e-09	2.860846212752e-10
-3.085800000000e-06	-4.891894342278e-10	8.750445311831e-10	-3.887367593892e-10
-3.085600000000e-06	-1.653691040400e-09	2.936722926922e-09	-7.410363738269e-10
-3.085400000000e-06	-1.088411805456e-09	2.036556490058e-09	-7.075759636523e-10
-3.085200000000e-06	4.112476660275e-10	-4.845544388247e-10	-4.305940246531e-10
-3.085000000000e-06	6.266849958711e-10	-8.240543988345e-10	-4.380706541921e-10
-3.084800000000e-06	-1.425499173234e-09	1.058730490647e-09	1.280039732491e-09
-3.084600000000e-06	-1.598532554472e-09	7.233151855451e-10	2.086792701371e-09
-3.084400000000e-06	-1.078953109737e-09	1.301938209578e-09	2.543728190784e-10
-3.084200000000e-06	-5.266584029553e-10	2.509923623703e-10	5.028337045359e-10
-3.084000000000e-06	-6.941892553648e-10	-6.093128937983e-11	1.281698363020e-09
-3.083800000000e-06	3.086367592505e-10	-2.121806010517e-10	-5.960471526933e-10
-3.083600000000e-06	-6.683244382747e-11	-6.537429533606e-10	7.903590319121e-10
-3.083400000000e-06	1.506262808329e-10	-3.946260676992e-11	-5.089174771600e-10
-3.083200000000e-06	4.505515668380e-10	-1.408556574048e-09	7.018172090870e-10
-3.083000000000e-06	7.054489695242e-12	-2.505253997309e-11	-2.240657886495e-10
-3.082800000000e-06	5.902573398370e-10	-1.970600381098e-09	1.203409619073e-09
-3.082600000000e-06	1.059152502996e-09	-1.955544279971e-09	1.757975289620e-10
-3.082400000000e-06	2.816145917300e-10	-8.434435068940e-10	3.000953678434e-10
-3.082200000000e-06	9.363638075582e-10	-1.840616304827e-09	2.512953266993e-10
-3.082000000000e-06	1.108272033418e-09	-2.400372725177e-09	6.811092002767e-10
-3.081800000000e-06	-1.284741511879e-10	-9.688826062888e-10	1.304088309322e-09
-3.081600000000e-06	3.764920424123e-11	-1.195232118130e-09	1.249754893331e-09
-3.081400000000e-06	1.806304587262e-09	-3.285093365616e-09	4.206260909792e-10
-3.081200000000e-06	9.146651064474e-10	-2.541280883042e-09	1.269409921059e-09
-3.081000000000e-06	1.119650067514e-09	-2.091850873950e-09	2.505784759844e-10
-3.080800000000e-06	1.571480213417e-09	-2.725249572711e-09	1.349597602262e-10
-3.080600000000e-06	8.204706517067e-10	-2.394849565153e-09	1.239330260113e-09
-3.080400000000e-06	1.451203364782e-09	-2.862186535571e-09	5.821322056048e-10
-3.080200000000e-06	1.877266103322e-09	-2.888057596887e-09	-2.567979787660e-10
-3.080000000000e-06	1.551334838909e-09	-2.828449399046e-09	3.196121697649e-10
-3.079800000000e-06	1.609363215036e-09	-3.122456258344e-09	6.033836793535e-10
-3.079600000000e-06	1.659047622945e-09	-3.567864434944e-09	1.122154713786e-09
-3.079400000000e-06	1.610677615752e-09	-3.160039726403e-09	6.344048734839e-10
-3.079200000000e-06	1.251334589647e-09	-3.314662770506e-09	1.566963716941e-09
-3.079000000000e-06	2.097690870071e-09	-4.352037533585e-09	1.239994866965e-09
-3.078800000000e-06	1.604506738214e-09	-3.195362742919e-09	6.893033615865e-10
-3.078600000000e-06	2.018662997995e-09	-3.657811029048e-09	5.264014199460e-10
-3.078400000000e-06	1.452969014934e-09	-2.476441862127e-09	6.580295617276e-11
-3.078200000000e-06	2.475146768867e-09	-4.778732047613e-09	1.038015606998e-09
-3.078000000000e-06	2.148374018915e-09	-4.657694901175e-09	1.548107590173e-09
-3.077800000000e-06	2.573182676654e-09	-4.517467172125e-09	5.131244329386e-10
-3.077600000000e-06	2.395181558887e-09	-4.783814073962e-09	1.184153901916e-09
-3.077400000000e-06	2.563026602701e-09	-5.030460788153e-09	1.192126221773e-09
-3.077200000000e-06	2.410760078145e-09	-3.688423613061e-09	-2.482270758861e-10
-3.077000000000e-06	2.120423259672e-09	-3.947534520453e-09	6.738662915950e-10
-3.076800000000e-06	1.832174073469e-09	-3.657371513921e-09	8.791414840180e-10
-3.076600000000e-06	2.091058650864e-09	-4.318076451816e-09	1.231149354479e-09
-3.076400000000e-06	2.804538200531e-09	-5.133964306681e-09	8.610498327299e-10
-3.076200000000e-06	1.796538509738e-09	-4.276573129636e-09	1.759064533525e-09
-3.076000000000e-06	2.757511771448e-09	-4.658355986772e-09	3.045404580577e-10
-3.075800000000e-06	2.688613337920e-09	-5.124539265057e-09	1.073351234107e-09
-3.075600000000e-06	2.854103009382e-09	-4.824813029520e-09	3.402433056860e-10
-3.075400000000e-06	2.084518654196e-09	-4.688852825094e-09	1.731468967705e-09
-3.075200000000e-06	3.075674143778e-09	-5.160151986760e-09	3.357529331973e-10
-3.075000000000e-06	2.109333492390e-09	-4.358264380264e-09	1.251985217975e-09
-3.074800000000e-06	2.564254052609e-09	-5.202680127412e-09	1.487887993657e-09
-3.074600000000e-06	2.316149107113e-09	-4.687311050347e-09	1.255510383851e-09
-3.074400000000e-06	2.398026887026e-09	-4.710679986402e-09	1.139083034130e-09
-3.074200000000e-06	2.871760088165e-09	-5.089642703688e-09	6.909738698878e-10
-3.074000000000e-06	3.124106951853e-09	-5.902678189648e-09	1.237709221571e-09
-3.073800000000e-06	3.066435043048e-09	-5.298723954555e-09	5.378042782045e-10
-3.073600000000e-06	2.568760038008e-09	-4.961779194402e-09	1.097355332901e-09
-3.073400000000e-06	2.913486602198e-09	-5.603465034164e-09	1.288933147210e-09
-3.073200000000e-06	2.115701996287e-09	-3.892083706996e-09	6.326781960276e-10
-3.073000000000e-06	3.181767044337e-09	-5.211886467552e-09	2.189419230359e-10
-3.072800000000e-06	2.722576168720e-09	-5.218847431097e-09	1.169394360616e-09
-3.072600000000e-06	2.729608726846e-09	-5.504677629699e-09	1.521410667406e-09
-3.072400000000e-06	3.240383608260e-09	-5.461575652822e-09	3.969410842244e-10
-3.072200000000e-06	3.288451207680e-09	-5.196879979878e-09	-1.087121501281e-11
-3.072000000000e-06	2.143692195523e-09	-4.480705227585e-09	1.366634191734e-09
-3.071800000000e-06	2.457813244882e-09	-4.850311731957e-09	1.244106241783e-09
-3.071600000000e-06	3.098056069108e-09	-5.716943608656e-09	1.091020453307e-09
-3.071400000000e-06	3.331177066522e-09	-5.489352839608e-09	2.977909334364e-10
-3.071200000000e-06	2.757898452878e-09	-5.415330711826e-09	1.347894842288e-09
-3.071000000000e-06	2.933856552979e-09	-5.631313880677e-09	1.291606126519e-09
-3.070800000000e-06	2.978734910528e-09	-5.610576900769e-09	1.188063594199e-09
-3.070600000000e-06	3.038899081029e-09	-5.887827754227e-09	1.431250179241e-09
-3.070400000000e-06	3.037386060577e-09	-5.831714393672e-09	1.359249256843e-09
-3.070200000000e-06	2.940853252081e-09	-5.808608573662e-09	1.485320929693e-09
-3.070000000000e-06	2.700503031313e-09	-5.067737956581e-09	1.003776202759e-09
-3.069800000000e-06	3.499215703220e-09	-5.730371753184e-09	2.861547824551e-10
-3.069600000000e-06	2.893140142314e-09	-5.563698869788e-09	1.282801757230e-09
-3.069400000000e-06	2.737497720036e-09	-5.154573820828e-09	1.046010763966e-09
-3.069200000000e-06	2.971032698410e-09	-5.052423271539e-09	4.663723956985e-10
-3.069000000000e-06	3.234303229146e-09	-5.822291706867e-09	9.418290876228e-10
-3.068800000000e-06	3.259247762871e-09	-6.033461234487e-09	1.160134024262e-09
-3.068600000000e-06	2.490235419134e-09	-5.888934884786e-09	2.550799653785e-09
-3.068400000000e-06	2.565537660389e-09	-4.909154282294e-09	1.078692752089e-09
-3.068200000000e-06	3.773773463266e-09	-6.654131458428e-09	9.418503400864e-10
-3.068000000000e-06	2.947563689383e-09	-6.079493470015e-09	1.869783424459e-09
-3.067800000000e-06	3.345489905794e-09	-6.351387550047e-09	1.446716945298e-09
-3.067600000000e-06	2.971071644186e-09	-4.902627010918e-09	2.544582605017e-10
-3.067400000000e-06	3.005166810560e-09	-5.315582607838e-09	7.567097864017e-10
-3.067200000000e-06	2.848496886881e-09	-5.653376095500e-09	1.483725452512e-09
-3.067000000000e-06	3.243450352783e-09	-6.220620629703e-09	1.486468861708e-09
-3.066800000000e-06	3.318294956932e-09	-5.424031064153e-09	2.758124906235e-10
-3.066600000000e-06	3.672761318099e-09	-6.244973235595e-09	6.321245980248e-10
-3.066400000000e-06	2.780163657344e-09	-5.602652083010e-09	1.624597245312e-09
-3.066200000000e-06	3.380935300060e-09	-5.695218049944e-09	4.885815112774e-10
-3.066000000000e-06	3.333144841945e-09	-6.226330865185e-09	1.296696793738e-09
-3.065800000000e-06	3.338324886397e-09	-5.683696130914e-09	5.478835472008e-10
-3.065600000000e-06	3.042789121565e-09	-5.995669894715e-09	1.607913815500e-09
-3.065400000000e-06	3.563084598160e-09	-6.382378549969e-09	1.022834304821e-09
-3.065200000000e-06	3.613348454692e-09	-6.554279155558e-09	1.160493147134e-09
-3.065000000000e-06	3.172197874695e-09	-6.193640084012e-09	1.609868102441e-09
-3.064800000000e-06	3.159278264759e-09	-6.039626570367e-09	1.377424751520e-09
-3.064600000000e-06	3.743177783813e-09	-6.540332264941e-09	8.992236137074e-10
-3.064400000000e-06	3.234790471727e-09	-5.717342861332e-09	8.312295287056e-10
-3.064200000000e-06	3.439982622409e-09	-6.103446750685e-09	9.363263633554e-10
-3.064000000000e-06	2.987009054759e-09	-6.000963325884e-09	1.730159131342e-09
-3.063800000000e-06	2.896859169907e-09	-5.142598003771e-09	7.688911288008e-10
-3.063600000000e-06	3.365630594642e-09	-6.374999651135e-09	1.428939183393e-09
-3.063400000000e-06	3.423565182046e-09	-5.833818971061e-09	6.119799203430e-10
-3.063200000000e-06	3.065191671536e-09	-6.037133695896e-09	1.582013848176e-09
-3.063000000000e-06	3.640794411437e-09	-6.323899397826e-09	7.980570136953e-10
-3.062800000000e-06	3.524176162314e-09	-5.678129115094e-09	2.226039538044e-10
-3.062600000000e-06	3.330532893587e-09	-6.105371864693e-09	1.175295512733e-09
-3.062400000000e-06	3.471308136359e-09	-5.755689905395e-09	4.000349508409e-10
-3.062200000000e-06	3.040462214461e-09	-5.698009449669e-09	1.195019883978e-09
-3.062000000000e-06	3.233648489952e-09	-6.105656969043e-09	1.374024002385e-09
-3.061800000000e-06	3.150226270132e-09	-5.918680469583e-09	1.308273477190e-09
-3.061600000000e-06	3.277823420077e-09	-6.506449090098e-09	1.793087174596e-09
-3.061400000000e-06	3.628811447663e-09	-6.063394108190e-09	5.206502539990e-10
-3.061200000000e-06	3.435224872586e-09	-5.754304471503e-09	4.859070591868e-10
-3.061000000000e-06	3.175900324516e-09	-6.235253978598e-09	1.654490833465e-09
-3.060800000000e-06	3.413779475726e-09	-5.638958033424e-09	4.085903451311e-10
-3.060600000000e-06	2.885007327781e-09	-5.668731223395e-09	1.456174373824e-09
-3.060400000000e-06	3.392041324366e-09	-5.795572528911e-09	6.385521899655e-10
-3.060200000000e-06	3.381279271188e-09	-6.150283622372e-09	1.156423127340e-09
-3.060000000000e-06	3.348944802158e-09	-6.467679648640e-09	1.615205017533e-09
-3.059800000000e-06	3.006398503043e-09	-5.482256509925e-09	1.011294576896e-09
-3.059600000000e-06	3.506909552449e-09	-6.111719957725e-09	8.510445744297e-10
-3.059400000000e-06	2.861585429923e-09	-5.866648776684e-09	1.807671185230e-09
-3.059200000000e-06	3.415274365105e-09	-6.140821674445e-09	1.059200886491e-09
-3.059000000000e-06	3.222220945406e-09	-6.164529843761e-09	1.472483685553e-09
-3.058800000000e-06	3.006017873307e-09	-5.561778528454e-09	1.104733770616e-09
-3.058600000000e-06	3.142876020413e-09	-6.111500564429e-09	1.569931764933e-09
-3.058400000000e-06	3.438650780007e-09	-6.211566147495e-09	1.117780869007e-09
-3.058200000000e-06	3.133230081344e-09	-5.688019124653e-09	1.016905904052e-09
-3.058000000000e-06	2.812765640258e-09	-5.445764581354e-09	1.350193357974e-09
-3.057800000000e-06	3.244086107083e-09	-5.900774521653e-09	1.070092287603e-09
-3.057600000000e-06	2.753726206309e-09	-5.336011079663e-09	1.328337758553e-09
-3.057400000000e-06	3.477816573637e-09	-6.223942655893e-09	1.089326638167e-09
-3.057200000000e-06	3.028901146728e-09	-5.642863250803e-09	1.171948551628e-09
-3.057000000000e-06	3.105252570411e-09	-6.131699314266e-09	1.679268045009e-09
-3.056800000000e-06	3.237631304910e-09	-5.612025731477e-09	7.328255959321e-10
-3.056600000000e-06	3.418603162521e-09	-5.876608936122e-09	7.097201730223e-10
-3.056400000000e-06	3.432377107327e-09	-6.168466794905e-09	1.047067348549e-09
-3.056200000000e-06	3.548088667396e-09	-6.126830309316e-09	8.111125482970e-10
-3.056000000000e-06	3.478215829274e-09	-6.060389882269e-09	8.548621321603e-10
-3.055800000000e-06	2.818055974707e-09	-5.608135236019e-09	1.567489033419e-09
-3.055600000000e-06	2.885953974311e-09	-5.645226752143e-09	1.477506985982e-09
-3.055400000000e-06	3.299901002928e-09	-5.892185885722e-09	9.596398530758e-10
-3.055200000000e-06	3.320113106864e-09	-5.785447638328e-09	7.894485842074e-10
-3.055000000000e-06	3.115761253502e-09	-5.735618213061e-09	1.139884721823e-09
-3.054800000000e-06	3.207883506486e-09	-6.096742022873e-09	1.441954229534e-09
-3.054600000000e-06	3.225834744530e-09	-5.753293637865e-09	9.463074618358e-10
-3.054400000000e-06	2.859068740601e-09	-5.215818885867e-09	9.620158295847e-10
-3.054200000000e-06	2.743425031935e-09	-5.567013203557e-09	1.671499781665e-09
-3.054000000000e-06	2.860863494002e-09	-5.396824666412e-09	1.214973940128e-09
-3.053800000000e-06	3.055118667915e-09	-5.571948260896e-09	1.071845400082e-09
-3.053600000000e-06	3.263854780936e-09	-6.249709826649e-09	1.540543432601e-09
-3.053400000000e-06	2.797007899046e-09	-5.393356865125e-09	1.315606169151e-09
-3.053200000000e-06	3.045757860202e-09	-5.515542599367e-09	9.925953184610e-10
-3.053000000000e-06	3.253090136133e-09	-5.660545351248e-09	7.656869967948e-10
-3.052800000000e-06	3.172893681838e-09	-5.742234477463e-09	1.058619201506e-09
-3.052600000000e-06	3.405025255274e-09	-5.787804857036e-09	6.379818966192e-10
-3.052400000000e-06	3.213089655190e-09	-5.920841363947e-09	1.208834661734e-09
-3.052200000000e-06	2.901264604437e-09	-5.858763193452e-09	1.758583005767e-09
-3.052000000000e-06	3.165148887992e-09	-5.725411511289e-09	1.075673046382e-09
-3.051800000000e-06	2.860795630363e-09	-5.052862804955e-09	7.574969336604e-10
-3.051600000000e-06	3.492364969504e-09	-6.147624588686e-09	9.212276758924e-10
-3.051400000000e-06	2.850353216225e-09	-5.134247737842e-09	8.895520903849e-10
-3.051200000000e-06	2.931342778369e-09	-5.623474320408e-09	1.374553996322e-09
-3.051000000000e-06	3.291591429840e-09	-5.322144535745e-09	2.752127315477e-10
-3.050800000000e-06	2.730699824850e-09	-5.236866006174e-09	1.274607901683e-09
-3.050600000000e-06	3.063612266509e-09	-5.805551449089e-09	1.359038393397e-09
-3.050400000000e-06	2.885996857841e-09	-5.471631486845e-09	1.267909976247e-09
-3.050200000000e-06	3.412693725500e-09	-5.819107968018e-09	6.982822169517e-10
-3.050000000000e-06	2.870247851538e-09	-5.385810888554e-09	1.184640334696e-09
-3.049800000000e-06	3.298859105128e-09	-5.912112627856e-09	1.058832525908e-09
-3.049600000000e-06	3.034151135450e-09	-5.091598081467e-09	5.152176172489e-10
-3.049400000000e-06	3.309942711485e-09	-5.841200455911e-09	9.239523971833e-10
-3.049200000000e-06	2.951755337572e-09	-5.629561357708e-09	1.336942070486e-09
-3.049000000000e-06	2.793159204446e-09	-5.520437507945e-09	1.526594649908e-09
-3.048800000000e-06	3.085920165943e-09	-5.579203246310e-09	1.037613311546e-09
-3.048600000000e-06	3.048208446411e-09	-5.644020942616e-09	1.185868349679e-09
-3.048400000000e-06	2.991842428009e-09	-5.534259216751e-09	1.161963205307e-09
-3.048200000000e-06	2.822286336648e-09	-5.018158564583e-09	7.756284041718e-10
-3.048000000000e-06	3.154828889451e-09	-5.546278159255e-09	8.405694813996e-10
-3.047800000000e-06	3.038344634219e-09	-5.571588068130e-09	1.118186238901e-09
-3.047600000000e-06	2.838389142771e-09	-5.120340288025e-09	9.234747785606e-10
-3.047400000000e-06	2.769698863089e-09	-5.481434420962e-09	1.518999993445e-09
-3.047200000000e-06	3.126268404174e-09	-5.627099514517e-09	1.036978521310e-09
-3.047000000000e-06	2.999129006398e-09	-5.636838408354e-09	1.311315608654e-09
-3.046800000000e-06	2.781946650835e-09	-5.277711820134e-09	1.226921240587e-09
-3.046600000000e-06	2.889181298563e-09	-5.455643649008e-09	1.256500923694e-09
-3.046400000000e-06	2.972193822592e-09	-5.485496709278e-09	1.125015798439e-09
-3.046200000000e-06	2.876446767851e-09	-5.121734642223e-09	8.328830987095e-10
-3.046000000000e-06	2.831381604300e-09	-5.463277130017e-09	1.378233227611e-09
-3.045800000000e-06	3.001351989251e-09	-5.372886278893e-09	9.350618200545e-10
-3.045600000000e-06	3.298173929110e-09	-5.766223010345e-09	8.584011332783e-10
-3.045400000000e-06	2.651849320122e-09	-4.981955081406e-09	1.111246822633e-09
-3.045200000000e-06	2.588480108058e-09	-5.178481328848e-09	1.469346808369e-09
-3.045000000000e-06	2.834411709276e-09	-5.387809771457e-09	1.297170747534e-09
-3.044800000000e-06	2.711657440965e-09	-4.904510270940e-09	8.820139159842e-10
-3.044600000000e-06	3.043894179713e-09	-5.394640155217e-09	9.092387326417e-10
-3.044400000000e-06	2.848017990026e-09	-5.342758071360e-09	1.225761679394e-09
-3.044200000000e-06	2.894211977719e-09	-5.251011028622e-09	9.490195713286e-10
-3.044000000000e-06	2.845627223214e-09	-5.349578845181e-09	1.192764115843e-09
-3.043800000000e-06	2.739456821522e-09	-5.229853049377e-09	1.294599036183e-09
-3.043600000000e-06	2.950185815126e-09	-4.996963545485e-09	5.302013211525e-10
-3.043400000000e-06	2.995575778034e-09	-5.375462909758e-09	9.665236122887e-10
-3.043200000000e-06	2.871648266853e-09	-5.078637122204e-09	8.286971581422e-10
-3.043000000000e-06	2.799120671249e-09	-4.963214450953e-09	7.923483003084e-10
-3.042800000000e-06	2.784614165953e-09	-5.084344973228e-09	9.712553277922e-10
-3.042600000000e-06	3.068260922526e-09	-5.356763118008e-09	8.057016004853e-10
-3.042400000000e-06	2.868500977877e-09	-5.748643277035e-09	1.703463986198e-09
-3.042200000000e-06	2.813181449073e-09	-5.000895551586e-09	8.236879390385e-10
-3.042000000000e-06	2.580578977806e-09	-4.897422863487e-09	1.174845512508e-09
-3.041800000000e-06	2.755043537994e-09	-5.185890308446e-09	1.185527205895e-09
-3.041600000000e-06	2.968017008309e-09	-5.228543802372e-09	8.276288398025e-10
-3.041400000000e-06	2.696112454445e-09	-5.053310315986e-09	1.121999751126e-09
-3.041200000000e-06	2.804782038220e-09	-4.740807984493e-09	5.403915016466e-10
-3.041000000000e-06	2.651453693987e-09	-4.980571123472e-09	1.096250508907e-09
-3.040800000000e-06	3.167535973199e-09	-5.593262781135e-09	9.468399308755e-10
-3.040600000000e-06	2.876425674580e-09	-5.266657660229e-09	1.048846372617e-09
-3.040400000000e-06	2.690316144347e-09	-5.013119135017e-09	1.099236278893e-09
-3.040200000000e-06	2.629795669983e-09	-4.804469133278e-09	9.270350668106e-10
-3.040000000000e-06	2.721095242362e-09	-5.054255721049e-09	1.069934409863e-09
-3.039800000000e-06	2.973463749655e-09	-5.219908381409e-09	7.991273289022e-10
-3.039600000000e-06	2.774093675123e-09	-4.793145656885e-09	6.314945074665e-10
-3.039400000000e-06	2.810348547231e-09	-5.124049378052e-09	1.029051832100e-09
-3.039200000000e-06	2.344051955832e-09	-4.566185310889e-09	1.221303131101e-09
-3.039000000000e-06	2.953149362380e-09	-5.332101629536e-09	9.788003227897e-10
-3.038800000000e-06	2.816963521086e-09	-4.609451298500e-09	3.044801494622e-10
-3.038600000000e-06	2.272940441471e-09	-4.562407440657e-09	1.321141466166e-09
-3.038400000000e-06	2.349514067312e-09	-4.601788284077e-09	1.240252158081e-09
-3.038200000000e-06	2.626717461391e-09	-4.757903281088e-09	8.960385315418e-10
-3.038000000000e-06	2.662359128717e-09	-4.890144899727e-09	9.979587512016e-10
-3.037800000000e-06	2.783113554679e-09	-4.846495363057e-09	7.047956131466e-10
-3.037600000000e-06	2.606176367869e-09	-4.766923233620e-09	9.491595050565e-10
-3.037400000000e-06	2.759572412052e-09	-5.176633299708e-09	1.184965986714e-09
-3.037200000000e-06	2.458022399684e-09	-4.712088846379e-09	1.158495236280e-09
-3.037000000000e-06	2.642495417491e-09	-4.777379914334e-09	8.801795601589e-10
-3.036800000000e-06	2.687162022330e-09	-4.903881847508e-09	9.281123661981e-10
-3.036600000000e-06	2.584504923760e-09	-4.767110932190e-09	1.002036534168e-09
-3.036400000000e-06	2.820672135772e-09	-4.832499851394e-09	6.147863021438e-10
-3.036200000000e-06	2.563180214922e-09	-4.893330109030e-09	1.227713258317e-09
-3.036000000000e-06	2.926179302151e-09	-4.927447087659e-09	5.543878125110e-10
-3.035800000000e-06	2.621794511313e-09	-4.938142455135e-09	1.114202020890e-09
-3.035600000000e-06	2.675001940947e-09	-4.835528648755e-09	8.902010261191e-10
-3.035400000000e-06	2.565186976290e-09	-4.636315702137e-09	8.724519472744e-10
-3.035200000000e-06	2.804444463040e-09	-5.079825348096e-09	9.477019067618e-10
-3.035000000000e-06	2.594267307656e-09	-4.930460471406e-09	1.206826382813e-09
-3.034800000000e-06	2.461989177685e-09	-4.507051792016e-09	8.873716443348e-10
-3.034600000000e-06	2.642551865088e-09	-5.044589434679e-09	1.257806475853e-09
-3.034400000000e-06	2.410556858617e-09	-4.493512884675e-09	9.757981767555e-10
-3.034200000000e-06	2.519782613272e-09	-4.781215516637e-09	1.187571875738e-09
-3.034000000000e-06	2.829998792533e-09	-4.833821320466e-09	5.986489233364e-10
-3.033800000000e-06	2.433173925190e-09	-4.323855120306e-09	7.155001053158e-10
-3.033600000000e-06	2.447948171700e-09	-4.567881070816e-09	1.010602251457e-09
-3.033400000000e-06	2.700372248608e-09	-4.861102778080e-09	9.172595630503e-10
-3.033200000000e-06	2.443564415196e-09	-4.651174897810e-09	1.138861063573e-09
-3.033000000000e-06	2.594413455853e-09	-4.776532796147e-09	1.004858110358e-09
-3.032800000000e-06	2.555561105506e-09	-4.512646734504e-09	7.155229551572e-10
-3.032600000000e-06	2.321913570214e-09	-4.612441002507e-09	1.339164530687e-09
-3.032400000000e-06	2.379070091748e-09	-4.597142806284e-09	1.160817538492e-09
-3.032200000000e-06	2.750907903534e-09	-4.764665283238e-09	6.842202200528e-10
-3.032000000000e-06	2.505595864640e-09	-4.661568973541e-09	1.015770811429e-09
-3.031800000000e-06	2.269277110076e-09	-4.220641107063e-09	9.212459773730e-10
-3.031600000000e-06	2.676213772506e-09	-4.704351407974e-09	7.291977671387e-10
-3.031400000000e-06	2.388625658753e-09	-4.433716638674e-09	9.502038472507e-10
-3.031200000000e-06	2.394104135174e-09	-4.565512809564e-09	1.127708175186e-09
-3.031000000000e-06	2.417595517101e-09	-4.593036965088e-09	1.107526899066e-09
-3.030800000000e-06	2.801745232100e-09	-4.973670461259e-09	8.416383286799e-10
-3.030600000000e-06	2.514562684105e-09	-4.615142441260e-09	9.418563263294e-10
-3.030400000000e-06	2.134230513103e-09	-4.207706448703e-09	1.142420972189e-09
