3.201400000000e-06	0.000000000000e+00	0.000000000000e+00	0.000000000000e+00
3.201600000000e-06	0.000000000000e+00	0.000000000000e+00	0.000000000000e+00
3.201800000000e-06	0.000000000000e+00	0.000000000000e+00	0.000000000000e+00
3.202000000000e-06	0.000000000000e+00	0.000000000000e+00	0.000000000000e+00
3.202200000000e-06	0.000000000000e+00	0.000000000000e+00	0.000000000000e+00
3.202400000000e-06	0.000000000000e+00	0.000000000000e+00	0.000000000000e+00
3.202600000000e-06	0.000000000000e+00	0.000000000000e+00	0.000000000000e+00
3.202800000000e-06	0.000000000000e+00	0.000000000000e+00	0.000000000000e+00
3.203000000000e-06	0.000000000000e+00	0.000000000000e+00	0.000000000000e+00
3.203200000000e-06	0.000000000000e+00	0.000000000000e+00	0.000000000000e+00
3.203400000000e-06	0.000000000000e+00	0.000000000000e+00	0.000000000000e+00
3.203600000000e-06	0.000000000000e+00	0.000000000000e+00	0.000000000000e+00
3.203800000000e-06	0.000000000000e+00	0.000000000000e+00	0.000000000000e+00
3.204000000000e-06	0.000000000000e+00	0.000000000000e+00	0.000000000000e+00
3.204200000000e-06	0.000000000000e+00	0.000000000000e+00	0.000000000000e+00
3.204400000000e-06	0.000000000000e+00	0.000000000000e+00	0.000000000000e+00
3.204600000000e-06	0.000000000000e+00	0.000000000000e+00	0.000000000000e+00
3.204800000000e-06	0.000000000000e+00	0.000000000000e+00	0.000000000000e+00
3.205000000000e-06	0.000000000000e+00	0.000000000000e+00	0.000000000000e+00
3.205200000000e-06	0.000000000000e+00	0.000000000000e+00	0.000000000000e+00
3.205400000000e-06	0.000000000000e+00	0.000000000000e+00	0.000000000000e+00
3.205600000000e-06	0.000000000000e+00	0.000000000000e+00	0.000000000000e+00
3.205800000000e-06	0.000000000000e+00	0.000000000000e+00	0.000000000000e+00
3.206000000000e-06	0.000000000000e+00	0.000000000000e+00	0.000000000000e+00
3.206200000000e-06	0.000000000000e+00	0.000000000000e+00	0.000000000000e+00
3.206400000000e-06	0.000000000000e+00	0.000000000000e+00	0.000000000000e+00
3.206600000000e-06	0.000000000000e+00	0.000000000000e+00	0.000000000000e+00
3.206800000000e-06	0.000000000000e+00	0.000000000000e+00	0.000000000000e+00
3.207000000000e-06	0.000000000000e+00	0.000000000000e+00	0.000000000000e+00
3.207200000000e-06	0.000000000000e+00	0.000000000000e+00	0.000000000000e+00
3.207400000000e-06	0.000000000000e+00	0.000000000000e+00	0.000000000000e+00
3.207600000000e-06	0.000000000000e+00	0.000000000000e+00	0.000000000000e+00
3.207800000000e-06	0.000000000000e+00	0.000000000000e+00	0.000000000000e+00
3.208000000000e-06	0.000000000000e+00	0.000000000000e+00	0.000000000000e+00
3.208200000000e-06	0.000000000000e+00	0.000000000000e+00	0.000000000000e+00
3.208400000000e-06	0.000000000000e+00	0.000000000000e+00	0.000000000000e+00
3.208600000000e-06	0.000000000000e+00	0.000000000000e+00	0.000000000000e+00
3.208800000000e-06	0.000000000000e+00	0.000000000000e+00	0.000000000000e+00
3.209000000000e-06	0.000000000000e+00	0.000000000000e+00	0.000000000000e+00
3.209200000000e-06	0.000000000000e+00	0.000000000000e+00	0.000000000000e+00
3.209400000000e-06	0.000000000000e+00	0.000000000000e+00	0.000000000000e+00
3.209600000000e-06	0.000000000000e+00	0.000000000000e+00	0.000000000000e+00
3.209800000000e-06	0.000000000000e+00	0.000000000000e+00	0.000000000000e+00
3.210000000000e-06	0.000000000000e+00	0.000000000000e+00	0.000000000000e+00
3.210200000000e-06	0.000000000000e+00	0.000000000000e+00	0.000000000000e+00
3.210400000000e-06	0.000000000000e+00	0.000000000000e+00	0.000000000000e+00
3.210600000000e-06	0.000000000000e+00	0.000000000000e+00	0.000000000000e+00
3.210800000000e-06	0.000000000000e+00	0.000000000000e+00	0.000000000000e+00
3.211000000000e-06	0.000000000000e+00	0.000000000000e+00	0.000000000000e+00
3.211200000000e-06	0.000000000000e+00	0.000000000000e+00	0.000000000000e+00
3.211400000000e-06	0.000000000000e+00	0.000000000000e+00	0.000000000000e+00
3.211600000000e-06	0.000000000000e+00	0.000000000000e+00	0.000000000000e+00
3.211800000000e-06	0.000000000000e+00	0.000000000000e+00	0.000000000000e+00
3.212000000000e-06	0.000000000000e+00	0.000000000000e+00	0.000000000000e+00
3.212200000000e-06	0.000000000000e+00	0.000000000000e+00	0.000000000000e+00
3.212400000000e-06	0.000000000000e+00	0.000000000000e+00	0.000000000000e+00
3.212600000000e-06	0.000000000000e+00	0.000000000000e+00	0.000000000000e+00
3.212800000000e-06	0.000000000000e+00	0.000000000000e+00	0.000000000000e+00
3.213000000000e-06	0.000000000000e+00	0.000000000000e+00	0.000000000000e+00
3.213200000000e-06	0.000000000000e+00	0.000000000000e+00	0.000000000000e+00
3.213400000000e-06	0.000000000000e+00	0.000000000000e+00	0.000000000000e+00
3.213600000000e-06	0.000000000000e+00	0.000000000000e+00	0.000000000000e+00
3.213800000000e-06	0.000000000000e+00	0.000000000000e+00	0.000000000000e+00
3.214000000000e-06	0.000000000000e+00	0.000000000000e+00	0.000000000000e+00
3.214200000000e-06	0.000000000000e+00	0.000000000000e+00	0.000000000000e+00
3.214400000000e-06	0.000000000000e+00	0.000000000000e+00	0.000000000000e+00
3.214600000000e-06	0.000000000000e+00	0.000000000000e+00	0.000000000000e+00
3.214800000000e-06	0.000000000000e+00	0.000000000000e+00	0.000000000000e+00
3.215000000000e-06	0.000000000000e+00	0.000000000000e+00	0.000000000000e+00
3.215200000000e-06	0.000000000000e+00	0.000000000000e+00	0.000000000000e+00
3.215400000000e-06	0.000000000000e+00	0.000000000000e+00	0.000000000000e+00
3.215600000000e-06	0.000000000000e+00	0.000000000000e+00	0.000000000000e+00
3.215800000000e-06	0.000000000000e+00	0.000000000000e+00	0.000000000000e+00
3.216000000000e-06	0.000000000000e+00	0.000000000000e+00	0.000000000000e+00
3.216200000000e-06	0.000000000000e+00	0.000000000000e+00	0.000000000000e+00
3.216400000000e-06	0.000000000000e+00	0.000000000000e+00	0.000000000000e+00
3.216600000000e-06	0.000000000000e+00	0.000000000000e+00	0.000000000000e+00
3.216800000000e-06	0.000000000000e+00	0.000000000000e+00	0.000000000000e+00
3.217000000000e-06	0.000000000000e+00	0.000000000000e+00	0.000000000000e+00
3.217200000000e-06	0.000000000000e+00	0.000000000000e+00	0.000000000000e+00
3.217400000000e-06	0.000000000000e+00	0.000000000000e+00	0.000000000000e+00
3.217600000000e-06	0.000000000000e+00	0.000000000000e+00	0.000000000000e+00
3.217800000000e-06	0.000000000000e+00	0.000000000000e+00	0.000000000000e+00
3.218000000000e-06	0.000000000000e+00	0.000000000000e+00	0.000000000000e+00
3.218200000000e-06	0.000000000000e+00	0.000000000000e+00	0.000000000000e+00
3.218400000000e-06	0.000000000000e+00	0.000000000000e+00	0.000000000000e+00
3.218600000000e-06	0.000000000000e+00	0.000000000000e+00	0.000000000000e+00
3.218800000000e-06	0.000000000000e+00	0.000000000000e+00	0.000000000000e+00
3.219000000000e-06	0.000000000000e+00	0.000000000000e+00	0.000000000000e+00
3.219200000000e-06	0.000000000000e+00	0.000000000000e+00	0.000000000000e+00
3.219400000000e-06	0.000000000000e+00	0.000000000000e+00	0.000000000000e+00
3.219600000000e-06	0.000000000000e+00	0.000000000000e+00	0.000000000000e+00
3.219800000000e-06	0.000000000000e+00	0.000000000000e+00	0.000000000000e+00
3.220000000000e-06	0.000000000000e+00	0.000000000000e+00	0.000000000000e+00
3.220200000000e-06	0.000000000000e+00	0.000000000000e+00	0.000000000000e+00
3.220400000000e-06	0.000000000000e+00	0.000000000000e+00	0.000000000000e+00
3.220600000000e-06	0.000000000000e+00	0.000000000000e+00	0.000000000000e+00
3.220800000000e-06	0.000000000000e+00	0.000000000000e+00	0.000000000000e+00
3.221000000000e-06	0.000000000000e+00	0.000000000000e+00	0.000000000000e+00
3.221200000000e-06	0.000000000000e+00	0.000000000000e+00	0.000000000000e+00
3.221400000000e-06	0.000000000000e+00	0.000000000000e+00	0.000000000000e+00
3.221600000000e-06	0.000000000000e+00	0.000000000000e+00	0.000000000000e+00
3.221800000000e-06	0.000000000000e+00	0.000000000000e+00	0.000000000000e+00
3.222000000000e-06	0.000000000000e+00	0.000000000000e+00	0.000000000000e+00
3.222200000000e-06	0.000000000000e+00	0.000000000000e+00	0.000000000000e+00
3.222400000000e-06	0.000000000000e+00	0.000000000000e+00	0.000000000000e+00
3.222600000000e-06	0.000000000000e+00	0.000000000000e+00	0.000000000000e+00
3.222800000000e-06	0.000000000000e+00	0.000000000000e+00	0.000000000000e+00
3.223000000000e-06	0.000000000000e+00	0.000000000000e+00	0.000000000000e+00
3.223200000000e-06	0.000000000000e+00	0.000000000000e+00	0.000000000000e+00
3.223400000000e-06	0.000000000000e+00	0.000000000000e+00	0.000000000000e+00
3.223600000000e-06	0.000000000000e+00	0.000000000000e+00	0.000000000000e+00
3.223800000000e-06	0.000000000000e+00	0.000000000000e+00	0.000000000000e+00
3.224000000000e-06	0.000000000000e+00	0.000000000000e+00	0.000000000000e+00
3.224200000000e-06	0.000000000000e+00	0.000000000000e+00	0.000000000000e+00
3.224400000000e-06	0.000000000000e+00	0.000000000000e+00	0.000000000000e+00
3.224600000000e-06	0.000000000000e+00	0.000000000000e+00	0.000000000000e+00
3.224800000000e-06	0.000000000000e+00	0.000000000000e+00	0.000000000000e+00
3.225000000000e-06	0.000000000000e+00	0.000000000000e+00	0.000000000000e+00
3.225200000000e-06	0.000000000000e+00	0.000000000000e+00	0.000000000000e+00
3.225400000000e-06	0.000000000000e+00	0.000000000000e+00	0.000000000000e+00
3.225600000000e-06	0.000000000000e+00	0.000000000000e+00	0.000000000000e+00
3.225800000000e-06	0.000000000000e+00	0.000000000000e+00	0.000000000000e+00
3.226000000000e-06	0.000000000000e+00	0.000000000000e+00	0.000000000000e+00
3.226200000000e-06	0.000000000000e+00	0.000000000000e+00	0.000000000000e+00
3.226400000000e-06	0.000000000000e+00	0.000000000000e+00	0.000000000000e+00
3.226600000000e-06	0.000000000000e+00	0.000000000000e+00	0.000000000000e+00
3.226800000000e-06	0.000000000000e+00	0.000000000000e+00	0.000000000000e+00
3.227000000000e-06	0.000000000000e+00	0.000000000000e+00	0.000000000000e+00
3.227200000000e-06	0.000000000000e+00	0.000000000000e+00	0.000000000000e+00
3.227400000000e-06	0.000000000000e+00	0.000000000000e+00	0.000000000000e+00
3.227600000000e-06	0.000000000000e+00	0.000000000000e+00	0.000000000000e+00
3.227800000000e-06	0.000000000000e+00	0.000000000000e+00	0.000000000000e+00
3.228000000000e-06	0.000000000000e+00	0.000000000000e+00	0.000000000000e+00
3.228200000000e-06	0.000000000000e+00	0.000000000000e+00	0.000000000000e+00
3.228400000000e-06	0.000000000000e+00	0.000000000000e+00	0.000000000000e+00
3.228600000000e-06	0.000000000000e+00	0.000000000000e+00	0.000000000000e+00
3.228800000000e-06	0.000000000000e+00	0.000000000000e+00	0.000000000000e+00
3.229000000000e-06	0.000000000000e+00	0.000000000000e+00	0.000000000000e+00
3.229200000000e-06	0.000000000000e+00	0.000000000000e+00	0.000000000000e+00
3.229400000000e-06	0.000000000000e+00	0.000000000000e+00	0.000000000000e+00
3.229600000000e-06	5.057666437814e-15	-1.008361184405e-14	2.702063674310e-15
3.229800000000e-06	-1.561583796128e-15	3.124000424512e-15	-8.471034754920e-16
3.230000000000e-06	-1.395350215133e-15	2.665261688550e-15	-5.826998340764e-16
3.230200000000e-06	-1.303302148314e-15	2.272435422089e-15	-2.427068927360e-16
3.230400000000e-06	-1.691817210323e-15	3.580201520181e-15	-1.195305389452e-15
3.230600000000e-06	-2.311049152914e-16	3.843009190854e-16	-1.761952941663e-17
3.230800000000e-06	1.144115016164e-15	-1.427783510457e-15	-5.769541582408e-16
3.231000000000e-06	-1.833093653807e-15	5.266050706093e-15	-3.227605022296e-15
3.231200000000e-06	-2.459568695373e-14	6.049714802862e-14	-2.918317056381e-14
3.231400000000e-06	4.206618025314e-15	-1.622020953335e-14	1.319115932003e-14
3.231600000000e-06	1.949388920503e-14	-4.031183275548e-14	1.246450047413e-14
3.231800000000e-06	-7.386717169544e-16	3.995475647984e-16	1.099235937800e-15
3.232000000000e-06	-6.345425546876e-16	1.733104104049e-15	-9.984099310412e-16
3.232200000000e-06	1.590835758712e-15	-2.978640690622e-15	5.850855526330e-16
3.232400000000e-06	3.867413854409e-16	-9.890792086413e-16	5.124440154525e-16
3.232600000000e-06	6.093966696483e-14	-7.765514839687e-14	-2.847946598836e-14
3.232800000000e-06	-1.557225216836e-13	3.189021783337e-13	-9.457849524414e-14
3.233000000000e-06	5.802402983548e-14	-7.618135489492e-14	-2.369882264477e-14
3.233200000000e-06	-6.340978680085e-14	8.815732751648e-14	1.950474782880e-14
3.233400000000e-06	3.895145667571e-15	-3.060282156518e-14	3.375536644017e-14
3.233600000000e-06	1.485404120194e-14	-2.671190053680e-14	3.903078140717e-15
3.233800000000e-06	-2.300693802748e-14	1.987057403710e-14	2.381016824444e-14
3.234000000000e-06	-1.011164686696e-14	2.183925945439e-14	-7.875200504428e-15
3.234200000000e-06	-3.230298478212e-14	6.319691219876e-14	-1.580681302289e-14
3.234400000000e-06	2.818070746925e-14	-2.419077036911e-14	-2.947408216990e-14
3.234600000000e-06	9.623158365392e-15	1.554522327846e-14	-4.341556024110e-14
3.234800000000e-06	-4.400991373700e-14	1.087913238387e-13	-5.305181876242e-14
3.235000000000e-06	1.194099705108e-13	-1.701609176219e-13	-3.013210850842e-14
3.235200000000e-06	-1.889967855587e-13	2.265703266771e-13	1.069422485606e-13
3.235400000000e-06	1.918726710090e-14	1.307252397733e-13	-2.264073595960e-13
3.235600000000e-06	-7.205538024179e-14	9.970063240751e-14	2.174837276663e-14
3.235800000000e-06	-3.994223995336e-14	2.934035551744e-14	4.786069008805e-14
3.236000000000e-06	5.380903369840e-14	7.652861971240e-15	-1.314703483223e-13
3.236200000000e-06	-2.671818189974e-14	1.082275004901e-13	-9.342437400784e-14
3.236400000000e-06	-1.955654531748e-13	1.929190609082e-13	1.679165888961e-13
3.236600000000e-06	-1.099777377534e-13	5.542831846967e-14	1.682326922650e-13
3.236800000000e-06	-4.503191423774e-13	6.844258664566e-13	4.963577213538e-14
3.237000000000e-06	3.091043213757e-15	-6.580593232621e-16	-4.936957669401e-15
3.237200000000e-06	-1.624985776165e-13	3.347293056932e-13	-1.060200984830e-13
3.237400000000e-06	3.222729378486e-13	-6.146618392362e-13	1.395333918887e-13
3.237600000000e-06	-1.406767893084e-13	3.288432974838e-13	-1.462675492418e-13
3.237800000000e-06	-4.473694286172e-13	6.305309949644e-13	1.121236356007e-13
3.238000000000e-06	-5.256009446180e-13	1.373165312691e-12	-7.473389639598e-13
3.238200000000e-06	-8.893448914317e-14	1.283926577819e-13	1.950723981355e-14
3.238400000000e-06	-2.605001984967e-13	8.897422974781e-13	-6.665420060960e-13
3.238600000000e-06	4.200632913610e-14	9.292552233261e-13	-1.401014678409e-12
3.238800000000e-06	2.812027291094e-13	-1.841103658847e-13	-3.918637728944e-13
3.239000000000e-06	-2.293720105489e-13	-1.205449901910e-12	2.232598223609e-12
3.239200000000e-06	-1.053080328058e-12	5.945535553415e-13	1.550424429035e-12
3.239400000000e-06	-1.187756638252e-12	1.911925479578e-12	-8.280317270893e-14
3.239600000000e-06	-1.095155082703e-13	8.622454025601e-13	-9.955227106141e-13
3.239800000000e-06	9.555069631446e-13	-1.901558875387e-12	5.394058079329e-13
3.240000000000e-06	-1.658082625468e-13	1.272861780669e-12	-1.413904329895e-12
3.240200000000e-06	5.692817891782e-13	1.682241197654e-13	-1.523597780984e-12
3.240400000000e-06	-2.315624251002e-13	6.255802168254e-13	-3.653090074643e-13
3.240600000000e-06	-1.116034335209e-12	1.770707501613e-12	7.278261805980e-15
3.240800000000e-06	-3.682531080426e-13	2.198170487389e-12	-2.275189210344e-12
3.241000000000e-06	-2.511904757544e-12	4.213271241124e-12	-2.960516365836e-13
3.241200000000e-06	-2.139722668255e-12	1.866867212636e-12	2.158246660513e-12
3.241400000000e-06	-4.824100767384e-12	9.331579825485e-12	-2.342865430640e-12
3.241600000000e-06	3.053316075261e-12	-3.964442103049e-12	-1.263884848171e-12
3.241800000000e-06	-6.836497558742e-13	3.701644995599e-12	-3.678943855424e-12
3.242000000000e-06	-9.736094864121e-13	-2.391898584856e-13	2.545404048915e-12
3.242200000000e-06	2.424411958745e-12	-2.396339857783e-13	-5.106876804871e-12
3.242400000000e-06	-3.198837805458e-12	6.046750290980e-12	-1.331626402795e-12
3.242600000000e-06	-1.503906648880e-12	1.769177137479e-12	8.851748717594e-13
3.242800000000e-06	-4.722712587400e-12	6.691813004817e-12	1.080705344312e-12
3.243000000000e-06	-1.587842033089e-12	1.253670801055e-12	1.813719786827e-12
3.243200000000e-06	1.647228474735e-13	1.663992026614e-12	-2.759065495107e-12
3.243400000000e-06	1.902085906347e-12	-1.938937386581e-12	-1.495338392381e-12
3.243600000000e-06	-3.717054730500e-12	6.514788920622e-12	-8.737297313666e-13
3.243800000000e-06	5.359421294591e-13	-1.868745134729e-13	-9.341887782044e-13
3.244000000000e-06	-1.128626115555e-12	1.194575323704e-12	8.404952528271e-13
3.244200000000e-06	1.659653567649e-13	-1.637781847474e-12	1.931021639780e-12
3.244400000000e-06	-6.779842700259e-12	1.123482158798e-11	-6.578037820949e-13
3.244600000000e-06	-3.070439483005e-12	2.946975155765e-12	2.729177640834e-12
3.244800000000e-06	6.466183362164e-13	-7.593106517983e-13	-3.783228799475e-13
3.245000000000e-06	1.502589612150e-13	2.437849408828e-12	-3.782835397337e-12
3.245200000000e-06	-1.752877413714e-12	2.498516168197e-12	3.758935775262e-13
3.245400000000e-06	-1.536248582673e-12	7.034321943224e-12	-6.519940004051e-12
3.245600000000e-06	-3.133805836731e-12	3.269339698032e-12	2.409294842764e-12
3.245800000000e-06	-2.956021590812e-13	3.210827898934e-12	-3.891690275689e-12
3.246000000000e-06	-4.884367792444e-12	7.910099484368e-12	-2.546137730830e-13
3.246200000000e-06	-2.898763087476e-12	6.493080259346e-12	-2.661818657904e-12
3.246400000000e-06	-2.776011750893e-12	5.920934056574e-12	-2.154956196256e-12
3.246600000000e-06	-2.825569280136e-12	1.224335459972e-12	4.574940519722e-12
3.246800000000e-06	-4.291436526223e-12	9.226844469516e-12	-3.422386539094e-12
3.247000000000e-06	3.341213361994e-12	-2.488621834067e-12	-3.966314765230e-12
3.247200000000e-06	-9.410216419966e-12	2.019542492413e-11	-7.612150201091e-12
3.247400000000e-06	-9.942186490174e-12	1.888567796655e-11	-4.484112175317e-12
3.247600000000e-06	-3.639299783631e-12	1.016530294441e-11	-6.190917202998e-12
3.247800000000e-06	-4.108069489255e-12	4.154640581124e-12	3.348031529570e-12
3.248000000000e-06	-3.347419598917e-12	7.251190698848e-12	-2.798946589363e-12
3.248200000000e-06	-2.210417168355e-12	3.856310140924e-12	-4.798952229875e-13
3.248400000000e-06	-1.137854263355e-11	2.048017610961e-11	-3.530022845174e-12
3.248600000000e-06	-8.845496274242e-12	1.631211606762e-11	-3.358214752546e-12
3.248800000000e-06	-9.811211336054e-13	1.098568740580e-11	-1.348148910415e-11
3.249000000000e-06	-2.027549391691e-11	2.800411376370e-11	5.755051810562e-12
3.249200000000e-06	-3.255534184863e-12	9.123668121812e-12	-5.619079800187e-12
3.249400000000e-06	-3.633832723718e-12	7.876772691887e-12	-3.083198777254e-12
3.249600000000e-06	-4.416077205727e-12	1.185305368936e-11	-6.907767245208e-12
3.249800000000e-06	-8.592610421481e-12	2.689758786526e-11	-1.908939106826e-11
3.250000000000e-06	-9.295398086325e-12	7.774177952880e-12	9.803232870121e-12
3.250200000000e-06	-1.187815344125e-11	1.533097037741e-11	4.815011113767e-12
3.250400000000e-06	-7.683076118262e-12	1.731690736442e-11	-7.374443593479e-12
3.250600000000e-06	-9.226613092310e-12	1.775664542098e-11	-4.538860086350e-12
3.250800000000e-06	-1.427476140394e-11	1.925362844573e-11	4.661890381923e-12
3.251000000000e-06	2.345265734046e-12	-3.341440100334e-12	-6.478163559004e-13
3.251200000000e-06	-5.665137834726e-12	1.480386441125e-11	-8.267958003842e-12
3.251400000000e-06	-1.158468209948e-11	1.768062728067e-11	9.386242726861e-13
3.251600000000e-06	-2.171980726145e-11	4.682263308116e-11	-1.786914401678e-11
3.251800000000e-06	-2.583269963632e-11	4.084311951802e-11	-1.118234637808e-13
3.252000000000e-06	-2.255834008021e-11	5.856070223265e-11	-3.303800325600e-11
3.252200000000e-06	2.558726170611e-12	1.087885427927e-11	-2.119007790994e-11
3.252400000000e-06	-1.653733799144e-11	4.508195106800e-11	-2.718488032371e-11
3.252600000000e-06	-3.872783755897e-11	4.898861240149e-11	1.696158811800e-11
3.252800000000e-06	-4.990704477900e-11	7.689726913123e-11	2.412431454141e-12
3.253000000000e-06	-3.308814851894e-11	6.247864960225e-11	-1.499411761896e-11
3.253200000000e-06	-1.026358834149e-11	1.722264210305e-11	-1.581119401840e-12
3.253400000000e-06	-3.364487693699e-11	4.106262946772e-11	1.707987713658e-11
3.253600000000e-06	-3.316978297400e-11	7.485488485855e-11	-3.265037186094e-11
3.253800000000e-06	-1.063073746481e-11	2.032605882739e-11	-5.142100132329e-12
3.254000000000e-06	-8.955712766734e-12	3.910575682190e-11	-3.571581731437e-11
3.254200000000e-06	-2.756876011195e-11	5.719282864259e-11	-2.006484621986e-11
3.254400000000e-06	-2.236038605475e-11	5.208944155238e-11	-2.432161010360e-11
3.254600000000e-06	-4.766907142213e-11	7.444957896545e-11	5.152804785538e-13
3.254800000000e-06	-1.002693244808e-12	3.069796854189e-11	-4.154093430474e-11
3.255000000000e-06	-6.551248104747e-11	1.097744774003e-10	-1.001963047202e-11
3.255200000000e-06	-3.552815266695e-11	5.643788548984e-11	-9.370395415058e-13
3.255400000000e-06	-3.230789972398e-11	6.104978769614e-11	-1.496922290527e-11
3.255600000000e-06	-3.086603245818e-11	6.009641266906e-11	-1.672658718820e-11
3.255800000000e-06	-5.014288350796e-11	8.316358421108e-11	-6.393752837986e-12
3.256000000000e-06	-6.276033972570e-11	1.130560791760e-10	-2.084193267961e-11
3.256200000000e-06	-4.240484630601e-11	1.050142538813e-10	-5.554979775841e-11
3.256400000000e-06	-1.150343035947e-11	3.177304769679e-11	-1.984615681835e-11
3.256600000000e-06	-2.556208534503e-11	6.289766470656e-11	-3.270395788174e-11
3.256800000000e-06	-7.007909600395e-11	1.128442073849e-10	-4.490505144801e-12
3.257000000000e-06	-6.825954102793e-11	1.498216857192e-10	-6.123698399065e-11
3.257200000000e-06	-7.027679209051e-11	1.280356857251e-10	-2.554151963698e-11
3.257400000000e-06	-4.925190833047e-11	9.417952324134e-11	-2.439536079235e-11
3.257600000000e-06	-7.584055362540e-11	1.327820438088e-10	-1.981439836640e-11
3.257800000000e-06	-4.909231605480e-11	6.305324017844e-11	1.960455642134e-11
3.258000000000e-06	-2.919934099960e-11	6.847452215724e-11	-3.258979384349e-11
3.258200000000e-06	-7.788774103879e-11	1.637041175953e-10	-6.022546052293e-11
3.258400000000e-06	-3.732907697155e-11	1.061979904118e-10	-6.879753212108e-11
3.258600000000e-06	-6.539307690691e-11	9.989023785760e-11	3.520351623170e-12
3.258800000000e-06	-6.253111901169e-11	1.408429012011e-10	-6.172131305510e-11
3.259000000000e-06	-1.083412187146e-10	2.032167196597e-10	-4.861130040838e-11
3.259200000000e-06	-9.929798848989e-11	1.568645072116e-10	-2.411104092982e-12
3.259400000000e-06	-7.903888248564e-11	1.812325327346e-10	-8.275518596429e-11
3.259600000000e-06	-1.027419718359e-10	1.951583352034e-10	-5.019162305994e-11
3.259800000000e-06	-4.291534787461e-11	1.286510224864e-10	-8.878121366147e-11
3.260000000000e-06	-7.573498035018e-11	1.094582652757e-10	1.281889108331e-11
3.260200000000e-06	-1.255278467623e-10	2.066523813586e-10	-1.481878230855e-11
3.260400000000e-06	-9.031879378459e-11	2.279668011831e-10	-1.251556898305e-10
3.260600000000e-06	-1.403309997986e-10	2.300235133732e-10	-1.525214359356e-11
3.260800000000e-06	-1.068257195071e-10	2.013566042751e-10	-5.003015968968e-11
3.261000000000e-06	-1.287653808869e-10	2.794850049392e-10	-1.132390829114e-10
3.261200000000e-06	-1.118678471636e-10	2.064640382144e-10	-4.594130700425e-11
3.261400000000e-06	-7.047683819187e-11	1.786184997311e-10	-9.897545827971e-11
3.261600000000e-06	-1.539174578623e-10	3.079844533847e-10	-9.803654214778e-11
3.261800000000e-06	-1.358551336959e-10	2.576405471977e-10	-6.641733847899e-11
3.262000000000e-06	-1.519720469219e-10	2.881317917832e-10	-7.342634752206e-11
3.262200000000e-06	-1.318777127051e-10	2.157772373182e-10	-1.474307228132e-11
3.262400000000e-06	-1.883358072444e-10	3.511078210666e-10	-8.307639552715e-11
3.262600000000e-06	-1.039441564618e-10	2.712158899182e-10	-1.573441562375e-10
3.262800000000e-06	-5.950104729119e-11	1.403468841296e-10	-6.909579826658e-11
3.263000000000e-06	-1.455414034019e-10	2.955023462077e-10	-9.919434383007e-11
3.263200000000e-06	-1.589867108421e-10	2.779069807018e-10	-4.387359990941e-11
3.263400000000e-06	-1.568564483557e-10	3.321401015268e-10	-1.268926819181e-10
3.263600000000e-06	-1.856254602858e-10	3.995108220515e-10	-1.597916989118e-10
3.263800000000e-06	-1.980917922777e-10	3.180298442289e-10	-1.347134400516e-11
3.264000000000e-06	-2.131163773715e-10	3.538435088796e-10	-3.231779690127e-11
3.264200000000e-06	-2.364989255123e-10	4.349300126638e-10	-9.698100942380e-11
3.264400000000e-06	-1.880025085505e-10	3.577211831801e-10	-9.456112621853e-11
3.264600000000e-06	-1.558449757197e-10	3.804680106270e-10	-1.997832320696e-10
3.264800000000e-06	-2.515816795795e-10	4.252160254718e-10	-4.927905010444e-11
3.265000000000e-06	-3.347995144213e-10	5.845994955201e-10	-9.241200975794e-11
3.265200000000e-06	-2.490644094278e-10	4.397814866398e-10	-7.646114334201e-11
3.265400000000e-06	-1.729517374532e-10	3.608115104080e-10	-1.332511432073e-10
3.265600000000e-06	-2.189680411224e-10	3.971639285689e-10	-8.239069654303e-11
3.265800000000e-06	-1.945360388269e-10	3.911635814721e-10	-1.285406152211e-10
3.266000000000e-06	-2.684314588380e-10	4.936979670629e-10	-1.117892071797e-10
3.266200000000e-06	-2.182440705179e-10	4.716969501725e-10	-1.923047218159e-10
3.266400000000e-06	-3.412296594511e-10	6.380717362426e-10	-1.561090845620e-10
3.266600000000e-06	-2.709056826051e-10	6.057545011967e-10	-2.691369408466e-10
3.266800000000e-06	-3.011561275280e-10	5.461505835845e-10	-1.131132801083e-10
3.267000000000e-06	-3.748072403357e-10	6.498222175802e-10	-9.879650846729e-11
3.267200000000e-06	-3.337392608820e-10	6.631612973369e-10	-2.102490210221e-10
3.267400000000e-06	-3.199439370881e-10	6.401878421282e-10	-2.087731894073e-10
3.267600000000e-06	-3.702075833525e-10	6.515831535791e-10	-1.128726854427e-10
3.267800000000e-06	-3.496332966914e-10	6.952840602493e-10	-2.236007865398e-10
3.268000000000e-06	-3.867239417965e-10	7.479454942660e-10	-2.154806515001e-10
3.268200000000e-06	-3.651727477043e-10	7.389464793649e-10	-2.510213188039e-10
3.268400000000e-06	-2.311503715251e-10	4.752087849824e-10	-1.699444833760e-10
3.268600000000e-06	-3.388890382844e-10	6.705745474051e-10	-2.118067182371e-10
3.268800000000e-06	-3.258073699802e-10	6.838737517402e-10	-2.599992658905e-10
3.269000000000e-06	-4.495453026778e-10	7.397014296704e-10	-6.331776072743e-11
3.269200000000e-06	-4.873108481622e-10	8.980125477666e-10	-2.095614741875e-10
3.269400000000e-06	-4.211754493149e-10	8.868575957841e-10	-3.409851261749e-10
3.269600000000e-06	-4.128027908447e-10	7.537550131565e-10	-1.659518029741e-10
3.269800000000e-06	-5.167922692965e-10	8.640978751018e-10	-9.300093982899e-11
3.270000000000e-06	-4.407510524525e-10	8.548531977545e-10	-2.532466090613e-10
3.270200000000e-06	-3.975308162347e-10	8.817711792417e-10	-3.879127758296e-10
3.270400000000e-06	-4.117022189454e-10	8.653121999401e-10	-3.331984337049e-10
3.270600000000e-06	-4.527825128641e-10	8.264649010184e-10	-1.854275523400e-10
3.270800000000e-06	-6.157404801937e-10	1.136617917973e-09	-2.698405434554e-10
3.271000000000e-06	-5.549510586079e-10	1.063667254152e-09	-3.005204960796e-10
3.271200000000e-06	-4.787478184559e-10	9.819164286600e-10	-3.516736423032e-10
3.271400000000e-06	-6.235068547425e-10	1.202878745665e-09	-3.500454982565e-10
3.271600000000e-06	-4.775276179258e-10	9.351974082375e-10	-2.882119780710e-10
3.271800000000e-06	-6.503375297869e-10	1.092369394248e-09	-1.276890984720e-10
3.272000000000e-06	-3.783392819034e-10	9.198968262427e-10	-4.906600735484e-10
3.272200000000e-06	-7.209515713702e-10	1.340458222305e-09	-3.308790954211e-10
3.272400000000e-06	-5.485699981217e-10	1.143067386698e-09	-4.318869347468e-10
3.272600000000e-06	-6.990226468805e-10	1.310082803038e-09	-3.383082391047e-10
3.272800000000e-06	-5.437913845628e-10	1.010427964810e-09	-2.511236896076e-10
3.273000000000e-06	-7.558612500973e-10	1.399321272290e-09	-3.401076883895e-10
3.273200000000e-06	-7.475812704740e-10	1.396372854543e-09	-3.546329080352e-10
3.273400000000e-06	-6.665327778112e-10	1.150588646042e-09	-1.784003704003e-10
3.273600000000e-06	-6.796844523945e-10	1.342262177566e-09	-4.306079371138e-10
3.273800000000e-06	-7.445389706026e-10	1.434144399218e-09	-4.192196825814e-10
3.274000000000e-06	-8.296809682063e-10	1.632811533008e-09	-5.178232056054e-10
3.274200000000e-06	-6.996336638226e-10	1.426729918381e-09	-5.090653892675e-10
3.274400000000e-06	-6.764050976433e-10	1.251586409180e-09	-3.053894808678e-10
3.274600000000e-06	-8.802493830318e-10	1.705028809077e-09	-5.110391754936e-10
3.274800000000e-06	-8.202129134948e-10	1.607099739428e-09	-5.041910306726e-10
3.275000000000e-06	-7.044345697794e-10	1.308459883180e-09	-3.283064936316e-10
3.275200000000e-06	-9.689342201680e-10	1.774169445445e-09	-4.126743558435e-10
3.275400000000e-06	-6.730899792080e-10	1.301789458026e-09	-3.906331571867e-10
3.275600000000e-06	-7.230974706902e-10	1.317755217604e-09	-3.010159479557e-10
3.275800000000e-06	-1.011795507836e-09	1.942735576417e-09	-5.662188912613e-10
3.276000000000e-06	-9.858423401825e-10	1.790896563542e-09	-4.015263578687e-10
3.276200000000e-06	-9.941553557312e-10	1.876551670752e-09	-5.088736101452e-10
3.276400000000e-06	-8.460351824697e-10	1.595121271552e-09	-4.329208965042e-10
3.276600000000e-06	-8.633777872669e-10	1.801656392836e-09	-6.952701383990e-10
3.276800000000e-06	-8.552546337989e-10	1.805324649521e-09	-7.174742932176e-10
3.277000000000e-06	-1.163120443293e-09	1.975883261617e-09	-2.768053344807e-10
3.277200000000e-06	-1.195227113953e-09	2.088807888917e-09	-3.727815018736e-10
3.277400000000e-06	-8.661826550495e-10	1.736606959795e-09	-5.960272083510e-10
3.277600000000e-06	-1.291986190245e-09	2.501346693402e-09	-7.593401350863e-10
3.277800000000e-06	-9.873310068429e-10	1.693768782605e-09	-2.595971097927e-10
3.278000000000e-06	-1.205607137006e-09	2.294285746143e-09	-6.504298894292e-10
3.278200000000e-06	-1.044548843758e-09	2.030272299584e-09	-6.270272422827e-10
3.278400000000e-06	-1.056173069063e-09	2.175731779584e-09	-8.127360753593e-10
3.278600000000e-06	-1.060201848910e-09	2.017227479607e-09	-5.728523321326e-10
3.278800000000e-06	-1.120897832684e-09	1.985294208748e-09	-3.924092852571e-10
3.279000000000e-06	-1.328778149510e-09	2.627048900021e-09	-8.646332983162e-10
3.279200000000e-06	-1.344539798347e-09	2.586800463228e-09	-7.734743632755e-10
3.279400000000e-06	-1.373930474987e-09	2.560971112891e-09	-6.704262135166e-10
3.279600000000e-06	-1.170000715467e-09	2.163334764138e-09	-5.422626863410e-10
3.279800000000e-06	-1.352931129699e-09	2.545206628860e-09	-6.936898109626e-10
3.280000000000e-06	-1.311241065731e-09	2.438607668611e-09	-6.324161858282e-10
3.280200000000e-06	-1.129396985794e-09	2.205217292859e-09	-6.962657610132e-10
3.280400000000e-06	-1.138344290554e-09	2.344950981617e-09	-8.860692774773e-10
3.280600000000e-06	-1.517121456159e-09	2.842916728708e-09	-7.636332696666e-10
3.280800000000e-06	-1.508393066536e-09	2.866661009951e-09	-8.205603302223e-10
3.281000000000e-06	-1.448103684264e-09	2.720263701467e-09	-7.442300015687e-10
3.281200000000e-06	-1.300211414196e-09	2.322349205765e-09	-4.878767633565e-10
3.281400000000e-06	-1.466431337992e-09	2.858313462203e-09	-9.073969184226e-10
3.281600000000e-06	-1.527218924425e-09	2.861553440400e-09	-7.713501420446e-10
3.281800000000e-06	-1.663295825865e-09	3.250503286384e-09	-1.042307468127e-09
3.282000000000e-06	-1.664081658510e-09	3.014518666872e-09	-6.917496711870e-10
3.282200000000e-06	-1.418964755437e-09	2.810749455680e-09	-9.477838655562e-10
3.282400000000e-06	-1.570656595320e-09	2.908423605453e-09	-7.492992575175e-10
3.282600000000e-06	-1.738336110913e-09	3.431043244758e-09	-1.141869380381e-09
3.282800000000e-06	-1.645838176426e-09	3.300726109670e-09	-1.161110390788e-09
3.283000000000e-06	-1.507452594492e-09	2.872510518019e-09	-8.378182356928e-10
3.283200000000e-06	-1.719339501862e-09	3.038508912987e-09	-6.084022258150e-10
3.283400000000e-06	-1.651273242683e-09	3.005859021755e-09	-7.149410077823e-10
3.283600000000e-06	-1.704431606740e-09	3.276984968248e-09	-9.984450269897e-10
3.283800000000e-06	-2.003342382063e-09	3.683128778847e-09	-9.237971229526e-10
3.284000000000e-06	-1.821750064446e-09	3.451037794152e-09	-9.935528609535e-10
3.284200000000e-06	-2.034511519604e-09	3.768702183633e-09	-9.808791030786e-10
3.284400000000e-06	-1.416002064454e-09	2.924014054413e-09	-1.125042882058e-09
3.284600000000e-06	-2.065287207296e-09	3.744025939480e-09	-8.766766360155e-10
3.284800000000e-06	-1.687791221100e-09	3.275390333710e-09	-1.040600891566e-09
3.285000000000e-06	-1.876227250242e-09	3.600139117875e-09	-1.091361723942e-09
3.285200000000e-06	-1.750295588590e-09	3.330128977923e-09	-9.782379157079e-10
3.285400000000e-06	-2.223020389146e-09	3.898650265206e-09	-7.532196064666e-10
3.285600000000e-06	-1.758109110823e-09	3.451566854293e-09	-1.144051866171e-09
3.285800000000e-06	-1.901086418961e-09	3.473712461962e-09	-8.548679072889e-10
3.286000000000e-06	-2.018548815934e-09	3.875934671375e-09	-1.185732785103e-09
3.286200000000e-06	-1.993589352897e-09	3.726311214550e-09	-1.020476575761e-09
3.286400000000e-06	-2.077857335845e-09	4.099596382614e-09	-1.386633371858e-09
3.286600000000e-06	-2.285145838974e-09	4.367935140184e-09	-1.321103330909e-09
3.286800000000e-06	-2.056099638553e-09	3.694576292913e-09	-8.374668892790e-10
3.287000000000e-06	-1.975343579128e-09	3.660506588342e-09	-9.681399875865e-10
3.287200000000e-06	-2.108636071462e-09	3.861237033803e-09	-9.675548096374e-10
3.287400000000e-06	-2.231651282145e-09	4.162366635370e-09	-1.134720642670e-09
3.287600000000e-06	-2.138051180247e-09	3.900469618383e-09	-9.569111593422e-10
3.287800000000e-06	-2.382775752872e-09	4.439114936699e-09	-1.208474704656e-09
3.288000000000e-06	-2.290897670378e-09	4.118983420191e-09	-9.433398493117e-10
3.288200000000e-06	-2.100824190023e-09	3.816882825354e-09	-9.263686837956e-10
3.288400000000e-06	-1.900196170523e-09	3.989333467987e-09	-1.630681840653e-09
3.288600000000e-06	-2.105323675678e-09	4.110065746628e-09	-1.350242690401e-09
3.288800000000e-06	-2.199822635522e-09	4.144866745731e-09	-1.191369231572e-09
3.289000000000e-06	-2.217747947277e-09	4.078908855243e-09	-1.053542326674e-09
3.289200000000e-06	-2.166655724254e-09	4.142265364457e-09	-1.259901025968e-09
3.289400000000e-06	-2.527502610571e-09	4.690812260324e-09	-1.266703919546e-09
3.289600000000e-06	-2.135206614615e-09	4.208833265146e-09	-1.435071075785e-09
3.289800000000e-06	-2.309859821984e-09	4.403274177953e-09	-1.331527199627e-09
3.290000000000e-06	-2.470723954017e-09	4.719496666289e-09	-1.439921504297e-09
3.290200000000e-06	-2.377266478537e-09	4.583168860813e-09	-1.449553113495e-09
3.290400000000e-06	-2.440749123836e-09	4.551978405269e-09	-1.260804963211e-09
3.290600000000e-06	-2.688895255119e-09	4.883385937476e-09	-1.196319289595e-09
3.290800000000e-06	-2.683410863387e-09	5.138133995148e-09	-1.584453921407e-09
3.291000000000e-06	-2.425543064885e-09	4.384876854094e-09	-1.051787781480e-09
3.291200000000e-06	-2.518403903582e-09	4.917207715245e-09	-1.632358675566e-09
3.291400000000e-06	-2.832940401344e-09	5.258681117317e-09	-1.438560222822e-09
3.291600000000e-06	-2.685610868648e-09	5.302414764066e-09	-1.831205815979e-09
3.291800000000e-06	-2.706665526276e-09	5.084415742395e-09	-1.462312847596e-09
3.292000000000e-06	-2.675629736172e-09	4.811610373694e-09	-1.130650047736e-09
3.292200000000e-06	-2.714979595958e-09	5.136903819895e-09	-1.527317702409e-09
3.292400000000e-06	-2.372303747161e-09	4.414381935143e-09	-1.226236699347e-09
3.292600000000e-06	-2.881054145782e-09	5.441054290289e-09	-1.602040817323e-09
3.292800000000e-06	-2.887188955958e-09	5.096684648458e-09	-1.081662764261e-09
3.293000000000e-06	-2.619135437343e-09	4.943460103575e-09	-1.457571721819e-09
3.293200000000e-06	-2.786978044038e-09	5.234609283196e-09	-1.520070536239e-09
3.293400000000e-06	-3.082971019517e-09	5.484464215248e-09	-1.222419286967e-09
3.293600000000e-06	-2.782796179719e-09	5.570140134167e-09	-2.027790294014e-09
3.293800000000e-06	-2.952265788642e-09	5.209709639457e-09	-1.110387883871e-09
3.294000000000e-06	-2.829887817852e-09	5.519259829461e-09	-1.852544532132e-09
3.294200000000e-06	-2.942707362682e-09	5.706863695045e-09	-1.874167805361e-09
3.294400000000e-06	-2.642961405555e-09	5.219493932317e-09	-1.825744201200e-09
3.294600000000e-06	-3.074759114799e-09	5.635323212879e-09	-1.477056978970e-09
3.294800000000e-06	-3.051423027511e-09	5.215785324140e-09	-9.021527899890e-10
3.295000000000e-06	-2.789897364052e-09	5.434322145267e-09	-1.821223187446e-09
3.295200000000e-06	-3.140030597887e-09	5.801328214799e-09	-1.585429223017e-09
3.295400000000e-06	-3.258331148326e-09	5.907785028132e-09	-1.476121123723e-09
3.295600000000e-06	-3.097916435634e-09	5.954566183747e-09	-1.908657814055e-09
3.295800000000e-06	-3.067052453537e-09	5.852150533371e-09	-1.829609770903e-09
3.296000000000e-06	-3.284678006787e-09	5.952862351635e-09	-1.483077090974e-09
3.296200000000e-06	-3.706342948575e-09	6.480682745043e-09	-1.331315436216e-09
3.296400000000e-06	-2.764436094182e-09	5.241790197181e-09	-1.600159562960e-09
3.296600000000e-06	-2.898013037463e-09	5.733544611708e-09	-2.042834127276e-09
3.296800000000e-06	-3.520661065048e-09	6.420895646495e-09	-1.665054901648e-09
3.297000000000e-06	-3.511006115621e-09	6.571408813330e-09	-1.915928272261e-09
3.297200000000e-06	-2.556471058059e-09	5.036314650326e-09	-1.773413216414e-09
3.297400000000e-06	-3.451738957753e-09	5.913227425304e-09	-1.067865014741e-09
3.297600000000e-06	-3.475619079705e-09	6.767113938757e-09	-2.292874006213e-09
3.297800000000e-06	-3.700475785586e-09	6.462107707597e-09	-1.328315028137e-09
3.298000000000e-06	-3.237812838896e-09	6.302645550463e-09	-2.136690792190e-09
3.298200000000e-06	-3.318425044067e-09	6.110462389498e-09	-1.672987303074e-09
3.298400000000e-06	-3.826189062694e-09	7.147035112592e-09	-2.072932295871e-09
3.298600000000e-06	-3.809775476132e-09	6.708467388322e-09	-1.457925342186e-09
3.298800000000e-06	-3.501255123524e-09	6.608967989915e-09	-2.008619770481e-09
3.299000000000e-06	-3.333007532015e-09	6.503146499533e-09	-2.231168519205e-09
3.299200000000e-06	-3.294342038063e-09	6.392692941934e-09	-2.158602770009e-09
3.299400000000e-06	-3.099233490252e-09	5.833019357502e-09	-1.757682607765e-09
3.299600000000e-06	-3.592946839554e-09	6.971588205823e-09	-2.358821343688e-09
3.299800000000e-06	-3.533367438975e-09	6.487938410821e-09	-1.764094056459e-09
3.300000000000e-06	-3.761289632426e-09	6.672645200243e-09	-1.531914782823e-09
3.300200000000e-06	-3.528898308415e-09	6.986314039345e-09	-2.528743233210e-09
3.300400000000e-06	-3.672651201568e-09	6.772940126745e-09	-1.889220133640e-09
3.300600000000e-06	-3.829029187428e-09	7.040036871065e-09	-1.938200987294e-09
3.300800000000e-06	-3.620836796009e-09	6.745344505168e-09	-1.970224211495e-09
3.301000000000e-06	-3.792134704406e-09	7.254937686105e-09	-2.342538924720e-09
3.301200000000e-06	-4.057158642680e-09	7.509909767194e-09	-2.136576728019e-09
3.301400000000e-06	-3.508083000993e-09	6.664427623915e-09	-2.108314317819e-09
3.301600000000e-06	-3.915790321516e-09	6.872460826949e-09	-1.500773878867e-09
3.301800000000e-06	-4.145970182414e-09	7.278098043999e-09	-1.593656314385e-09
3.302000000000e-06	-3.716356107485e-09	6.918436812235e-09	-2.024296664046e-09
3.302200000000e-06	-3.721389527438e-09	6.848449693020e-09	-1.913656627237e-09
3.302400000000e-06	-3.665495172743e-09	7.104990164343e-09	-2.421375982276e-09
3.302600000000e-06	-3.564708886155e-09	6.968275246445e-09	-2.446244247334e-09
3.302800000000e-06	-4.367529067121e-09	7.861116764678e-09	-1.984860488328e-09
3.303000000000e-06	-3.705413092488e-09	7.142937377709e-09	-2.395334004838e-09
3.303200000000e-06	-4.292030827178e-09	7.488205506727e-09	-1.595571919106e-09
3.303400000000e-06	-3.848050189872e-09	7.180272839751e-09	-2.136303998746e-09
3.303600000000e-06	-4.245231775688e-09	7.476811810520e-09	-1.689007406069e-09
3.303800000000e-06	-4.220832870760e-09	7.906305105353e-09	-2.390343038060e-09
3.304000000000e-06	-3.724216300932e-09	7.045402276770e-09	-2.224835931148e-09
3.304200000000e-06	-3.790109112405e-09	7.113163801991e-09	-2.182183295193e-09
3.304400000000e-06	-4.445282871605e-09	8.053807223233e-09	-2.112988423942e-09
3.304600000000e-06	-3.776938621749e-09	7.244038646722e-09	-2.402064372932e-09
3.304800000000e-06	-4.214430771915e-09	7.694592631138e-09	-2.102578584563e-09
3.305000000000e-06	-4.075960533037e-09	7.457972607580e-09	-2.059283639162e-09
3.305200000000e-06	-4.064172319622e-09	7.733615492467e-09	-2.507395076577e-09
3.305400000000e-06	-3.804364779683e-09	6.887063139833e-09	-1.817267019363e-09
3.305600000000e-06	-4.084223346027e-09	7.296463758083e-09	-1.806644031735e-09
3.305800000000e-06	-3.911210379709e-09	7.273580538221e-09	-2.163002677490e-09
3.306000000000e-06	-4.014860010744e-09	7.429660265287e-09	-2.169463240550e-09
3.306200000000e-06	-4.219316215470e-09	7.951887952246e-09	-2.490422289187e-09
3.306400000000e-06	-4.285945443008e-09	7.669779114834e-09	-1.920291013694e-09
3.306600000000e-06	-4.496166842447e-09	8.251138937151e-09	-2.336130206587e-09
3.306800000000e-06	-3.905407042114e-09	7.659958690459e-09	-2.773971267521e-09
3.307000000000e-06	-4.675597805129e-09	7.965981111783e-09	-1.496547489566e-09
3.307200000000e-06	-3.996799138146e-09	7.726749757153e-09	-2.668416806686e-09
3.307400000000e-06	-3.815495383341e-09	6.913751055787e-09	-1.857889805343e-09
3.307600000000e-06	-4.067618576766e-09	7.949446675671e-09	-2.851805934445e-09
3.307800000000e-06	-4.197661467133e-09	7.975602839026e-09	-2.604730745121e-09
3.308000000000e-06	-4.249092119462e-09	7.666323575195e-09	-2.018424231159e-09
3.308200000000e-06	-4.539410002454e-09	7.820881651619e-09	-1.607671904601e-09
3.308400000000e-06	-3.838492163641e-09	7.147111709754e-09	-2.164574785003e-09
3.308600000000e-06	-4.198093706366e-09	7.899112891230e-09	-2.494417357537e-09
3.308800000000e-06	-4.425820570795e-09	7.691411495076e-09	-1.670124843114e-09
3.309000000000e-06	-3.943697275622e-09	7.603808779730e-09	-2.633135406630e-09
3.309200000000e-06	-4.580682543671e-09	7.820710079688e-09	-1.523897732406e-09
3.309400000000e-06	-3.970956893916e-09	7.281443336398e-09	-2.080354404058e-09
3.309600000000e-06	-4.587979480968e-09	8.376547491581e-09	-2.355621265789e-09
3.309800000000e-06	-3.994895253514e-09	7.654625772125e-09	-2.601466966499e-09
3.310000000000e-06	-4.486795877101e-09	7.856234527790e-09	-1.796461540007e-09
3.310200000000e-06	-4.015881796667e-09	7.501811467640e-09	-2.332134135681e-09
3.310400000000e-06	-3.961657254448e-09	7.670460219464e-09	-2.710748703507e-09
3.310600000000e-06	-3.999698826911e-09	6.989812574435e-09	-1.594199124250e-09
3.310800000000e-06	-4.541463100288e-09	8.957055601642e-09	-3.350334609441e-09
3.311000000000e-06	-4.158138920253e-09	7.910836041735e-09	-2.638148431754e-09
3.311200000000e-06	-4.162693497924e-09	7.687908699224e-09	-2.284613032333e-09
3.311400000000e-06	-4.040809216216e-09	7.604431910558e-09	-2.446071112470e-09
3.311600000000e-06	-5.126524555487e-09	9.366524271142e-09	-2.663309782712e-09
3.311800000000e-06	-4.359744764382e-09	8.004041643319e-09	-2.331714038244e-09
3.312000000000e-06	-4.790954032144e-09	8.520624998948e-09	-2.145435700429e-09
3.312200000000e-06	-4.058892832120e-09	7.465729383477e-09	-2.202304777124e-09
3.312400000000e-06	-5.015552294016e-09	8.341220752523e-09	-1.375948180175e-09
3.312600000000e-06	-4.023142370036e-09	7.670355521763e-09	-2.595298980546e-09
3.312800000000e-06	-4.776698449921e-09	8.516235246191e-09	-2.176018044836e-09
3.313000000000e-06	-3.880247035968e-09	7.482533302083e-09	-2.643295358110e-09
3.313200000000e-06	-4.081257948327e-09	7.498326529184e-09	-2.222259171138e-09
3.313400000000e-06	-4.140141100323e-09	7.456375219186e-09	-2.021309160825e-09
3.313600000000e-06	-4.659118800486e-09	8.607963122532e-09	-2.602843234201e-09
3.313800000000e-06	-4.068033301306e-09	7.391495789064e-09	-2.095693978847e-09
3.314000000000e-06	-4.019130235867e-09	7.400863402031e-09	-2.205048039592e-09
3.314200000000e-06	-4.161440810229e-09	7.260365443471e-09	-1.696313008840e-09
3.314400000000e-06	-4.009659607338e-09	7.521572101937e-09	-2.423828842529e-09
3.314600000000e-06	-4.663086642945e-09	8.228093360268e-09	-2.022585607214e-09
3.314800000000e-06	-4.180791071300e-09	7.755402818796e-09	-2.409803200268e-09
3.315000000000e-06	-4.541873046502e-09	8.287387963355e-09	-2.401800336767e-09
3.315200000000e-06	-4.544075361140e-09	7.866205913537e-09	-1.754453141899e-09
3.315400000000e-06	-4.753518715854e-09	8.399387479804e-09	-2.096619554942e-09
3.315600000000e-06	-4.093452243817e-09	7.828792557646e-09	-2.725533096965e-09
3.315800000000e-06	-4.732278901724e-09	7.879071271020e-09	-1.356412863572e-09
3.316000000000e-06	-4.043428871282e-09	7.297237283890e-09	-2.037182876382e-09
3.316200000000e-06	-4.591515534188e-09	8.307408970722e-09	-2.336249944448e-09
3.316400000000e-06	-3.920795610309e-09	7.721585457391e-09	-2.961066870891e-09
3.316600000000e-06	-4.131072371520e-09	7.692257218960e-09	-2.440221560810e-09
3.316800000000e-06	-4.497818978335e-09	8.237614986502e-09	-2.441039493062e-09
3.317000000000e-06	-4.578509279066e-09	8.211669142850e-09	-2.229443175834e-09
3.317200000000e-06	-4.285214718510e-09	8.077797525649e-09	-2.687585888477e-09
3.317400000000e-06	-4.371401461453e-09	7.880065001916e-09	-2.191988695291e-09
3.317600000000e-06	-4.136295682448e-09	7.464061027532e-09	-2.096795051591e-09
