9.669800000000e-06	0.000000000000e+00	0.000000000000e+00	0.000000000000e+00
9.670000000000e-06	0.000000000000e+00	0.000000000000e+00	0.000000000000e+00
9.670200000000e-06	0.000000000000e+00	0.000000000000e+00	0.000000000000e+00
9.670400000000e-06	0.000000000000e+00	0.000000000000e+00	0.000000000000e+00
9.670600000000e-06	0.000000000000e+00	0.000000000000e+00	0.000000000000e+00
9.670800000000e-06	0.000000000000e+00	0.000000000000e+00	0.000000000000e+00
9.671000000000e-06	0.000000000000e+00	0.000000000000e+00	0.000000000000e+00
9.671200000000e-06	0.000000000000e+00	0.000000000000e+00	0.000000000000e+00
9.671400000000e-06	0.000000000000e+00	0.000000000000e+00	0.000000000000e+00
9.671600000000e-06	0.000000000000e+00	0.000000000000e+00	0.000000000000e+00
9.671800000000e-06	0.000000000000e+00	0.000000000000e+00	0.000000000000e+00
9.672000000000e-06	0.000000000000e+00	0.000000000000e+00	0.000000000000e+00
9.672200000000e-06	0.000000000000e+00	0.000000000000e+00	0.000000000000e+00
9.672400000000e-06	0.000000000000e+00	0.000000000000e+00	0.000000000000e+00
9.672600000000e-06	0.000000000000e+00	0.000000000000e+00	0.000000000000e+00
9.672800000000e-06	0.000000000000e+00	0.000000000000e+00	0.000000000000e+00
9.673000000000e-06	0.000000000000e+00	0.000000000000e+00	0.000000000000e+00
9.673200000000e-06	0.000000000000e+00	0.000000000000e+00	0.000000000000e+00
9.673400000000e-06	0.000000000000e+00	0.000000000000e+00	0.000000000000e+00
9.673600000000e-06	0.000000000000e+00	0.000000000000e+00	0.000000000000e+00
9.673800000000e-06	0.000000000000e+00	0.000000000000e+00	0.000000000000e+00
9.674000000000e-06	0.000000000000e+00	0.000000000000e+00	0.000000000000e+00
9.674200000000e-06	0.000000000000e+00	0.000000000000e+00	0.000000000000e+00
9.674400000000e-06	0.000000000000e+00	0.000000000000e+00	0.000000000000e+00
9.674600000000e-06	0.000000000000e+00	0.000000000000e+00	0.000000000000e+00
9.674800000000e-06	0.000000000000e+00	0.000000000000e+00	0.000000000000e+00
9.675000000000e-06	0.000000000000e+00	0.000000000000e+00	0.000000000000e+00
9.675200000000e-06	0.000000000000e+00	0.000000000000e+00	0.000000000000e+00
9.675400000000e-06	0.000000000000e+00	0.000000000000e+00	0.000000000000e+00
9.675600000000e-06	0.000000000000e+00	0.000000000000e+00	0.000000000000e+00
9.675800000000e-06	0.000000000000e+00	0.000000000000e+00	0.000000000000e+00
9.676000000000e-06	0.000000000000e+00	0.000000000000e+00	0.000000000000e+00
9.676200000000e-06	0.000000000000e+00	0.000000000000e+00	0.000000000000e+00
9.676400000000e-06	0.000000000000e+00	0.000000000000e+00	0.000000000000e+00
9.676600000000e-06	0.000000000000e+00	0.000000000000e+00	0.000000000000e+00
9.676800000000e-06	0.000000000000e+00	0.000000000000e+00	0.000000000000e+00
9.677000000000e-06	0.000000000000e+00	0.000000000000e+00	0.000000000000e+00
9.677200000000e-06	0.000000000000e+00	0.000000000000e+00	0.000000000000e+00
9.677400000000e-06	0.000000000000e+00	0.000000000000e+00	0.000000000000e+00
9.677600000000e-06	0.000000000000e+00	0.000000000000e+00	0.000000000000e+00
9.677800000000e-06	0.000000000000e+00	0.000000000000e+00	0.000000000000e+00
9.678000000000e-06	0.000000000000e+00	0.000000000000e+00	0.000000000000e+00
9.678200000000e-06	0.000000000000e+00	0.000000000000e+00	0.000000000000e+00
9.678400000000e-06	0.000000000000e+00	0.000000000000e+00	0.000000000000e+00
9.678600000000e-06	0.000000000000e+00	0.000000000000e+00	0.000000000000e+00
9.678800000000e-06	0.000000000000e+00	0.000000000000e+00	0.000000000000e+00
9.679000000000e-06	0.000000000000e+00	0.000000000000e+00	0.000000000000e+00
9.679200000000e-06	0.000000000000e+00	0.000000000000e+00	0.000000000000e+00
9.679400000000e-06	0.000000000000e+00	0.000000000000e+00	0.000000000000e+00
9.679600000000e-06	0.000000000000e+00	0.000000000000e+00	0.000000000000e+00
9.679800000000e-06	0.000000000000e+00	0.000000000000e+00	0.000000000000e+00
9.680000000000e-06	0.000000000000e+00	0.000000000000e+00	0.000000000000e+00
9.680200000000e-06	0.000000000000e+00	0.000000000000e+00	0.000000000000e+00
9.680400000000e-06	0.000000000000e+00	0.000000000000e+00	0.000000000000e+00
9.680600000000e-06	0.000000000000e+00	0.000000000000e+00	0.000000000000e+00
9.680800000000e-06	0.000000000000e+00	0.000000000000e+00	0.000000000000e+00
9.681000000000e-06	0.000000000000e+00	0.000000000000e+00	0.000000000000e+00
9.681200000000e-06	0.000000000000e+00	0.000000000000e+00	0.000000000000e+00
9.681400000000e-06	0.000000000000e+00	0.000000000000e+00	0.000000000000e+00
9.681600000000e-06	0.000000000000e+00	0.000000000000e+00	0.000000000000e+00
9.681800000000e-06	0.000000000000e+00	0.000000000000e+00	0.000000000000e+00
9.682000000000e-06	0.000000000000e+00	0.000000000000e+00	0.000000000000e+00
9.682200000000e-06	0.000000000000e+00	0.000000000000e+00	0.000000000000e+00
9.682400000000e-06	0.000000000000e+00	0.000000000000e+00	0.000000000000e+00
9.682600000000e-06	0.000000000000e+00	0.000000000000e+00	0.000000000000e+00
9.682800000000e-06	0.000000000000e+00	0.000000000000e+00	0.000000000000e+00
9.683000000000e-06	0.000000000000e+00	0.000000000000e+00	0.000000000000e+00
9.683200000000e-06	0.000000000000e+00	0.000000000000e+00	0.000000000000e+00
9.683400000000e-06	0.000000000000e+00	0.000000000000e+00	0.000000000000e+00
9.683600000000e-06	0.000000000000e+00	0.000000000000e+00	0.000000000000e+00
9.683800000000e-06	0.000000000000e+00	0.000000000000e+00	0.000000000000e+00
9.684000000000e-06	0.000000000000e+00	0.000000000000e+00	0.000000000000e+00
9.684200000000e-06	0.000000000000e+00	0.000000000000e+00	0.000000000000e+00
9.684400000000e-06	0.000000000000e+00	0.000000000000e+00	0.000000000000e+00
9.684600000000e-06	0.000000000000e+00	0.000000000000e+00	0.000000000000e+00
9.684800000000e-06	0.000000000000e+00	0.000000000000e+00	0.000000000000e+00
9.685000000000e-06	0.000000000000e+00	0.000000000000e+00	0.000000000000e+00
9.685200000000e-06	0.000000000000e+00	0.000000000000e+00	0.000000000000e+00
9.685400000000e-06	0.000000000000e+00	0.000000000000e+00	0.000000000000e+00
9.685600000000e-06	0.000000000000e+00	0.000000000000e+00	0.000000000000e+00
9.685800000000e-06	0.000000000000e+00	0.000000000000e+00	0.000000000000e+00
9.686000000000e-06	0.000000000000e+00	0.000000000000e+00	0.000000000000e+00
9.686200000000e-06	0.000000000000e+00	0.000000000000e+00	0.000000000000e+00
9.686400000000e-06	0.000000000000e+00	0.000000000000e+00	0.000000000000e+00
9.686600000000e-06	0.000000000000e+00	0.000000000000e+00	0.000000000000e+00
9.686800000000e-06	0.000000000000e+00	0.000000000000e+00	0.000000000000e+00
9.687000000000e-06	0.000000000000e+00	0.000000000000e+00	0.000000000000e+00
9.687200000000e-06	0.000000000000e+00	0.000000000000e+00	0.000000000000e+00
9.687400000000e-06	0.000000000000e+00	0.000000000000e+00	0.000000000000e+00
9.687600000000e-06	0.000000000000e+00	0.000000000000e+00	0.000000000000e+00
9.687800000000e-06	0.000000000000e+00	0.000000000000e+00	0.000000000000e+00
9.688000000000e-06	0.000000000000e+00	0.000000000000e+00	0.000000000000e+00
9.688200000000e-06	0.000000000000e+00	0.000000000000e+00	0.000000000000e+00
9.688400000000e-06	0.000000000000e+00	0.000000000000e+00	0.000000000000e+00
9.688600000000e-06	0.000000000000e+00	0.000000000000e+00	0.000000000000e+00
9.688800000000e-06	0.000000000000e+00	0.000000000000e+00	0.000000000000e+00
9.689000000000e-06	0.000000000000e+00	0.000000000000e+00	0.000000000000e+00
9.689200000000e-06	0.000000000000e+00	0.000000000000e+00	0.000000000000e+00
9.689400000000e-06	0.000000000000e+00	0.000000000000e+00	0.000000000000e+00
9.689600000000e-06	0.000000000000e+00	0.000000000000e+00	0.000000000000e+00
9.689800000000e-06	0.000000000000e+00	0.000000000000e+00	0.000000000000e+00
9.690000000000e-06	0.000000000000e+00	0.000000000000e+00	0.000000000000e+00
9.690200000000e-06	0.000000000000e+00	0.000000000000e+00	0.000000000000e+00
9.690400000000e-06	0.000000000000e+00	0.000000000000e+00	0.000000000000e+00
9.690600000000e-06	0.000000000000e+00	0.000000000000e+00	0.000000000000e+00
9.690800000000e-06	0.000000000000e+00	0.000000000000e+00	0.000000000000e+00
9.691000000000e-06	0.000000000000e+00	0.000000000000e+00	0.000000000000e+00
9.691200000000e-06	0.000000000000e+00	0.000000000000e+00	0.000000000000e+00
9.691400000000e-06	0.000000000000e+00	0.000000000000e+00	0.000000000000e+00
9.691600000000e-06	0.000000000000e+00	0.000000000000e+00	0.000000000000e+00
9.691800000000e-06	0.000000000000e+00	0.000000000000e+00	0.000000000000e+00
9.692000000000e-06	0.000000000000e+00	0.000000000000e+00	0.000000000000e+00
9.692200000000e-06	0.000000000000e+00	0.000000000000e+00	0.000000000000e+00
9.692400000000e-06	0.000000000000e+00	0.000000000000e+00	0.000000000000e+00
9.692600000000e-06	0.000000000000e+00	0.000000000000e+00	0.000000000000e+00
9.692800000000e-06	0.000000000000e+00	0.000000000000e+00	0.000000000000e+00
9.693000000000e-06	0.000000000000e+00	0.000000000000e+00	0.000000000000e+00
9.693200000000e-06	0.000000000000e+00	0.000000000000e+00	0.000000000000e+00
9.693400000000e-06	0.000000000000e+00	0.000000000000e+00	0.000000000000e+00
9.693600000000e-06	0.000000000000e+00	0.000000000000e+00	0.000000000000e+00
9.693800000000e-06	0.000000000000e+00	0.000000000000e+00	0.000000000000e+00
9.694000000000e-06	0.000000000000e+00	0.000000000000e+00	0.000000000000e+00
9.694200000000e-06	0.000000000000e+00	0.000000000000e+00	0.000000000000e+00
9.694400000000e-06	0.000000000000e+00	0.000000000000e+00	0.000000000000e+00
9.694600000000e-06	0.000000000000e+00	0.000000000000e+00	0.000000000000e+00
9.694800000000e-06	0.000000000000e+00	0.000000000000e+00	0.000000000000e+00
9.695000000000e-06	0.000000000000e+00	0.000000000000e+00	0.000000000000e+00
9.695200000000e-06	0.000000000000e+00	0.000000000000e+00	0.000000000000e+00
9.695400000000e-06	-1.695130251895e-17	5.722860368195e-18	3.170430015411e-17
9.695600000000e-06	-1.458101712055e-16	2.020819419080e-16	6.299971565745e-17
9.695800000000e-06	0.000000000000e+00	0.000000000000e+00	0.000000000000e+00
9.696000000000e-06	0.000000000000e+00	0.000000000000e+00	0.000000000000e+00
9.696200000000e-06	0.000000000000e+00	0.000000000000e+00	0.000000000000e+00
9.696400000000e-06	1.982513043751e-16	-1.323414833774e-16	-2.809951159745e-16
9.696600000000e-06	0.000000000000e+00	0.000000000000e+00	0.000000000000e+00
9.696800000000e-06	0.000000000000e+00	0.000000000000e+00	0.000000000000e+00
9.697000000000e-06	0.000000000000e+00	0.000000000000e+00	0.000000000000e+00
9.697200000000e-06	0.000000000000e+00	0.000000000000e+00	0.000000000000e+00
9.697400000000e-06	0.000000000000e+00	0.000000000000e+00	0.000000000000e+00
9.697600000000e-06	0.000000000000e+00	0.000000000000e+00	0.000000000000e+00
9.697800000000e-06	-9.200556435713e-18	-1.401198894841e-16	2.137675365163e-16
9.698000000000e-06	-3.596208440117e-15	5.789452392986e-15	4.741079336366e-16
9.698200000000e-06	-2.875745002068e-14	8.928106528832e-14	-5.530737952714e-14
9.698400000000e-06	4.613980697602e-14	7.178356198941e-14	-2.072630723913e-13
9.698600000000e-06	-1.137007676166e-14	-5.305679863601e-14	9.978481816014e-14
9.698800000000e-06	1.568768817403e-15	5.207326691047e-17	-3.754772781821e-15
9.699000000000e-06	-2.598550693723e-16	2.689550977642e-16	2.376107457281e-16
9.699200000000e-06	3.661869323082e-14	-1.453340158998e-14	-6.642052782638e-14
9.699400000000e-06	1.934842743340e-15	-8.082549407774e-15	6.696347477895e-15
9.699600000000e-06	-4.623680724847e-14	7.749070810769e-14	1.178932557570e-15
9.699800000000e-06	4.975472285036e-14	-8.926550301771e-14	6.718012163081e-15
9.700000000000e-06	-4.299694968837e-14	1.708392389808e-14	7.770435771312e-14
9.700200000000e-06	-8.018702932429e-14	9.885331777706e-14	5.253262703745e-14
9.700400000000e-06	-3.506871608527e-14	4.435015416375e-14	2.098988239843e-14
9.700600000000e-06	3.991106916700e-14	-2.568916222823e-14	-5.844538007793e-14
9.700800000000e-06	-4.537021762905e-13	6.556495923389e-13	1.615057565593e-13
9.701000000000e-06	-1.368704768057e-13	1.069176248649e-12	-1.157717017704e-12
9.701200000000e-06	-1.879829069421e-13	2.846202927298e-13	5.042468973027e-14
9.701400000000e-06	3.635251226073e-13	-1.416072366741e-13	-6.593033008235e-13
9.701600000000e-06	-4.210232771841e-13	3.564168142138e-13	4.970207730516e-13
9.701800000000e-06	-1.799320752955e-13	1.493248383308e-13	2.126555534662e-13
9.702000000000e-06	-1.323499724818e-14	2.395877620257e-13	-2.996907281988e-13
9.702200000000e-06	2.764526505175e-14	5.936795516976e-13	-8.902498460056e-13
9.702400000000e-06	-6.586895073728e-14	1.821279597607e-13	-9.406528369547e-14
9.702600000000e-06	-6.187586722276e-13	2.698460797274e-13	1.095047608306e-12
9.702800000000e-06	2.284141185922e-13	7.640763236663e-14	-6.501522843746e-13
9.703000000000e-06	-3.730562837567e-14	4.393205585996e-13	-5.272352815764e-13
9.703200000000e-06	-3.316548069614e-13	7.988524518935e-13	-3.213933134860e-13
9.703400000000e-06	-5.740132856533e-13	1.024596640150e-12	-6.893096246176e-14
9.703600000000e-06	-7.839192630583e-13	1.215995389937e-12	1.658944123620e-13
9.703800000000e-06	-1.664206523786e-13	7.514405058991e-13	-6.497785083002e-13
9.704000000000e-06	6.228602176241e-13	2.545570734680e-12	-5.016055297033e-12
9.704200000000e-06	-3.018999844643e-12	8.210973103319e-12	-4.265351519130e-12
9.704400000000e-06	-2.829258221407e-12	1.329375608529e-12	4.861353537546e-12
9.704600000000e-06	-1.937642808362e-13	4.393827779743e-13	-1.507051507740e-13
9.704800000000e-06	1.166413802349e-13	1.257139082853e-12	-2.005167949715e-12
9.705000000000e-06	1.623915730414e-12	-1.286473447389e-12	-2.090422471086e-12
9.705200000000e-06	-1.926236985899e-12	2.898500824312e-12	5.427888552973e-13
9.705400000000e-06	-6.479777993261e-12	9.607603900327e-12	2.014353288091e-12
9.705600000000e-06	-2.685395930000e-12	5.681016961679e-12	-1.577380637435e-12
9.705800000000e-06	4.284905030527e-13	5.454616026905e-12	-8.615698415298e-12
9.706000000000e-06	-3.179532506819e-12	4.647970652999e-12	1.126152703540e-12
9.706200000000e-06	-2.704980075464e-13	1.755678554726e-12	-1.814334983591e-12
9.706400000000e-06	-1.081092715913e-12	6.681255272439e-12	-6.747157685576e-12
9.706600000000e-06	-2.402341825236e-12	3.108179587054e-12	1.391334413860e-12
9.706800000000e-06	-8.294733562457e-12	1.350964624774e-11	9.446805342480e-13
9.707000000000e-06	-6.618851502648e-12	1.584455117512e-11	-6.381406215473e-12
9.707200000000e-06	-4.451579551106e-12	5.811224407316e-12	2.498278764941e-12
9.707400000000e-06	-5.156825814092e-12	1.203913452564e-11	-4.524747867202e-12
9.707600000000e-06	-8.861093433736e-12	1.340313764047e-11	2.425397796207e-12
9.707800000000e-06	-5.273411900478e-12	1.519740654295e-11	-8.720948395863e-12
9.708000000000e-06	-5.100008798560e-12	1.359121472007e-11	-6.833878952944e-12
9.708200000000e-06	-1.316464797992e-11	2.599169399519e-11	-4.981940081687e-12
9.708400000000e-06	-1.283211573565e-11	2.663258969832e-11	-6.612250350441e-12
9.708600000000e-06	-1.177710048300e-11	1.892717373342e-11	1.712129696509e-12
9.708800000000e-06	-4.849984874233e-12	2.037256570858e-11	-1.687635153267e-11
9.709000000000e-06	-9.239969586915e-12	1.694973813644e-11	-1.707384287822e-12
9.709200000000e-06	-1.795213199594e-11	4.158769153300e-11	-1.530734889644e-11
9.709400000000e-06	-6.977565876126e-12	1.882880256506e-11	-9.734262191769e-12
9.709600000000e-06	-1.815856572654e-11	4.035663245122e-11	-1.319511678620e-11
9.709800000000e-06	-2.780666162949e-11	4.558197173780e-11	2.925308193062e-12
9.710000000000e-06	-1.977762558984e-11	5.664047334508e-11	-3.212162155874e-11
9.710200000000e-06	-1.986644487868e-11	5.228605364436e-11	-2.572927468280e-11
9.710400000000e-06	-3.676428416227e-11	7.975358121175e-11	-2.381807766741e-11
9.710600000000e-06	-5.237612847299e-11	1.225181277893e-10	-4.649992659255e-11
9.710800000000e-06	-7.418103095513e-11	1.210835818303e-10	8.179416578632e-12
9.711000000000e-06	-3.713524911032e-11	7.433729839237e-11	-1.546434283844e-11
9.711200000000e-06	-3.157272962995e-11	8.557373069559e-11	-4.440626240805e-11
9.711400000000e-06	-5.053035976007e-11	1.003005609511e-10	-1.947917021636e-11
9.711600000000e-06	-5.404578271725e-11	1.123957806950e-10	-2.820231066448e-11
9.711800000000e-06	-7.510873898620e-11	1.177900341493e-10	1.503999728993e-11
9.712000000000e-06	-4.192766318146e-11	1.314997574292e-10	-8.431760192383e-11
9.712200000000e-06	-3.793616109027e-11	1.331077005799e-10	-9.620363022301e-11
9.712400000000e-06	-8.253310792832e-11	1.380865459217e-10	4.248933334041e-12
9.712600000000e-06	-1.035061838942e-10	2.067786631496e-10	-4.213437638769e-11
9.712800000000e-06	-6.148077150111e-11	1.467928023279e-10	-5.886179347923e-11
9.713000000000e-06	-8.600666127784e-11	1.927187652116e-10	-6.426732312238e-11
9.713200000000e-06	-9.010754701039e-11	1.797390622614e-10	-3.574134543476e-11
9.713400000000e-06	-1.152430066337e-10	2.315714896033e-10	-4.858625264652e-11
9.713600000000e-06	-1.257667722703e-10	2.747896122504e-10	-8.481685799466e-11
9.713800000000e-06	-1.397597768169e-10	3.089688060535e-10	-9.902089221770e-11
9.714000000000e-06	-1.564200456878e-10	3.083599577001e-10	-5.672322251552e-11
9.714200000000e-06	-1.609270226838e-10	3.078234001867e-10	-4.621856258374e-11
9.714400000000e-06	-1.564089988453e-10	3.477653262677e-10	-1.131833832180e-10
9.714600000000e-06	-1.553431023034e-10	3.795175279372e-10	-1.604592699063e-10
9.714800000000e-06	-2.102138915609e-10	4.369917446539e-10	-1.091641806907e-10
9.715000000000e-06	-1.811958588986e-10	3.867966842457e-10	-1.078129188126e-10
9.715200000000e-06	-2.173895610437e-10	5.668574543575e-10	-2.755753871887e-10
9.715400000000e-06	-2.445002596059e-10	5.272405375535e-10	-1.548369902185e-10
9.715600000000e-06	-2.637719501693e-10	5.081745123401e-10	-8.013804571838e-11
9.715800000000e-06	-3.551457710914e-10	6.702339734867e-10	-8.817261062769e-11
9.716000000000e-06	-3.670911262201e-10	6.801598921509e-10	-7.202542213722e-11
9.716200000000e-06	-3.221024902417e-10	7.340385093784e-10	-2.593151556376e-10
9.716400000000e-06	-3.564555652537e-10	7.476612323435e-10	-1.945532152942e-10
9.716600000000e-06	-3.860003955275e-10	8.019877300480e-10	-2.000469805494e-10
9.716800000000e-06	-3.652163798681e-10	9.132149112057e-10	-4.081444694611e-10
9.717000000000e-06	-4.860365750179e-10	1.027937353717e-09	-2.764533437428e-10
9.717200000000e-06	-5.459218123623e-10	1.122741366734e-09	-2.663298221261e-10
9.717400000000e-06	-4.965642003425e-10	1.106379481732e-09	-3.630643110785e-10
9.717600000000e-06	-5.572711145722e-10	1.204091825151e-09	-3.548234275936e-10
9.717800000000e-06	-5.370321427358e-10	1.244784767857e-09	-4.614364802595e-10
9.718000000000e-06	-7.173363146634e-10	1.468999092575e-09	-3.417082394015e-10
9.718200000000e-06	-7.063122814880e-10	1.559394724512e-09	-4.976305182016e-10
9.718400000000e-06	-7.673959473077e-10	1.578303483553e-09	-3.729216452164e-10
9.718600000000e-06	-7.714048593655e-10	1.730385156806e-09	-5.822161210244e-10
9.718800000000e-06	-9.360906741581e-10	1.879839114007e-09	-3.909882306684e-10
9.719000000000e-06	-9.520580220849e-10	1.930318887774e-09	-4.254453775232e-10
9.719200000000e-06	-6.728084941026e-10	1.908008985346e-09	-1.078709010625e-09
9.719400000000e-06	-1.002712908367e-09	2.441330789177e-09	-1.030545204978e-09
9.719600000000e-06	-1.036024773360e-09	2.186240520257e-09	-5.830774098177e-10
9.719800000000e-06	-1.188820886293e-09	2.551810163173e-09	-7.318398372030e-10
9.720000000000e-06	-1.235774467570e-09	2.677750460201e-09	-7.975307293131e-10
9.720200000000e-06	-1.179877496677e-09	2.662557808212e-09	-9.128113231423e-10
9.720400000000e-06	-1.303337858158e-09	2.762619158502e-09	-7.520582765814e-10
9.720600000000e-06	-1.371215509181e-09	3.046885378931e-09	-9.931729719968e-10
9.720800000000e-06	-1.524091845065e-09	3.277707747692e-09	-9.489715052610e-10
9.721000000000e-06	-1.437608361366e-09	3.064034804032e-09	-8.572448635566e-10
9.721200000000e-06	-1.879625091826e-09	3.709661336075e-09	-6.923307835870e-10
9.721400000000e-06	-1.679696193046e-09	3.597780641564e-09	-1.025195702686e-09
9.721600000000e-06	-1.655208750545e-09	3.712890170297e-09	-1.244840388165e-09
9.721800000000e-06	-1.703646836937e-09	3.742529007272e-09	-1.172228788591e-09
9.722000000000e-06	-1.883767654344e-09	4.287745581103e-09	-1.510775899532e-09
9.722200000000e-06	-1.945312510938e-09	4.301058085726e-09	-1.380797259000e-09
9.722400000000e-06	-1.928298099514e-09	4.465656300844e-09	-1.657236732044e-09
9.722600000000e-06	-1.955554191286e-09	4.398616460766e-09	-1.496096471203e-09
9.722800000000e-06	-2.002364944553e-09	4.753975911870e-09	-1.888411914987e-09
9.723000000000e-06	-2.405769626509e-09	5.019659688144e-09	-1.274107972539e-09
9.723200000000e-06	-2.054439058450e-09	4.631775638359e-09	-1.587650372307e-09
9.723400000000e-06	-2.223396254986e-09	4.690203638729e-09	-1.248335548782e-09
9.723600000000e-06	-1.830197904204e-09	4.212209009745e-09	-1.538411953389e-09
9.723800000000e-06	-1.767218419530e-09	3.672471630350e-09	-9.176487694095e-10
9.724000000000e-06	-1.934091141584e-09	4.461632934078e-09	-1.639872523056e-09
9.724200000000e-06	-2.092291129134e-09	4.594424608991e-09	-1.433735856577e-09
9.724400000000e-06	-2.116527840893e-09	4.819429857680e-09	-1.703464060997e-09
9.724600000000e-06	-2.031137981597e-09	4.789536709013e-09	-1.874029357169e-09
9.724800000000e-06	-2.370888735170e-09	5.053717757003e-09	-1.410617437192e-09
9.725000000000e-06	-2.463487880448e-09	5.260953172578e-09	-1.480837068565e-09
9.725200000000e-06	-2.189915082372e-09	5.172220939407e-09	-2.026420291552e-09
9.725400000000e-06	-2.560872024367e-09	5.758442481681e-09	-1.953806673793e-09
9.725600000000e-06	-2.793547766540e-09	5.914517801630e-09	-1.605439538183e-09
9.725800000000e-06	-2.668702123359e-09	5.922570799791e-09	-1.925211535222e-09
9.726000000000e-06	-2.472894838378e-09	5.900456773014e-09	-2.384426697966e-09
9.726200000000e-06	-2.702135821890e-09	6.010839577110e-09	-1.972697144853e-09
9.726400000000e-06	-2.830413584389e-09	6.215445746006e-09	-1.946219059688e-09
9.726600000000e-06	-2.885095461449e-09	6.727471394961e-09	-2.551316617300e-09
9.726800000000e-06	-3.070910002360e-09	6.713444573764e-09	-2.065799962738e-09
9.727000000000e-06	-3.215133563215e-09	6.989151626005e-09	-2.112182083952e-09
9.727200000000e-06	-3.387104828878e-09	7.199341367899e-09	-1.988338018316e-09
9.727400000000e-06	-3.059619314142e-09	7.274315641757e-09	-2.911470104768e-09
9.727600000000e-06	-3.406008126486e-09	7.559905783514e-09	-2.457517172857e-09
9.727800000000e-06	-3.363268012447e-09	7.733874865009e-09	-2.819682037022e-09
9.728000000000e-06	-3.500524519365e-09	7.659780587591e-09	-2.370680091079e-09
9.728200000000e-06	-3.727885792634e-09	8.199672198246e-09	-2.588278009672e-09
9.728400000000e-06	-3.620731333414e-09	7.808134798628e-09	-2.284321439243e-09
9.728600000000e-06	-3.562504224604e-09	8.069878016774e-09	-2.810569701654e-09
9.728800000000e-06	-4.402362485785e-09	9.241212134664e-09	-2.414555180443e-09
9.729000000000e-06	-4.019251586953e-09	8.830618987739e-09	-2.772215550872e-09
9.729200000000e-06	-4.157081740628e-09	9.436562546589e-09	-3.307923288500e-09
9.729400000000e-06	-3.824643529264e-09	8.834682256525e-09	-3.259263424425e-09
9.729600000000e-06	-4.025267783181e-09	8.755256396934e-09	-2.652957903038e-09
9.729800000000e-06	-3.956231072481e-09	9.472189259939e-09	-3.860645371433e-09
9.730000000000e-06	-4.290616875305e-09	9.615309149352e-09	-3.234163408245e-09
9.730200000000e-06	-4.659135730403e-09	1.043811423350e-08	-3.510337760568e-09
9.730400000000e-06	-4.380007335862e-09	1.010983894542e-08	-3.729128463952e-09
9.730600000000e-06	-4.809672558078e-09	1.023596999454e-08	-2.841615983724e-09
9.730800000000e-06	-4.437350875608e-09	1.006133558670e-08	-3.514694528046e-09
9.731000000000e-06	-4.617963922822e-09	1.055070877725e-08	-3.779016797458e-09
9.731200000000e-06	-5.209258871188e-09	1.107580721227e-08	-3.063842746670e-09
9.731400000000e-06	-5.073224517162e-09	1.121177019809e-08	-3.595246746023e-09
9.731600000000e-06	-5.315885644773e-09	1.143583031211e-08	-3.317544945534e-09
9.731800000000e-06	-4.627511413101e-09	1.104538577591e-08	-4.471418351669e-09
9.732000000000e-06	-4.794122775766e-09	1.105952295373e-08	-4.072927665963e-09
9.732200000000e-06	-5.305826465794e-09	1.264987898408e-08	-5.109097902476e-09
9.732400000000e-06	-5.974633527391e-09	1.251663163806e-08	-3.242919869920e-09
9.732600000000e-06	-5.266971356958e-09	1.158009492377e-08	-3.653639269996e-09
9.732800000000e-06	-5.412193639880e-09	1.200641384306e-08	-3.911317868395e-09
9.733000000000e-06	-5.695140574876e-09	1.265087924188e-08	-4.133588448041e-09
9.733200000000e-06	-5.162173054181e-09	1.267087308693e-08	-5.500920126271e-09
9.733400000000e-06	-5.812940827215e-09	1.264745572724e-08	-3.837960732636e-09
9.733600000000e-06	-5.646121753902e-09	1.351578341320e-08	-5.522213170141e-09
9.733800000000e-06	-5.663520183966e-09	1.309780649974e-08	-4.867398772306e-09
9.734000000000e-06	-5.782024005708e-09	1.340026309678e-08	-5.008963827138e-09
9.734200000000e-06	-5.912865816509e-09	1.315436909437e-08	-4.327193528637e-09
9.734400000000e-06	-5.992483503910e-09	1.370627914246e-08	-4.932356325476e-09
9.734600000000e-06	-6.288076418441e-09	1.395629897977e-08	-4.551026717924e-09
9.734800000000e-06	-6.345885166064e-09	1.422720496873e-08	-4.805658971330e-09
9.735000000000e-06	-6.715574498078e-09	1.442957024102e-08	-4.169642526339e-09
9.735200000000e-06	-6.092201795334e-09	1.390607998186e-08	-4.973494773016e-09
9.735400000000e-06	-5.671468840105e-09	1.404935021401e-08	-6.240237911872e-09
9.735600000000e-06	-6.511899987740e-09	1.478124397928e-08	-5.197419214710e-09
9.735800000000e-06	-6.251734226081e-09	1.448648904927e-08	-5.417046343968e-09
9.736000000000e-06	-6.438010978983e-09	1.459424892593e-08	-5.112350843036e-09
9.736200000000e-06	-6.341502237159e-09	1.519018807807e-08	-6.224663040202e-09
9.736400000000e-06	-6.398501560453e-09	1.418289038901e-08	-4.603276080296e-09
9.736600000000e-06	-6.722110350605e-09	1.573541791263e-08	-6.065421872074e-09
9.736800000000e-06	-6.688543112900e-09	1.552446870939e-08	-5.839445889678e-09
9.737000000000e-06	-6.854037603313e-09	1.548898165692e-08	-5.370096957825e-09
9.737200000000e-06	-6.884897053403e-09	1.531993306098e-08	-5.050376071407e-09
9.737400000000e-06	-6.581439832952e-09	1.491347268692e-08	-5.219689602336e-09
9.737600000000e-06	-6.696894729044e-09	1.526578453204e-08	-5.438694639035e-09
9.737800000000e-06	-6.835966479666e-09	1.621725050057e-08	-6.484120486164e-09
9.738000000000e-06	-6.727264395222e-09	1.584773084410e-08	-6.219374158129e-09
9.738200000000e-06	-6.963706109692e-09	1.573484667032e-08	-5.457831543147e-09
9.738400000000e-06	-6.448598172016e-09	1.512754374593e-08	-5.866743371415e-09
9.738600000000e-06	-6.665264134743e-09	1.541517637929e-08	-5.738325000482e-09
9.738800000000e-06	-7.495380110051e-09	1.696631763901e-08	-5.919636112202e-09
9.739000000000e-06	-7.098798551793e-09	1.570234959051e-08	-5.069551152960e-09
9.739200000000e-06	-6.778559843595e-09	1.548248175567e-08	-5.562470331754e-09
9.739400000000e-06	-7.673149909108e-09	1.661034955349e-08	-4.950381848455e-09
9.739600000000e-06	-7.046889873819e-09	1.574547314185e-08	-5.265422110005e-09
9.739800000000e-06	-6.879810594940e-09	1.593099087294e-08	-5.964021518235e-09
9.740000000000e-06	-7.217438167020e-09	1.649976033458e-08	-5.934879978582e-09
9.740200000000e-06	-6.556596354520e-09	1.606657251927e-08	-6.985008048780e-09
9.740400000000e-06	-7.109119759382e-09	1.638478557061e-08	-6.051556370712e-09
9.740600000000e-06	-7.245604885025e-09	1.646650689108e-08	-5.829327915057e-09
9.740800000000e-06	-7.183212629093e-09	1.707951545330e-08	-6.885265748120e-09
9.741000000000e-06	-5.769284946349e-09	1.463764450977e-08	-6.878038352147e-09
9.741200000000e-06	-6.920502797963e-09	1.694035418107e-08	-7.351680857406e-09
9.741400000000e-06	-7.181459341737e-09	1.648671421256e-08	-6.014385522173e-09
9.741600000000e-06	-7.506509467980e-09	1.646112301558e-08	-5.158830897492e-09
9.741800000000e-06	-6.428476082787e-09	1.557186492261e-08	-6.588828877909e-09
9.742000000000e-06	-6.826206540711e-09	1.642845573670e-08	-6.831359503033e-09
9.742200000000e-06	-7.336290740620e-09	1.670443847704e-08	-5.955714029050e-09
9.742400000000e-06	-7.380445123082e-09	1.684939360031e-08	-6.055123686574e-09
9.742600000000e-06	-6.358701181256e-09	1.567062052977e-08	-6.914552483204e-09
9.742800000000e-06	-6.594286076353e-09	1.595862141141e-08	-6.742572424905e-09
9.743000000000e-06	-6.697633032826e-09	1.524314502790e-08	-5.418774180157e-09
9.743200000000e-06	-7.206529039536e-09	1.658192387426e-08	-6.107073456348e-09
9.743400000000e-06	-6.665916495239e-09	1.620197122118e-08	-6.922536146802e-09
9.743600000000e-06	-6.645420308228e-09	1.582775950918e-08	-6.407790163625e-09
9.743800000000e-06	-6.792331634957e-09	1.613201776264e-08	-6.492194471666e-09
9.744000000000e-06	-7.097029323488e-09	1.572727776940e-08	-5.114390279536e-09
9.744200000000e-06	-6.447811833505e-09	1.559210320691e-08	-6.579127346567e-09
9.744400000000e-06	-7.282385507572e-09	1.669224653283e-08	-6.087902694451e-09
9.744600000000e-06	-6.459440400953e-09	1.580469881431e-08	-6.858404396814e-09
9.744800000000e-06	-6.503805155823e-09	1.506755789741e-08	-5.673024493319e-09
9.745000000000e-06	-6.512240419376e-09	1.442593038108e-08	-4.684441183753e-09
9.745200000000e-06	-6.204639668287e-09	1.557792246470e-08	-7.184144820593e-09
9.745400000000e-06	-6.794303478169e-09	1.610741228315e-08	-6.463336665894e-09
9.745600000000e-06	-6.763454736604e-09	1.524803346397e-08	-5.275996096446e-09
9.745800000000e-06	-5.772695950045e-09	1.510667727575e-08	-7.597331124049e-09
9.746000000000e-06	-6.474778584536e-09	1.568183872031e-08	-6.656960257332e-09
9.746200000000e-06	-6.333131072018e-09	1.451960156182e-08	-5.287581885620e-09
9.746400000000e-06	-5.758488319155e-09	1.446536171239e-08	-6.678540805059e-09
9.746600000000e-06	-7.096655514713e-09	1.567729605250e-08	-5.058214130834e-09
9.746800000000e-06	-6.056449088188e-09	1.442223125119e-08	-5.859075259009e-09
9.747000000000e-06	-6.729613441380e-09	1.502650286757e-08	-5.032087182414e-09
9.747200000000e-06	-5.392526739980e-09	1.372315838882e-08	-6.526781509878e-09
9.747400000000e-06	-6.001131664933e-09	1.469354440568e-08	-6.420810977231e-09
9.747600000000e-06	-6.010757338838e-09	1.384115343140e-08	-5.113647640834e-09
9.747800000000e-06	-6.818021761442e-09	1.466228960747e-08	-4.276981901294e-09
9.748000000000e-06	-6.111911087359e-09	1.484960071379e-08	-6.352672514592e-09
9.748200000000e-06	-5.715412852784e-09	1.362643494280e-08	-5.547095701818e-09
9.748400000000e-06	-5.542024989271e-09	1.294373652469e-08	-4.998617827993e-09
9.748600000000e-06	-6.076580957991e-09	1.418989145865e-08	-5.462980066418e-09
9.748800000000e-06	-6.102712240218e-09	1.401171574554e-08	-5.130088788663e-09
9.749000000000e-06	-5.057787322205e-09	1.342600242189e-08	-6.963804464043e-09
9.749200000000e-06	-5.880034274765e-09	1.371648141733e-08	-5.271497744594e-09
9.749400000000e-06	-5.725754084731e-09	1.357353048459e-08	-5.454123840329e-09
9.749600000000e-06	-5.412290994122e-09	1.281172323101e-08	-5.128618925205e-09
9.749800000000e-06	-5.525556655134e-09	1.378100530989e-08	-6.290489412084e-09
9.750000000000e-06	-5.982823047728e-09	1.345395678777e-08	-4.621412546081e-09
9.750200000000e-06	-4.406371857013e-09	1.127200237962e-08	-5.431838722334e-09
9.750400000000e-06	-5.700823390242e-09	1.327991460183e-08	-5.084373587705e-09
9.750600000000e-06	-5.252258351426e-09	1.322507976779e-08	-6.167854690037e-09
9.750800000000e-06	-5.502334943330e-09	1.213697731495e-08	-3.900058297283e-09
9.751000000000e-06	-5.379286073141e-09	1.253161594567e-08	-4.804551498376e-09
9.751200000000e-06	-5.111570012373e-09	1.251383472638e-08	-5.472371606339e-09
9.751400000000e-06	-4.511327510560e-09	1.134164153077e-08	-5.282006271356e-09
9.751600000000e-06	-4.741236032227e-09	1.179710191779e-08	-5.368017896709e-09
9.751800000000e-06	-4.301563493329e-09	1.090472113489e-08	-5.169347489846e-09
9.752000000000e-06	-5.238826512632e-09	1.193152537984e-08	-4.276441374204e-09
9.752200000000e-06	-4.526873612293e-09	1.161075247355e-08	-5.648672720907e-09
9.752400000000e-06	-5.067567276835e-09	1.232727903966e-08	-5.310219613125e-09
9.752600000000e-06	-4.189413436252e-09	9.984679713684e-09	-4.082477836018e-09
9.752800000000e-06	-4.966424839696e-09	1.141410074848e-08	-4.202191695934e-09
9.753000000000e-06	-4.975765418946e-09	1.124828064544e-08	-3.936354768068e-09
9.753200000000e-06	-4.136647973676e-09	1.049522771919e-08	-5.005755830242e-09
9.753400000000e-06	-4.337330643598e-09	1.070878081463e-08	-4.781327765700e-09
9.753600000000e-06	-4.807279319496e-09	1.086231976891e-08	-3.792498268814e-09
9.753800000000e-06	-4.563378642089e-09	1.089739334717e-08	-4.491419424109e-09
9.754000000000e-06	-3.902309255930e-09	9.557333149080e-09	-4.196926333314e-09
9.754200000000e-06	-4.061464464162e-09	1.030244506553e-08	-4.909069623754e-09
9.754400000000e-06	-4.131055947953e-09	1.010229901701e-08	-4.406572549736e-09
9.754600000000e-06	-3.705298249549e-09	9.515520721607e-09	-4.644300421815e-09
9.754800000000e-06	-3.720123672505e-09	9.831683436566e-09	-5.077035046637e-09
9.755000000000e-06	-4.075987367237e-09	9.370400749215e-09	-3.468077490738e-09
9.755200000000e-06	-3.387165119714e-09	8.888156042336e-09	-4.539234398272e-09
9.755400000000e-06	-3.902796625558e-09	9.236335807955e-09	-3.714190604401e-09
9.755600000000e-06	-4.162829203014e-09	9.111099095698e-09	-2.854550491838e-09
9.755800000000e-06	-3.813070761118e-09	9.089203777777e-09	-3.731859586325e-09
9.756000000000e-06	-3.410718769042e-09	8.465227410517e-09	-3.836742676333e-09
9.756200000000e-06	-2.580020612264e-09	7.437368257154e-09	-4.466062577696e-09
9.756400000000e-06	-3.828679877668e-09	8.112096084127e-09	-2.208803332647e-09
9.756600000000e-06	-3.314023365856e-09	8.046236861768e-09	-3.464974458894e-09
9.756800000000e-06	-3.146950146729e-09	8.682653269345e-09	-4.844838377563e-09
9.757000000000e-06	-3.468973021859e-09	7.759019337271e-09	-2.624678295749e-09
9.757200000000e-06	-2.477980595822e-09	7.157075392580e-09	-4.320568236587e-09
9.757400000000e-06	-3.136950436650e-09	7.605616228367e-09	-3.252446298449e-09
9.757600000000e-06	-3.019790376602e-09	7.210586587602e-09	-2.962745631132e-09
9.757800000000e-06	-4.016716022836e-09	8.175225150100e-09	-1.840277846945e-09
9.758000000000e-06	-1.978447660119e-09	6.190659054924e-09	-4.158587431582e-09
9.758200000000e-06	-3.571282514062e-09	8.094966701615e-09	-2.866964612925e-09
9.758400000000e-06	-2.899331572484e-09	6.986360000764e-09	-2.949560508957e-09
9.758600000000e-06	-2.590567768188e-09	7.147949555466e-09	-4.005286118784e-09
9.758800000000e-06	-2.958464817131e-09	6.636574388218e-09	-2.293645650357e-09
9.759000000000e-06	-2.878762724379e-09	6.409584701120e-09	-2.133879803957e-09
9.759200000000e-06	-2.225759558395e-09	6.307539477362e-09	-3.683693723883e-09
9.759400000000e-06	-2.758091648187e-09	6.328809922902e-09	-2.331811135744e-09
9.759600000000e-06	-2.354734092915e-09	6.157243251519e-09	-3.129677429179e-09
9.759800000000e-06	-2.236262254021e-09	6.236156762709e-09	-3.559269646042e-09
9.760000000000e-06	-2.251242857577e-09	5.075759331486e-09	-1.763738619263e-09
9.760200000000e-06	-2.692124319930e-09	6.316984264181e-09	-2.485990008679e-09
9.760400000000e-06	-2.432899276930e-09	5.186837234269e-09	-1.457032451791e-09
9.760600000000e-06	-1.824523584771e-09	5.370626086192e-09	-3.335471355729e-09
9.760800000000e-06	-1.740011296182e-09	5.099834231909e-09	-3.147327795788e-09
9.761000000000e-06	-2.002105899302e-09	5.023943465024e-09	-2.345228748286e-09
9.761200000000e-06	-2.456775274700e-09	4.749504408715e-09	-7.426618365470e-10
9.761400000000e-06	-1.255584675622e-09	4.865388629435e-09	-4.066525620586e-09
9.761600000000e-06	-2.644778735502e-09	5.585033359146e-09	-1.525433406466e-09
9.761800000000e-06	-1.817993805387e-09	4.731730766732e-09	-2.383881908580e-09
9.762000000000e-06	-1.652879588638e-09	4.222161033078e-09	-2.061121089095e-09
9.762200000000e-06	-2.133908060766e-09	4.836610369515e-09	-1.721240919576e-09
9.762400000000e-06	-1.857563060516e-09	4.294511105249e-09	-1.620976373300e-09
9.762600000000e-06	-1.486203566365e-09	4.024743204276e-09	-2.191993232984e-09
9.762800000000e-06	-1.790588721958e-09	3.882601354727e-09	-1.190139934226e-09
9.763000000000e-06	-1.585072999663e-09	3.886591508607e-09	-1.730224566593e-09
9.763200000000e-06	-1.257184672274e-09	3.948985585577e-09	-2.673106235124e-09
9.763400000000e-06	-2.110799958022e-09	4.158670787876e-09	-7.444773022541e-10
9.763600000000e-06	-1.304427280290e-09	3.160452378098e-09	-1.364182040620e-09
9.763800000000e-06	-1.402708279643e-09	3.255487979685e-09	-1.258207628223e-09
9.764000000000e-06	-1.614635797565e-09	4.003135272164e-09	-1.802959590465e-09
9.764200000000e-06	-1.055097174874e-09	3.453657672371e-09	-2.463715011953e-09
9.764400000000e-06	-1.146945220717e-09	3.058883551616e-09	-1.649686596703e-09
9.764600000000e-06	-6.104723202065e-10	2.215613370179e-09	-1.767229955504e-09
9.764800000000e-06	-8.894769014504e-10	3.014476287140e-09	-2.238464316593e-09
9.765000000000e-06	-1.569308174623e-09	3.077464695405e-09	-5.460372076317e-10
9.765200000000e-06	-9.298355295083e-10	2.438845556580e-09	-1.252121117593e-09
9.765400000000e-06	-1.700724884374e-09	3.349206341994e-09	-6.209868825864e-10
9.765600000000e-06	-1.194944805314e-09	2.673154613915e-09	-9.125079189029e-10
9.765800000000e-06	-1.002183126700e-09	2.687399731844e-09	-1.438355398235e-09
9.766000000000e-06	-1.371721135798e-09	2.372433518267e-09	8.164267347450e-12
9.766200000000e-06	-1.009146072462e-09	2.557656490686e-09	-1.250755447601e-09
9.766400000000e-06	-9.619937168318e-10	2.682614787245e-09	-1.549712841075e-09
9.766600000000e-06	-7.004890061002e-10	1.630788402052e-09	-6.293463816761e-10
9.766800000000e-06	-4.839770846761e-10	1.850263472748e-09	-1.534950323844e-09
9.767000000000e-06	-9.893831991967e-10	1.770567171322e-09	-8.152170000391e-11
9.767200000000e-06	-7.498949847991e-10	1.660553948083e-09	-5.450696545854e-10
9.767400000000e-06	-1.649570574805e-10	1.418004253249e-09	-1.724715962192e-09
9.767600000000e-06	-7.862774912260e-10	1.308050713173e-09	9.106138528279e-11
9.767800000000e-06	-6.325889468334e-10	1.559367951587e-09	-7.201021716015e-10
9.768000000000e-06	-6.429885251593e-10	1.654084878307e-09	-8.159702914858e-10
9.768200000000e-06	-1.471679953422e-10	1.562208761155e-09	-1.986188124006e-09
9.768400000000e-06	-7.392699076895e-10	7.899552062915e-10	7.354327347046e-10
9.768600000000e-06	-6.801349307573e-10	1.572401659699e-09	-6.010745979448e-10
9.768800000000e-06	-4.416660629428e-10	1.419697160495e-09	-1.004813744806e-09
9.769000000000e-06	-2.748316222503e-10	6.333835524665e-10	-2.502299193954e-10
9.769200000000e-06	-1.907086258783e-10	7.159881735896e-10	-5.879034390016e-10
9.769400000000e-06	-6.603605824020e-10	1.596531163327e-09	-6.852771813866e-10
9.769600000000e-06	-2.081913117041e-10	1.271578122197e-09	-1.394828567782e-09
9.769800000000e-06	-1.682155377622e-10	2.868484663144e-10	-2.392504957814e-12
9.770000000000e-06	-4.952011888539e-10	6.999675796241e-10	2.365859823266e-10
9.770200000000e-06	-4.457582662286e-10	5.173038239304e-10	3.836224688152e-10
9.770400000000e-06	2.098843461130e-10	1.977851010081e-10	-8.784594624169e-10
9.770600000000e-06	1.058380829968e-10	2.385355001502e-10	-6.612877201563e-10
9.770800000000e-06	-5.871840277398e-10	5.492771065742e-10	7.253997138676e-10
9.771000000000e-06	-2.270984843253e-11	4.984855390603e-10	-7.118433175292e-10
9.771200000000e-06	-1.552877632835e-11	4.420607247321e-10	-6.370646901264e-10
9.771400000000e-06	1.022961470512e-10	1.886216677492e-10	-5.589483398038e-10
9.771600000000e-06	3.309437504730e-11	-4.452005241784e-10	6.071077542383e-10
9.771800000000e-06	5.550636456117e-10	-8.725853565765e-10	-1.717499819943e-10
9.772000000000e-06	1.122297520654e-10	-2.317080607846e-10	3.853095350232e-11
9.772200000000e-06	-2.055877868437e-10	3.505418074463e-10	-1.313619325501e-12
9.772400000000e-06	-1.061556528342e-11	-1.432689232463e-10	2.496404921211e-10
9.772600000000e-06	9.622986647082e-11	-2.786487758641e-10	1.475584764362e-10
9.772800000000e-06	2.049592583478e-10	-3.502056794889e-10	-1.034253346993e-11
9.773000000000e-06	2.395645651561e-10	-7.316740667930e-10	4.769398290937e-10
9.773200000000e-06	2.922956289781e-10	-6.905868649478e-10	2.598473175087e-10
9.773400000000e-06	2.775878076408e-10	-5.638962276798e-10	1.033740045751e-10
9.773600000000e-06	5.620588387843e-10	-7.196408605742e-10	-3.967969778434e-10
9.773800000000e-06	-1.206987143271e-10	-1.745903342146e-10	5.768088822973e-10
9.774000000000e-06	3.395240443905e-10	-9.454552596761e-10	5.274408055258e-10
9.774200000000e-06	4.817166697917e-10	-4.935259028923e-10	-5.338385624706e-10
9.774400000000e-06	2.898415490309e-10	-8.729572992906e-10	5.412301626419e-10
9.774600000000e-06	2.562278424481e-10	-6.269200692854e-10	2.728836487254e-10
9.774800000000e-06	-5.263348105724e-11	-2.025368462441e-10	4.559757697239e-10
9.775000000000e-06	5.003619665579e-10	-1.095292208304e-09	3.509902796326e-10
9.775200000000e-06	8.888238531654e-11	-6.162188745313e-10	6.786988406271e-10
9.775400000000e-06	5.903188193125e-10	-1.380446139810e-09	5.432499970966e-10
9.775600000000e-06	2.192629360676e-10	-8.949100993551e-10	7.919649931007e-10
9.775800000000e-06	2.088588557330e-10	-5.862476603385e-10	3.337560312941e-10
9.776000000000e-06	6.575118069438e-10	-1.325162733534e-09	2.561283837833e-10
9.776200000000e-06	3.780370648340e-10	-1.407900754538e-09	1.165199347123e-09
9.776400000000e-06	3.544615664436e-10	-9.859965757501e-10	5.661094179538e-10
9.776600000000e-06	1.586052440229e-10	-9.841199756673e-10	1.069835429157e-09
9.776800000000e-06	1.051890712969e-09	-1.679542008391e-09	-2.618495354040e-10
9.777000000000e-06	1.083032302157e-09	-2.325250111301e-09	6.715286493068e-10
9.777200000000e-06	8.323032958430e-10	-1.720838111519e-09	4.166290370095e-10
9.777400000000e-06	6.392094017338e-10	-1.555133137312e-09	6.767911776617e-10
9.777600000000e-06	7.288301007102e-10	-1.523813527898e-09	3.737810827890e-10
9.777800000000e-06	6.511730921009e-10	-1.917010213145e-09	1.207089753408e-09
9.778000000000e-06	5.156758909702e-10	-1.500155688608e-09	8.981570191185e-10
9.778200000000e-06	8.464519530159e-10	-1.854528936455e-09	5.889030913046e-10
9.778400000000e-06	7.395018401257e-10	-1.836760576337e-09	8.255546802653e-10
9.778600000000e-06	5.952115104764e-10	-1.404512214140e-09	5.500346118842e-10
9.778800000000e-06	7.751845298160e-10	-1.822908495435e-09	7.172429461510e-10
9.779000000000e-06	6.859633573934e-10	-1.921390503325e-09	1.112309132574e-09
9.779200000000e-06	7.023214096293e-10	-1.740790587997e-09	7.925981162439e-10
9.779400000000e-06	1.269117551989e-09	-2.530219515644e-09	5.019219852036e-10
9.779600000000e-06	5.193683256497e-10	-1.400470243702e-09	7.563221413505e-10
9.779800000000e-06	8.729884122285e-10	-2.432474520004e-09	1.388969806147e-09
9.780000000000e-06	1.206529354551e-09	-2.561583064406e-09	7.105434491837e-10
9.780200000000e-06	5.020626926054e-10	-1.961264265872e-09	1.688383743762e-09
9.780400000000e-06	1.074661019781e-09	-2.316123057630e-09	6.881440367063e-10
9.780600000000e-06	8.671030593645e-10	-2.264112445391e-09	1.150874807954e-09
9.780800000000e-06	1.260041702101e-09	-3.096139183188e-09	1.384597260373e-09
9.781000000000e-06	1.033016659955e-09	-2.206987867446e-09	6.422043586888e-10
9.781200000000e-06	9.475251767202e-10	-1.821131611320e-09	2.568565272325e-10
9.781400000000e-06	8.858050063414e-10	-2.182282897146e-09	9.824607769961e-10
9.781600000000e-06	1.406247829087e-09	-2.559521144254e-09	1.624113919295e-10
9.781800000000e-06	1.081848232987e-09	-2.561523716811e-09	1.036602018689e-09
9.782000000000e-06	9.731750651107e-10	-2.514814297220e-09	1.267780299693e-09
9.782200000000e-06	1.356506146881e-09	-2.947024718226e-09	9.068494526942e-10
9.782400000000e-06	9.592364751629e-10	-2.071174561537e-09	6.148685783556e-10
9.782600000000e-06	8.102033945672e-10	-2.517075606776e-09	1.698000318308e-09
9.782800000000e-06	1.292273784428e-09	-2.898798084111e-09	9.853383235692e-10
9.783000000000e-06	8.425904248712e-10	-2.127324420659e-09	1.022905515617e-09
9.783200000000e-06	6.478300458625e-10	-1.984963686822e-09	1.346546888826e-09
9.783400000000e-06	1.263268472929e-09	-2.648278603024e-09	6.814887067917e-10
9.783600000000e-06	5.538274109243e-10	-2.058630693686e-09	1.658222295823e-09
9.783800000000e-06	9.571946498010e-10	-2.462636987269e-09	1.223376303392e-09
9.784000000000e-06	1.249391676184e-09	-3.046761060348e-09	1.343488547205e-09
9.784200000000e-06	1.067708410228e-09	-2.425669369916e-09	8.462316189430e-10
9.784400000000e-06	1.209062156428e-09	-2.441381178404e-09	5.189254527642e-10
9.784600000000e-06	1.346486080083e-09	-2.831229535960e-09	7.278667726375e-10
9.784800000000e-06	9.634302556074e-10	-2.287685385347e-09	9.412812121259e-10
9.785000000000e-06	1.108575722104e-09	-2.646083793031e-09	1.100293901028e-09
9.785200000000e-06	1.326337134412e-09	-2.878737373737e-09	8.764961979100e-10
9.785400000000e-06	1.419304272343e-09	-3.496170417109e-09	1.573126909177e-09
9.785600000000e-06	1.107281521575e-09	-3.019645933775e-09	1.684709631189e-09
9.785800000000e-06	1.461118276517e-09	-2.983204758768e-09	6.705130643642e-10
9.786000000000e-06	1.011478050893e-09	-2.629412804057e-09	1.346383083666e-09
