-7.210400000000e-06	0.000000000000e+00	0.000000000000e+00	0.000000000000e+00
-7.210200000000e-06	0.000000000000e+00	0.000000000000e+00	0.000000000000e+00
-7.210000000000e-06	0.000000000000e+00	0.000000000000e+00	0.000000000000e+00
-7.209800000000e-06	0.000000000000e+00	0.000000000000e+00	0.000000000000e+00
-7.209600000000e-06	0.000000000000e+00	0.000000000000e+00	0.000000000000e+00
-7.209400000000e-06	0.000000000000e+00	0.000000000000e+00	0.000000000000e+00
-7.209200000000e-06	0.000000000000e+00	0.000000000000e+00	0.000000000000e+00
-7.209000000000e-06	0.000000000000e+00	0.000000000000e+00	0.000000000000e+00
-7.208800000000e-06	0.000000000000e+00	0.000000000000e+00	0.000000000000e+00
-7.208600000000e-06	0.000000000000e+00	0.000000000000e+00	0.000000000000e+00
-7.208400000000e-06	0.000000000000e+00	0.000000000000e+00	0.000000000000e+00
-7.208200000000e-06	0.000000000000e+00	0.000000000000e+00	0.000000000000e+00
-7.208000000000e-06	0.000000000000e+00	0.000000000000e+00	0.000000000000e+00
-7.207800000000e-06	0.000000000000e+00	0.000000000000e+00	0.000000000000e+00
-7.207600000000e-06	0.000000000000e+00	0.000000000000e+00	0.000000000000e+00
-7.207400000000e-06	0.000000000000e+00	0.000000000000e+00	0.000000000000e+00
-7.207200000000e-06	0.000000000000e+00	0.000000000000e+00	0.000000000000e+00
-7.207000000000e-06	0.000000000000e+00	0.000000000000e+00	0.000000000000e+00
-7.206800000000e-06	0.000000000000e+00	0.000000000000e+00	0.000000000000e+00
-7.206600000000e-06	0.000000000000e+00	0.000000000000e+00	0.000000000000e+00
-7.206400000000e-06	0.000000000000e+00	0.000000000000e+00	0.000000000000e+00
-7.206200000000e-06	0.000000000000e+00	0.000000000000e+00	0.000000000000e+00
-7.206000000000e-06	0.000000000000e+00	0.000000000000e+00	0.000000000000e+00
-7.205800000000e-06	0.000000000000e+00	0.000000000000e+00	0.000000000000e+00
-7.205600000000e-06	0.000000000000e+00	0.000000000000e+00	0.000000000000e+00
-7.205400000000e-06	0.000000000000e+00	0.000000000000e+00	0.000000000000e+00
-7.205200000000e-06	0.000000000000e+00	0.000000000000e+00	0.000000000000e+00
-7.205000000000e-06	0.000000000000e+00	0.000000000000e+00	0.000000000000e+00
-7.204800000000e-06	0.000000000000e+00	0.000000000000e+00	0.000000000000e+00
-7.204600000000e-06	0.000000000000e+00	0.000000000000e+00	0.000000000000e+00
-7.204400000000e-06	0.000000000000e+00	0.000000000000e+00	0.000000000000e+00
-7.204200000000e-06	0.000000000000e+00	0.000000000000e+00	0.000000000000e+00
-7.204000000000e-06	0.000000000000e+00	0.000000000000e+00	0.000000000000e+00
-7.203800000000e-06	0.000000000000e+00	0.000000000000e+00	0.000000000000e+00
-7.203600000000e-06	0.000000000000e+00	0.000000000000e+00	0.000000000000e+00
-7.203400000000e-06	0.000000000000e+00	0.000000000000e+00	0.000000000000e+00
-7.203200000000e-06	0.000000000000e+00	0.000000000000e+00	0.000000000000e+00
-7.203000000000e-06	0.000000000000e+00	0.000000000000e+00	0.000000000000e+00
-7.202800000000e-06	0.000000000000e+00	0.000000000000e+00	0.000000000000e+00
-7.202600000000e-06	0.000000000000e+00	0.000000000000e+00	0.000000000000e+00
-7.202400000000e-06	0.000000000000e+00	0.000000000000e+00	0.000000000000e+00
-7.202200000000e-06	0.000000000000e+00	0.000000000000e+00	0.000000000000e+00
-7.202000000000e-06	0.000000000000e+00	0.000000000000e+00	0.000000000000e+00
-7.201800000000e-06	0.000000000000e+00	0.000000000000e+00	0.000000000000e+00
-7.201600000000e-06	0.000000000000e+00	0.000000000000e+00	0.000000000000e+00
-7.201400000000e-06	0.000000000000e+00	0.000000000000e+00	0.000000000000e+00
-7.201200000000e-06	0.000000000000e+00	0.000000000000e+00	0.000000000000e+00
-7.201000000000e-06	0.000000000000e+00	0.000000000000e+00	0.000000000000e+00
-7.200800000000e-06	0.000000000000e+00	0.000000000000e+00	0.000000000000e+00
-7.200600000000e-06	0.000000000000e+00	0.000000000000e+00	0.000000000000e+00
-7.200400000000e-06	0.000000000000e+00	0.000000000000e+00	0.000000000000e+00
-7.200200000000e-06	0.000000000000e+00	0.000000000000e+00	0.000000000000e+00
-7.200000000000e-06	0.000000000000e+00	0.000000000000e+00	0.000000000000e+00
-7.199800000000e-06	0.000000000000e+00	0.000000000000e+00	0.000000000000e+00
-7.199600000000e-06	0.000000000000e+00	0.000000000000e+00	0.000000000000e+00
-7.199400000000e-06	0.000000000000e+00	0.000000000000e+00	0.000000000000e+00
-7.199200000000e-06	0.000000000000e+00	0.000000000000e+00	0.000000000000e+00
-7.199000000000e-06	0.000000000000e+00	0.000000000000e+00	0.000000000000e+00
-7.198800000000e-06	0.000000000000e+00	0.000000000000e+00	0.000000000000e+00
-7.198600000000e-06	0.000000000000e+00	0.000000000000e+00	0.000000000000e+00
-7.198400000000e-06	0.000000000000e+00	0.000000000000e+00	0.000000000000e+00
-7.198200000000e-06	0.000000000000e+00	0.000000000000e+00	0.000000000000e+00
-7.198000000000e-06	0.000000000000e+00	0.000000000000e+00	0.000000000000e+00
-7.197800000000e-06	0.000000000000e+00	0.000000000000e+00	0.000000000000e+00
-7.197600000000e-06	0.000000000000e+00	0.000000000000e+00	0.000000000000e+00
-7.197400000000e-06	0.000000000000e+00	0.000000000000e+00	0.000000000000e+00
-7.197200000000e-06	0.000000000000e+00	0.000000000000e+00	0.000000000000e+00
-7.197000000000e-06	0.000000000000e+00	0.000000000000e+00	0.000000000000e+00
-7.196800000000e-06	0.000000000000e+00	0.000000000000e+00	0.000000000000e+00
-7.196600000000e-06	0.000000000000e+00	0.000000000000e+00	0.000000000000e+00
-7.196400000000e-06	0.000000000000e+00	0.000000000000e+00	0.000000000000e+00
-7.196200000000e-06	0.000000000000e+00	0.000000000000e+00	0.000000000000e+00
-7.196000000000e-06	0.000000000000e+00	0.000000000000e+00	0.000000000000e+00
-7.195800000000e-06	0.000000000000e+00	0.000000000000e+00	0.000000000000e+00
-7.195600000000e-06	0.000000000000e+00	0.000000000000e+00	0.000000000000e+00
-7.195400000000e-06	0.000000000000e+00	0.000000000000e+00	0.000000000000e+00
-7.195200000000e-06	0.000000000000e+00	0.000000000000e+00	0.000000000000e+00
-7.195000000000e-06	0.000000000000e+00	0.000000000000e+00	0.000000000000e+00
-7.194800000000e-06	0.000000000000e+00	0.000000000000e+00	0.000000000000e+00
-7.194600000000e-06	0.000000000000e+00	0.000000000000e+00	0.000000000000e+00
-7.194400000000e-06	0.000000000000e+00	0.000000000000e+00	0.000000000000e+00
-7.194200000000e-06	0.000000000000e+00	0.000000000000e+00	0.000000000000e+00
-7.194000000000e-06	0.000000000000e+00	0.000000000000e+00	0.000000000000e+00
-7.193800000000e-06	0.000000000000e+00	0.000000000000e+00	0.000000000000e+00
-7.193600000000e-06	0.000000000000e+00	0.000000000000e+00	0.000000000000e+00
-7.193400000000e-06	0.000000000000e+00	0.000000000000e+00	0.000000000000e+00
-7.193200000000e-06	0.000000000000e+00	0.000000000000e+00	0.000000000000e+00
-7.193000000000e-06	0.000000000000e+00	0.000000000000e+00	0.000000000000e+00
-7.192800000000e-06	0.000000000000e+00	0.000000000000e+00	0.000000000000e+00
-7.192600000000e-06	0.000000000000e+00	0.000000000000e+00	0.000000000000e+00
-7.192400000000e-06	0.000000000000e+00	0.000000000000e+00	0.000000000000e+00
-7.192200000000e-06	0.000000000000e+00	0.000000000000e+00	0.000000000000e+00
-7.192000000000e-06	0.000000000000e+00	0.000000000000e+00	0.000000000000e+00
-7.191800000000e-06	0.000000000000e+00	0.000000000000e+00	0.000000000000e+00
-7.191600000000e-06	0.000000000000e+00	0.000000000000e+00	0.000000000000e+00
-7.191400000000e-06	0.000000000000e+00	0.000000000000e+00	0.000000000000e+00
-7.191200000000e-06	0.000000000000e+00	0.000000000000e+00	0.000000000000e+00
-7.191000000000e-06	0.000000000000e+00	0.000000000000e+00	0.000000000000e+00
-7.190800000000e-06	0.000000000000e+00	0.000000000000e+00	0.000000000000e+00
-7.190600000000e-06	0.000000000000e+00	0.000000000000e+00	0.000000000000e+00
-7.190400000000e-06	0.000000000000e+00	0.000000000000e+00	0.000000000000e+00
-7.190200000000e-06	0.000000000000e+00	0.000000000000e+00	0.000000000000e+00
-7.190000000000e-06	0.000000000000e+00	0.000000000000e+00	0.000000000000e+00
-7.189800000000e-06	0.000000000000e+00	0.000000000000e+00	0.000000000000e+00
-7.189600000000e-06	0.000000000000e+00	0.000000000000e+00	0.000000000000e+00
-7.189400000000e-06	0.000000000000e+00	0.000000000000e+00	0.000000000000e+00
-7.189200000000e-06	0.000000000000e+00	0.000000000000e+00	0.000000000000e+00
-7.189000000000e-06	0.000000000000e+00	0.000000000000e+00	0.000000000000e+00
-7.188800000000e-06	0.000000000000e+00	0.000000000000e+00	0.000000000000e+00
-7.188600000000e-06	0.000000000000e+00	0.000000000000e+00	0.000000000000e+00
-7.188400000000e-06	0.000000000000e+00	0.000000000000e+00	0.000000000000e+00
-7.188200000000e-06	0.000000000000e+00	0.000000000000e+00	0.000000000000e+00
-7.188000000000e-06	0.000000000000e+00	0.000000000000e+00	0.000000000000e+00
-7.187800000000e-06	0.000000000000e+00	0.000000000000e+00	0.000000000000e+00
-7.187600000000e-06	0.000000000000e+00	0.000000000000e+00	0.000000000000e+00
-7.187400000000e-06	-1.858778163803e-17	5.017063788985e-17	-2.263495414908e-17
-7.187200000000e-06	0.000000000000e+00	0.000000000000e+00	0.000000000000e+00
-7.187000000000e-06	-5.896156403572e-16	1.161448061778e-15	-1.870052672673e-16
-7.186800000000e-06	-7.846393768427e-16	1.528893935265e-15	-2.291458373231e-16
-7.186600000000e-06	1.992937230587e-16	-3.433137595837e-16	4.266271825205e-19
-7.186400000000e-06	-6.127527344720e-16	1.774077702384e-15	-9.316458418730e-16
-7.186200000000e-06	-1.379222157753e-15	3.336644387073e-15	-1.259423941486e-15
-7.186000000000e-06	2.256395712979e-15	-4.780631750850e-15	1.213050159149e-15
-7.185800000000e-06	6.210469557474e-16	2.949646075306e-15	-4.988615637888e-15
-7.185600000000e-06	-3.051233761398e-16	8.172494823724e-17	5.495000766678e-16
-7.185400000000e-06	-4.191569356443e-16	1.262745372661e-15	-6.884218657362e-16
-7.185200000000e-06	-1.711033008899e-13	8.192598195219e-14	2.700049643998e-13
-7.185000000000e-06	4.922199301494e-16	-1.249201179569e-15	5.124872312007e-16
-7.184800000000e-06	3.184830273825e-13	-5.709332752512e-13	1.872321774820e-14
-7.184600000000e-06	1.521837808889e-13	-3.423313733346e-13	9.617585824726e-14
-7.184400000000e-06	-4.042174762970e-13	7.444386364670e-13	-4.740192410024e-14
-7.184200000000e-06	-1.338091644609e-13	2.740264802996e-13	-5.562221396970e-14
-7.184000000000e-06	1.417508822572e-13	-6.579741147608e-14	-2.253525666100e-13
-7.183800000000e-06	1.043602943026e-15	-1.008789920035e-14	1.028950016551e-14
-7.183600000000e-06	-1.185967367528e-14	5.231615250742e-14	-4.096034419141e-14
-7.183400000000e-06	-3.826884580901e-14	3.445421754906e-14	3.956286835318e-14
-7.183200000000e-06	-6.953775284957e-13	1.453956640549e-12	-3.074976121629e-13
-7.183000000000e-06	1.300430233034e-13	-3.061551821701e-13	1.006813420395e-13
-7.182800000000e-06	4.339087322703e-13	-1.196164829761e-12	5.548609755536e-13
-7.182600000000e-06	-3.955960877774e-13	3.170716144020e-13	4.617349801575e-13
-7.182400000000e-06	-1.474457320686e-13	3.341021086993e-13	-9.657782338902e-14
-7.182200000000e-06	-1.075983737391e-13	8.351811588294e-14	1.306823763725e-13
-7.182000000000e-06	1.453863223566e-13	4.273723278304e-13	-8.459871013943e-13
-7.181800000000e-06	-6.801829392493e-14	-2.771530542325e-13	4.909656028698e-13
-7.181600000000e-06	-7.680298619310e-13	1.287781404779e-13	1.460791511678e-12
-7.181400000000e-06	-1.200596956080e-13	9.839492767784e-13	-9.587203257299e-13
-7.181200000000e-06	-3.685525662127e-13	1.189659204605e-12	-6.721887551386e-13
-7.181000000000e-06	-2.377200558058e-13	2.103555328252e-13	2.378649535871e-13
-7.180800000000e-06	-5.342968187215e-13	2.529201882752e-14	1.105633205795e-12
-7.180600000000e-06	-5.827187271293e-13	1.606135267517e-12	-7.394178021794e-13
-7.180400000000e-06	1.261743576562e-12	-1.551792423653e-12	-7.687781614582e-13
-7.180200000000e-06	-4.513886005015e-13	9.385672569032e-13	-2.007164154682e-13
-7.180000000000e-06	-4.689045896442e-13	7.526614931751e-13	5.771786366895e-14
-7.179800000000e-06	-9.702679267899e-13	1.453529644916e-12	2.740396621267e-13
-7.179600000000e-06	-3.090009652059e-13	1.654856407684e-12	-1.389758726218e-12
-7.179400000000e-06	-3.920683650169e-12	8.497970655770e-12	-2.104324414886e-12
-7.179200000000e-06	-1.688020797478e-12	2.481199392419e-12	5.151337513801e-13
-7.179000000000e-06	1.487386204258e-12	-2.636399636704e-12	1.070043012994e-13
-7.178800000000e-06	8.596308505293e-14	-2.962428153450e-14	-1.505419944689e-13
-7.178600000000e-06	-4.774326233598e-12	5.326330121615e-12	3.626894340219e-12
-7.178400000000e-06	-3.374850085228e-12	1.011001202583e-11	-5.344141661588e-12
-7.178200000000e-06	-5.129450336930e-12	3.003855864066e-12	7.287425194888e-12
-7.178000000000e-06	-6.341092163610e-12	1.441102887731e-11	-4.234859477860e-12
-7.177800000000e-06	-4.248364348741e-12	7.626294835701e-12	-3.952061625817e-13
-7.177600000000e-06	-7.247193741282e-13	4.106023712223e-12	-3.635746223007e-12
-7.177400000000e-06	-1.830520109221e-12	4.472554965747e-12	-1.688018116823e-12
-7.177200000000e-06	-8.580572084358e-12	1.620677355870e-11	-1.632544756077e-12
-7.177000000000e-06	-2.645111808355e-12	6.036119346009e-12	-1.641601201346e-12
-7.176800000000e-06	-7.312206099244e-12	9.050539895614e-12	4.466152685216e-12
-7.176600000000e-06	-1.648928875857e-11	3.706771518219e-11	-1.058100959705e-11
-7.176400000000e-06	-6.922967435675e-12	1.600666453482e-11	-5.208086368601e-12
-7.176200000000e-06	-6.217254279580e-12	8.677924824391e-12	2.489888958700e-12
-7.176000000000e-06	-1.550853451027e-11	3.539778703720e-11	-1.061912681653e-11
-7.175800000000e-06	-1.310531686344e-11	1.839526220856e-11	5.275763296726e-12
-7.175600000000e-06	-9.978191272350e-12	3.575944511828e-11	-2.284336312620e-11
-7.175400000000e-06	-1.697716197590e-11	4.127564697354e-11	-1.451479183330e-11
-7.175200000000e-06	-2.430300321130e-11	4.835390380291e-11	-7.963759122143e-12
-7.175000000000e-06	-2.482715082294e-11	3.913290204568e-11	4.556996848450e-12
-7.174800000000e-06	-4.276528595014e-11	4.212654246135e-11	3.971041570795e-11
-7.174600000000e-06	-3.686879691697e-11	6.705726796150e-11	-3.863426561104e-12
-7.174400000000e-06	-8.296831295510e-12	4.175081873237e-11	-3.408722878258e-11
-7.174200000000e-06	-2.810322500348e-11	6.474220568155e-11	-1.988929550574e-11
-7.174000000000e-06	-6.068974634400e-11	9.829594200762e-11	8.180042854875e-12
-7.173800000000e-06	-5.886211019413e-11	8.846509089886e-11	1.653946173740e-11
-7.173600000000e-06	-5.614805628322e-11	1.154291808209e-10	-2.299991824912e-11
-7.173400000000e-06	-4.745444321064e-11	1.475882673330e-10	-7.984157515578e-11
-7.173200000000e-06	-8.104502207447e-11	1.468860806733e-10	-7.813421570566e-12
-7.173000000000e-06	-1.270351021767e-10	1.966354845149e-10	2.874954177762e-11
-7.172800000000e-06	-7.720314994102e-11	1.643955931842e-10	-3.700627650888e-11
-7.172600000000e-06	-9.863536946741e-11	2.118827126471e-10	-5.057689475458e-11
-7.172400000000e-06	-1.079262472354e-10	1.771161682806e-10	1.148705854485e-11
-7.172200000000e-06	-8.881897627676e-11	2.292949036820e-10	-9.240980070078e-11
-7.172000000000e-06	-1.266585514803e-10	2.303170636246e-10	-1.277148315413e-11
-7.171800000000e-06	-1.156222301980e-10	2.043281882418e-10	-4.786185530154e-12
-7.171600000000e-06	-1.696079670511e-10	2.442618594242e-10	6.166153349230e-11
-7.171400000000e-06	-2.212524285063e-10	4.139646581476e-10	-3.743963260038e-11
-7.171200000000e-06	-1.913021346911e-10	4.238531078112e-10	-1.129753628260e-10
-7.171000000000e-06	-1.810257959792e-10	3.214597194921e-10	-8.659267277753e-12
-7.170800000000e-06	-3.118516473544e-10	5.129784931970e-10	3.425765248056e-11
-7.170600000000e-06	-2.328037472084e-10	5.039004210123e-10	-1.222311954115e-10
-7.170400000000e-06	-2.755719408185e-10	4.904526207443e-10	-1.392667068536e-11
-7.170200000000e-06	-3.472434288144e-10	6.520293145191e-10	-5.998520897292e-11
-7.170000000000e-06	-3.165269911826e-10	5.777335488152e-10	-3.406796686679e-11
-7.169800000000e-06	-4.180777404863e-10	6.678470501424e-10	7.114061101074e-11
-7.169600000000e-06	-4.154220095970e-10	7.907729154431e-10	-8.330464288069e-11
-7.169400000000e-06	-3.931269779550e-10	7.859115419118e-10	-1.250960686618e-10
-7.169200000000e-06	-4.580253882527e-10	9.299382303598e-10	-1.643143244036e-10
-7.169000000000e-06	-4.897049102892e-10	9.170898232027e-10	-7.979556135883e-11
-7.168800000000e-06	-4.490731941490e-10	9.860969411672e-10	-2.507311095469e-10
-7.168600000000e-06	-6.016980105784e-10	1.075914315941e-09	-3.594142617922e-11
-7.168400000000e-06	-6.501148186531e-10	1.172844375667e-09	-5.037587067124e-11
-7.168200000000e-06	-6.782821566653e-10	1.429389087970e-09	-3.036177411174e-10
-7.168000000000e-06	-7.211635445807e-10	1.425567777812e-09	-2.061300404370e-10
-7.167800000000e-06	-7.889712118661e-10	1.618980035212e-09	-2.997175361557e-10
-7.167600000000e-06	-8.322473015465e-10	1.315690469242e-09	1.610969862757e-10
-7.167400000000e-06	-9.510136986653e-10	1.882112426393e-09	-2.753368308759e-10
-7.167200000000e-06	-9.507518315934e-10	1.881528571562e-09	-2.722267517821e-10
-7.167000000000e-06	-1.171880732840e-09	2.183857024050e-09	-1.725521784698e-10
-7.166800000000e-06	-1.155683592397e-09	2.080928896626e-09	-8.155325716648e-11
-7.166600000000e-06	-1.300663750983e-09	2.378993590399e-09	-1.336587303741e-10
-7.166400000000e-06	-1.250302473949e-09	2.500768245009e-09	-3.876751993980e-10
-7.166200000000e-06	-1.237789520858e-09	2.240361109243e-09	-9.886197776837e-11
-7.166000000000e-06	-1.586035950414e-09	2.749130878739e-09	1.934184439443e-11
-7.165800000000e-06	-1.415089116691e-09	3.001747025460e-09	-6.446462557836e-10
-7.165600000000e-06	-1.572716688878e-09	3.117824145517e-09	-4.527344248426e-10
-7.165400000000e-06	-1.650523422143e-09	3.016558894500e-09	-1.624819635767e-10
-7.165200000000e-06	-1.724788950973e-09	3.507654416088e-09	-5.992517347205e-10
-7.165000000000e-06	-1.781798258192e-09	3.460607665827e-09	-4.260883722987e-10
-7.164800000000e-06	-1.736586695020e-09	3.531376624534e-09	-5.986433566867e-10
-7.164600000000e-06	-2.026314072091e-09	4.153396329511e-09	-7.381341004859e-10
-7.164400000000e-06	-2.120364150946e-09	4.270451595176e-09	-6.792643915944e-10
-7.164200000000e-06	-2.109011326755e-09	3.788217204882e-09	-1.239867586561e-10
-7.164000000000e-06	-2.215586000139e-09	4.456329985291e-09	-6.994542542231e-10
-7.163800000000e-06	-2.371145899503e-09	4.348504120367e-09	-2.443209927237e-10
-7.163600000000e-06	-2.531090590726e-09	4.868495872493e-09	-5.316700364566e-10
-7.163400000000e-06	-2.442031670847e-09	5.148016562332e-09	-1.051212463410e-09
-7.163200000000e-06	-2.561050508852e-09	4.750740958270e-09	-3.271870786403e-10
-7.163000000000e-06	-2.723451766209e-09	5.329636182546e-09	-6.752176468555e-10
-7.162800000000e-06	-2.767739997391e-09	5.560842904373e-09	-8.551730928434e-10
-7.162600000000e-06	-2.675371475693e-09	5.239960523535e-09	-6.714038200302e-10
-7.162400000000e-06	-2.988287774850e-09	6.360451729971e-09	-1.351457998337e-09
-7.162200000000e-06	-3.096056245828e-09	6.589956738089e-09	-1.391267017010e-09
-7.162000000000e-06	-3.059376437200e-09	5.875574298678e-09	-6.178519687907e-10
-7.161800000000e-06	-2.891528876645e-09	6.040826778280e-09	-1.167793341351e-09
-7.161600000000e-06	-3.113886024248e-09	6.715308209123e-09	-1.502261663242e-09
-7.161400000000e-06	-2.970599978517e-09	6.572519868830e-09	-1.627947850367e-09
-7.161200000000e-06	-2.809361509774e-09	5.714850402317e-09	-9.413230618522e-10
-7.161000000000e-06	-3.324024264839e-09	6.395562084763e-09	-6.891581795375e-10
-7.160800000000e-06	-3.252621547588e-09	6.324212907357e-09	-7.477862937070e-10
-7.160600000000e-06	-3.497672362559e-09	7.164975422580e-09	-1.237741163605e-09
-7.160400000000e-06	-3.379500654428e-09	6.776694796288e-09	-1.016500006534e-09
-7.160200000000e-06	-3.446737281505e-09	6.999757747734e-09	-1.141661775703e-09
-7.160000000000e-06	-3.653801036386e-09	7.164121623484e-09	-9.024211869878e-10
-7.159800000000e-06	-3.769212008642e-09	7.691981226100e-09	-1.293886368774e-09
-7.159600000000e-06	-4.120500439496e-09	7.802187526689e-09	-6.872310778967e-10
-7.159400000000e-06	-4.193970009872e-09	8.172621910937e-09	-9.716741935042e-10
-7.159200000000e-06	-4.014719621268e-09	8.439178152563e-09	-1.665658065429e-09
-7.159000000000e-06	-4.012782422704e-09	7.599198316349e-09	-6.609192642742e-10
-7.158800000000e-06	-4.346002440261e-09	8.883748915546e-09	-1.498677282515e-09
-7.158600000000e-06	-4.476169813711e-09	9.104769578361e-09	-1.484164459645e-09
-7.158400000000e-06	-4.701587408526e-09	8.859908842326e-09	-7.170238917455e-10
-7.158200000000e-06	-4.873507584453e-09	9.645740322372e-09	-1.299187559655e-09
-7.158000000000e-06	-4.813323454024e-09	9.417821970343e-09	-1.147530046235e-09
-7.157800000000e-06	-4.994113786219e-09	1.027872807317e-08	-1.788167149245e-09
-7.157600000000e-06	-4.956282431451e-09	9.982493934977e-09	-1.509387456384e-09
-7.157400000000e-06	-5.402207378222e-09	1.112664468628e-08	-1.943239009614e-09
-7.157200000000e-06	-4.673978912245e-09	1.015268650252e-08	-2.294116094475e-09
-7.157000000000e-06	-5.391936055951e-09	1.036043131147e-08	-1.043117312851e-09
-7.156800000000e-06	-5.244577288576e-09	1.034128605434e-08	-1.332096234239e-09
-7.156600000000e-06	-5.488772156082e-09	1.074455090034e-08	-1.292602453841e-09
-7.156400000000e-06	-5.539646735634e-09	1.198940797542e-08	-2.662761731021e-09
-7.156200000000e-06	-5.653668521740e-09	1.155617360323e-08	-1.910103109994e-09
-7.156000000000e-06	-6.007451144349e-09	1.197827707708e-08	-1.662675211654e-09
-7.155800000000e-06	-6.118631681348e-09	1.222391303363e-08	-1.717464855884e-09
-7.155600000000e-06	-6.108451389664e-09	1.212715640831e-08	-1.625406279732e-09
-7.155400000000e-06	-6.135107049276e-09	1.199707351129e-08	-1.415181636960e-09
-7.155200000000e-06	-6.620391434442e-09	1.332132163436e-08	-1.970593928919e-09
-7.155000000000e-06	-6.674844933819e-09	1.290576313790e-08	-1.350185903073e-09
-7.154800000000e-06	-6.398034322783e-09	1.295760026800e-08	-1.998364692123e-09
-7.154600000000e-06	-6.147162610465e-09	1.341042348930e-08	-3.049982537802e-09
-7.154400000000e-06	-7.312290598461e-09	1.452949705021e-08	-1.943726498292e-09
-7.154200000000e-06	-6.917581601317e-09	1.308921527555e-08	-1.053241058808e-09
-7.154000000000e-06	-6.752087219661e-09	1.416628841205e-08	-2.668993725976e-09
-7.153800000000e-06	-7.085605342479e-09	1.376823860970e-08	-1.502528433778e-09
-7.153600000000e-06	-7.138411706951e-09	1.479976557059e-08	-2.603156113325e-09
-7.153400000000e-06	-7.470793488597e-09	1.591659511436e-08	-3.225853519767e-09
-7.153200000000e-06	-7.334481712401e-09	1.464995973846e-08	-2.016954267128e-09
-7.153000000000e-06	-7.251205864194e-09	1.442692808598e-08	-1.916178918852e-09
-7.152800000000e-06	-7.089173355064e-09	1.471929967144e-08	-2.590089147079e-09
-7.152600000000e-06	-7.306409445095e-09	1.511150726471e-08	-2.609805361629e-09
-7.152400000000e-06	-7.922789373648e-09	1.510652446339e-08	-1.309170381770e-09
-7.152200000000e-06	-7.884651349832e-09	1.466729869624e-08	-8.708774296047e-10
-7.152000000000e-06	-8.152100180390e-09	1.650192852390e-08	-2.477474006363e-09
-7.151800000000e-06	-7.183292138851e-09	1.557135299251e-08	-3.382733016314e-09
-7.151600000000e-06	-7.822712252079e-09	1.553622596283e-08	-2.009502184208e-09
-7.151400000000e-06	-8.476026023440e-09	1.637029696811e-08	-1.633683157962e-09
-7.151200000000e-06	-7.789192612097e-09	1.659730050399e-08	-3.315150174005e-09
-7.151000000000e-06	-8.434421887924e-09	1.691214877874e-08	-2.353827083771e-09
-7.150800000000e-06	-8.492032230215e-09	1.735959679915e-08	-2.741045608231e-09
-7.150600000000e-06	-8.067357622514e-09	1.604090400407e-08	-2.068508583458e-09
-7.150400000000e-06	-8.152879285590e-09	1.722168149116e-08	-3.283787103425e-09
-7.150200000000e-06	-7.979141948163e-09	1.609700930050e-08	-2.312581448461e-09
-7.150000000000e-06	-8.318804604295e-09	1.633602553775e-08	-1.884344563013e-09
-7.149800000000e-06	-8.059248320879e-09	1.713812073275e-08	-3.355921342351e-09
-7.149600000000e-06	-8.488495859682e-09	1.678530825040e-08	-2.050059234731e-09
-7.149400000000e-06	-8.073016786528e-09	1.666619242672e-08	-2.767591793808e-09
-7.149200000000e-06	-8.879225203456e-09	1.620096850085e-08	-5.481684661206e-10
-7.149000000000e-06	-8.640334787819e-09	1.759475478417e-08	-2.661966545029e-09
-7.148800000000e-06	-7.757385286261e-09	1.714879137940e-08	-3.964298657850e-09
-7.148600000000e-06	-8.867969708041e-09	1.753393608857e-08	-2.115919145521e-09
-7.148400000000e-06	-8.582048675877e-09	1.643945957465e-08	-1.423503403380e-09
-7.148200000000e-06	-8.802250689320e-09	1.873696644849e-08	-3.653604650194e-09
-7.148000000000e-06	-9.488607342065e-09	1.782765498487e-08	-1.165706151867e-09
-7.147800000000e-06	-8.897320049875e-09	1.806850062904e-08	-2.651671692499e-09
-7.147600000000e-06	-8.428411001670e-09	1.730597055780e-08	-2.737123539951e-09
-7.147400000000e-06	-8.855007219559e-09	1.848201305435e-08	-3.223418136599e-09
-7.147200000000e-06	-8.984570097346e-09	1.885412552779e-08	-3.378404761962e-09
-7.147000000000e-06	-8.719335128506e-09	1.805154378043e-08	-2.989259810482e-09
-7.146800000000e-06	-8.792973833982e-09	1.896206930822e-08	-3.886119021147e-09
-7.146600000000e-06	-9.108011095690e-09	1.779442878061e-08	-1.876166943148e-09
-7.146400000000e-06	-9.055627208734e-09	1.777204096077e-08	-1.952284238358e-09
-7.146200000000e-06	-8.529299891873e-09	1.828646266488e-08	-3.636603609337e-09
-7.146000000000e-06	-8.233588245872e-09	1.719053342995e-08	-2.954986389909e-09
-7.145800000000e-06	-8.556144608157e-09	1.901103371520e-08	-4.410574155376e-09
-7.145600000000e-06	-8.561698152120e-09	1.788577568097e-08	-3.080645201122e-09
-7.145400000000e-06	-8.874826448666e-09	1.759049853207e-08	-2.086295056795e-09
-7.145200000000e-06	-8.909959168836e-09	1.696789891432e-08	-1.282864459191e-09
-7.145000000000e-06	-9.202597340120e-09	1.822900957336e-08	-2.145279115321e-09
-7.144800000000e-06	-8.732348501294e-09	1.771122375033e-08	-2.510398985457e-09
-7.144600000000e-06	-8.541257931978e-09	1.675081400210e-08	-1.794895148119e-09
-7.144400000000e-06	-8.782172961156e-09	1.855716821333e-08	-3.377123668955e-09
-7.144200000000e-06	-8.512968291585e-09	1.775530024405e-08	-2.988845636986e-09
-7.144000000000e-06	-7.813223771744e-09	1.752597898602e-08	-4.157752484318e-09
-7.143800000000e-06	-9.316864414710e-09	1.800018277347e-08	-1.622606073349e-09
-7.143600000000e-06	-8.227599582198e-09	1.799733145782e-08	-3.843356884106e-09
-7.143400000000e-06	-8.879278396184e-09	1.699771805390e-08	-1.341653657764e-09
-7.143200000000e-06	-8.039590853977e-09	1.578910519878e-08	-1.669570346635e-09
-7.143000000000e-06	-8.695612472630e-09	1.820500930632e-08	-3.115178867596e-09
-7.142800000000e-06	-9.716755433928e-09	1.878392545422e-08	-1.667247907649e-09
-7.142600000000e-06	-8.609344159622e-09	1.789241491303e-08	-2.928038825501e-09
-7.142400000000e-06	-8.496157864223e-09	1.663569300859e-08	-1.693466810412e-09
-7.142200000000e-06	-7.924631446007e-09	1.577323621221e-08	-1.864874952020e-09
-7.142000000000e-06	-7.729770033529e-09	1.620913029011e-08	-2.768430017398e-09
-7.141800000000e-06	-8.720872553677e-09	1.787864541901e-08	-2.643577917429e-09
-7.141600000000e-06	-8.668649166864e-09	1.727912610944e-08	-2.058974317154e-09
-7.141400000000e-06	-7.484390083703e-09	1.559946199300e-08	-2.548388276523e-09
-7.141200000000e-06	-7.875316668972e-09	1.733727427833e-08	-3.743979577619e-09
-7.141000000000e-06	-8.643969808019e-09	1.672610129531e-08	-1.456318017496e-09
-7.140800000000e-06	-7.866984935748e-09	1.559685698371e-08	-1.743506366256e-09
-7.140600000000e-06	-7.932374940725e-09	1.626918789162e-08	-2.378748150057e-09
-7.140400000000e-06	-6.985452649159e-09	1.489848054614e-08	-2.748981192874e-09
-7.140200000000e-06	-8.797630545035e-09	1.693289403032e-08	-1.377806135963e-09
-7.140000000000e-06	-8.224045378923e-09	1.670111418062e-08	-2.271353113626e-09
-7.139800000000e-06	-8.348657823174e-09	1.515789806587e-08	-2.361950490543e-10
-7.139600000000e-06	-7.198205936378e-09	1.602705630643e-08	-3.578308283418e-09
-7.139400000000e-06	-7.993930573368e-09	1.584210141838e-08	-1.738012916825e-09
-7.139200000000e-06	-7.708581569904e-09	1.619926257080e-08	-2.732498519230e-09
-7.139000000000e-06	-7.170291376469e-09	1.495379267908e-08	-2.388882513203e-09
-7.138800000000e-06	-7.156871834108e-09	1.410162845164e-08	-1.460266291934e-09
-7.138600000000e-06	-7.290019740226e-09	1.578206696828e-08	-3.079317284032e-09
-7.138400000000e-06	-7.763324200929e-09	1.569415555284e-08	-2.020005600909e-09
-7.138200000000e-06	-6.868205219051e-09	1.451567144830e-08	-2.487862757827e-09
-7.138000000000e-06	-7.467199149287e-09	1.519898193360e-08	-2.042482933204e-09
-7.137800000000e-06	-7.556752706008e-09	1.554773701433e-08	-2.268412531922e-09
-7.137600000000e-06	-6.315621184360e-09	1.360995164663e-08	-2.577042514059e-09
-7.137400000000e-06	-8.582218673698e-09	1.624663162858e-08	-9.525898949288e-10
-7.137200000000e-06	-6.328114741153e-09	1.372933456399e-08	-2.679218040757e-09
-7.137000000000e-06	-6.597471848097e-09	1.292749815781e-08	-1.209549094404e-09
-7.136800000000e-06	-7.000744446586e-09	1.505770102274e-08	-2.804705900657e-09
-7.136600000000e-06	-6.493149217223e-09	1.372064797499e-08	-2.311381745468e-09
-7.136400000000e-06	-7.867289384845e-09	1.486195124434e-08	-8.065795184541e-10
-7.136200000000e-06	-7.036781509661e-09	1.331307813689e-08	-7.361994238254e-10
-7.136000000000e-06	-6.226829629808e-09	1.360725929114e-08	-2.720409438207e-09
-7.135800000000e-06	-7.283772523849e-09	1.387244541948e-08	-8.661260127747e-10
-7.135600000000e-06	-6.280930469835e-09	1.280488614198e-08	-1.680102497810e-09
-7.135400000000e-06	-6.222002374730e-09	1.356737684508e-08	-2.665899591636e-09
-7.135200000000e-06	-6.581807394016e-09	1.311947925865e-08	-1.421200351499e-09
-7.135000000000e-06	-6.602660150325e-09	1.336589618653e-08	-1.649921666212e-09
-7.134800000000e-06	-6.616423850142e-09	1.353614224896e-08	-1.823631289307e-09
-7.134600000000e-06	-6.161028936239e-09	1.217526039189e-08	-1.203921192885e-09
-7.134400000000e-06	-6.367748037676e-09	1.272412962311e-08	-1.398211986669e-09
-7.134200000000e-06	-5.199441589045e-09	1.172766112186e-08	-2.632868662161e-09
-7.134000000000e-06	-5.570981588931e-09	1.241833418361e-08	-2.659283924139e-09
-7.133800000000e-06	-5.774399389909e-09	1.272542559720e-08	-2.592275799464e-09
-7.133600000000e-06	-5.731815505797e-09	1.201051988418e-08	-1.852677361435e-09
-7.133400000000e-06	-5.529557359118e-09	1.032947219857e-08	-3.638352427047e-10
-7.133200000000e-06	-5.079517022154e-09	1.189560723810e-08	-3.036935339372e-09
-7.133000000000e-06	-5.989882965028e-09	1.187396570979e-08	-1.175368967269e-09
-7.132800000000e-06	-5.268063987316e-09	1.103723379958e-08	-1.680243804841e-09
-7.132600000000e-06	-5.368928201763e-09	1.095385120059e-08	-1.384754708565e-09
-7.132400000000e-06	-5.777504352466e-09	1.080168173816e-08	-3.897263524391e-10
-7.132200000000e-06	-4.896551815210e-09	1.022295305452e-08	-1.505937660312e-09
-7.132000000000e-06	-5.288923761987e-09	1.028616577175e-08	-7.674400286514e-10
-7.131800000000e-06	-5.101413820809e-09	1.037633329682e-08	-1.256116352587e-09
-7.131600000000e-06	-5.173307160566e-09	1.105647217053e-08	-1.879363943102e-09
-7.131400000000e-06	-5.582929129932e-09	1.049658482287e-08	-4.198162203340e-10
-7.131200000000e-06	-5.468514974381e-09	9.793991424541e-09	1.610076720684e-10
-7.131000000000e-06	-4.517027741878e-09	1.003204449948e-08	-2.036027559583e-09
-7.130800000000e-06	-4.256537399731e-09	9.121345723413e-09	-1.535991835625e-09
-7.130600000000e-06	-4.301233465627e-09	9.089923394789e-09	-1.399235091612e-09
-7.130400000000e-06	-4.833867655837e-09	1.051889359940e-08	-1.936917881800e-09
-7.130200000000e-06	-4.772440293958e-09	9.076280466882e-09	-4.490936535933e-10
-7.130000000000e-06	-4.361741674218e-09	9.004447990095e-09	-1.165908194162e-09
-7.129800000000e-06	-4.430839757097e-09	9.873802294900e-09	-2.013035189245e-09
-7.129600000000e-06	-3.748052620063e-09	7.126805708958e-09	-3.039276282310e-10
-7.129400000000e-06	-4.611295156545e-09	8.831378359152e-09	-4.648305955456e-10
-7.129200000000e-06	-4.637177837603e-09	9.597667514480e-09	-1.287335535314e-09
-7.129000000000e-06	-3.356297768086e-09	7.341155914582e-09	-1.324452078913e-09
-7.128800000000e-06	-4.496650700615e-09	8.929683961026e-09	-8.013563257930e-10
-7.128600000000e-06	-4.332166989333e-09	8.488360375612e-09	-6.283215362931e-10
-7.128400000000e-06	-3.696244480982e-09	8.329945479711e-09	-1.749762864233e-09
-7.128200000000e-06	-3.745461356358e-09	8.277762809438e-09	-1.579849207402e-09
-7.128000000000e-06	-4.549901587736e-09	8.839921899570e-09	-5.846468129421e-10
-7.127800000000e-06	-3.678507921624e-09	6.317284773559e-09	4.667287317576e-10
-7.127600000000e-06	-4.524714663278e-09	7.245254674956e-09	1.151651182703e-09
-7.127400000000e-06	-3.033179109834e-09	7.073226664985e-09	-1.633698374293e-09
-7.127200000000e-06	-2.852744158046e-09	6.860756335716e-09	-1.775938384136e-09
-7.127000000000e-06	-3.341821762210e-09	6.579128714768e-09	-4.855131655303e-10
-7.126800000000e-06	-3.383852226106e-09	6.704619392629e-09	-5.352423615274e-10
-7.126600000000e-06	-2.205039904060e-09	4.597249454636e-09	-5.428755999324e-10
-7.126400000000e-06	-3.889488899291e-09	7.825720439922e-09	-7.557458250533e-10
-7.126200000000e-06	-3.152534567691e-09	7.585433104900e-09	-1.952313280758e-09
-7.126000000000e-06	-3.136683264313e-09	8.439721506344e-09	-2.951044454639e-09
-7.125800000000e-06	-3.699079324410e-09	6.787670568010e-09	-9.801401845563e-12
-7.125600000000e-06	-3.038141430543e-09	5.533134800533e-09	9.518778219024e-11
-7.125400000000e-06	-3.494218523633e-09	6.567699374275e-09	-1.403712906838e-10
-7.125200000000e-06	-2.341912775134e-09	5.840963324874e-09	-1.650269158950e-09
-7.125000000000e-06	-3.243139245922e-09	5.446863667924e-09	5.994246512786e-10
-7.124800000000e-06	-2.647986808269e-09	5.702421856596e-09	-8.610533482313e-10
-7.124600000000e-06	-2.801156518489e-09	5.196161697291e-09	1.268456736379e-11
-7.124400000000e-06	-2.840646729388e-09	5.620302785333e-09	-3.903192060236e-10
-7.124200000000e-06	-1.883284647848e-09	4.139631461062e-09	-6.741377504652e-10
-7.124000000000e-06	-2.151969349286e-09	5.152870768255e-09	-1.252469384750e-09
-7.123800000000e-06	-2.978987207687e-09	5.790864670938e-09	-2.863841167299e-10
-7.123600000000e-06	-2.393748570086e-09	4.967634960437e-09	-5.677913810937e-10
-7.123400000000e-06	-1.979064375077e-09	4.353077008978e-09	-7.109736391115e-10
-7.123200000000e-06	-2.542312156623e-09	5.673144622080e-09	-1.011149295088e-09
-7.123000000000e-06	-2.249600287614e-09	4.608638467464e-09	-4.345048154685e-10
-7.122800000000e-06	-1.799715845664e-09	4.432202351720e-09	-1.151762100615e-09
-7.122600000000e-06	-2.476271814305e-09	3.678289092495e-09	1.047813304365e-09
-7.122400000000e-06	-2.757092092961e-09	5.276157773420e-09	-1.520724388985e-10
-7.122200000000e-06	-1.798640299021e-09	4.408657236115e-09	-1.111513117786e-09
-7.122000000000e-06	-7.213052163050e-10	2.517857866390e-09	-1.173125952930e-09
-7.121800000000e-06	-1.260869689494e-09	4.272455552099e-09	-2.021241292630e-09
-7.121600000000e-06	-2.417367425171e-09	3.327942439467e-09	1.325058808054e-09
-7.121400000000e-06	-1.972358142082e-09	4.433909450211e-09	-7.715704124153e-10
-7.121200000000e-06	-1.828536114290e-09	4.276065101788e-09	-8.933295710632e-10
-7.121000000000e-06	-2.181274768173e-09	3.872914643359e-09	2.490817509838e-10
-7.120800000000e-06	-2.169683945200e-09	3.739269554392e-09	3.847916082785e-10
-7.120600000000e-06	-1.098434057438e-09	3.405503002319e-09	-1.384492811778e-09
-7.120400000000e-06	-1.623853248171e-09	3.437854577967e-09	-3.786177375931e-10
-7.120200000000e-06	-1.336827042569e-09	2.979845673896e-09	-4.639292553054e-10
-7.120000000000e-06	-1.368358795440e-09	2.677706850635e-09	-4.727306150493e-11
-7.119800000000e-06	-1.426394373206e-09	3.577911431119e-09	-8.973424895578e-10
-7.119600000000e-06	-8.633104792898e-10	1.179427308915e-09	5.976611494565e-10
-7.119400000000e-06	-1.001096269987e-09	1.613472177055e-09	3.879973911728e-10
-7.119200000000e-06	-1.343799271850e-09	3.080832396619e-09	-5.195339389700e-10
-7.119000000000e-06	-1.484727035917e-09	3.063193874670e-09	-2.180352709254e-10
-7.118800000000e-06	-1.424380869148e-09	3.036793089768e-09	-3.154631522427e-10
-7.118600000000e-06	-9.586756308607e-10	1.565585523237e-09	3.702050742447e-10
-7.118400000000e-06	-9.461323660183e-10	3.409025923959e-09	-1.688904182904e-09
-7.118200000000e-06	-9.149058682399e-10	1.797704817436e-09	2.960096088229e-11
-7.118000000000e-06	-1.855728852035e-09	2.865803781977e-09	7.399152824243e-10
-7.117800000000e-06	-4.896236193236e-10	2.473636750293e-09	-1.565876502469e-09
-7.117600000000e-06	-1.063268410814e-09	1.575850998952e-09	5.830502322600e-10
-7.117400000000e-06	-1.040963680116e-09	2.053246981853e-09	2.876403670264e-11
-7.117200000000e-06	-6.870735984657e-10	1.087174114828e-09	3.686360785976e-10
-7.117000000000e-06	-3.907037771038e-10	9.901447733771e-10	-1.062062538590e-10
-7.116800000000e-06	-9.304227302316e-10	1.677036997482e-09	2.117924092538e-10
-7.116600000000e-06	-1.404299185190e-09	2.636857663320e-09	6.821925105690e-11
-7.116400000000e-06	-7.716140334649e-10	1.140623464643e-09	4.663634229389e-10
-7.116200000000e-06	-4.655801534863e-10	5.089760321992e-10	5.602906845008e-10
-7.116000000000e-06	-5.049512145409e-10	6.121942420469e-10	5.116794988826e-10
-7.115800000000e-06	-8.322710218540e-10	2.117340295305e-09	-4.700560792111e-10
-7.115600000000e-06	-9.710409272030e-11	1.727374594146e-09	-1.511959134099e-09
-7.115400000000e-06	-2.236705817522e-10	1.696187231959e-09	-1.211783376069e-09
-7.115200000000e-06	-4.487237037569e-10	2.044044713905e-10	8.676510803890e-10
-7.115000000000e-06	-5.814483172965e-10	1.566572260933e-09	-3.608507878656e-10
-7.114800000000e-06	-4.402894615238e-10	1.618289980897e-09	-7.165950767239e-10
-7.114600000000e-06	-9.868694797392e-11	4.739521552324e-10	-1.192205329659e-10
-7.114400000000e-06	-2.529242938338e-10	2.844264672902e-10	3.807565607319e-10
-7.114200000000e-06	-5.804698334842e-10	6.283577083123e-10	6.613026215869e-10
-7.114000000000e-06	3.225855476749e-10	7.672005833902e-10	-1.272163759799e-09
-7.113800000000e-06	-7.416621238516e-11	-1.448998005853e-10	5.041207088226e-10
-7.113600000000e-06	-6.189140511567e-10	5.890982546720e-10	7.813293239972e-10
-7.113400000000e-06	-1.423023265250e-10	6.634173901260e-10	-2.261980733191e-10
-7.113200000000e-06	2.063591002362e-10	-3.492511073080e-11	-1.683974016472e-10
-7.113000000000e-06	1.227160019745e-10	4.952957221441e-10	-5.724966077362e-10
-7.112800000000e-06	1.576430030065e-10	1.216034025474e-10	-2.385339220624e-10
-7.112600000000e-06	1.500645983162e-10	-6.192299562812e-10	5.800134202018e-10
-7.112400000000e-06	-4.025160263787e-10	6.255369364154e-10	3.177903395336e-10
-7.112200000000e-06	1.912775486984e-10	4.288347392393e-10	-6.562125203386e-10
-7.112000000000e-06	2.773946068551e-12	3.200466549001e-10	-1.593736711688e-10
-7.111800000000e-06	7.538524615706e-10	1.296314632339e-10	-1.430329776420e-09
-7.111600000000e-06	2.987610667615e-10	-6.672246126346e-10	3.432290491509e-10
-7.111400000000e-06	-1.371599203263e-10	-8.163802795216e-11	5.813920677881e-10
-7.111200000000e-06	3.478603669024e-10	-6.620713919142e-10	2.635662485471e-10
-7.111000000000e-06	2.282416145708e-10	1.042625602165e-10	-3.261248779141e-10
-7.110800000000e-06	1.100113429174e-10	-2.378134356699e-10	2.294816490063e-10
-7.110600000000e-06	5.702079452041e-10	-9.257903196032e-10	7.759117802562e-11
-7.110400000000e-06	1.172411595656e-10	-3.837264348311e-10	4.091937530124e-10
-7.110200000000e-06	9.911652571422e-10	-1.005176863539e-09	-6.692042366403e-10
-7.110000000000e-06	4.551394629074e-10	-6.623412058037e-10	2.697744684869e-11
-7.109800000000e-06	-1.984046842383e-11	1.749865161115e-10	7.813479592036e-11
-7.109600000000e-06	5.239662033678e-10	-9.178737299470e-10	1.443041016105e-10
-7.109400000000e-06	8.209057359284e-10	-1.406761384896e-09	1.267115918348e-10
-7.109200000000e-06	8.578505941286e-10	-1.159671843063e-09	-2.308471132303e-10
-7.109000000000e-06	2.307482405296e-10	-2.948595702265e-10	6.058255092479e-11
-7.108800000000e-06	6.741190708145e-10	-8.962214706004e-10	-1.436344213392e-10
-7.108600000000e-06	8.921332518438e-10	-1.173006621561e-09	-2.810891437716e-10
-7.108400000000e-06	3.211747522757e-10	-8.558482231600e-10	4.995684197424e-10
-7.108200000000e-06	5.918658935228e-10	-6.281021409425e-10	-2.721287715346e-10
-7.108000000000e-06	9.249000164383e-10	-2.044623820945e-09	6.178183430237e-10
-7.107800000000e-06	9.100160960070e-10	-1.629966723046e-09	1.678868306688e-10
-7.107600000000e-06	4.732645636714e-10	-3.901860378656e-10	-2.753933794219e-10
-7.107400000000e-06	4.811475818800e-11	-1.946470549503e-10	3.391459222249e-10
-7.107200000000e-06	9.932987483304e-10	-2.220506416719e-09	6.554492965013e-10
-7.107000000000e-06	7.059007597881e-10	-1.005200448518e-09	-8.802243297659e-11
-7.106800000000e-06	6.422770419749e-10	-1.528928473671e-09	6.347228310477e-10
-7.106600000000e-06	7.268190407843e-10	-1.280089921380e-09	1.685475867117e-10
-7.106400000000e-06	6.853772052785e-10	-8.474513941375e-10	-2.102292778232e-10
-7.106200000000e-06	7.740739643112e-10	-2.213181152139e-09	1.075615472823e-09
-7.106000000000e-06	1.064629127764e-09	-1.771488445775e-09	2.407334072394e-11
-7.105800000000e-06	1.229747231359e-09	-1.604007308762e-09	-4.704033058730e-10
-7.105600000000e-06	6.779959276317e-10	-1.121828446853e-09	7.363691156142e-11
-7.105400000000e-06	1.107099197420e-09	-1.495540356802e-09	-3.356279416367e-10
-7.105200000000e-06	1.250309110147e-09	-2.324736913425e-09	2.703944851567e-10
-7.105000000000e-06	7.332476285349e-10	-1.204041454551e-09	8.702357800155e-11
-7.104800000000e-06	1.013429014705e-09	-1.744846496860e-09	1.169090553332e-10
-7.104600000000e-06	7.675069608740e-10	-1.651345292573e-09	4.766460301521e-10
-7.104400000000e-06	9.514246409523e-10	-1.903710450478e-09	3.886812450947e-10
-7.104200000000e-06	1.025649125275e-09	-1.851481314451e-09	1.977323791695e-10
-7.104000000000e-06	8.863865220827e-10	-1.699373523613e-09	2.895681130591e-10
-7.103800000000e-06	1.054230843137e-09	-2.084558469317e-09	3.942501016891e-10
-7.103600000000e-06	1.289761327362e-09	-2.483427225498e-09	3.480613138793e-10
-7.103400000000e-06	9.507120615206e-10	-1.518818637517e-09	-4.262768087537e-12
-7.103200000000e-06	1.422552519267e-09	-2.666227212526e-09	3.057133228970e-10
-7.103000000000e-06	1.147402992239e-09	-2.365431121758e-09	5.080660906278e-10
-7.102800000000e-06	1.006376695359e-09	-1.683280947084e-09	4.722083511772e-11
-7.102600000000e-06	1.454778046706e-09	-2.205978132389e-09	-2.672701966707e-10
-7.102400000000e-06	1.609001257162e-09	-2.711216911706e-09	-5.669122480906e-11
-7.102200000000e-06	1.112756782741e-09	-2.194557290917e-09	3.867951004715e-10
-7.102000000000e-06	1.143599325432e-09	-2.425780666265e-09	5.769453599582e-10
-7.101800000000e-06	1.219310668834e-09	-2.266725875107e-09	2.792135100591e-10
-7.101600000000e-06	1.136271021823e-09	-1.915946015818e-09	6.248611971558e-11
-7.101400000000e-06	7.881575874217e-10	-2.119219867003e-09	9.497520464498e-10
-7.101200000000e-06	8.449862718713e-10	-1.549659430801e-09	2.146803193990e-10
-7.101000000000e-06	1.133258490137e-09	-2.696609678083e-09	8.934747261135e-10
-7.100800000000e-06	1.741978129745e-09	-2.560513132001e-09	-4.449969376800e-10
-7.100600000000e-06	7.397569501372e-10	-1.780962862889e-09	6.773910709888e-10
-7.100400000000e-06	1.557750004552e-09	-2.936304935676e-09	3.325473131168e-10
-7.100200000000e-06	1.656310274372e-09	-2.648717494008e-09	-1.715081785636e-10
-7.100000000000e-06	1.567833101258e-09	-2.174770524592e-09	-5.229519671934e-10
-7.099800000000e-06	1.319796582743e-09	-2.451939244920e-09	2.656753059709e-10
-7.099600000000e-06	1.669370961725e-09	-3.561464645178e-09	7.732557609333e-10
-7.099400000000e-06	1.236658140763e-09	-2.542826613716e-09	5.008805132171e-10
-7.099200000000e-06	1.419529192942e-09	-2.959480513657e-09	6.177708539863e-10
-7.099000000000e-06	1.465010237318e-09	-2.820686655328e-09	3.724292943500e-10
-7.098800000000e-06	1.451430137405e-09	-2.906789314105e-09	5.030030082006e-10
-7.098600000000e-06	1.574884779125e-09	-2.921028551478e-09	2.745116681457e-10
-7.098400000000e-06	1.688758413112e-09	-3.507853304028e-09	6.725706071423e-10
-7.098200000000e-06	1.163638469886e-09	-1.909729490407e-09	-1.074766384074e-11
-7.098000000000e-06	1.639899039557e-09	-2.910597582701e-09	1.046170341983e-10
-7.097800000000e-06	1.132498634043e-09	-2.535206958303e-09	7.400993024853e-10
-7.097600000000e-06	1.593152254842e-09	-2.809452290092e-09	1.264955890733e-10
-7.097400000000e-06	1.719003426493e-09	-3.375954161125e-09	4.685645274189e-10
-7.097200000000e-06	1.421167834716e-09	-2.610195934397e-09	2.329008617421e-10
-7.097000000000e-06	1.543918716804e-09	-3.015844063645e-09	4.304257939103e-10
-7.096800000000e-06	1.764410563042e-09	-2.737546628684e-09	-3.020274076787e-10
-7.096600000000e-06	1.563005469791e-09	-3.231012758708e-09	6.189897846427e-10
-7.096400000000e-06	1.352103194808e-09	-2.777184694154e-09	5.501717985152e-10
-7.096200000000e-06	1.441639193664e-09	-3.258570738509e-09	8.965827517551e-10
-7.096000000000e-06	1.406584180665e-09	-2.761165364745e-09	4.182045837173e-10
-7.095800000000e-06	1.584830663459e-09	-3.107989223864e-09	4.404303804976e-10
-7.095600000000e-06	1.389126337675e-09	-1.865976741044e-09	-5.016294966086e-10
-7.095400000000e-06	1.950231088729e-09	-3.508858308875e-09	1.627084082840e-10
-7.095200000000e-06	1.081942646503e-09	-2.958140206591e-09	1.272510023593e-09
-7.095000000000e-06	1.743116560727e-09	-3.910299289983e-09	9.663852033179e-10
-7.094800000000e-06	1.646876337647e-09	-3.376187331879e-09	5.812472991971e-10
-7.094600000000e-06	1.129901647878e-09	-2.411824350885e-09	5.902785438299e-10
-7.094400000000e-06	1.757200528634e-09	-3.126619405962e-09	1.156168407728e-10
-7.094200000000e-06	1.677180504147e-09	-3.530343472529e-09	7.448407992751e-10
