-1.165000000000e-06	0.000000000000e+00	0.000000000000e+00	0.000000000000e+00
-1.164800000000e-06	0.000000000000e+00	0.000000000000e+00	0.000000000000e+00
-1.164600000000e-06	0.000000000000e+00	0.000000000000e+00	0.000000000000e+00
-1.164400000000e-06	0.000000000000e+00	0.000000000000e+00	0.000000000000e+00
-1.164200000000e-06	0.000000000000e+00	0.000000000000e+00	0.000000000000e+00
-1.164000000000e-06	0.000000000000e+00	0.000000000000e+00	0.000000000000e+00
-1.163800000000e-06	0.000000000000e+00	0.000000000000e+00	0.000000000000e+00
-1.163600000000e-06	0.000000000000e+00	0.000000000000e+00	0.000000000000e+00
-1.163400000000e-06	0.000000000000e+00	0.000000000000e+00	0.000000000000e+00
-1.163200000000e-06	0.000000000000e+00	0.000000000000e+00	0.000000000000e+00
-1.163000000000e-06	0.000000000000e+00	0.000000000000e+00	0.000000000000e+00
-1.162800000000e-06	0.000000000000e+00	0.000000000000e+00	0.000000000000e+00
-1.162600000000e-06	0.000000000000e+00	0.000000000000e+00	0.000000000000e+00
-1.162400000000e-06	0.000000000000e+00	0.000000000000e+00	0.000000000000e+00
-1.162200000000e-06	0.000000000000e+00	0.000000000000e+00	0.000000000000e+00
-1.162000000000e-06	0.000000000000e+00	0.000000000000e+00	0.000000000000e+00
-1.161800000000e-06	0.000000000000e+00	0.000000000000e+00	0.000000000000e+00
-1.161600000000e-06	0.000000000000e+00	0.000000000000e+00	0.000000000000e+00
-1.161400000000e-06	0.000000000000e+00	0.000000000000e+00	0.000000000000e+00
-1.161200000000e-06	0.000000000000e+00	0.000000000000e+00	0.000000000000e+00
-1.161000000000e-06	0.000000000000e+00	0.000000000000e+00	0.000000000000e+00
-1.160800000000e-06	0.000000000000e+00	0.000000000000e+00	0.000000000000e+00
-1.160600000000e-06	0.000000000000e+00	0.000000000000e+00	0.000000000000e+00
-1.160400000000e-06	0.000000000000e+00	0.000000000000e+00	0.000000000000e+00
-1.160200000000e-06	0.000000000000e+00	0.000000000000e+00	0.000000000000e+00
-1.160000000000e-06	0.000000000000e+00	0.000000000000e+00	0.000000000000e+00
-1.159800000000e-06	0.000000000000e+00	0.000000000000e+00	0.000000000000e+00
-1.159600000000e-06	0.000000000000e+00	0.000000000000e+00	0.000000000000e+00
-1.159400000000e-06	0.000000000000e+00	0.000000000000e+00	0.000000000000e+00
-1.159200000000e-06	0.000000000000e+00	0.000000000000e+00	0.000000000000e+00
-1.159000000000e-06	0.000000000000e+00	0.000000000000e+00	0.000000000000e+00
-1.158800000000e-06	0.000000000000e+00	0.000000000000e+00	0.000000000000e+00
-1.158600000000e-06	0.000000000000e+00	0.000000000000e+00	0.000000000000e+00
-1.158400000000e-06	0.000000000000e+00	0.000000000000e+00	0.000000000000e+00
-1.158200000000e-06	0.000000000000e+00	0.000000000000e+00	0.000000000000e+00
-1.158000000000e-06	0.000000000000e+00	0.000000000000e+00	0.000000000000e+00
-1.157800000000e-06	0.000000000000e+00	0.000000000000e+00	0.000000000000e+00
-1.157600000000e-06	0.000000000000e+00	0.000000000000e+00	0.000000000000e+00
-1.157400000000e-06	0.000000000000e+00	0.000000000000e+00	0.000000000000e+00
-1.157200000000e-06	0.000000000000e+00	0.000000000000e+00	0.000000000000e+00
-1.157000000000e-06	0.000000000000e+00	0.000000000000e+00	0.000000000000e+00
-1.156800000000e-06	0.000000000000e+00	0.000000000000e+00	0.000000000000e+00
-1.156600000000e-06	0.000000000000e+00	0.000000000000e+00	0.000000000000e+00
-1.156400000000e-06	0.000000000000e+00	0.000000000000e+00	0.000000000000e+00
-1.156200000000e-06	0.000000000000e+00	0.000000000000e+00	0.000000000000e+00
-1.156000000000e-06	0.000000000000e+00	0.000000000000e+00	0.000000000000e+00
-1.155800000000e-06	0.000000000000e+00	0.000000000000e+00	0.000000000000e+00
-1.155600000000e-06	0.000000000000e+00	0.000000000000e+00	0.000000000000e+00
-1.155400000000e-06	0.000000000000e+00	0.000000000000e+00	0.000000000000e+00
-1.155200000000e-06	0.000000000000e+00	0.000000000000e+00	0.000000000000e+00
-1.155000000000e-06	0.000000000000e+00	0.000000000000e+00	0.000000000000e+00
-1.154800000000e-06	0.000000000000e+00	0.000000000000e+00	0.000000000000e+00
-1.154600000000e-06	0.000000000000e+00	0.000000000000e+00	0.000000000000e+00
-1.154400000000e-06	0.000000000000e+00	0.000000000000e+00	0.000000000000e+00
-1.154200000000e-06	0.000000000000e+00	0.000000000000e+00	0.000000000000e+00
-1.154000000000e-06	0.000000000000e+00	0.000000000000e+00	0.000000000000e+00
-1.153800000000e-06	0.000000000000e+00	0.000000000000e+00	0.000000000000e+00
-1.153600000000e-06	0.000000000000e+00	0.000000000000e+00	0.000000000000e+00
-1.153400000000e-06	0.000000000000e+00	0.000000000000e+00	0.000000000000e+00
-1.153200000000e-06	0.000000000000e+00	0.000000000000e+00	0.000000000000e+00
-1.153000000000e-06	0.000000000000e+00	0.000000000000e+00	0.000000000000e+00
-1.152800000000e-06	-2.194848323738e-11	5.189075653475e-11	-2.522019741727e-11
-1.152600000000e-06	-8.532188906304e-11	1.322523547307e-10	1.890428938499e-12
-1.152400000000e-06	-3.514595770906e-12	-4.681632517579e-11	7.281466814685e-11
-1.152200000000e-06	4.999314540724e-11	-3.323674147718e-11	-6.404496417589e-11
-1.152000000000e-06	8.015245062650e-11	-1.185078190080e-10	-2.310921790144e-11
-1.151800000000e-06	-4.928820134835e-11	-6.025630967071e-13	1.121529212520e-10
-1.151600000000e-06	4.197231409614e-11	-5.811848201524e-11	-2.086188051802e-11
-1.151400000000e-06	1.388637341332e-11	5.294737658911e-11	-1.037265643370e-10
-1.151200000000e-06	1.637750138563e-10	-3.000891552739e-10	1.666845057952e-11
-1.151000000000e-06	1.000913583993e-11	-2.576926492965e-11	1.320151812315e-11
-1.150800000000e-06	1.408994625160e-12	9.465947734400e-12	-1.465594427232e-11
-1.150600000000e-06	-4.504443133421e-11	3.845520353936e-11	5.142258074064e-11
-1.150400000000e-06	1.637650122055e-12	2.512976515621e-13	-5.550370641128e-12
-1.150200000000e-06	1.146639967837e-11	8.430271621461e-12	-3.076485351068e-11
-1.150000000000e-06	-2.420494566617e-11	5.258015611366e-11	-2.171293569389e-11
-1.149800000000e-06	-6.823417590207e-12	5.889922354116e-12	7.295337896698e-12
-1.149600000000e-06	-7.439943271809e-12	-6.615362603586e-12	3.238696684765e-11
-1.149400000000e-06	-9.297247578614e-12	5.723385050810e-12	1.100075356343e-11
-1.149200000000e-06	-4.121830893486e-12	3.187833353512e-12	3.924047133134e-12
-1.149000000000e-06	-3.179950365420e-12	-4.034070650035e-12	1.237877472366e-11
-1.148800000000e-06	-1.262540231800e-11	2.413267589543e-11	-1.145173699582e-12
-1.148600000000e-06	-5.426199020012e-12	2.380461610477e-11	-2.098834865122e-11
-1.148400000000e-06	1.646615901774e-11	-1.399585121874e-11	2.297137704247e-11
-1.148200000000e-06	-2.922995471051e-11	9.440729201020e-11	-6.180677424202e-11
-1.148000000000e-06	-2.312095310315e-11	1.061675244275e-10	-9.587853869327e-11
-1.147800000000e-06	-1.115833036148e-10	2.681881618473e-10	-9.727559149987e-11
-1.147600000000e-06	-2.878601109140e-10	5.856446051719e-10	-1.511575102764e-10
-1.147400000000e-06	-5.351156103056e-10	1.119771243334e-09	-3.028131301464e-10
-1.147200000000e-06	-8.250677690976e-10	2.126152946663e-09	-1.021825831863e-09
-1.147000000000e-06	-2.045278521145e-09	4.311979863192e-09	-1.845519614457e-09
-1.146800000000e-06	-2.485227283323e-09	4.714283899836e-09	-8.422633950383e-10
-1.146600000000e-06	-4.069034012424e-09	8.298700179288e-09	-2.117239894133e-09
-1.146400000000e-06	-1.068911789088e-08	2.553122998518e-08	-1.043898639489e-08
-1.146200000000e-06	-2.674224769763e-08	5.597783833822e-08	-1.557530467332e-08
-1.146000000000e-06	-3.034802405188e-08	6.167173271644e-08	-1.528094754168e-08
-1.145800000000e-06	-3.233651261405e-08	6.459077641299e-08	-1.487899466519e-08
-1.145600000000e-06	-2.943066587279e-08	6.007046122817e-08	-1.532557391369e-08
-1.145400000000e-06	-2.710171078194e-08	5.399276604044e-08	-1.242602976634e-08
-1.145200000000e-06	-2.428612167655e-08	4.801890195835e-08	-1.072664217801e-08
-1.145000000000e-06	-2.040246130549e-08	4.031899625897e-08	-9.022322393199e-09
-1.144800000000e-06	-1.730214888566e-08	3.301352488234e-08	-6.137018862641e-09
-1.144600000000e-06	-1.465144118556e-08	2.852688324082e-08	-5.983353777012e-09
-1.144400000000e-06	-1.168876478038e-08	2.231746541855e-08	-4.194099922719e-09
-1.144200000000e-06	-8.676115736582e-09	1.657838462232e-08	-3.154504968440e-09
-1.144000000000e-06	-7.855295022226e-09	1.468883792729e-08	-2.433491470267e-09
-1.143800000000e-06	-8.672100332543e-09	1.600120938304e-08	-2.347725946038e-09
-1.143600000000e-06	-6.027773133519e-09	1.129902466714e-08	-1.880869514868e-09
-1.143400000000e-06	-4.917894491729e-09	1.103248632412e-08	-3.937722377181e-09
-1.143200000000e-06	-5.472795242981e-09	1.073567251165e-08	-2.304001824596e-09
-1.143000000000e-06	-3.990407296668e-09	9.500195421210e-09	-3.906156980002e-09
-1.142800000000e-06	-5.517319777418e-09	1.047430749907e-08	-1.816647584872e-09
-1.142600000000e-06	-1.202997963438e-09	-7.623516593802e-11	2.686441114578e-09
-1.142400000000e-06	1.543647770942e-09	-2.339403644334e-09	-3.128815022451e-10
-1.142200000000e-06	-2.807255766830e-10	5.677539993822e-10	-1.873790892800e-10
-1.142000000000e-06	-4.839670700771e-10	-1.135269941536e-10	1.146450435412e-09
-1.141800000000e-06	-7.211897484544e-12	-6.860216305487e-10	8.936552503679e-10
-1.141600000000e-06	-1.715308046173e-10	8.664479445894e-10	-8.099234839756e-10
-1.141400000000e-06	-6.702981386912e-10	1.190143805281e-09	-8.029492463864e-11
-1.141200000000e-06	-1.248802604961e-09	2.621513008747e-09	-7.843399507357e-10
-1.141000000000e-06	-3.202854440237e-09	6.932753901354e-09	-2.235055997917e-09
-1.140800000000e-06	-7.231817472888e-09	1.447838595125e-08	-3.501411002149e-09
-1.140600000000e-06	-1.348064045552e-08	2.705305582636e-08	-6.617135790014e-09
-1.140400000000e-06	-2.490664977658e-08	5.155464137142e-08	-1.427685526879e-08
-1.140200000000e-06	-4.746288551806e-08	1.046053038227e-07	-3.556740991558e-08
-1.140000000000e-06	-8.976089146024e-08	2.228767059459e-07	-1.004834690566e-07
-1.139800000000e-06	-2.472721349374e-07	5.242314823217e-07	-1.582458191852e-07
-1.139600000000e-06	-3.203913011490e-07	6.288356339526e-07	-1.366677644772e-07
-1.139400000000e-06	-3.001030994503e-07	5.974742211066e-07	-1.376124403787e-07
-1.139200000000e-06	-2.805033571055e-07	5.539271070084e-07	-1.214969108319e-07
-1.139000000000e-06	-2.288332351838e-07	4.487763794705e-07	-9.424961798045e-08
-1.138800000000e-06	-1.925374411972e-07	3.759060139826e-07	-7.649565517665e-08
-1.138600000000e-06	-1.319966499294e-07	2.593670374596e-07	-5.431574079404e-08
-1.138400000000e-06	-8.609409860615e-08	1.695716903945e-07	-3.569443087364e-08
-1.138200000000e-06	-5.074978064589e-08	8.839113106190e-08	-5.590366226624e-09
-1.138000000000e-06	-1.201532812007e-08	1.572360156819e-08	5.669179124924e-09
-1.137800000000e-06	1.090785425136e-08	-2.449269394718e-08	8.581030760854e-09
-1.137600000000e-06	1.806752613243e-08	-3.823855114913e-08	1.094584407305e-08
-1.137400000000e-06	2.181089055357e-08	-4.640396662138e-08	1.356919046889e-08
-1.137200000000e-06	1.841925207387e-08	-3.902902472647e-08	1.125353215378e-08
-1.137000000000e-06	1.702818257157e-08	-3.651359988150e-08	1.101865071662e-08
-1.136800000000e-06	1.727470459051e-08	-3.253917968591e-08	5.237872749928e-09
-1.136600000000e-06	1.472620655517e-08	-2.948125800970e-08	6.812474925011e-09
-1.136400000000e-06	1.409800634104e-08	-2.658832002857e-08	4.292427041424e-09
-1.136200000000e-06	1.208926533233e-08	-2.600513841492e-08	7.945112048284e-09
-1.136000000000e-06	1.109666185398e-08	-2.383417888912e-08	7.296136861527e-09
-1.135800000000e-06	1.087958790621e-08	-2.290695051832e-08	6.529923772887e-09
-1.135600000000e-06	1.117140786938e-08	-2.250506624687e-08	5.468904175073e-09
-1.135400000000e-06	9.725672344499e-09	-1.945640417448e-08	4.499544282019e-09
-1.135200000000e-06	1.046075938848e-08	-2.132798905618e-08	5.380774671802e-09
-1.135000000000e-06	9.136024509801e-09	-1.984756531355e-08	6.379828984954e-09
-1.134800000000e-06	9.253047820380e-09	-1.877279219708e-08	4.746205328849e-09
-1.134600000000e-06	9.073459012686e-09	-1.890919229839e-08	5.199740865068e-09
-1.134400000000e-06	9.023099155410e-09	-1.819367538960e-08	4.388533499884e-09
-1.134200000000e-06	9.932171057098e-09	-1.920829669954e-08	3.781354953827e-09
-1.134000000000e-06	7.900793390058e-09	-1.613612503929e-08	4.094254309381e-09
-1.133800000000e-06	8.432244787104e-09	-1.625719793009e-08	3.121332280840e-09
-1.133600000000e-06	8.755813337207e-09	-1.682781485549e-08	3.180140331795e-09
-1.133400000000e-06	7.804079201043e-09	-1.696977262053e-08	5.442167957111e-09
-1.133200000000e-06	7.685872199133e-09	-1.521236012364e-08	3.374628648199e-09
-1.133000000000e-06	7.833489227223e-09	-1.692441834913e-08	5.338678374278e-09
-1.132800000000e-06	7.125389302239e-09	-1.454212557791e-08	3.738386106765e-09
-1.132600000000e-06	7.430319452379e-09	-1.516030148980e-08	3.872291076246e-09
-1.132400000000e-06	6.962653230051e-09	-1.486635812090e-08	4.484771492353e-09
-1.132200000000e-06	7.594922099053e-09	-1.411065384796e-08	2.202398513202e-09
-1.132000000000e-06	7.875039387835e-09	-1.545136727846e-08	3.260460181093e-09
-1.131800000000e-06	6.989753456895e-09	-1.394980194170e-08	3.228283298153e-09
-1.131600000000e-06	6.619642999190e-09	-1.411741124548e-08	4.311495401571e-09
-1.131400000000e-06	7.754399381048e-09	-1.514032914067e-08	3.163434545190e-09
-1.131200000000e-06	6.225639322735e-09	-1.297937478069e-08	3.650423769956e-09
-1.131000000000e-06	6.958180014021e-09	-1.247331532064e-08	1.358714027470e-09
-1.130800000000e-06	5.466675040734e-09	-1.175457989605e-08	3.698643514134e-09
-1.130600000000e-06	6.488487829124e-09	-1.307021837373e-08	3.218327302014e-09
-1.130400000000e-06	7.080352503993e-09	-1.355072903100e-08	2.500171614451e-09
-1.130200000000e-06	6.438183422154e-09	-1.260180545228e-08	2.707715026857e-09
-1.130000000000e-06	5.554019657136e-09	-1.138789019620e-08	2.968103045181e-09
-1.129800000000e-06	6.274676729136e-09	-1.270358353625e-08	3.208281776233e-09
-1.129600000000e-06	5.960627368982e-09	-1.210985865352e-08	3.072830830934e-09
-1.129400000000e-06	6.926028871462e-09	-1.267267447043e-08	1.705778119784e-09
-1.129200000000e-06	5.669317834133e-09	-1.184643757241e-08	3.364619263595e-09
-1.129000000000e-06	5.660498739627e-09	-1.170984439652e-08	3.209007689431e-09
-1.128800000000e-06	6.146030166574e-09	-1.099212747844e-08	1.225438526981e-09
-1.128600000000e-06	5.576851759685e-09	-1.186623565294e-08	3.563216203704e-09
-1.128400000000e-06	6.152536272143e-09	-1.211569943301e-08	2.660544734423e-09
-1.128200000000e-06	5.101603174012e-09	-1.112761513587e-08	3.653530076156e-09
-1.128000000000e-06	6.479161627293e-09	-1.229608687858e-08	2.211791993151e-09
-1.127800000000e-06	5.595733973721e-09	-1.117038832222e-08	2.683303775080e-09
-1.127600000000e-06	6.070820718289e-09	-1.199300051411e-08	2.689551847816e-09
-1.127400000000e-06	5.194802729414e-09	-1.091712365165e-08	3.203812415390e-09
-1.127200000000e-06	4.733033988939e-09	-1.003905035326e-08	3.047180394097e-09
-1.127000000000e-06	5.269390772994e-09	-1.042099402583e-08	2.387641646555e-09
-1.126800000000e-06	5.900585981411e-09	-1.120001943438e-08	2.054267885205e-09
-1.126600000000e-06	4.874810804544e-09	-1.000741103207e-08	2.649672404619e-09
-1.126400000000e-06	5.529948825740e-09	-1.058323461086e-08	2.048035684829e-09
-1.126200000000e-06	4.915537358799e-09	-9.971830963783e-09	2.509474620045e-09
-1.126000000000e-06	5.234506842217e-09	-1.010486687529e-08	2.023962461627e-09
-1.125800000000e-06	4.981508222662e-09	-9.532513148342e-09	1.857162574956e-09
-1.125600000000e-06	5.418434062967e-09	-1.051428471573e-08	2.126876071661e-09
-1.125400000000e-06	4.987581646215e-09	-9.937616478804e-09	2.317154986176e-09
-1.125200000000e-06	4.917222977791e-09	-1.030939253629e-08	2.992711850277e-09
-1.125000000000e-06	5.191561176484e-09	-1.011066214379e-08	2.113065674756e-09
-1.124800000000e-06	5.242722550375e-09	-9.942201329296e-09	1.792736015229e-09
-1.124600000000e-06	5.225270939741e-09	-1.073743346922e-08	2.899800168407e-09
-1.124400000000e-06	4.481988293883e-09	-9.298848898623e-09	2.567349759485e-09
-1.124200000000e-06	4.998989408533e-09	-9.854958501403e-09	2.211968527799e-09
-1.124000000000e-06	4.818940073055e-09	-9.277495081181e-09	1.889365600263e-09
-1.123800000000e-06	5.335630106466e-09	-1.036471088091e-08	2.178308021832e-09
-1.123600000000e-06	5.496932913212e-09	-9.731781256603e-09	9.872843677585e-10
-1.123400000000e-06	5.413118557079e-09	-1.028175066222e-08	1.850788240559e-09
-1.123200000000e-06	4.745979953937e-09	-1.017004702511e-08	3.242249748440e-09
-1.123000000000e-06	4.381654507088e-09	-9.079385118600e-09	2.510752574362e-09
-1.122800000000e-06	4.994547058795e-09	-9.750394196205e-09	2.085526811077e-09
-1.122600000000e-06	4.647190760305e-09	-9.188845318314e-09	2.080913779167e-09
-1.122400000000e-06	4.869190385083e-09	-9.702655126643e-09	2.318114162390e-09
-1.122200000000e-06	5.079540992317e-09	-9.583551411852e-09	1.719421411532e-09
-1.122000000000e-06	4.448784063258e-09	-8.910140464699e-09	2.175828889641e-09
-1.121800000000e-06	4.981212243842e-09	-9.818900443456e-09	2.245470970204e-09
-1.121600000000e-06	4.701428386893e-09	-8.841254742065e-09	1.540255822452e-09
-1.121400000000e-06	4.601088542708e-09	-8.963079941154e-09	1.909349914125e-09
-1.121200000000e-06	4.722456189697e-09	-9.378305507437e-09	2.208863701107e-09
-1.121000000000e-06	4.406351090257e-09	-8.793102947740e-09	2.146424156020e-09
-1.120800000000e-06	4.025826838316e-09	-7.884347018983e-09	1.705103728808e-09
-1.120600000000e-06	4.609158844084e-09	-8.983565172987e-09	1.935254857697e-09
-1.120400000000e-06	4.366894561740e-09	-8.488399601804e-09	1.793901542144e-09
-1.120200000000e-06	4.599989362864e-09	-8.799125651982e-09	1.687892001316e-09
-1.120000000000e-06	4.379622579637e-09	-9.236465013711e-09	2.750106635267e-09
-1.119800000000e-06	4.678128175805e-09	-8.672287512139e-09	1.396367152632e-09
-1.119600000000e-06	4.243691115497e-09	-8.399834764623e-09	1.925035824171e-09
-1.119400000000e-06	4.219468457442e-09	-8.480035222043e-09	2.063553916254e-09
-1.119200000000e-06	4.407575288650e-09	-8.700972671371e-09	2.096472781495e-09
-1.119000000000e-06	4.198299994359e-09	-8.704836091698e-09	2.444322858758e-09
-1.118800000000e-06	4.637772624932e-09	-8.516767942033e-09	1.250320401717e-09
-1.118600000000e-06	4.224187739804e-09	-8.581685085509e-09	2.199173399723e-09
-1.118400000000e-06	4.488113292057e-09	-8.500924780461e-09	1.486506206091e-09
-1.118200000000e-06	4.390007068401e-09	-8.983820627425e-09	2.423751215163e-09
-1.118000000000e-06	4.719788723168e-09	-9.220571524589e-09	2.036311228550e-09
-1.117800000000e-06	4.200470960009e-09	-8.245547778935e-09	1.844964659916e-09
-1.117600000000e-06	4.458267376109e-09	-8.667719763307e-09	1.860977530897e-09
-1.117400000000e-06	4.414891179500e-09	-8.802427358604e-09	2.092969210739e-09
-1.117200000000e-06	4.094783370351e-09	-8.079770857003e-09	1.879634931307e-09
-1.117000000000e-06	4.140544655498e-09	-8.251183773607e-09	1.986180054883e-09
-1.116800000000e-06	3.649169976021e-09	-7.693721002833e-09	2.268243764695e-09
-1.116600000000e-06	4.183699055666e-09	-8.406308662979e-09	2.071943813697e-09
-1.116400000000e-06	4.173264550191e-09	-8.162304610567e-09	1.758502686152e-09
-1.116200000000e-06	4.556528000981e-09	-8.647460390440e-09	1.595309815651e-09
-1.116000000000e-06	4.103338249808e-09	-8.114752315642e-09	1.857417268387e-09
-1.115800000000e-06	3.701904862831e-09	-7.759788234331e-09	2.253490303500e-09
-1.115600000000e-06	4.192932563247e-09	-7.902774027212e-09	1.454710118636e-09
-1.115400000000e-06	4.115574201330e-09	-8.238010063736e-09	1.961411647706e-09
-1.115200000000e-06	3.809001798911e-09	-7.616530762794e-09	1.851324489075e-09
-1.115000000000e-06	4.612786550139e-09	-8.823395655474e-09	1.732697010195e-09
-1.114800000000e-06	4.213562079377e-09	-8.186272756800e-09	1.741365877410e-09
-1.114600000000e-06	4.323044581012e-09	-8.166106470623e-09	1.435823260537e-09
-1.114400000000e-06	3.918819838112e-09	-7.388858909014e-09	1.325990407702e-09
-1.114200000000e-06	3.789968870000e-09	-7.496359203347e-09	1.741322004085e-09
-1.114000000000e-06	4.489906893636e-09	-8.349519558974e-09	1.342951831172e-09
-1.113800000000e-06	3.613240714416e-09	-6.959004938388e-09	1.401789493100e-09
-1.113600000000e-06	3.544204295731e-09	-7.751259621891e-09	2.560802959737e-09
-1.113400000000e-06	4.373692119546e-09	-8.288879652803e-09	1.550142004715e-09
-1.113200000000e-06	3.758643220752e-09	-7.576830968398e-09	1.902772635121e-09
-1.113000000000e-06	3.979173113158e-09	-8.067604385927e-09	2.123319833142e-09
-1.112800000000e-06	4.376841208521e-09	-7.943444636905e-09	1.102536391659e-09
-1.112600000000e-06	3.637830429332e-09	-7.494533996954e-09	2.090393038658e-09
-1.112400000000e-06	3.631301094903e-09	-7.138709006300e-09	1.578324011471e-09
-1.112200000000e-06	4.021670639216e-09	-7.948847323224e-09	1.829014736555e-09
-1.112000000000e-06	3.776389464711e-09	-7.208747028831e-09	1.378693824651e-09
-1.111800000000e-06	3.758663454761e-09	-7.150496796648e-09	1.346638208276e-09
-1.111600000000e-06	3.775993112929e-09	-7.592953998173e-09	1.867486482903e-09
-1.111400000000e-06	3.995213823139e-09	-7.975556756430e-09	1.931127209492e-09
-1.111200000000e-06	3.621552491893e-09	-7.064542622750e-09	1.538024489837e-09
-1.111000000000e-06	3.744696793605e-09	-7.496430676592e-09	1.800529704600e-09
-1.110800000000e-06	3.700646052445e-09	-7.429581161959e-09	1.845864940177e-09
-1.110600000000e-06	3.475329832093e-09	-7.363315559857e-09	2.254568387181e-09
-1.110400000000e-06	3.948131409042e-09	-7.589331952721e-09	1.506562168728e-09
-1.110200000000e-06	3.860599719299e-09	-7.680606974795e-09	1.864970174363e-09
-1.110000000000e-06	3.590847516542e-09	-7.067991443615e-09	1.590911526452e-09
-1.109800000000e-06	3.575183842319e-09	-6.742762395185e-09	1.228908150308e-09
-1.109600000000e-06	3.560138295453e-09	-7.170369204569e-09	1.799908405452e-09
-1.109400000000e-06	3.918949054540e-09	-7.261624497353e-09	1.128685163871e-09
-1.109200000000e-06	3.467102935115e-09	-7.220040005379e-09	2.072782694618e-09
-1.109000000000e-06	3.927943577235e-09	-7.418720364105e-09	1.357968762921e-09
-1.108800000000e-06	3.538569172953e-09	-6.908596575186e-09	1.526841724477e-09
-1.108600000000e-06	3.570302951844e-09	-7.635961724163e-09	2.365172225912e-09
-1.108400000000e-06	3.974962195405e-09	-7.413325342897e-09	1.227910843018e-09
-1.108200000000e-06	3.724117510538e-09	-6.856979385179e-09	1.061970102194e-09
-1.108000000000e-06	3.417800262195e-09	-7.063990039350e-09	1.939400259437e-09
-1.107800000000e-06	3.560951422840e-09	-7.302181033963e-09	1.992908368629e-09
-1.107600000000e-06	3.349405425186e-09	-7.068245631879e-09	2.185806688661e-09
-1.107400000000e-06	3.954402041002e-09	-7.563601436348e-09	1.513749328027e-09
-1.107200000000e-06	3.628391103339e-09	-7.177913995544e-09	1.656491471738e-09
-1.107000000000e-06	3.949950815570e-09	-7.664726454015e-09	1.609382604471e-09
-1.106800000000e-06	3.715130679623e-09	-7.085456513221e-09	1.395820692751e-09
-1.106600000000e-06	3.283649005216e-09	-6.514729292225e-09	1.537740453153e-09
-1.106400000000e-06	3.572086181913e-09	-6.975546565948e-09	1.509256003256e-09
-1.106200000000e-06	3.761469146938e-09	-7.207634840523e-09	1.391758447487e-09
-1.106000000000e-06	3.418306298981e-09	-6.593497066228e-09	1.377737030602e-09
-1.105800000000e-06	3.485817158388e-09	-6.952528842536e-09	1.700973789856e-09
-1.105600000000e-06	3.557186952737e-09	-6.777372260167e-09	1.306728004102e-09
-1.105400000000e-06	3.127299703171e-09	-6.451713872240e-09	1.790918114314e-09
-1.105200000000e-06	3.614730613560e-09	-6.810850510068e-09	1.204430045282e-09
-1.105000000000e-06	3.117242396701e-09	-6.244305040645e-09	1.572137756620e-09
-1.104800000000e-06	2.855157899870e-09	-6.358991178448e-09	2.207017563157e-09
-1.104600000000e-06	3.391185273451e-09	-6.529340003815e-09	1.322731160796e-09
-1.104400000000e-06	3.352856558939e-09	-6.590866991294e-09	1.519228147421e-09
-1.104200000000e-06	3.089393468012e-09	-6.376910836657e-09	1.793477546727e-09
-1.104000000000e-06	3.390837243948e-09	-6.839935757366e-09	1.773962530009e-09
-1.103800000000e-06	3.402701302607e-09	-6.691002494846e-09	1.492745539329e-09
-1.103600000000e-06	3.485442553131e-09	-7.133116679438e-09	1.911892054329e-09
-1.103400000000e-06	3.118221821014e-09	-6.269277821312e-09	1.629995654366e-09
-1.103200000000e-06	3.497383473476e-09	-6.749276557615e-09	1.405038654519e-09
-1.103000000000e-06	3.471784427350e-09	-6.508272229312e-09	1.088283517326e-09
-1.102800000000e-06	3.279554269527e-09	-6.771120769602e-09	1.925481464325e-09
-1.102600000000e-06	3.017462738552e-09	-6.231721269014e-09	1.741088948923e-09
-1.102400000000e-06	3.204277187988e-09	-6.361747336023e-09	1.511544696791e-09
-1.102200000000e-06	3.278709334287e-09	-6.709032487344e-09	1.845398335766e-09
-1.102000000000e-06	3.390912961803e-09	-6.786867305965e-09	1.680637382131e-09
-1.101800000000e-06	3.151955535240e-09	-6.303751467377e-09	1.571891687226e-09
-1.101600000000e-06	3.222143250578e-09	-6.502747533404e-09	1.664168391567e-09
-1.101400000000e-06	3.525844658448e-09	-6.436168119575e-09	9.003511620217e-10
-1.101200000000e-06	3.133071989503e-09	-6.344684319454e-09	1.640241835386e-09
-1.101000000000e-06	3.213944301465e-09	-6.282028306532e-09	1.411655259210e-09
-1.100800000000e-06	2.985227658915e-09	-6.119270970871e-09	1.635395670690e-09
-1.100600000000e-06	3.483962371790e-09	-6.478898494506e-09	1.047304673413e-09
-1.100400000000e-06	3.212478707953e-09	-6.147731399973e-09	1.247678294820e-09
-1.100200000000e-06	3.295674542544e-09	-6.455075822687e-09	1.429696129680e-09
-1.100000000000e-06	3.054373295893e-09	-6.245552409669e-09	1.706730012339e-09
-1.099800000000e-06	3.066892641479e-09	-6.332339153692e-09	1.777014202480e-09
-1.099600000000e-06	3.479072793906e-09	-6.268680465544e-09	8.075020325038e-10
-1.099400000000e-06	3.438091109390e-09	-6.526238023243e-09	1.219763173858e-09
-1.099200000000e-06	2.770739546207e-09	-5.955960230724e-09	1.887751701677e-09
-1.099000000000e-06	3.182886729313e-09	-6.320613281163e-09	1.519154102536e-09
-1.098800000000e-06	3.118476543571e-09	-6.009467919498e-09	1.181660864357e-09
-1.098600000000e-06	3.158692137852e-09	-6.149785204467e-09	1.338560407144e-09
-1.098400000000e-06	3.287121343668e-09	-6.361605029916e-09	1.355178300029e-09
-1.098200000000e-06	3.190399030876e-09	-6.263543507256e-09	1.453026131394e-09
-1.098000000000e-06	2.725060354513e-09	-5.833138671081e-09	1.836824981268e-09
-1.097800000000e-06	3.087502640789e-09	-6.515630610574e-09	1.993388807135e-09
-1.097600000000e-06	3.241134988791e-09	-6.153061505582e-09	1.208273986782e-09
-1.097400000000e-06	3.025075715463e-09	-6.006636087930e-09	1.440559609388e-09
-1.097200000000e-06	2.927655602792e-09	-5.788528806740e-09	1.346224751368e-09
-1.097000000000e-06	3.022587534999e-09	-6.069037167499e-09	1.581279594554e-09
-1.096800000000e-06	3.011837475279e-09	-6.133526252114e-09	1.648507213696e-09
-1.096600000000e-06	2.763495659708e-09	-5.763772668784e-09	1.660076520865e-09
-1.096400000000e-06	2.682606346543e-09	-5.555059011205e-09	1.599139082248e-09
-1.096200000000e-06	2.975506444936e-09	-6.214522012515e-09	1.830177949003e-09
-1.096000000000e-06	2.834529789060e-09	-5.612756250001e-09	1.325067199771e-09
-1.095800000000e-06	3.231088162258e-09	-5.918723705955e-09	8.847506271462e-10
-1.095600000000e-06	3.002680667974e-09	-5.877505695070e-09	1.319662731597e-09
-1.095400000000e-06	3.219974974678e-09	-6.161428333039e-09	1.267634100825e-09
-1.095200000000e-06	3.005082629774e-09	-5.944925749514e-09	1.384731858643e-09
-1.095000000000e-06	2.954112110097e-09	-5.790917383524e-09	1.254966930366e-09
-1.094800000000e-06	2.899091810517e-09	-5.822918828699e-09	1.446307283155e-09
-1.094600000000e-06	3.106003776860e-09	-5.836480193588e-09	1.041645398730e-09
-1.094400000000e-06	2.683969897639e-09	-5.516978044454e-09	1.524340597973e-09
-1.094200000000e-06	2.903816540015e-09	-5.871231871114e-09	1.534754319509e-09
-1.094000000000e-06	2.959897581905e-09	-5.681711522007e-09	1.184858761373e-09
-1.093800000000e-06	2.835789883767e-09	-5.741110629531e-09	1.488266273581e-09
-1.093600000000e-06	2.776012377197e-09	-5.406949708116e-09	1.164764733546e-09
-1.093400000000e-06	2.945630758025e-09	-5.378069859787e-09	7.662102239878e-10
-1.093200000000e-06	2.725606654672e-09	-5.556207689959e-09	1.509389397143e-09
-1.093000000000e-06	2.919483039680e-09	-5.864010108962e-09	1.462173687437e-09
-1.092800000000e-06	2.639184796104e-09	-5.518453879063e-09	1.647866482035e-09
-1.092600000000e-06	2.870326156591e-09	-5.781770771885e-09	1.530452672333e-09
-1.092400000000e-06	2.863541552725e-09	-5.621468509589e-09	1.253666022593e-09
-1.092200000000e-06	2.740863506233e-09	-5.408904075007e-09	1.262445459185e-09
-1.092000000000e-06	2.757521234048e-09	-5.391862676700e-09	1.219232800145e-09
-1.091800000000e-06	3.080219048612e-09	-5.876992554190e-09	1.118217990519e-09
-1.091600000000e-06	3.044048728503e-09	-5.728044471532e-09	1.052434706096e-09
-1.091400000000e-06	2.768469332320e-09	-5.527178937445e-09	1.332224407483e-09
-1.091200000000e-06	2.677913855118e-09	-5.498874080846e-09	1.538641528448e-09
-1.091000000000e-06	2.572074314976e-09	-5.371210148309e-09	1.559736924268e-09
-1.090800000000e-06	2.671830832428e-09	-5.463298855441e-09	1.503433372676e-09
-1.090600000000e-06	2.796012751527e-09	-5.504483043625e-09	1.276943671213e-09
-1.090400000000e-06	2.771465081380e-09	-5.505736216867e-09	1.289287835385e-09
-1.090200000000e-06	2.579796722323e-09	-5.082866629570e-09	1.195654155776e-09
-1.090000000000e-06	2.654257303221e-09	-5.298755141211e-09	1.311203303423e-09
-1.089800000000e-06	2.935261287686e-09	-5.820110676847e-09	1.342621741370e-09
-1.089600000000e-06	2.753709965059e-09	-5.383537485044e-09	1.224263265065e-09
-1.089400000000e-06	2.603825397648e-09	-5.301806727237e-09	1.423676472959e-09
-1.089200000000e-06	2.721989975812e-09	-5.313349252058e-09	1.175744832679e-09
-1.089000000000e-06	2.670736330399e-09	-5.386908634104e-09	1.389238726531e-09
-1.088800000000e-06	2.592526190186e-09	-4.813753684668e-09	8.180346692680e-10
-1.088600000000e-06	2.559968236557e-09	-5.265231486785e-09	1.436760663079e-09
-1.088400000000e-06	2.829075961888e-09	-5.361560643413e-09	1.055944568872e-09
-1.088200000000e-06	2.728216701967e-09	-5.342225617652e-09	1.220882355344e-09
-1.088000000000e-06	2.640858111169e-09	-5.214920842125e-09	1.206412339971e-09
-1.087800000000e-06	2.691275926317e-09	-5.225280704835e-09	1.078159376174e-09
-1.087600000000e-06	2.846154634618e-09	-5.408848778204e-09	1.000371327985e-09
-1.087400000000e-06	2.538889943679e-09	-5.179944443155e-09	1.387096509668e-09
-1.087200000000e-06	2.627674023850e-09	-5.038932534875e-09	9.927770888098e-10
-1.087000000000e-06	2.348946539103e-09	-5.012145050562e-09	1.573839577572e-09
-1.086800000000e-06	2.844443538312e-09	-5.455141485572e-09	1.074043822352e-09
-1.086600000000e-06	2.333963169804e-09	-5.059717772551e-09	1.685578797542e-09
-1.086400000000e-06	2.555719453542e-09	-5.031876403034e-09	1.159663903548e-09
-1.086200000000e-06	2.543756262682e-09	-5.301687014182e-09	1.554728679552e-09
-1.086000000000e-06	2.667781688786e-09	-5.313075258336e-09	1.307204962133e-09
-1.085800000000e-06	2.609098931296e-09	-5.344545459947e-09	1.423028586859e-09
-1.085600000000e-06	2.493248334883e-09	-4.897128847477e-09	1.110987392457e-09
-1.085400000000e-06	2.457101153943e-09	-5.133786918205e-09	1.541358513502e-09
-1.085200000000e-06	2.457346072423e-09	-5.045182268127e-09	1.384353530712e-09
-1.085000000000e-06	2.752505413533e-09	-5.332484321289e-09	1.146891767216e-09
-1.084800000000e-06	2.560685192540e-09	-5.114988948349e-09	1.217085437259e-09
-1.084600000000e-06	2.458149945245e-09	-4.628353268733e-09	8.357052440563e-10
-1.084400000000e-06	2.623706966991e-09	-5.059848872152e-09	9.932089577323e-10
-1.084200000000e-06	2.283699864559e-09	-4.814049268995e-09	1.440186117040e-09
-1.084000000000e-06	2.276048717543e-09	-4.588144841365e-09	1.127214439596e-09
-1.083800000000e-06	2.552523840129e-09	-5.162987805793e-09	1.392371823385e-09
-1.083600000000e-06	2.603993099932e-09	-5.070167096741e-09	1.080106834227e-09
-1.083400000000e-06	2.557230813530e-09	-4.978864605911e-09	1.115810983527e-09
-1.083200000000e-06	2.508967009940e-09	-5.054701112840e-09	1.290060287886e-09
-1.083000000000e-06	2.424101213284e-09	-4.830856644750e-09	1.208687735556e-09
-1.082800000000e-06	2.443218983249e-09	-4.897212244292e-09	1.203470757104e-09
-1.082600000000e-06	2.527545500124e-09	-5.053313751742e-09	1.257490166505e-09
-1.082400000000e-06	2.581024171518e-09	-4.988369118963e-09	1.055400570860e-09
-1.082200000000e-06	2.389490504110e-09	-4.713617376652e-09	1.143071447421e-09
-1.082000000000e-06	2.325363194136e-09	-4.675326931915e-09	1.168664021906e-09
-1.081800000000e-06	2.390709336841e-09	-4.761484107754e-09	1.144414194938e-09
-1.081600000000e-06	2.401527009209e-09	-4.692466539744e-09	1.064737397472e-09
-1.081400000000e-06	2.381942846473e-09	-4.730320705967e-09	1.163244008449e-09
-1.081200000000e-06	2.492839635190e-09	-4.798327890645e-09	9.751286911197e-10
-1.081000000000e-06	2.437537580048e-09	-4.925684578457e-09	1.292153317332e-09
-1.080800000000e-06	2.408200881321e-09	-4.816851641292e-09	1.157666190064e-09
-1.080600000000e-06	2.436039727698e-09	-4.915130136784e-09	1.246014715283e-09
-1.080400000000e-06	2.336221722629e-09	-4.844074104615e-09	1.353865218913e-09
-1.080200000000e-06	2.440826310105e-09	-4.803431129504e-09	1.088470201610e-09
-1.080000000000e-06	2.546853290305e-09	-4.735682544479e-09	7.854300004337e-10
-1.079800000000e-06	2.453385864061e-09	-4.822322617914e-09	1.101260735483e-09
-1.079600000000e-06	2.434577593447e-09	-4.604997871147e-09	8.574903928910e-10
-1.079400000000e-06	2.240689409639e-09	-4.449549115584e-09	1.086722833302e-09
-1.079200000000e-06	2.276276258775e-09	-4.899438998907e-09	1.583781819244e-09
-1.079000000000e-06	2.348600811590e-09	-4.588803570432e-09	1.033469222518e-09
-1.078800000000e-06	2.302052849118e-09	-4.604131626402e-09	1.144939887036e-09
-1.078600000000e-06	2.336679660947e-09	-4.712250980302e-09	1.221047599838e-09
-1.078400000000e-06	2.368950924215e-09	-4.543768658317e-09	9.346473507844e-10
-1.078200000000e-06	2.259544509286e-09	-4.699812572604e-09	1.303410505632e-09
-1.078000000000e-06	2.406714374034e-09	-4.619085607726e-09	9.439794887047e-10
-1.077800000000e-06	2.275070884336e-09	-4.494033517325e-09	1.072962664452e-09
-1.077600000000e-06	2.654275479136e-09	-4.831873159601e-09	7.281499774795e-10
-1.077400000000e-06	2.328734254327e-09	-4.596105759489e-09	1.054800351395e-09
-1.077200000000e-06	2.251615390766e-09	-4.558690956684e-09	1.208067549243e-09
-1.077000000000e-06	2.318296286176e-09	-4.596044447773e-09	1.112282131587e-09
-1.076800000000e-06	2.312625883390e-09	-4.448659386001e-09	9.016073632245e-10
-1.076600000000e-06	2.277470183212e-09	-4.416509013685e-09	9.537665679773e-10
-1.076400000000e-06	1.942129667296e-09	-4.359203713716e-09	1.577900460172e-09
-1.076200000000e-06	2.200774251604e-09	-4.384294122313e-09	1.085157234599e-09
-1.076000000000e-06	2.296930301459e-09	-4.301349477182e-09	7.779480418784e-10
-1.075800000000e-06	2.535481732583e-09	-4.548383478250e-09	5.871055825586e-10
-1.075600000000e-06	2.473703443049e-09	-4.647512115132e-09	8.155544611047e-10
-1.075400000000e-06	2.291911591456e-09	-4.464388892504e-09	1.012678430566e-09
-1.075200000000e-06	2.198931896657e-09	-4.505996451388e-09	1.230821322065e-09
-1.075000000000e-06	2.141347259726e-09	-4.311901901820e-09	1.082790936587e-09
-1.074800000000e-06	2.242728856130e-09	-4.449617741864e-09	1.066584322332e-09
-1.074600000000e-06	2.194823156375e-09	-4.356134878873e-09	1.067681631065e-09
-1.074400000000e-06	2.179290249202e-09	-4.241097800178e-09	9.053902054483e-10
-1.074200000000e-06	2.152485005693e-09	-4.417548720201e-09	1.178627198115e-09
-1.074000000000e-06	2.187425149727e-09	-4.368455918058e-09	1.026049515261e-09
-1.073800000000e-06	2.271398801418e-09	-4.384604772325e-09	9.913680190308e-10
-1.073600000000e-06	1.990669095038e-09	-4.252728099675e-09	1.385350655395e-09
-1.073400000000e-06	2.150568098622e-09	-4.401333026352e-09	1.166092561122e-09
-1.073200000000e-06	2.268109886360e-09	-4.450052145625e-09	1.003076027832e-09
-1.073000000000e-06	2.087794247192e-09	-4.029702936009e-09	8.503701215265e-10
-1.072800000000e-06	2.172961545314e-09	-4.281289549950e-09	9.711332902071e-10
-1.072600000000e-06	2.188289239372e-09	-4.290199404127e-09	9.932087247097e-10
-1.072400000000e-06	2.007226083650e-09	-4.388407961140e-09	1.494840999637e-09
-1.072200000000e-06	2.280548901743e-09	-4.399475394679e-09	8.615757265719e-10
-1.072000000000e-06	2.187542320690e-09	-4.329048930827e-09	1.017508063221e-09
-1.071800000000e-06	2.165251239935e-09	-4.381609881324e-09	1.107662345618e-09
-1.071600000000e-06	2.230956485218e-09	-4.340862244540e-09	9.693978194152e-10
-1.071400000000e-06	2.274859835677e-09	-4.487924955084e-09	1.050552713595e-09
-1.071200000000e-06	2.068246189714e-09	-4.334330466645e-09	1.167382130106e-09
-1.071000000000e-06	2.059083551659e-09	-4.185393318141e-09	1.125103491011e-09
-1.070800000000e-06	2.059722614582e-09	-4.265756320365e-09	1.231173356734e-09
-1.070600000000e-06	2.062556620684e-09	-4.154253616051e-09	1.067936894871e-09
-1.070400000000e-06	2.160032217181e-09	-4.386128737870e-09	1.138589622869e-09
-1.070200000000e-06	2.132591851325e-09	-4.180988391771e-09	9.447130661220e-10
-1.070000000000e-06	2.018113045662e-09	-3.959001344805e-09	8.980599364865e-10
-1.069800000000e-06	2.104328527690e-09	-4.068153922457e-09	8.614066674400e-10
-1.069600000000e-06	2.241938289528e-09	-4.378320066302e-09	9.782267135801e-10
-1.069400000000e-06	1.997170139925e-09	-4.113152608844e-09	1.133285100222e-09
-1.069200000000e-06	2.031709730355e-09	-4.078715207386e-09	1.046949406833e-09
-1.069000000000e-06	2.054216331744e-09	-4.111306674236e-09	1.047272186477e-09
-1.068800000000e-06	2.159135598624e-09	-4.305258639462e-09	1.068339992480e-09
-1.068600000000e-06	2.079970015299e-09	-4.149852265954e-09	1.051263687630e-09
-1.068400000000e-06	2.129350684680e-09	-4.033544132702e-09	7.712217293289e-10
-1.068200000000e-06	1.909138784450e-09	-3.829102970225e-09	9.690373911274e-10
-1.068000000000e-06	2.136308816689e-09	-4.120819264058e-09	8.950712888458e-10
-1.067800000000e-06	1.902643725422e-09	-3.714126699700e-09	8.457296172834e-10
-1.067600000000e-06	2.003823124922e-09	-4.072954838311e-09	1.121889927893e-09
-1.067400000000e-06	2.117382071566e-09	-3.929514189199e-09	6.318142495380e-10
-1.067200000000e-06	2.075947243773e-09	-4.068678648852e-09	8.970799771656e-10
-1.067000000000e-06	1.968571973764e-09	-3.959070748122e-09	1.024864850063e-09
-1.066800000000e-06	2.040428896945e-09	-3.976847903520e-09	9.146050212471e-10
-1.066600000000e-06	2.045042541498e-09	-3.987786588826e-09	8.872752534872e-10
-1.066400000000e-06	2.079330442321e-09	-4.053190956736e-09	9.029429799239e-10
-1.066200000000e-06	1.929001464759e-09	-3.806972932884e-09	9.101884188533e-10
-1.066000000000e-06	1.846876882694e-09	-3.767030897130e-09	1.018036913022e-09
-1.065800000000e-06	2.009439220880e-09	-3.966293443938e-09	9.274376074149e-10
-1.065600000000e-06	1.925730272004e-09	-3.825463233575e-09	9.135946963404e-10
-1.065400000000e-06	2.025608633443e-09	-4.094036173840e-09	1.066751325081e-09
-1.065200000000e-06	1.989721941747e-09	-3.860221229150e-09	8.072343237070e-10
-1.065000000000e-06	2.042619324886e-09	-4.101616169790e-09	1.005326212032e-09
-1.064800000000e-06	1.996704167854e-09	-3.862244855256e-09	8.577107168486e-10
-1.064600000000e-06	2.035422625782e-09	-4.022015076603e-09	9.653034957153e-10
-1.064400000000e-06	1.857371346359e-09	-3.919975678014e-09	1.182885076041e-09
-1.064200000000e-06	1.930322212329e-09	-3.812953838140e-09	9.036553665186e-10
-1.064000000000e-06	1.971747168725e-09	-3.882474281206e-09	8.777944110452e-10
-1.063800000000e-06	1.819541607118e-09	-3.602298111664e-09	8.356909902179e-10
-1.063600000000e-06	1.740772670617e-09	-3.888227064555e-09	1.429280705802e-09
-1.063400000000e-06	1.965164969807e-09	-4.002851289707e-09	1.111279758348e-09
-1.063200000000e-06	1.918973263430e-09	-3.909360718145e-09	1.029625091158e-09
-1.063000000000e-06	1.957095787630e-09	-3.834668979349e-09	8.334278227464e-10
-1.062800000000e-06	1.846305811484e-09	-3.866014447307e-09	1.146163995837e-09
-1.062600000000e-06	1.805707334092e-09	-3.718822314587e-09	1.048053849562e-09
-1.062400000000e-06	1.976419920132e-09	-3.806861670437e-09	7.948748090610e-10
-1.062200000000e-06	1.989544726408e-09	-3.812651847722e-09	7.697082890081e-10
-1.062000000000e-06	1.922710891706e-09	-3.856399228458e-09	9.811736962135e-10
-1.061800000000e-06	1.942367274710e-09	-3.824707487194e-09	8.516695602957e-10
-1.061600000000e-06	1.971110932922e-09	-3.777301938832e-09	7.695548153544e-10
-1.061400000000e-06	1.993694564202e-09	-3.765528033821e-09	7.212646555234e-10
-1.061200000000e-06	1.748896137209e-09	-3.611587612108e-09	1.006893126566e-09
-1.061000000000e-06	1.918725714196e-09	-3.839990424953e-09	9.795165989304e-10
-1.060800000000e-06	1.943952356741e-09	-3.681832655168e-09	7.125288875349e-10
-1.060600000000e-06	1.796145408488e-09	-3.570269726393e-09	8.581703449173e-10
-1.060400000000e-06	1.833541282864e-09	-3.572387905408e-09	8.166226358843e-10
-1.060200000000e-06	1.999109009111e-09	-3.762988069859e-09	7.003170351719e-10
-1.060000000000e-06	1.884838546557e-09	-3.667452540995e-09	8.038081923518e-10
-1.059800000000e-06	1.831838366626e-09	-3.632478159031e-09	8.618983514922e-10
-1.059600000000e-06	1.747331481014e-09	-3.578531764478e-09	9.677870514336e-10
-1.059400000000e-06	1.864979303602e-09	-3.768897946756e-09	9.803720752564e-10
-1.059200000000e-06	1.856280253261e-09	-3.509877152651e-09	6.188389955642e-10
-1.059000000000e-06	1.737893835072e-09	-3.436786237399e-09	8.223928765491e-10
-1.058800000000e-06	1.766597440001e-09	-3.561090116322e-09	9.171707655633e-10
-1.058600000000e-06	1.722083736795e-09	-3.439187186401e-09	8.486734892392e-10
-1.058400000000e-06	1.797943779579e-09	-3.466575466445e-09	7.608269252194e-10
-1.058200000000e-06	1.808289814643e-09	-3.619307033185e-09	9.084729001817e-10
-1.058000000000e-06	1.808664356822e-09	-3.460655340733e-09	7.252685450046e-10
-1.057800000000e-06	1.835435548766e-09	-3.698947268072e-09	9.629823577888e-10
-1.057600000000e-06	1.810369024527e-09	-3.480723003245e-09	7.058779615973e-10
-1.057400000000e-06	1.608925903361e-09	-3.570184462943e-09	1.276306737831e-09
-1.057200000000e-06	1.821837854144e-09	-3.589533156223e-09	8.593927033591e-10
-1.057000000000e-06	1.951530289754e-09	-3.777360365323e-09	8.069279023893e-10
-1.056800000000e-06	1.798486240361e-09	-3.514150075076e-09	8.130868851541e-10
-1.056600000000e-06	1.761954810093e-09	-3.449038564264e-09	7.834821604433e-10
-1.056400000000e-06	1.728877965220e-09	-3.458818812689e-09	8.806582285457e-10
-1.056200000000e-06	1.646658509550e-09	-3.363912788580e-09	9.159951808653e-10
-1.056000000000e-06	1.772545657970e-09	-3.517905034337e-09	8.732950293483e-10
-1.055800000000e-06	1.704466339291e-09	-3.347765608596e-09	7.828268487035e-10
-1.055600000000e-06	1.709050248898e-09	-3.514772263915e-09	9.599702576470e-10
-1.055400000000e-06	1.757446504098e-09	-3.449308804413e-09	8.216664392243e-10
-1.055200000000e-06	1.641382385512e-09	-3.347558829580e-09	8.968440439427e-10
-1.055000000000e-06	1.588744925439e-09	-3.253225062236e-09	8.726314461642e-10
-1.054800000000e-06	1.617807247687e-09	-3.263584794614e-09	8.804053882667e-10
-1.054600000000e-06	1.735457550881e-09	-3.577969788082e-09	1.009078880977e-09
-1.054400000000e-06	1.756627779366e-09	-3.405819241570e-09	7.484650742019e-10
-1.054200000000e-06	1.742075842066e-09	-3.494473992055e-09	8.803017354131e-10
-1.054000000000e-06	1.826898482784e-09	-3.482468961647e-09	6.748226432534e-10
-1.053800000000e-06	1.710986712337e-09	-3.284602578202e-09	6.636143540612e-10
-1.053600000000e-06	1.660538513912e-09	-3.351530777047e-09	8.425743414078e-10
-1.053400000000e-06	1.741576376128e-09	-3.299440005079e-09	6.154720693210e-10
-1.053200000000e-06	1.647197950430e-09	-3.225257467870e-09	7.078262364230e-10
-1.053000000000e-06	1.537029166538e-09	-3.072620613488e-09	7.467436678358e-10
-1.052800000000e-06	1.730932203520e-09	-3.362572470357e-09	7.180695503846e-10
-1.052600000000e-06	1.764670880318e-09	-3.466376783338e-09	8.276077599996e-10
-1.052400000000e-06	1.615575373165e-09	-3.315456041093e-09	8.905624830488e-10
-1.052200000000e-06	1.751946971183e-09	-3.445168260933e-09	8.230420954840e-10
-1.052000000000e-06	1.702243830951e-09	-3.365716636228e-09	7.973182459905e-10
-1.051800000000e-06	1.566943974254e-09	-3.220325147842e-09	8.879795755966e-10
-1.051600000000e-06	1.531883616588e-09	-3.119717106251e-09	8.121292989193e-10
-1.051400000000e-06	1.596575739395e-09	-3.165774835600e-09	7.075742673263e-10
-1.051200000000e-06	1.621185860642e-09	-3.399348240804e-09	1.019296530746e-09
-1.051000000000e-06	1.655291014204e-09	-3.341661011219e-09	8.502369321548e-10
-1.050800000000e-06	1.540868861271e-09	-3.096160257107e-09	7.497109664264e-10
-1.050600000000e-06	1.586229772203e-09	-3.198858034209e-09	8.502613264157e-10
-1.050400000000e-06	1.702212186074e-09	-3.316347445217e-09	7.820685976744e-10
-1.050200000000e-06	1.529607130454e-09	-3.118640342683e-09	8.472968249772e-10
-1.050000000000e-06	1.764466832753e-09	-3.424880962456e-09	7.555985318424e-10
-1.049800000000e-06	1.638842544491e-09	-3.380356300689e-09	9.044941115853e-10
-1.049600000000e-06	1.627860371026e-09	-3.146841663201e-09	6.910151097946e-10
-1.049400000000e-06	1.658574248015e-09	-3.202809387812e-09	6.913865991976e-10
-1.049200000000e-06	1.593070652943e-09	-3.187728877931e-09	7.347608309849e-10
-1.049000000000e-06	1.500097724998e-09	-3.069672738511e-09	8.216070925222e-10
-1.048800000000e-06	1.671084280461e-09	-3.285416790799e-09	7.559814462657e-10
