-2.613600000000e-06	0.000000000000e+00	0.000000000000e+00	0.000000000000e+00
-2.613400000000e-06	0.000000000000e+00	0.000000000000e+00	0.000000000000e+00
-2.613200000000e-06	0.000000000000e+00	0.000000000000e+00	0.000000000000e+00
-2.613000000000e-06	0.000000000000e+00	0.000000000000e+00	0.000000000000e+00
-2.612800000000e-06	0.000000000000e+00	0.000000000000e+00	0.000000000000e+00
-2.612600000000e-06	0.000000000000e+00	0.000000000000e+00	0.000000000000e+00
-2.612400000000e-06	0.000000000000e+00	0.000000000000e+00	0.000000000000e+00
-2.612200000000e-06	0.000000000000e+00	0.000000000000e+00	0.000000000000e+00
-2.612000000000e-06	0.000000000000e+00	0.000000000000e+00	0.000000000000e+00
-2.611800000000e-06	0.000000000000e+00	0.000000000000e+00	0.000000000000e+00
-2.611600000000e-06	0.000000000000e+00	0.000000000000e+00	0.000000000000e+00
-2.611400000000e-06	0.000000000000e+00	0.000000000000e+00	0.000000000000e+00
-2.611200000000e-06	0.000000000000e+00	0.000000000000e+00	0.000000000000e+00
-2.611000000000e-06	0.000000000000e+00	0.000000000000e+00	0.000000000000e+00
-2.610800000000e-06	0.000000000000e+00	0.000000000000e+00	0.000000000000e+00
-2.610600000000e-06	0.000000000000e+00	0.000000000000e+00	0.000000000000e+00
-2.610400000000e-06	0.000000000000e+00	0.000000000000e+00	0.000000000000e+00
-2.610200000000e-06	0.000000000000e+00	0.000000000000e+00	0.000000000000e+00
-2.610000000000e-06	0.000000000000e+00	0.000000000000e+00	0.000000000000e+00
-2.609800000000e-06	0.000000000000e+00	0.000000000000e+00	0.000000000000e+00
-2.609600000000e-06	0.000000000000e+00	0.000000000000e+00	0.000000000000e+00
-2.609400000000e-06	0.000000000000e+00	0.000000000000e+00	0.000000000000e+00
-2.609200000000e-06	0.000000000000e+00	0.000000000000e+00	0.000000000000e+00
-2.609000000000e-06	0.000000000000e+00	0.000000000000e+00	0.000000000000e+00
-2.608800000000e-06	0.000000000000e+00	0.000000000000e+00	0.000000000000e+00
-2.608600000000e-06	0.000000000000e+00	0.000000000000e+00	0.000000000000e+00
-2.608400000000e-06	0.000000000000e+00	0.000000000000e+00	0.000000000000e+00
-2.608200000000e-06	0.000000000000e+00	0.000000000000e+00	0.000000000000e+00
-2.608000000000e-06	0.000000000000e+00	0.000000000000e+00	0.000000000000e+00
-2.607800000000e-06	0.000000000000e+00	0.000000000000e+00	0.000000000000e+00
-2.607600000000e-06	0.000000000000e+00	0.000000000000e+00	0.000000000000e+00
-2.607400000000e-06	0.000000000000e+00	0.000000000000e+00	0.000000000000e+00
-2.607200000000e-06	0.000000000000e+00	0.000000000000e+00	0.000000000000e+00
-2.607000000000e-06	0.000000000000e+00	0.000000000000e+00	0.000000000000e+00
-2.606800000000e-06	0.000000000000e+00	0.000000000000e+00	0.000000000000e+00
-2.606600000000e-06	0.000000000000e+00	0.000000000000e+00	0.000000000000e+00
-2.606400000000e-06	0.000000000000e+00	0.000000000000e+00	0.000000000000e+00
-2.606200000000e-06	0.000000000000e+00	0.000000000000e+00	0.000000000000e+00
-2.606000000000e-06	0.000000000000e+00	0.000000000000e+00	0.000000000000e+00
-2.605800000000e-06	0.000000000000e+00	0.000000000000e+00	0.000000000000e+00
-2.605600000000e-06	0.000000000000e+00	0.000000000000e+00	0.000000000000e+00
-2.605400000000e-06	0.000000000000e+00	0.000000000000e+00	0.000000000000e+00
-2.605200000000e-06	0.000000000000e+00	0.000000000000e+00	0.000000000000e+00
-2.605000000000e-06	0.000000000000e+00	0.000000000000e+00	0.000000000000e+00
-2.604800000000e-06	0.000000000000e+00	0.000000000000e+00	0.000000000000e+00
-2.604600000000e-06	0.000000000000e+00	0.000000000000e+00	0.000000000000e+00
-2.604400000000e-06	0.000000000000e+00	0.000000000000e+00	0.000000000000e+00
-2.604200000000e-06	0.000000000000e+00	0.000000000000e+00	0.000000000000e+00
-2.604000000000e-06	0.000000000000e+00	0.000000000000e+00	0.000000000000e+00
-2.603800000000e-06	0.000000000000e+00	0.000000000000e+00	0.000000000000e+00
-2.603600000000e-06	0.000000000000e+00	0.000000000000e+00	0.000000000000e+00
-2.603400000000e-06	0.000000000000e+00	0.000000000000e+00	0.000000000000e+00
-2.603200000000e-06	0.000000000000e+00	0.000000000000e+00	0.000000000000e+00
-2.603000000000e-06	0.000000000000e+00	0.000000000000e+00	0.000000000000e+00
-2.602800000000e-06	0.000000000000e+00	0.000000000000e+00	0.000000000000e+00
-2.602600000000e-06	0.000000000000e+00	0.000000000000e+00	0.000000000000e+00
-2.602400000000e-06	0.000000000000e+00	0.000000000000e+00	0.000000000000e+00
-2.602200000000e-06	0.000000000000e+00	0.000000000000e+00	0.000000000000e+00
-2.602000000000e-06	0.000000000000e+00	0.000000000000e+00	0.000000000000e+00
-2.601800000000e-06	0.000000000000e+00	0.000000000000e+00	0.000000000000e+00
-2.601600000000e-06	0.000000000000e+00	0.000000000000e+00	0.000000000000e+00
-2.601400000000e-06	0.000000000000e+00	0.000000000000e+00	0.000000000000e+00
-2.601200000000e-06	0.000000000000e+00	0.000000000000e+00	0.000000000000e+00
-2.601000000000e-06	0.000000000000e+00	0.000000000000e+00	0.000000000000e+00
-2.600800000000e-06	0.000000000000e+00	0.000000000000e+00	0.000000000000e+00
-2.600600000000e-06	0.000000000000e+00	0.000000000000e+00	0.000000000000e+00
-2.600400000000e-06	0.000000000000e+00	0.000000000000e+00	0.000000000000e+00
-2.600200000000e-06	0.000000000000e+00	0.000000000000e+00	0.000000000000e+00
-2.600000000000e-06	0.000000000000e+00	0.000000000000e+00	0.000000000000e+00
-2.599800000000e-06	4.417633889418e-15	2.056836714429e-15	-1.235118982582e-14
-2.599600000000e-06	-3.064456506111e-13	2.566016596522e-13	3.438261160974e-13
-2.599400000000e-06	3.169831516613e-13	-3.828693137255e-13	-2.006356429063e-13
-2.599200000000e-06	1.259745323232e-13	-5.777833929311e-14	-2.036911299956e-13
-2.599000000000e-06	3.122200028970e-14	5.438384062406e-14	-1.357726521206e-13
-2.598800000000e-06	-6.908764838344e-17	-1.797806721896e-13	2.422647690442e-13
-2.598600000000e-06	-1.781987692509e-13	3.073391209500e-13	-1.260289335052e-14
-2.598400000000e-06	-4.664004692853e-13	1.182744575541e-13	8.873598340277e-13
-2.598200000000e-06	9.873713593260e-12	-1.310724519437e-11	-5.114606333966e-12
-2.598000000000e-06	-4.228576136274e-12	8.516711387285e-12	-1.515117766647e-12
-2.597800000000e-06	-4.577170551213e-13	-1.144442789323e-13	1.161048776356e-12
-2.597600000000e-06	-8.325918354118e-13	1.169871091269e-12	3.098628734173e-13
-2.597400000000e-06	-1.956772551708e-12	-7.136186802074e-12	1.334041066951e-11
-2.597200000000e-06	-7.439457425675e-13	3.891313214190e-12	-3.326756910774e-12
-2.597000000000e-06	2.249835762144e-12	2.869911271230e-12	-8.662293200720e-12
-2.596800000000e-06	-5.262329157215e-12	6.409550914664e-12	3.247470774658e-12
-2.596600000000e-06	9.047263167413e-13	7.920571285260e-13	-3.148327786078e-12
-2.596400000000e-06	-1.795406830139e-11	2.726108397335e-11	3.939063906526e-12
-2.596200000000e-06	4.796659127692e-12	-1.104555823448e-11	4.021107376551e-12
-2.596000000000e-06	1.015669809712e-11	-2.063903347490e-12	-1.984246873466e-11
-2.595800000000e-06	-4.541870403032e-12	1.064215985968e-12	7.810635966852e-12
-2.595600000000e-06	-7.362706058211e-12	3.516287105071e-12	1.210903231486e-11
-2.595400000000e-06	-9.400332024375e-12	1.822114719312e-11	-3.586774261951e-12
-2.595200000000e-06	-4.247249036994e-12	2.481963617011e-11	-2.184851890770e-11
-2.595000000000e-06	-5.752551568901e-12	2.501430928866e-11	-1.619568525067e-11
-2.594800000000e-06	-2.579416460593e-11	5.466727305969e-11	-1.385652581954e-11
-2.594600000000e-06	-6.972383380613e-11	1.243164376088e-10	-7.764516265188e-12
-2.594400000000e-06	-8.334674875649e-11	1.202533026008e-10	2.654438362645e-11
-2.594200000000e-06	-1.108965902418e-10	2.662588553834e-10	-9.692351122096e-11
-2.594000000000e-06	-2.519331093967e-10	5.456558755666e-10	-1.482064166322e-10
-2.593800000000e-06	-5.833876769090e-10	1.237615605939e-09	-3.071689741687e-10
-2.593600000000e-06	-1.544257844497e-09	2.865836604061e-09	-2.876504519189e-10
-2.593400000000e-06	-3.807807830250e-09	6.683930649621e-09	-2.196932523587e-10
-2.593200000000e-06	-1.003221045434e-08	1.768950017427e-08	-6.655768209554e-10
-2.593000000000e-06	-1.223495456254e-08	2.561227174386e-08	-5.946474021420e-09
-2.592800000000e-06	-1.307297093162e-08	2.723439414413e-08	-6.162408993304e-09
-2.592600000000e-06	-1.324231624302e-08	2.722700800921e-08	-5.760260345907e-09
-2.592400000000e-06	-1.366802532605e-08	2.840427894727e-08	-6.305211322744e-09
-2.592200000000e-06	-1.321016339959e-08	2.708134806020e-08	-5.603220659859e-09
-2.592000000000e-06	-1.375187013532e-08	2.833161520294e-08	-5.988160246310e-09
-2.591800000000e-06	-1.401413764934e-08	2.964126885672e-08	-7.043617729426e-09
-2.591600000000e-06	-1.491247638297e-08	3.036017509545e-08	-5.952440515649e-09
-2.591400000000e-06	-1.368497269481e-08	2.909622405046e-08	-6.982979741619e-09
-2.591200000000e-06	-1.413158447528e-08	2.792345658822e-08	-4.525890674376e-09
-2.591000000000e-06	-1.347875207002e-08	2.852869876354e-08	-6.692232198050e-09
-2.590800000000e-06	-1.329805244554e-08	2.713705820569e-08	-5.333343569055e-09
-2.590600000000e-06	-1.421422149314e-08	2.829008931055e-08	-4.790292335315e-09
-2.590400000000e-06	-1.383754992976e-08	2.892848593679e-08	-6.422243581149e-09
-2.590200000000e-06	-1.501180270951e-08	3.201177013527e-08	-7.795895272039e-09
-2.590000000000e-06	-1.649053970843e-08	3.370282676186e-08	-6.774131652510e-09
-2.589800000000e-06	-7.568190751841e-09	2.207535890985e-08	-1.143956363483e-08
-2.589600000000e-06	-2.876463272047e-09	6.399398042249e-09	-1.731459766345e-09
-2.589400000000e-06	-3.527149358159e-09	7.300997120658e-09	-1.451275560219e-09
-2.589200000000e-06	-3.691334240907e-09	7.278314950309e-09	-1.072424748627e-09
-2.589000000000e-06	-2.852341472277e-09	5.722706083713e-09	-9.309497929813e-10
-2.588800000000e-06	-2.238390377600e-09	4.639905326768e-09	-9.046094491491e-10
-2.588600000000e-06	-2.246640909034e-09	4.307152498599e-09	-4.688927500960e-10
-2.588400000000e-06	-1.552311848595e-09	3.958301163268e-09	-1.526236382721e-09
-2.588200000000e-06	-1.165919612590e-09	2.613957127651e-09	-6.856115857979e-10
-2.588000000000e-06	-2.371174898161e-09	4.066190168423e-09	9.919107043488e-11
-2.587800000000e-06	-1.056511642488e-09	2.230586910908e-09	-4.463024177544e-10
-2.587600000000e-06	-1.560963151718e-09	2.950319074039e-09	-2.873341141005e-10
-2.587400000000e-06	-1.726642868563e-09	3.324337486161e-09	-3.887035942651e-10
-2.587200000000e-06	-2.452201287372e-09	5.131082580197e-09	-1.106536368860e-09
-2.587000000000e-06	-3.144502650658e-09	6.552138314541e-09	-1.428246730991e-09
-2.586800000000e-06	-5.673493853258e-09	1.161762836587e-08	-2.337834917500e-09
-2.586600000000e-06	-9.118022806008e-09	2.003910567930e-08	-5.526356671659e-09
-2.586400000000e-06	-1.816572957236e-08	3.621579723024e-08	-6.394034616493e-09
-2.586200000000e-06	-3.299729096780e-08	6.840429366686e-08	-1.494222648003e-08
-2.586000000000e-06	-7.153180432076e-08	1.398833469412e-07	-2.188115615069e-08
-2.585800000000e-06	-1.770241487238e-07	3.091275761691e-07	-7.198110433711e-09
-2.585600000000e-06	-5.274150550521e-07	7.874996480563e-07	1.479212004196e-07
-2.585400000000e-06	-5.056045397202e-07	1.314898966374e-06	-5.689050039911e-07
-2.585200000000e-06	-1.580991569664e-07	3.883096007777e-07	-1.449125918785e-07
-2.585000000000e-06	-8.741029571558e-08	2.049297666527e-07	-6.690585364302e-08
-2.584800000000e-06	-5.796625887330e-08	1.324784161614e-07	-3.951422970849e-08
-2.584600000000e-06	-3.359443500922e-08	7.704820912904e-08	-2.271035001457e-08
-2.584400000000e-06	-2.481538860451e-08	5.513468730398e-08	-1.434763649146e-08
-2.584200000000e-06	-1.678596113254e-08	3.881033548032e-08	-1.129668962530e-08
-2.584000000000e-06	-7.073279655748e-09	1.954002199112e-08	-8.293907222865e-09
-2.583800000000e-06	-4.704074008033e-09	1.013396990831e-08	-1.709498564185e-09
-2.583600000000e-06	-4.771686735867e-09	9.261180649345e-09	-5.423279857467e-10
-2.583400000000e-06	-9.641237229930e-10	3.280196233150e-09	-1.358680293753e-09
-2.583200000000e-06	-2.926789872288e-10	-3.812512900483e-10	1.748652582881e-09
-2.583000000000e-06	9.175286879172e-10	-2.344987426183e-09	1.526118661773e-09
-2.582800000000e-06	2.586640393299e-09	-7.004306401679e-09	3.713748229962e-09
-2.582600000000e-06	3.467414017169e-09	-8.252855983647e-09	3.322252302730e-09
-2.582400000000e-06	3.999344849140e-09	-5.716816969466e-09	-9.630783599365e-10
-2.582200000000e-06	3.185278388540e-09	-8.980600732731e-09	4.717867230828e-09
-2.582000000000e-06	6.060956896118e-09	-1.195867843281e-08	2.337884215805e-09
-2.581800000000e-06	4.183916124175e-09	-1.102522913728e-08	5.139404802297e-09
-2.581600000000e-06	6.341939274574e-09	-1.359976021338e-08	3.676972340841e-09
-2.581400000000e-06	5.395707242980e-09	-1.123438981130e-08	2.722918141264e-09
-2.581200000000e-06	5.086900584612e-09	-1.238221256235e-08	4.799524963782e-09
-2.581000000000e-06	6.319527313175e-09	-1.238009675075e-08	2.164703045035e-09
-2.580800000000e-06	6.088773707113e-09	-1.389563878290e-08	4.468911296605e-09
-2.580600000000e-06	5.152933156876e-09	-1.315059385059e-08	5.571760659323e-09
-2.580400000000e-06	5.829066891686e-09	-1.070316341751e-08	1.090179075576e-09
-2.580200000000e-06	5.008057620896e-09	-1.213894625346e-08	4.631617070820e-09
-2.580000000000e-06	5.062343516072e-09	-1.167844566955e-08	3.942774379962e-09
-2.579800000000e-06	6.621367792420e-09	-1.319955285711e-08	2.474082973412e-09
-2.579600000000e-06	4.821850308647e-09	-1.120703552305e-08	3.873733771590e-09
-2.579400000000e-06	6.573350005744e-09	-1.216202195684e-08	1.262143837918e-09
-2.579200000000e-06	6.645566055403e-09	-1.356180279355e-08	2.766738685257e-09
-2.579000000000e-06	5.445802982742e-09	-1.180504853590e-08	3.211965816259e-09
-2.578800000000e-06	5.931724010252e-09	-1.239081359190e-08	2.914346012468e-09
-2.578600000000e-06	6.723435214874e-09	-1.321916150589e-08	2.217836863648e-09
-2.578400000000e-06	6.420055442518e-09	-1.316205224396e-08	2.805908109215e-09
-2.578200000000e-06	5.285548183554e-09	-1.094819556733e-08	2.484215119855e-09
-2.578000000000e-06	5.296054777200e-09	-1.240769482467e-08	4.258872858741e-09
-2.577800000000e-06	4.942363042206e-09	-1.082527110648e-08	3.068000648277e-09
-2.577600000000e-06	5.073981597140e-09	-1.012273405283e-08	1.895922531143e-09
-2.577400000000e-06	6.895133892349e-09	-1.328145114836e-08	1.878348632940e-09
-2.577200000000e-06	4.425650586003e-09	-1.030099003155e-08	3.477137777872e-09
-2.577000000000e-06	6.088025312682e-09	-1.147503452428e-08	1.345995998428e-09
-2.576800000000e-06	5.696464623317e-09	-1.133229640664e-08	2.044362301347e-09
-2.576600000000e-06	5.489308364252e-09	-1.157806940453e-08	2.819011145591e-09
-2.576400000000e-06	4.822249240830e-09	-1.055458293123e-08	2.928071199181e-09
-2.576200000000e-06	5.240845285046e-09	-1.097711318395e-08	2.590137802447e-09
-2.576000000000e-06	5.994560795838e-09	-1.167645589325e-08	1.814703591129e-09
-2.575800000000e-06	5.677820004788e-09	-1.139822625853e-08	2.144103988558e-09
-2.575600000000e-06	4.243759906611e-09	-9.568812342185e-09	2.979089977612e-09
-2.575400000000e-06	4.785031751024e-09	-1.064134469213e-08	3.171241222413e-09
-2.575200000000e-06	4.688093545438e-09	-9.504447743866e-09	1.890645641430e-09
-2.575000000000e-06	4.959717386740e-09	-1.027056650234e-08	2.257450301614e-09
-2.574800000000e-06	5.278883860069e-09	-1.109488073654e-08	2.609705012393e-09
-2.574600000000e-06	5.353534417628e-09	-1.032656018508e-08	1.493776284735e-09
-2.574400000000e-06	5.299886011834e-09	-1.054916597475e-08	1.900730962374e-09
-2.574200000000e-06	5.136022224509e-09	-1.054626987162e-08	2.226433734398e-09
-2.574000000000e-06	5.818594641471e-09	-1.132582313946e-08	1.755761635138e-09
-2.573800000000e-06	4.963478029316e-09	-1.085035757214e-08	2.977558737245e-09
-2.573600000000e-06	5.159176007492e-09	-1.017955606535e-08	1.705252438868e-09
-2.573400000000e-06	4.185546440601e-09	-8.606245000147e-09	1.909135295941e-09
-2.573200000000e-06	4.581848067708e-09	-9.338400267276e-09	1.910103576503e-09
-2.573000000000e-06	5.328897506469e-09	-1.013290657351e-08	1.291222331942e-09
-2.572800000000e-06	4.489754297359e-09	-9.172214951681e-09	1.909930536105e-09
-2.572600000000e-06	5.006297272512e-09	-9.089871406074e-09	7.007445898993e-10
-2.572400000000e-06	4.540686334165e-09	-1.010505814264e-08	2.911660940672e-09
-2.572200000000e-06	4.517549295313e-09	-9.074433437045e-09	1.729129774503e-09
-2.572000000000e-06	4.824409715878e-09	-9.520569593005e-09	1.644622346777e-09
-2.571800000000e-06	4.690937727703e-09	-9.774115648172e-09	2.216111130638e-09
-2.571600000000e-06	3.967832762051e-09	-9.334255702109e-09	3.192408675318e-09
-2.571400000000e-06	4.738039214491e-09	-9.789399809065e-09	2.115298377600e-09
-2.571200000000e-06	4.812327788555e-09	-9.535386513225e-09	1.607233455271e-09
-2.571000000000e-06	4.054766173769e-09	-8.930026025729e-09	2.512682903137e-09
-2.570800000000e-06	4.221895778822e-09	-8.704075290317e-09	1.866886126318e-09
-2.570600000000e-06	4.150248139473e-09	-8.463817688243e-09	1.763965150681e-09
-2.570400000000e-06	4.893770274605e-09	-9.363733089889e-09	1.263297079794e-09
-2.570200000000e-06	4.920140412286e-09	-9.787834205905e-09	1.721563322686e-09
-2.570000000000e-06	4.385943087039e-09	-8.847781880511e-09	1.728151320414e-09
-2.569800000000e-06	4.225739775425e-09	-8.735231841475e-09	1.920514063396e-09
-2.569600000000e-06	4.981746440259e-09	-9.196405612475e-09	8.535309376138e-10
-2.569400000000e-06	4.198806883463e-09	-8.899501212999e-09	2.163897225162e-09
-2.569200000000e-06	4.433902137226e-09	-9.236053412313e-09	2.083541987018e-09
-2.569000000000e-06	4.495919227486e-09	-8.559364503735e-09	1.151833086585e-09
-2.568800000000e-06	4.247193177724e-09	-9.273451453307e-09	2.520850883676e-09
-2.568600000000e-06	4.583027452076e-09	-9.864243451883e-09	2.510714867252e-09
-2.568400000000e-06	4.115205744414e-09	-8.275832560526e-09	1.568948609027e-09
-2.568200000000e-06	4.165056287284e-09	-8.775255841567e-09	2.093445081856e-09
-2.568000000000e-06	4.957253133119e-09	-9.102010705934e-09	7.875144076222e-10
-2.567800000000e-06	4.603553935899e-09	-8.791676684957e-09	1.184370049367e-09
-2.567600000000e-06	3.297834582032e-09	-7.891150227055e-09	2.452613171614e-09
-2.567400000000e-06	4.749717280977e-09	-8.966098823165e-09	1.074168588480e-09
-2.567200000000e-06	4.484356994606e-09	-8.987684874238e-09	1.653060918612e-09
-2.567000000000e-06	4.611298817709e-09	-8.597807135982e-09	9.279150817137e-10
-2.566800000000e-06	3.920762568252e-09	-8.939779723357e-09	2.772739018241e-09
-2.566600000000e-06	4.300720328630e-09	-8.613671206054e-09	1.586637173561e-09
-2.566400000000e-06	3.686290127033e-09	-8.066451680671e-09	2.195860421759e-09
-2.566200000000e-06	4.679077025041e-09	-9.620509177832e-09	2.026135089431e-09
-2.566000000000e-06	4.118315320295e-09	-8.020007748234e-09	1.297569233208e-09
-2.565800000000e-06	4.810073189703e-09	-8.930735736398e-09	8.904722018279e-10
-2.565600000000e-06	3.935435093119e-09	-7.885169009575e-09	1.477668616240e-09
-2.565400000000e-06	3.716669327468e-09	-7.448636931520e-09	1.378795876968e-09
-2.565200000000e-06	4.321553359196e-09	-8.563018143175e-09	1.488249699242e-09
-2.565000000000e-06	4.412451517780e-09	-8.354887156783e-09	1.016418385448e-09
-2.564800000000e-06	3.959621419427e-09	-7.885718626140e-09	1.407782218982e-09
-2.564600000000e-06	3.336410640270e-09	-7.265180801236e-09	1.966126985929e-09
-2.564400000000e-06	3.778446461824e-09	-7.861411620659e-09	1.796982648058e-09
-2.564200000000e-06	3.696971997756e-09	-7.552909843357e-09	1.596870821017e-09
-2.564000000000e-06	4.283856025389e-09	-8.129379259681e-09	1.003216787976e-09
-2.563800000000e-06	4.368403188559e-09	-8.877983822221e-09	1.760816959451e-09
-2.563600000000e-06	3.630661246973e-09	-7.853753872322e-09	2.068987026663e-09
-2.563400000000e-06	3.363253333385e-09	-7.150582543686e-09	1.758867101131e-09
-2.563200000000e-06	3.506686449770e-09	-7.142173021362e-09	1.464238746106e-09
-2.563000000000e-06	4.050526735132e-09	-7.795057066803e-09	1.148384392841e-09
-2.562800000000e-06	4.095525054847e-09	-8.389172557012e-09	1.693505851292e-09
-2.562600000000e-06	4.145278957046e-09	-7.860268651652e-09	9.698755859784e-10
-2.562400000000e-06	3.644474819078e-09	-7.973108512644e-09	2.205167676779e-09
-2.562200000000e-06	3.536720126454e-09	-7.709712742301e-09	2.042971078138e-09
-2.562000000000e-06	3.627683351725e-09	-7.527224302531e-09	1.696835548633e-09
-2.561800000000e-06	4.364339183102e-09	-7.615646789526e-09	1.987161682715e-10
-2.561600000000e-06	4.226510859232e-09	-8.352264955711e-09	1.410385959831e-09
-2.561400000000e-06	3.678674480003e-09	-7.070638462868e-09	9.980249501008e-10
-2.561200000000e-06	4.182387384281e-09	-7.756419492506e-09	7.822159080238e-10
-2.561000000000e-06	3.660764969798e-09	-7.529509711102e-09	1.599119023112e-09
-2.560800000000e-06	3.211727253637e-09	-7.575529008231e-09	2.609260833237e-09
-2.560600000000e-06	3.724339944549e-09	-7.847473045450e-09	1.856376957065e-09
-2.560400000000e-06	4.081203560953e-09	-7.538163128711e-09	7.286480929312e-10
-2.560200000000e-06	3.889462404628e-09	-8.229269815528e-09	2.044716012593e-09
-2.560000000000e-06	3.160302546619e-09	-6.104931721471e-09	9.245986503380e-10
-2.559800000000e-06	3.409022556314e-09	-7.639514028388e-09	2.292075172048e-09
-2.559600000000e-06	4.266905955255e-09	-7.739137809155e-09	5.792787715811e-10
-2.559400000000e-06	3.599532630441e-09	-7.402543322194e-09	1.611191535831e-09
-2.559200000000e-06	3.586047249633e-09	-7.166540676002e-09	1.307610568898e-09
-2.559000000000e-06	3.496860462875e-09	-6.872731600952e-09	1.163364875989e-09
-2.558800000000e-06	3.728169843502e-09	-7.765517995774e-09	1.726929179197e-09
-2.558600000000e-06	3.021895726122e-09	-6.370083455458e-09	1.452872543432e-09
-2.558400000000e-06	3.511997913693e-09	-6.674367768890e-09	8.858323762194e-10
-2.558200000000e-06	3.777509008003e-09	-7.514897232486e-09	1.317727450521e-09
-2.558000000000e-06	3.211830074394e-09	-7.481735418490e-09	2.462600028777e-09
-2.557800000000e-06	3.885220050907e-09	-7.620102081572e-09	1.259134985193e-09
-2.557600000000e-06	3.513707223645e-09	-7.062720666230e-09	1.319103341013e-09
-2.557400000000e-06	3.609504198858e-09	-7.043459641636e-09	1.091357888514e-09
-2.557200000000e-06	3.483221844372e-09	-7.177631669314e-09	1.533805894375e-09
-2.557000000000e-06	3.360423631069e-09	-6.841856650571e-09	1.386639300870e-09
-2.556800000000e-06	3.751860757393e-09	-7.614849464904e-09	1.521977922046e-09
-2.556600000000e-06	3.308996280161e-09	-7.101928361186e-09	1.778331667447e-09
-2.556400000000e-06	3.880346158037e-09	-7.744878688236e-09	1.402114680989e-09
-2.556200000000e-06	3.840898689878e-09	-7.297823264335e-09	9.315033958027e-10
-2.556000000000e-06	3.461695813315e-09	-7.168428147880e-09	1.593272407732e-09
-2.555800000000e-06	3.327210173041e-09	-6.983270837138e-09	1.615032746522e-09
-2.555600000000e-06	3.325472340689e-09	-7.207955249078e-09	1.946216306314e-09
-2.555400000000e-06	2.988808606118e-09	-6.390555346429e-09	1.659942923827e-09
-2.555200000000e-06	3.513694269043e-09	-7.127888310721e-09	1.357982447051e-09
-2.555000000000e-06	3.486041420095e-09	-7.340408012495e-09	1.734530388652e-09
-2.554800000000e-06	3.770214585771e-09	-7.517310620090e-09	1.330258653488e-09
-2.554600000000e-06	3.022549625430e-09	-6.246121668159e-09	1.382501774538e-09
-2.554400000000e-06	3.327920403006e-09	-6.784650832037e-09	1.405972484495e-09
-2.554200000000e-06	3.408695145822e-09	-6.745412351501e-09	1.136342890490e-09
-2.554000000000e-06	3.621677749255e-09	-6.851218799069e-09	1.096307295080e-09
-2.553800000000e-06	3.214060176938e-09	-6.393006817777e-09	1.146728393601e-09
-2.553600000000e-06	3.585676280454e-09	-6.889348506171e-09	9.434383266739e-10
-2.553400000000e-06	3.352881266611e-09	-6.776164430336e-09	1.341303147458e-09
-2.553200000000e-06	3.298099502539e-09	-6.796486682704e-09	1.446899979061e-09
-2.553000000000e-06	3.336536878762e-09	-6.745054917168e-09	1.300756197686e-09
-2.552800000000e-06	3.400927162763e-09	-6.827016621866e-09	1.283737698209e-09
-2.552600000000e-06	3.226587400119e-09	-6.601728916861e-09	1.384070302740e-09
-2.552400000000e-06	3.227987503357e-09	-6.611642457121e-09	1.386047385892e-09
-2.552200000000e-06	3.079982094047e-09	-6.195157477155e-09	1.210753545643e-09
-2.552000000000e-06	3.349817001023e-09	-6.684331796174e-09	1.204246011784e-09
-2.551800000000e-06	3.236396743821e-09	-6.728790891198e-09	1.521393154141e-09
-2.551600000000e-06	3.538685850353e-09	-7.042118195121e-09	1.239755882694e-09
-2.551400000000e-06	3.293087604592e-09	-6.610851609162e-09	1.238767043250e-09
-2.551200000000e-06	3.044478027280e-09	-6.445150628780e-09	1.578748601616e-09
-2.551000000000e-06	3.448402845453e-09	-6.355960648073e-09	6.034985938654e-10
-2.550800000000e-06	3.218902936970e-09	-6.488555789101e-09	1.242586325151e-09
-2.550600000000e-06	3.456193692078e-09	-7.109508882988e-09	1.477844787280e-09
-2.550400000000e-06	3.146095163656e-09	-6.386061048133e-09	1.310657159517e-09
-2.550200000000e-06	3.049642037554e-09	-6.677002147897e-09	1.836357255581e-09
-2.550000000000e-06	2.888342071519e-09	-6.201708572636e-09	1.597823166498e-09
-2.549800000000e-06	2.948978296344e-09	-6.110134134699e-09	1.398260508124e-09
-2.549600000000e-06	3.286424343754e-09	-6.157949793120e-09	6.693819204987e-10
-2.549400000000e-06	3.047724627436e-09	-6.457336840658e-09	1.554397887140e-09
-2.549200000000e-06	2.992249492617e-09	-6.295428599250e-09	1.500956870966e-09
-2.549000000000e-06	2.943423613704e-09	-6.074832423049e-09	1.343201726023e-09
-2.548800000000e-06	3.145004437720e-09	-6.221282375017e-09	1.059251361870e-09
-2.548600000000e-06	3.327200911998e-09	-6.775826307652e-09	1.332788762973e-09
-2.548400000000e-06	3.195233449931e-09	-6.112108012097e-09	8.506107800945e-10
-2.548200000000e-06	3.037469539370e-09	-6.725700986228e-09	1.897369483109e-09
-2.548000000000e-06	2.944473927310e-09	-6.320518102670e-09	1.626276529057e-09
-2.547800000000e-06	2.844175910764e-09	-6.125418060084e-09	1.587892678055e-09
-2.547600000000e-06	3.031493000170e-09	-6.301706834668e-09	1.443335330016e-09
-2.547400000000e-06	3.058479512030e-09	-6.162163637047e-09	1.179243111604e-09
-2.547200000000e-06	2.774950401431e-09	-6.169550353272e-09	1.778271389602e-09
-2.547000000000e-06	3.274190597162e-09	-6.455384170107e-09	1.078020477826e-09
-2.546800000000e-06	2.965187689260e-09	-6.469206932069e-09	1.743230628538e-09
-2.546600000000e-06	2.935892840272e-09	-6.118660325887e-09	1.365587960673e-09
-2.546400000000e-06	3.240458049648e-09	-6.193758405335e-09	8.426429451435e-10
-2.546200000000e-06	2.850484444784e-09	-6.189175886162e-09	1.653732443127e-09
-2.546000000000e-06	2.900746013618e-09	-6.186266277073e-09	1.563893330887e-09
-2.545800000000e-06	2.902425523822e-09	-5.953360193502e-09	1.269114616480e-09
-2.545600000000e-06	3.047396963187e-09	-6.025543527146e-09	8.860879584899e-10
-2.545400000000e-06	2.933278300681e-09	-6.176702869906e-09	1.448485731162e-09
-2.545200000000e-06	2.919379368252e-09	-5.763203787816e-09	9.765150143380e-10
-2.545000000000e-06	2.955431449597e-09	-6.123300237979e-09	1.359645914019e-09
-2.544800000000e-06	3.021337347332e-09	-6.185948001047e-09	1.287973098026e-09
-2.544600000000e-06	2.768168840662e-09	-5.584111856636e-09	1.089127257443e-09
-2.544400000000e-06	2.717149726245e-09	-5.930846690513e-09	1.613799281903e-09
-2.544200000000e-06	2.774966445291e-09	-5.869765579899e-09	1.418628475339e-09
-2.544000000000e-06	2.804865567410e-09	-5.542836261460e-09	9.848471737065e-10
-2.543800000000e-06	3.042465491650e-09	-5.989732191072e-09	1.029765550803e-09
-2.543600000000e-06	2.860265650553e-09	-5.854947019091e-09	1.236294730581e-09
-2.543400000000e-06	2.745097434923e-09	-5.860056564291e-09	1.564332579858e-09
-2.543200000000e-06	2.673140515194e-09	-5.863767437730e-09	1.630187257733e-09
-2.543000000000e-06	2.966619055309e-09	-5.948614834112e-09	1.128445142595e-09
-2.542800000000e-06	2.950025463604e-09	-6.091319048492e-09	1.334293776899e-09
-2.542600000000e-06	2.666896249749e-09	-5.476352434431e-09	1.174518808301e-09
-2.542400000000e-06	2.776777846312e-09	-5.756564472758e-09	1.277405803599e-09
-2.542200000000e-06	2.649277760658e-09	-5.467519232026e-09	1.237204945897e-09
-2.542000000000e-06	2.844321731039e-09	-5.457861762743e-09	7.525715481062e-10
-2.541800000000e-06	2.875957985519e-09	-6.103517209593e-09	1.522029534585e-09
-2.541600000000e-06	2.539526001440e-09	-5.686509277549e-09	1.695472600929e-09
-2.541400000000e-06	2.915872248286e-09	-5.913846245179e-09	1.133186450341e-09
-2.541200000000e-06	2.837792693108e-09	-5.533418018192e-09	9.142120061848e-10
-2.541000000000e-06	2.928755977589e-09	-5.917123715235e-09	1.167798990865e-09
-2.540800000000e-06	2.759952103677e-09	-5.711889035584e-09	1.262986397887e-09
-2.540600000000e-06	2.631505889567e-09	-5.591567169437e-09	1.382852207604e-09
-2.540400000000e-06	3.024100779007e-09	-5.756988384080e-09	7.584056618321e-10
-2.540200000000e-06	2.785793666793e-09	-5.605603250067e-09	1.115856076376e-09
-2.540000000000e-06	2.679947491521e-09	-5.595922903864e-09	1.270783799989e-09
-2.539800000000e-06	2.688318458899e-09	-5.777935893986e-09	1.502894166751e-09
-2.539600000000e-06	2.880191973869e-09	-5.858938989135e-09	1.144361482199e-09
-2.539400000000e-06	2.567750637821e-09	-5.352082142827e-09	1.237909464633e-09
-2.539200000000e-06	2.674280225301e-09	-5.519932869796e-09	1.238713279281e-09
-2.539000000000e-06	2.755905405690e-09	-5.563226057481e-09	1.089071732552e-09
-2.538800000000e-06	2.608040506800e-09	-5.062200603607e-09	7.948007111394e-10
-2.538600000000e-06	2.766466540188e-09	-5.469133222231e-09	9.350840629177e-10
-2.538400000000e-06	2.618514949899e-09	-5.463912057988e-09	1.278911815527e-09
-2.538200000000e-06	2.669929952497e-09	-5.420441406156e-09	1.068808657488e-09
-2.538000000000e-06	2.649233984016e-09	-5.434250554208e-09	1.148603598663e-09
-2.537800000000e-06	2.682287084734e-09	-5.734289416327e-09	1.482722156702e-09
-2.537600000000e-06	2.580453729160e-09	-5.358686180010e-09	1.241975849589e-09
-2.537400000000e-06	2.506546913145e-09	-5.186445059174e-09	1.110260585755e-09
-2.537200000000e-06	2.463817492682e-09	-5.204990928928e-09	1.224801662270e-09
-2.537000000000e-06	2.844360998147e-09	-5.819106452505e-09	1.191655241567e-09
-2.536800000000e-06	2.583232587435e-09	-5.278954645458e-09	1.088513184232e-09
-2.536600000000e-06	2.722323483863e-09	-5.665077038439e-09	1.266147870769e-09
-2.536400000000e-06	2.663157375691e-09	-5.422057019222e-09	1.087548788030e-09
-2.536200000000e-06	2.580757633593e-09	-5.137659005106e-09	9.462589494376e-10
-2.536000000000e-06	2.451378440166e-09	-5.255869771158e-09	1.356525289861e-09
-2.535800000000e-06	2.638334102649e-09	-5.585303784458e-09	1.315903249612e-09
-2.535600000000e-06	2.871622122776e-09	-5.544468672181e-09	8.180847872481e-10
-2.535400000000e-06	2.407525161302e-09	-5.328677135216e-09	1.551575656252e-09
-2.535200000000e-06	2.613769001183e-09	-5.092188550621e-09	7.418732432712e-10
-2.535000000000e-06	2.592351411229e-09	-5.323524421660e-09	1.125717419813e-09
-2.534800000000e-06	2.723814097163e-09	-5.203490110611e-09	6.804461841405e-10
-2.534600000000e-06	2.522247597913e-09	-5.180499986643e-09	1.109083978822e-09
-2.534400000000e-06	2.513247358221e-09	-5.142464163895e-09	1.067532304958e-09
-2.534200000000e-06	2.615532230872e-09	-5.383047532584e-09	1.147940086630e-09
-2.534000000000e-06	2.185254306003e-09	-4.824471836170e-09	1.396985562598e-09
-2.533800000000e-06	2.429388997264e-09	-5.179512123031e-09	1.331901862555e-09
-2.533600000000e-06	2.356889081950e-09	-5.069731874244e-09	1.338164966176e-09
-2.533400000000e-06	2.609719438171e-09	-5.222838625570e-09	9.538602272422e-10
-2.533200000000e-06	2.514342365063e-09	-5.157180367831e-09	1.055399445733e-09
-2.533000000000e-06	2.754883122325e-09	-5.314194315292e-09	8.126609396154e-10
-2.532800000000e-06	2.367454829259e-09	-5.026073951829e-09	1.242084937697e-09
-2.532600000000e-06	2.542017340826e-09	-5.118939827112e-09	9.704869046023e-10
-2.532400000000e-06	2.345684982803e-09	-4.887623076486e-09	1.138351252683e-09
-2.532200000000e-06	2.391250227950e-09	-4.988428419413e-09	1.112255066303e-09
-2.532000000000e-06	2.607011609170e-09	-5.327704699667e-09	1.075711176180e-09
-2.531800000000e-06	2.286036998672e-09	-4.999307515456e-09	1.368210761807e-09
-2.531600000000e-06	2.603495370038e-09	-5.192901440617e-09	9.485221367875e-10
-2.531400000000e-06	2.424882906285e-09	-5.136564047501e-09	1.285372241915e-09
-2.531200000000e-06	2.547613394939e-09	-5.195984528124e-09	1.046898785587e-09
-2.531000000000e-06	2.520552613963e-09	-4.945029952345e-09	8.125156556103e-10
-2.530800000000e-06	2.638967285383e-09	-5.134791670730e-09	8.024408047628e-10
-2.530600000000e-06	2.368963638528e-09	-5.043072351354e-09	1.262072425679e-09
-2.530400000000e-06	2.316840890951e-09	-4.730248817720e-09	1.047931957086e-09
-2.530200000000e-06	2.305644284044e-09	-4.526701314976e-09	7.449117809633e-10
-2.530000000000e-06	2.321375874976e-09	-5.037040514625e-09	1.327478151480e-09
-2.529800000000e-06	2.397564317723e-09	-4.915406632878e-09	1.011554626833e-09
-2.529600000000e-06	2.203827519608e-09	-4.914478401745e-09	1.443154657055e-09
-2.529400000000e-06	2.415416367100e-09	-4.949025329065e-09	1.034168430883e-09
-2.529200000000e-06	2.377469229518e-09	-4.903405364161e-09	1.066690626545e-09
-2.529000000000e-06	2.358275304800e-09	-4.829076948217e-09	1.015362137723e-09
-2.528800000000e-06	2.375688344813e-09	-4.956696036085e-09	1.119958344666e-09
-2.528600000000e-06	2.291104854532e-09	-5.063324311851e-09	1.442181787831e-09
-2.528400000000e-06	2.210820300522e-09	-4.374717736406e-09	8.140668532976e-10
-2.528200000000e-06	2.394788712663e-09	-4.833557755694e-09	9.192085552315e-10
-2.528000000000e-06	2.389018771721e-09	-4.839475106851e-09	9.790091149482e-10
-2.527800000000e-06	2.371388409120e-09	-4.773975710772e-09	9.512189614945e-10
-2.527600000000e-06	2.396249264444e-09	-4.904258441743e-09	1.022842765827e-09
-2.527400000000e-06	2.425618284911e-09	-4.925651265745e-09	9.937297177629e-10
-2.527200000000e-06	2.367960581214e-09	-4.910383561397e-09	1.082887177859e-09
-2.527000000000e-06	2.458276522918e-09	-4.673466610729e-09	6.085585018078e-10
-2.526800000000e-06	2.239290748725e-09	-4.962417296632e-09	1.433184043537e-09
-2.526600000000e-06	2.301838487845e-09	-4.719205820515e-09	1.001490705142e-09
-2.526400000000e-06	2.473049674614e-09	-4.641183053607e-09	5.727201200971e-10
-2.526200000000e-06	2.205644680794e-09	-4.627947343747e-09	1.064621415123e-09
-2.526000000000e-06	2.193652976364e-09	-4.638842436846e-09	1.147319563418e-09
-2.525800000000e-06	2.197111695226e-09	-4.671165693322e-09	1.175387143647e-09
-2.525600000000e-06	2.246664415740e-09	-4.731053447992e-09	1.115349867239e-09
-2.525400000000e-06	2.246218148576e-09	-4.554657314866e-09	9.412211420860e-10
-2.525200000000e-06	2.257407920024e-09	-4.801410733540e-09	1.178849181529e-09
-2.525000000000e-06	2.237815514500e-09	-4.344679348531e-09	6.934379679987e-10
-2.524800000000e-06	2.389720973278e-09	-4.889121430458e-09	1.040177771379e-09
-2.524600000000e-06	2.083765503313e-09	-4.291738989468e-09	9.083454658901e-10
-2.524400000000e-06	2.179495164448e-09	-4.794443785764e-09	1.288818291335e-09
-2.524200000000e-06	2.402773815641e-09	-4.654213591581e-09	7.090787468598e-10
-2.524000000000e-06	2.145061183978e-09	-4.575036927839e-09	1.169910200673e-09
-2.523800000000e-06	2.182333695178e-09	-4.610711536261e-09	1.108610878127e-09
-2.523600000000e-06	2.324340314462e-09	-4.584009689772e-09	7.692774570172e-10
-2.523400000000e-06	2.109451978035e-09	-4.537195674805e-09	1.123396799807e-09
-2.523200000000e-06	2.190634006037e-09	-4.443520762885e-09	8.794103085396e-10
-2.523000000000e-06	2.101867342338e-09	-4.392636372381e-09	1.023907176170e-09
-2.522800000000e-06	2.148598165460e-09	-4.523702144582e-09	1.057655085947e-09
-2.522600000000e-06	2.176346922626e-09	-4.476160650573e-09	9.782567714792e-10
-2.522400000000e-06	2.438494386683e-09	-4.636526979764e-09	6.270261135424e-10
-2.522200000000e-06	2.062111843364e-09	-4.322734311773e-09	1.035333455649e-09
-2.522000000000e-06	2.290881069766e-09	-4.283183899993e-09	5.096863869923e-10
-2.521800000000e-06	2.095924799999e-09	-4.389485664021e-09	9.919710750463e-10
-2.521600000000e-06	2.417524533504e-09	-4.832743296404e-09	8.855590345366e-10
-2.521400000000e-06	2.252300049725e-09	-4.538677840568e-09	9.044345412909e-10
-2.521200000000e-06	2.172494893026e-09	-4.463806029660e-09	9.378205286261e-10
-2.521000000000e-06	2.076308307844e-09	-4.441954890094e-09	1.123534091709e-09
-2.520800000000e-06	2.012758022189e-09	-4.275919737817e-09	1.038484197894e-09
-2.520600000000e-06	2.123298212313e-09	-4.598436105033e-09	1.181046559389e-09
-2.520400000000e-06	1.882122138315e-09	-3.877554962341e-09	8.832574295928e-10
-2.520200000000e-06	2.121878193789e-09	-4.165051477935e-09	7.034566329778e-10
-2.520000000000e-06	2.044803375781e-09	-4.297575426289e-09	1.045309614578e-09
-2.519800000000e-06	1.935897435701e-09	-4.242249022669e-09	1.152806416313e-09
-2.519600000000e-06	1.966262339242e-09	-4.055765896120e-09	9.019965045347e-10
-2.519400000000e-06	1.940222199762e-09	-4.361221030549e-09	1.294073582530e-09
-2.519200000000e-06	2.057572963861e-09	-4.387353825738e-09	1.089142530366e-09
-2.519000000000e-06	2.028416512140e-09	-4.160295685602e-09	8.970532831409e-10
-2.518800000000e-06	2.132358455751e-09	-4.283649140754e-09	8.072379966142e-10
-2.518600000000e-06	2.282307350874e-09	-4.241127514848e-09	4.433786888238e-10
-2.518400000000e-06	2.064446499698e-09	-4.263248770258e-09	9.543448323034e-10
-2.518200000000e-06	2.030286063758e-09	-4.025412259835e-09	6.904626842455e-10
-2.518000000000e-06	1.943530776557e-09	-4.278896754654e-09	1.223314716321e-09
-2.517800000000e-06	2.104692240182e-09	-4.361065240286e-09	9.354053968531e-10
-2.517600000000e-06	2.146320026654e-09	-4.242405469604e-09	7.684834537495e-10
-2.517400000000e-06	2.054922919912e-09	-4.142693365319e-09	7.850256608488e-10
-2.517200000000e-06	2.175890273844e-09	-4.230918774563e-09	6.556419540108e-10
-2.517000000000e-06	2.081235180184e-09	-4.218525142746e-09	8.341510021377e-10
-2.516800000000e-06	2.032699587770e-09	-4.283870978031e-09	1.051815449122e-09
-2.516600000000e-06	2.013504148507e-09	-4.002094043105e-09	7.373404300138e-10
-2.516400000000e-06	1.983140580031e-09	-3.756988594193e-09	5.416774432650e-10
-2.516200000000e-06	1.929276476192e-09	-4.040505127709e-09	9.632678686035e-10
-2.516000000000e-06	2.023024625316e-09	-4.212729514812e-09	9.665869599187e-10
-2.515800000000e-06	1.900383263737e-09	-4.218755537168e-09	1.218675951137e-09
-2.515600000000e-06	1.899857883419e-09	-4.033030496205e-09	9.685210706006e-10
-2.515400000000e-06	1.722844256005e-09	-3.707421171769e-09	9.564376138226e-10
-2.515200000000e-06	2.091959965165e-09	-4.207861606711e-09	8.058947927942e-10
-2.515000000000e-06	1.881627297998e-09	-4.011911341406e-09	1.013964873365e-09
-2.514800000000e-06	2.006095737804e-09	-4.036257108253e-09	7.938224766896e-10
-2.514600000000e-06	1.959519831171e-09	-4.067086684542e-09	9.038139256538e-10
-2.514400000000e-06	2.060356583401e-09	-4.049023379296e-09	6.903511407659e-10
-2.514200000000e-06	1.944002300282e-09	-4.356258273162e-09	1.290753692204e-09
-2.514000000000e-06	2.153866442411e-09	-4.206132492884e-09	6.697638497639e-10
-2.513800000000e-06	1.964707634788e-09	-3.922972526713e-09	6.992098815285e-10
-2.513600000000e-06	1.827112474831e-09	-3.791788327131e-09	8.626785745990e-10
-2.513400000000e-06	1.808778155509e-09	-4.030358411609e-09	1.147417706709e-09
-2.513200000000e-06	2.024566284471e-09	-4.014290599691e-09	6.611233285703e-10
-2.513000000000e-06	1.855711662753e-09	-3.910857689339e-09	9.683224720849e-10
-2.512800000000e-06	1.920151339930e-09	-3.998807299323e-09	9.605350113045e-10
-2.512600000000e-06	1.879820499014e-09	-3.863336415082e-09	8.236455196357e-10
-2.512400000000e-06	1.890806012720e-09	-3.880193753632e-09	8.537768183336e-10
-2.512200000000e-06	1.743986690631e-09	-3.791839444834e-09	1.035701355967e-09
-2.512000000000e-06	1.923939408915e-09	-3.908562430879e-09	7.743670409719e-10
-2.511800000000e-06	2.119720962494e-09	-4.081336892113e-09	5.809096868690e-10
-2.511600000000e-06	1.887416053822e-09	-3.749255403801e-09	6.780407418489e-10
-2.511400000000e-06	1.758976751615e-09	-3.923600577244e-09	1.142537094404e-09
-2.511200000000e-06	1.983679707479e-09	-4.094177762219e-09	8.624660915877e-10
-2.511000000000e-06	1.818791663914e-09	-3.734768615861e-09	8.202872561140e-10
-2.510800000000e-06	1.755523465490e-09	-3.821986537394e-09	1.039275959806e-09
-2.510600000000e-06	1.746556711374e-09	-3.792797978880e-09	1.043536816690e-09
-2.510400000000e-06	2.078714133742e-09	-4.106072530470e-09	7.179518359729e-10
-2.510200000000e-06	1.855863047861e-09	-3.967417660452e-09	9.865854574261e-10
-2.510000000000e-06	1.822201203497e-09	-3.663201309163e-09	7.044229473486e-10
-2.509800000000e-06	1.918514256883e-09	-3.826114581292e-09	6.954793674519e-10
-2.509600000000e-06	1.733534184687e-09	-3.544744259840e-09	7.513837704400e-10
-2.509400000000e-06	1.775818431532e-09	-3.772348669577e-09	9.334947599180e-10
-2.509200000000e-06	1.843223731562e-09	-3.858463672075e-09	9.299755256813e-10
-2.509000000000e-06	1.849176931481e-09	-3.850013759428e-09	8.627941996187e-10
-2.508800000000e-06	1.678295504308e-09	-3.643452861547e-09	1.032105224981e-09
-2.508600000000e-06	1.753951686398e-09	-3.681458944116e-09	9.031441347548e-10
-2.508400000000e-06	1.893344275317e-09	-3.880321484436e-09	8.345886832259e-10
-2.508200000000e-06	1.898295110859e-09	-3.911282698636e-09	8.626607494453e-10
-2.508000000000e-06	1.844389030639e-09	-3.761368440328e-09	7.858583732183e-10
-2.507800000000e-06	1.722092572966e-09	-3.560780238011e-09	7.905742935732e-10
-2.507600000000e-06	1.846705539857e-09	-3.731502071965e-09	7.506511620728e-10
-2.507400000000e-06	1.866300587249e-09	-3.768941129825e-09	6.994294730212e-10
-2.507200000000e-06	1.766959378843e-09	-3.786295585674e-09	9.526779729698e-10
-2.507000000000e-06	1.706939409848e-09	-3.736637953975e-09	1.046792675133e-09
-2.506800000000e-06	1.877332386123e-09	-3.807179065247e-09	7.474631211820e-10
-2.506600000000e-06	1.794766511058e-09	-3.748539150872e-09	8.588713422161e-10
-2.506400000000e-06	1.679105170362e-09	-3.557171684735e-09	8.915402503550e-10
-2.506200000000e-06	1.706409105260e-09	-3.795524483770e-09	1.085910907358e-09
-2.506000000000e-06	1.855765053372e-09	-3.707500739186e-09	6.650204174720e-10
-2.505800000000e-06	1.497591684100e-09	-3.437912936136e-09	1.124343545641e-09
-2.505600000000e-06	1.818234416071e-09	-3.669044928996e-09	7.245991327563e-10
-2.505400000000e-06	1.844484059974e-09	-3.739467361102e-09	7.539794091894e-10
-2.505200000000e-06	1.598414844347e-09	-3.385919138313e-09	8.448830176601e-10
-2.505000000000e-06	1.834257733736e-09	-3.494362759338e-09	4.634097008603e-10
-2.504800000000e-06	1.643041380657e-09	-3.579329609623e-09	9.878776839730e-10
-2.504600000000e-06	1.635933653095e-09	-3.474436183921e-09	8.499913855198e-10
-2.504400000000e-06	1.711159734475e-09	-3.699414917582e-09	9.602603292856e-10
-2.504200000000e-06	1.744718802136e-09	-3.775429142710e-09	1.010298138399e-09
-2.504000000000e-06	1.746117671947e-09	-3.717549227992e-09	9.051282009789e-10
-2.503800000000e-06	1.617290991684e-09	-3.378597203914e-09	7.971190296948e-10
-2.503600000000e-06	1.699587276134e-09	-3.421365001918e-09	6.952907730533e-10
-2.503400000000e-06	1.750334274159e-09	-3.589435716069e-09	7.510572983232e-10
-2.503200000000e-06	1.805592315285e-09	-3.595342076027e-09	6.522739306193e-10
-2.503000000000e-06	1.843165582694e-09	-3.733323204898e-09	7.398950977294e-10
-2.502800000000e-06	1.597929655490e-09	-3.490801371077e-09	9.701908968119e-10
-2.502600000000e-06	1.618531482278e-09	-3.444702589035e-09	7.990398094659e-10
-2.502400000000e-06	1.602762067018e-09	-3.314870795221e-09	7.523700848016e-10
-2.502200000000e-06	1.762990309653e-09	-3.392906838225e-09	5.132271592551e-10
-2.502000000000e-06	1.694387141329e-09	-3.301619261667e-09	5.659828823596e-10
-2.501800000000e-06	1.694758267020e-09	-3.513465873139e-09	7.759560756145e-10
-2.501600000000e-06	1.793703553941e-09	-3.766403146244e-09	8.839387123728e-10
-2.501400000000e-06	1.654634014588e-09	-3.394059211615e-09	7.260282489013e-10
-2.501200000000e-06	1.670184272686e-09	-3.424188936290e-09	7.196713814275e-10
-2.501000000000e-06	1.678859624277e-09	-3.330226293950e-09	6.133096607441e-10
-2.500800000000e-06	1.612650969988e-09	-3.411999146412e-09	7.997020411798e-10
-2.500600000000e-06	1.677454878516e-09	-3.303864496081e-09	6.077023459755e-10
-2.500400000000e-06	1.504438234815e-09	-3.222467770806e-09	8.290870443277e-10
-2.500200000000e-06	1.642552806865e-09	-3.390417496919e-09	6.896901865120e-10
-2.500000000000e-06	1.724249181420e-09	-3.343559976454e-09	5.272995752474e-10
-2.499800000000e-06	1.620621950277e-09	-3.396486723100e-09	8.039139728858e-10
-2.499600000000e-06	1.478779508194e-09	-3.212388654548e-09	8.124289373416e-10
-2.499400000000e-06	1.576159805013e-09	-3.337962655252e-09	8.111321327962e-10
-2.499200000000e-06	1.711060373494e-09	-3.591168187792e-09	8.636592537755e-10
-2.499000000000e-06	1.571087399143e-09	-3.266314749024e-09	7.276457969308e-10
-2.498800000000e-06	1.680589552988e-09	-3.306817573212e-09	5.697472447443e-10
-2.498600000000e-06	1.686828279796e-09	-3.634784652295e-09	9.389900958070e-10
-2.498400000000e-06	1.691368245710e-09	-3.377557371800e-09	6.432440758251e-10
-2.498200000000e-06	1.568665126132e-09	-3.306889645861e-09	8.228687242976e-10
-2.498000000000e-06	1.723292911670e-09	-3.600916706892e-09	8.223159050607e-10
-2.497800000000e-06	1.562066416893e-09	-3.208288476429e-09	7.009128262239e-10
-2.497600000000e-06	1.641295483275e-09	-3.139565830828e-09	4.831107124819e-10
-2.497400000000e-06	1.675334417127e-09	-3.341099047377e-09	6.131277958608e-10
