1.998000000000e-07	0.000000000000e+00	0.000000000000e+00	0.000000000000e+00
2.000000000000e-07	0.000000000000e+00	0.000000000000e+00	0.000000000000e+00
2.002000000000e-07	0.000000000000e+00	0.000000000000e+00	0.000000000000e+00
2.004000000000e-07	0.000000000000e+00	0.000000000000e+00	0.000000000000e+00
2.006000000000e-07	0.000000000000e+00	0.000000000000e+00	0.000000000000e+00
2.008000000000e-07	0.000000000000e+00	0.000000000000e+00	0.000000000000e+00
2.010000000000e-07	0.000000000000e+00	0.000000000000e+00	0.000000000000e+00
2.012000000000e-07	0.000000000000e+00	0.000000000000e+00	0.000000000000e+00
2.014000000000e-07	0.000000000000e+00	0.000000000000e+00	0.000000000000e+00
2.016000000000e-07	0.000000000000e+00	0.000000000000e+00	0.000000000000e+00
2.018000000000e-07	0.000000000000e+00	0.000000000000e+00	0.000000000000e+00
2.020000000000e-07	0.000000000000e+00	0.000000000000e+00	0.000000000000e+00
2.022000000000e-07	0.000000000000e+00	0.000000000000e+00	0.000000000000e+00
2.024000000000e-07	0.000000000000e+00	0.000000000000e+00	0.000000000000e+00
2.026000000000e-07	0.000000000000e+00	0.000000000000e+00	0.000000000000e+00
2.028000000000e-07	0.000000000000e+00	0.000000000000e+00	0.000000000000e+00
2.030000000000e-07	0.000000000000e+00	0.000000000000e+00	0.000000000000e+00
2.032000000000e-07	0.000000000000e+00	0.000000000000e+00	0.000000000000e+00
2.034000000000e-07	0.000000000000e+00	0.000000000000e+00	0.000000000000e+00
2.036000000000e-07	0.000000000000e+00	0.000000000000e+00	0.000000000000e+00
2.038000000000e-07	0.000000000000e+00	0.000000000000e+00	0.000000000000e+00
2.040000000000e-07	0.000000000000e+00	0.000000000000e+00	0.000000000000e+00
2.042000000000e-07	0.000000000000e+00	0.000000000000e+00	0.000000000000e+00
2.044000000000e-07	0.000000000000e+00	0.000000000000e+00	0.000000000000e+00
2.046000000000e-07	0.000000000000e+00	0.000000000000e+00	0.000000000000e+00
2.048000000000e-07	0.000000000000e+00	0.000000000000e+00	0.000000000000e+00
2.050000000000e-07	0.000000000000e+00	0.000000000000e+00	0.000000000000e+00
2.052000000000e-07	0.000000000000e+00	0.000000000000e+00	0.000000000000e+00
2.054000000000e-07	0.000000000000e+00	0.000000000000e+00	0.000000000000e+00
2.056000000000e-07	0.000000000000e+00	0.000000000000e+00	0.000000000000e+00
2.058000000000e-07	0.000000000000e+00	0.000000000000e+00	0.000000000000e+00
2.060000000000e-07	0.000000000000e+00	0.000000000000e+00	0.000000000000e+00
2.062000000000e-07	0.000000000000e+00	0.000000000000e+00	0.000000000000e+00
2.064000000000e-07	0.000000000000e+00	0.000000000000e+00	0.000000000000e+00
2.066000000000e-07	0.000000000000e+00	0.000000000000e+00	0.000000000000e+00
2.068000000000e-07	0.000000000000e+00	0.000000000000e+00	0.000000000000e+00
2.070000000000e-07	0.000000000000e+00	0.000000000000e+00	0.000000000000e+00
2.072000000000e-07	0.000000000000e+00	0.000000000000e+00	0.000000000000e+00
2.074000000000e-07	0.000000000000e+00	0.000000000000e+00	0.000000000000e+00
2.076000000000e-07	0.000000000000e+00	0.000000000000e+00	0.000000000000e+00
2.078000000000e-07	0.000000000000e+00	0.000000000000e+00	0.000000000000e+00
2.080000000000e-07	0.000000000000e+00	0.000000000000e+00	0.000000000000e+00
2.082000000000e-07	0.000000000000e+00	0.000000000000e+00	0.000000000000e+00
2.084000000000e-07	0.000000000000e+00	0.000000000000e+00	0.000000000000e+00
2.086000000000e-07	0.000000000000e+00	0.000000000000e+00	0.000000000000e+00
2.088000000000e-07	0.000000000000e+00	0.000000000000e+00	0.000000000000e+00
2.090000000000e-07	0.000000000000e+00	0.000000000000e+00	0.000000000000e+00
2.092000000000e-07	0.000000000000e+00	0.000000000000e+00	0.000000000000e+00
2.094000000000e-07	0.000000000000e+00	0.000000000000e+00	0.000000000000e+00
2.096000000000e-07	0.000000000000e+00	0.000000000000e+00	0.000000000000e+00
2.098000000000e-07	0.000000000000e+00	0.000000000000e+00	0.000000000000e+00
2.100000000000e-07	0.000000000000e+00	0.000000000000e+00	0.000000000000e+00
2.102000000000e-07	-1.257853875636e-14	3.855971704240e-13	-4.969311740417e-13
2.104000000000e-07	5.840726136811e-13	-1.341031977020e-12	4.498360774683e-13
2.106000000000e-07	2.879730073745e-13	-1.248520135570e-12	1.068984782583e-12
2.108000000000e-07	-1.115476027725e-11	2.967613430075e-11	-1.176336739423e-11
2.110000000000e-07	3.368335121230e-11	-4.771510160646e-11	-1.492542456558e-11
2.112000000000e-07	3.967416502897e-12	-7.492371599975e-11	8.643662038752e-11
2.114000000000e-07	-1.471248955036e-11	4.429201456696e-11	-2.516881706285e-11
2.116000000000e-07	2.293972369961e-11	-1.644950472486e-11	-2.845194862630e-11
2.118000000000e-07	-1.318026284370e-11	1.445261480353e-11	1.017118286912e-11
2.120000000000e-07	-4.363647630048e-12	-6.190618454848e-11	9.082125008852e-11
2.122000000000e-07	-1.183824446394e-10	9.969294853319e-11	1.347552352148e-10
2.124000000000e-07	-1.489052800320e-10	3.670731696847e-10	-1.513612923933e-10
2.126000000000e-07	-1.138567191674e-10	5.681608250465e-11	1.799531956182e-10
2.128000000000e-07	-3.403772938133e-10	7.359288991695e-10	-1.745980461531e-10
2.130000000000e-07	-3.190577141271e-09	6.900577092824e-09	-1.943690906560e-09
2.132000000000e-07	-3.567454225133e-09	8.161303738907e-09	-2.826504321968e-09
2.134000000000e-07	-1.652170245026e-09	3.106766696448e-09	-3.541280566526e-10
2.136000000000e-07	-1.216536851710e-09	2.224251067465e-09	-1.892524352604e-10
2.138000000000e-07	-9.574035174590e-10	2.200741358010e-09	-6.436744513915e-10
2.140000000000e-07	-1.488938017817e-09	2.964472526544e-09	-5.598022869890e-10
2.142000000000e-07	-1.015284633576e-09	1.794402199964e-09	-1.084690832894e-10
2.144000000000e-07	-1.347401140988e-09	2.706065946072e-09	-6.046119053998e-10
2.146000000000e-07	-1.048497371377e-09	2.824070425344e-09	-1.405269252816e-09
2.148000000000e-07	-2.481671206501e-09	5.555843987713e-09	-1.755689149833e-09
2.150000000000e-07	-2.674939008801e-09	5.803169445368e-09	-1.776501580241e-09
2.152000000000e-07	-5.149768275097e-09	1.047403748437e-08	-2.233848695152e-09
2.154000000000e-07	-7.358512060663e-09	1.499979089198e-08	-3.302261785647e-09
2.156000000000e-07	-1.259721422227e-08	2.751950865926e-08	-8.222174047111e-09
2.158000000000e-07	-2.367177995997e-08	5.102205707059e-08	-1.457234647227e-08
2.160000000000e-07	-4.587763871140e-08	9.669490309089e-08	-2.510671518680e-08
2.162000000000e-07	-8.317416759159e-08	1.749008379120e-07	-4.515720641129e-08
2.164000000000e-07	-7.336497052752e-08	1.544438840660e-07	-4.018300150974e-08
2.166000000000e-07	-2.935506268044e-09	4.164212904464e-09	1.062575459830e-09
2.168000000000e-07	-1.408630366007e-09	1.985542921589e-09	5.439963900975e-10
2.170000000000e-07	-8.901804697091e-10	4.354506635135e-09	-3.632176289948e-09
2.172000000000e-07	-2.871449526141e-09	5.419779789223e-09	-7.703067066649e-10
2.174000000000e-07	-1.525443226619e-09	3.954187499373e-09	-1.874092449965e-09
2.176000000000e-07	-2.939624465623e-09	5.506467869159e-09	-6.427187767730e-10
2.178000000000e-07	-4.697750322359e-09	1.040214193348e-08	-3.235120381533e-09
2.180000000000e-07	-6.131293703101e-09	1.289483192473e-08	-3.074319226746e-09
2.182000000000e-07	-6.512313946220e-09	1.322321296414e-08	-2.893439598248e-09
2.184000000000e-07	-7.892488347831e-09	1.729386249745e-08	-5.969157386483e-09
2.186000000000e-07	-9.041482797206e-09	2.054646436460e-08	-6.881142594097e-09
2.188000000000e-07	-1.156179088363e-08	2.475452960647e-08	-6.797486210402e-09
2.190000000000e-07	-1.228892619525e-08	2.720347698296e-08	-8.453141778331e-09
2.192000000000e-07	-1.642184581843e-08	3.346541566619e-08	-7.382922310107e-09
2.194000000000e-07	-1.914734013705e-08	3.916446721300e-08	-8.878159145645e-09
2.196000000000e-07	-2.197404326981e-08	4.737688106203e-08	-1.340483335373e-08
2.198000000000e-07	-2.687580118456e-08	5.760827621537e-08	-1.585376212823e-08
2.200000000000e-07	-2.920232199717e-08	6.244529466629e-08	-1.710374757132e-08
2.202000000000e-07	-3.459289982356e-08	7.288198566246e-08	-1.892121490641e-08
2.204000000000e-07	-3.856821575446e-08	8.165633693855e-08	-2.160870198056e-08
2.206000000000e-07	-4.557939283526e-08	9.742674883467e-08	-2.677360843831e-08
2.208000000000e-07	-5.019480224328e-08	1.056685380802e-07	-2.720558039934e-08
2.210000000000e-07	-5.546433968734e-08	1.196284735844e-07	-3.402645488818e-08
2.212000000000e-07	-6.537799659581e-08	1.364868919190e-07	-3.412981375419e-08
2.214000000000e-07	-7.031062460216e-08	1.504916589354e-07	-4.163010781126e-08
2.216000000000e-07	-7.473796454568e-08	1.583493099120e-07	-4.214190439295e-08
2.218000000000e-07	-8.043855522110e-08	1.720849105630e-07	-4.745883478154e-08
2.220000000000e-07	-8.999038307732e-08	1.873551320059e-07	-4.637176383608e-08
2.222000000000e-07	-9.251032645691e-08	1.952785171731e-07	-5.120034152000e-08
2.224000000000e-07	-9.595990818247e-08	2.032267283520e-07	-5.406910171544e-08
2.226000000000e-07	-9.633966893271e-08	2.017503548196e-07	-5.122896541018e-08
2.228000000000e-07	-9.487816495662e-08	2.000775352610e-07	-5.236070955662e-08
2.230000000000e-07	-9.418185671868e-08	1.965457668303e-07	-4.924906386991e-08
2.232000000000e-07	-9.122869933374e-08	1.905015911931e-07	-4.781557793544e-08
2.234000000000e-07	-8.398777444465e-08	1.777372632628e-07	-4.719238936542e-08
2.236000000000e-07	-7.662751733029e-08	1.597006949540e-07	-3.989366755870e-08
2.238000000000e-07	-6.662900809177e-08	1.411631367892e-07	-3.779409509461e-08
2.240000000000e-07	-5.654017413294e-08	1.215681649341e-07	-3.428496093503e-08
2.242000000000e-07	-4.900495121222e-08	1.041596472916e-07	-2.817459734643e-08
2.244000000000e-07	-3.982289639065e-08	8.261523673516e-08	-2.019773191128e-08
2.246000000000e-07	-3.112136252716e-08	6.431827513311e-08	-1.555401770614e-08
2.248000000000e-07	-2.143588360180e-08	4.413440014105e-08	-1.045475151637e-08
2.250000000000e-07	-1.296633883194e-08	2.706809745340e-08	-6.647260452521e-09
2.252000000000e-07	-5.299223999420e-09	1.032361921927e-08	-1.695833633897e-09
2.254000000000e-07	1.236169953592e-09	-2.620361806086e-09	6.974349299407e-10
2.256000000000e-07	6.743760468613e-09	-1.422492931889e-08	3.757522912335e-09
2.258000000000e-07	1.057618640142e-08	-2.356944996472e-08	7.337926822995e-09
2.260000000000e-07	1.051309844076e-08	-2.436122557681e-08	8.791675090719e-09
2.262000000000e-07	1.395314324905e-08	-2.859087386997e-08	6.702742607578e-09
2.264000000000e-07	1.445870765711e-08	-2.973659980708e-08	6.985342170798e-09
2.266000000000e-07	1.404824952793e-08	-2.802111952022e-08	5.673629193184e-09
2.268000000000e-07	1.215936804654e-08	-2.542132191303e-08	6.425372401411e-09
2.270000000000e-07	1.246404085672e-08	-2.657414362233e-08	7.369748100350e-09
2.272000000000e-07	1.204121819314e-08	-2.480968575430e-08	5.944182177381e-09
2.274000000000e-07	1.067252994804e-08	-2.248949196551e-08	5.946467769108e-09
2.276000000000e-07	1.166450283838e-08	-2.493594535214e-08	6.964722336813e-09
2.278000000000e-07	9.055605509329e-09	-2.004542310884e-08	6.215007552582e-09
2.280000000000e-07	9.036245029360e-09	-1.964102432641e-08	5.851617703150e-09
2.282000000000e-07	9.666149795088e-09	-1.959196281610e-08	4.354072605118e-09
2.284000000000e-07	9.275401196602e-09	-1.897243330607e-08	4.418028938409e-09
2.286000000000e-07	8.582304494223e-09	-1.800450181633e-08	4.662217764600e-09
2.288000000000e-07	7.592803587940e-09	-1.653933994502e-08	4.916292863350e-09
2.290000000000e-07	8.758930260926e-09	-1.756933319628e-08	3.726520368300e-09
2.292000000000e-07	7.606682381636e-09	-1.646467217093e-08	4.845800708946e-09
2.294000000000e-07	7.337653387070e-09	-1.528155165519e-08	3.842470458785e-09
2.296000000000e-07	8.093946403628e-09	-1.677475463872e-08	4.174146697571e-09
2.298000000000e-07	8.044607780157e-09	-1.595026776493e-08	3.186678858702e-09
2.300000000000e-07	6.901227799107e-09	-1.487984433359e-08	4.290760138781e-09
2.302000000000e-07	7.277358080650e-09	-1.600127238547e-08	4.780500576778e-09
2.304000000000e-07	6.837007064714e-09	-1.481353243697e-08	4.341706802393e-09
2.306000000000e-07	6.264105344959e-09	-1.416797595708e-08	4.829151201042e-09
2.308000000000e-07	6.756871511637e-09	-1.382828728966e-08	3.282404066750e-09
2.310000000000e-07	7.346953809745e-09	-1.379322414031e-08	1.787395729746e-09
2.312000000000e-07	6.353995149074e-09	-1.378172080676e-08	4.150444921149e-09
2.314000000000e-07	6.335379867704e-09	-1.357413679914e-08	3.829947643844e-09
2.316000000000e-07	6.345200083939e-09	-1.271848636416e-08	2.651262753794e-09
2.318000000000e-07	5.482860323384e-09	-1.169507894744e-08	3.266076789648e-09
2.320000000000e-07	6.069189649298e-09	-1.338384099828e-08	4.169116543785e-09
2.322000000000e-07	5.764124242019e-09	-1.232957374951e-08	3.375433321530e-09
2.324000000000e-07	5.286390136187e-09	-1.162112028201e-08	3.637970199357e-09
2.326000000000e-07	5.401391119331e-09	-1.233689745565e-08	4.264199777907e-09
2.328000000000e-07	5.902304054402e-09	-1.215693573052e-08	3.022087076018e-09
2.330000000000e-07	6.184819046681e-09	-1.268026544279e-08	2.925850650937e-09
2.332000000000e-07	5.204350492207e-09	-1.114426113320e-08	3.205912031470e-09
2.334000000000e-07	5.509903819419e-09	-1.243924552154e-08	4.165225709385e-09
2.336000000000e-07	5.672734314890e-09	-1.196155285505e-08	3.199207250575e-09
2.338000000000e-07	5.670637882529e-09	-1.176604230506e-08	2.917115146498e-09
2.340000000000e-07	5.025521547239e-09	-1.043410894042e-08	2.686686366675e-09
2.342000000000e-07	5.105199500632e-09	-1.111655832908e-08	3.251643773082e-09
2.344000000000e-07	5.289812866817e-09	-1.096733896585e-08	2.762748692703e-09
2.346000000000e-07	5.184802660829e-09	-1.097713371182e-08	2.995714876580e-09
2.348000000000e-07	5.278110679409e-09	-1.122141722646e-08	3.090236772254e-09
2.350000000000e-07	5.423326249001e-09	-1.097480139125e-08	2.571831215304e-09
2.352000000000e-07	5.231939484424e-09	-1.085836212983e-08	2.760898835353e-09
2.354000000000e-07	4.921688351677e-09	-1.021046778418e-08	2.552677252886e-09
2.356000000000e-07	4.826266783463e-09	-1.111508714189e-08	3.908770059576e-09
2.358000000000e-07	5.251488822907e-09	-9.397955471760e-09	7.329864267522e-10
2.360000000000e-07	4.284405390554e-09	-9.803029234471e-09	3.501374328744e-09
2.362000000000e-07	4.547369845473e-09	-1.036240062376e-08	3.593351343470e-09
2.364000000000e-07	4.911864294873e-09	-1.039729469241e-08	2.833059265738e-09
2.366000000000e-07	4.799644883172e-09	-1.034408630054e-08	3.022819862805e-09
2.368000000000e-07	4.770468643715e-09	-1.032146038307e-08	3.012232085676e-09
2.370000000000e-07	4.645653000229e-09	-1.012936605407e-08	3.005404524383e-09
2.372000000000e-07	4.537001253313e-09	-9.617203658374e-09	2.725419162346e-09
2.374000000000e-07	4.839378716658e-09	-9.914979370155e-09	2.459260454355e-09
2.376000000000e-07	4.778501365979e-09	-9.389246936495e-09	1.818208142468e-09
2.378000000000e-07	4.328422215886e-09	-8.979170452482e-09	2.198732878503e-09
2.380000000000e-07	4.604588011310e-09	-9.569173904420e-09	2.338516601189e-09
2.382000000000e-07	4.649891532340e-09	-9.327801252813e-09	1.930560588072e-09
2.384000000000e-07	3.623175770958e-09	-8.769525109213e-09	3.583710527266e-09
2.386000000000e-07	4.428426804593e-09	-8.970129913879e-09	1.998053394685e-09
2.388000000000e-07	4.592037434004e-09	-9.321215843409e-09	1.925674637304e-09
2.390000000000e-07	4.465962280452e-09	-9.740507324466e-09	2.989634419687e-09
2.392000000000e-07	4.868427551024e-09	-9.892600672538e-09	2.314037280530e-09
2.394000000000e-07	4.726337867177e-09	-9.350347072394e-09	1.600702156278e-09
2.396000000000e-07	4.251745355798e-09	-9.274776977526e-09	2.801066305972e-09
2.398000000000e-07	4.309820937398e-09	-9.156429987858e-09	2.488457890465e-09
2.400000000000e-07	4.398176969017e-09	-9.096505931930e-09	2.201140419904e-09
2.402000000000e-07	4.047950924618e-09	-9.135270113342e-09	3.127167123700e-09
2.404000000000e-07	4.435487815061e-09	-8.994339701514e-09	2.053494514432e-09
2.406000000000e-07	3.525934706934e-09	-8.177911721757e-09	2.970774004226e-09
2.408000000000e-07	4.412394420623e-09	-9.422317547259e-09	2.585627090895e-09
2.410000000000e-07	4.510230950690e-09	-9.365203617711e-09	2.397768930139e-09
2.412000000000e-07	4.074973476108e-09	-8.447578915246e-09	2.108951543916e-09
2.414000000000e-07	4.228573199976e-09	-8.710250929391e-09	2.174872430592e-09
2.416000000000e-07	4.195538406225e-09	-8.077552627451e-09	1.372683113653e-09
2.418000000000e-07	3.596453107905e-09	-8.228658773128e-09	2.966385935759e-09
2.420000000000e-07	3.514639450488e-09	-8.151947673362e-09	3.025679836677e-09
2.422000000000e-07	3.913481527992e-09	-8.035252044518e-09	1.496683587963e-09
2.424000000000e-07	4.665819574489e-09	-9.117833354206e-09	1.643451722800e-09
2.426000000000e-07	3.837848303877e-09	-8.400138470732e-09	2.624518628567e-09
2.428000000000e-07	3.911410095013e-09	-8.433070130611e-09	2.548308542214e-09
2.430000000000e-07	4.102646597799e-09	-8.797785064282e-09	2.574534420428e-09
2.432000000000e-07	3.716104676502e-09	-8.188041506559e-09	2.481649232068e-09
2.434000000000e-07	4.205801472840e-09	-8.643536452958e-09	2.077942397795e-09
2.436000000000e-07	3.714760752660e-09	-8.228939560271e-09	2.682036427028e-09
2.438000000000e-07	3.564974582772e-09	-7.854689885917e-09	2.495249433256e-09
2.440000000000e-07	4.115289005296e-09	-8.794361008440e-09	2.670650211238e-09
2.442000000000e-07	4.055419159507e-09	-7.877002585106e-09	1.334757987390e-09
2.444000000000e-07	3.917462334038e-09	-8.275698749193e-09	2.277440796886e-09
2.446000000000e-07	4.126067360955e-09	-8.258685993794e-09	1.658110577900e-09
2.448000000000e-07	3.374152945229e-09	-7.325963283196e-09	2.148034774557e-09
2.450000000000e-07	3.680220793305e-09	-7.796741325168e-09	2.018981044170e-09
2.452000000000e-07	3.705669011955e-09	-7.982632522266e-09	2.312693978084e-09
2.454000000000e-07	4.022609237886e-09	-7.345033770984e-09	7.896803368629e-10
2.456000000000e-07	3.389670874410e-09	-7.775052393735e-09	2.847941079721e-09
2.458000000000e-07	3.998295552464e-09	-8.194887438015e-09	2.349421912128e-09
2.460000000000e-07	3.630260337555e-09	-7.909066147843e-09	2.387592417256e-09
2.462000000000e-07	3.997706943417e-09	-7.824807303272e-09	1.448289456955e-09
2.464000000000e-07	3.925484933819e-09	-7.994110073813e-09	1.812411364554e-09
2.466000000000e-07	3.510184299463e-09	-7.634793458382e-09	2.373071893157e-09
2.468000000000e-07	3.924866108938e-09	-7.908893188190e-09	1.954132026780e-09
2.470000000000e-07	3.785760833710e-09	-8.109268617566e-09	2.314369274817e-09
2.472000000000e-07	3.142064418011e-09	-7.207396697841e-09	2.355728731736e-09
2.474000000000e-07	3.462714113253e-09	-7.600137380917e-09	2.362858243391e-09
2.476000000000e-07	3.606248148603e-09	-7.786974224394e-09	2.296015678191e-09
2.478000000000e-07	3.921824680470e-09	-7.919631406173e-09	1.751026710455e-09
2.480000000000e-07	3.902989814357e-09	-7.713883508776e-09	1.421128688693e-09
2.482000000000e-07	3.081248743999e-09	-7.122666713970e-09	2.039249942738e-09
2.484000000000e-07	3.690975106747e-09	-7.617767982336e-09	1.910628676420e-09
2.486000000000e-07	3.625432120993e-09	-7.754597536567e-09	1.957865315511e-09
2.488000000000e-07	3.606876029988e-09	-7.594734814770e-09	1.950397837001e-09
2.490000000000e-07	3.095379618092e-09	-7.126575265172e-09	2.603342274900e-09
2.492000000000e-07	3.409950234064e-09	-7.280952145348e-09	2.198754596077e-09
2.494000000000e-07	3.672925335635e-09	-7.264919558129e-09	1.398620617224e-09
2.496000000000e-07	3.519537879928e-09	-7.103928214868e-09	1.547728346742e-09
2.498000000000e-07	3.980482124921e-09	-7.954496478141e-09	2.231593098960e-09
2.500000000000e-07	3.272028391966e-09	-7.325039707492e-09	2.100491809514e-09
2.502000000000e-07	3.311067015778e-09	-7.067295424925e-09	2.135318584517e-09
2.504000000000e-07	3.341509293601e-09	-6.703916801598e-09	1.598236429894e-09
2.506000000000e-07	3.325686590319e-09	-6.973077601642e-09	1.855805116120e-09
2.508000000000e-07	3.591852209625e-09	-6.998852972068e-09	1.683245502989e-09
2.510000000000e-07	3.156655631100e-09	-6.671413055800e-09	2.042526511962e-09
2.512000000000e-07	3.498500383747e-09	-7.261167284070e-09	1.850177743242e-09
2.514000000000e-07	3.309358079836e-09	-6.989233500275e-09	1.838436519204e-09
2.516000000000e-07	3.456747182624e-09	-7.172669228231e-09	1.756811049362e-09
2.518000000000e-07	3.293219832592e-09	-7.211081810663e-09	1.761589845571e-09
2.520000000000e-07	3.276856958926e-09	-6.884891682622e-09	1.863630011074e-09
2.522000000000e-07	3.250950244222e-09	-7.183186338163e-09	2.301243544555e-09
2.524000000000e-07	3.112131450056e-09	-6.604681913977e-09	1.774863778026e-09
2.526000000000e-07	3.176198103734e-09	-6.855599891530e-09	2.016103265226e-09
2.528000000000e-07	3.409978789945e-09	-7.219504654225e-09	1.953240485981e-09
2.530000000000e-07	3.264592081148e-09	-6.495738448713e-09	1.301872335461e-09
2.532000000000e-07	3.588079566768e-09	-7.041996335136e-09	1.371453311774e-09
2.534000000000e-07	3.201542308537e-09	-6.796185456681e-09	1.876007516721e-09
2.536000000000e-07	3.109438830748e-09	-7.189502045886e-09	2.374254449178e-09
2.538000000000e-07	3.079017949064e-09	-6.410307877306e-09	1.591489992235e-09
2.540000000000e-07	3.202465115231e-09	-6.379269786968e-09	1.337800635141e-09
2.542000000000e-07	3.021744105337e-09	-6.369761356446e-09	1.748713687780e-09
2.544000000000e-07	3.128518127520e-09	-6.378981447689e-09	1.664467807696e-09
2.546000000000e-07	3.401081078188e-09	-7.157973400058e-09	1.899896218842e-09
2.548000000000e-07	3.261435541429e-09	-6.583532713395e-09	1.501864032428e-09
2.550000000000e-07	3.083971065376e-09	-6.757709721948e-09	2.168134398972e-09
2.552000000000e-07	3.072237637247e-09	-6.622978644979e-09	1.919280794447e-09
2.554000000000e-07	3.295683027907e-09	-6.903377624599e-09	1.821190228141e-09
2.556000000000e-07	3.172646270577e-09	-6.609055039534e-09	1.910399689801e-09
2.558000000000e-07	3.389827414046e-09	-6.697601363544e-09	1.528036131831e-09
2.560000000000e-07	3.451528591221e-09	-6.623793291895e-09	1.300488862885e-09
2.562000000000e-07	3.054573511009e-09	-6.569640914781e-09	1.920491193708e-09
2.564000000000e-07	3.224473195110e-09	-6.932781569614e-09	2.013875922785e-09
2.566000000000e-07	2.930582426550e-09	-6.463913958609e-09	2.017563591829e-09
2.568000000000e-07	2.946126592724e-09	-6.215189272117e-09	1.732898465797e-09
2.570000000000e-07	3.424135643157e-09	-6.829000349001e-09	1.369944430862e-09
2.572000000000e-07	2.740687307539e-09	-6.052578518052e-09	1.920577704654e-09
2.574000000000e-07	3.285350117775e-09	-6.191423757040e-09	9.101541198355e-10
2.576000000000e-07	3.217162337716e-09	-6.604560578243e-09	1.593411884135e-09
2.578000000000e-07	2.913355126964e-09	-6.094433446288e-09	1.584220165750e-09
2.580000000000e-07	3.001655891573e-09	-6.334901113838e-09	1.785264409621e-09
2.582000000000e-07	2.720720648012e-09	-6.149256254179e-09	2.053777840016e-09
2.584000000000e-07	2.935236807286e-09	-6.616208852395e-09	2.206213456881e-09
2.586000000000e-07	2.919931188476e-09	-6.174328889833e-09	1.757592892110e-09
2.588000000000e-07	3.130208070488e-09	-6.466318274381e-09	1.600165785933e-09
2.590000000000e-07	3.029897000910e-09	-6.312588904887e-09	1.654736785542e-09
2.592000000000e-07	3.063708126535e-09	-6.163487347039e-09	1.427462712969e-09
2.594000000000e-07	2.741807315630e-09	-6.440550259907e-09	2.445988763715e-09
2.596000000000e-07	3.126121052823e-09	-6.406727661646e-09	1.591376769352e-09
2.598000000000e-07	2.500252879302e-09	-5.726470868286e-09	2.016135014919e-09
2.600000000000e-07	2.859191922152e-09	-5.922611480120e-09	1.532561163804e-09
2.602000000000e-07	3.066139199335e-09	-6.295123880850e-09	1.482149290489e-09
2.604000000000e-07	2.790611090053e-09	-6.106452165692e-09	1.932807069854e-09
2.606000000000e-07	2.975491743797e-09	-6.311476936885e-09	1.597541931867e-09
2.608000000000e-07	3.051775861673e-09	-6.253391242706e-09	1.465236144279e-09
2.610000000000e-07	3.143256196046e-09	-6.568270768250e-09	1.649319364856e-09
2.612000000000e-07	2.732913353445e-09	-5.947722090739e-09	1.899693840738e-09
2.614000000000e-07	2.825877765757e-09	-5.889266652863e-09	1.512622733525e-09
2.616000000000e-07	2.929923587557e-09	-6.116076711847e-09	1.539411078223e-09
2.618000000000e-07	3.048314608447e-09	-5.800475113406e-09	1.029945449532e-09
2.620000000000e-07	2.814167968831e-09	-5.972343222666e-09	1.666658127514e-09
2.622000000000e-07	2.661743716885e-09	-5.715967170542e-09	1.662571782803e-09
2.624000000000e-07	2.681312802777e-09	-5.754538305399e-09	1.702611956080e-09
2.626000000000e-07	2.714541949895e-09	-5.735836000573e-09	1.491488623890e-09
2.628000000000e-07	2.712971632677e-09	-5.739121571026e-09	1.483720632545e-09
2.630000000000e-07	2.789059303619e-09	-5.919601023088e-09	1.613621609310e-09
2.632000000000e-07	2.570409253442e-09	-5.642499589393e-09	1.786390530632e-09
2.634000000000e-07	2.951624072586e-09	-5.919658366770e-09	1.292030596426e-09
2.636000000000e-07	2.666772094113e-09	-5.390944102103e-09	1.175136632000e-09
2.638000000000e-07	2.801960054931e-09	-5.919984474825e-09	1.615725028366e-09
2.640000000000e-07	2.735564540118e-09	-6.030795522929e-09	1.969027155500e-09
2.642000000000e-07	3.007881338049e-09	-5.962054165211e-09	1.261217267217e-09
2.644000000000e-07	2.407072477539e-09	-5.323933257280e-09	1.685203625231e-09
2.646000000000e-07	2.710486131707e-09	-5.702021834612e-09	1.597747920740e-09
2.648000000000e-07	2.847406660247e-09	-5.906632380457e-09	1.431045458152e-09
2.650000000000e-07	2.612047913650e-09	-5.635946661824e-09	1.655148762301e-09
2.652000000000e-07	2.829457173332e-09	-5.864794637942e-09	1.511007040715e-09
2.654000000000e-07	2.832787518014e-09	-5.875671873754e-09	1.449160511203e-09
2.656000000000e-07	2.685284022842e-09	-5.975388351038e-09	1.938442113276e-09
2.658000000000e-07	2.426705559960e-09	-5.570979288111e-09	1.992104162774e-09
2.660000000000e-07	2.841145935347e-09	-5.756510124443e-09	1.340898877616e-09
2.662000000000e-07	2.481182814807e-09	-5.341646606808e-09	1.579257093353e-09
2.664000000000e-07	2.454836729160e-09	-5.386503249288e-09	1.583975201212e-09
2.666000000000e-07	2.667572766735e-09	-5.641450061992e-09	1.557958205277e-09
2.668000000000e-07	2.648218752228e-09	-5.519061370516e-09	1.426807173113e-09
2.670000000000e-07	2.907415616995e-09	-5.826035595394e-09	1.271989603566e-09
2.672000000000e-07	2.453464326080e-09	-5.419311235806e-09	1.731109079455e-09
2.674000000000e-07	2.243024220628e-09	-5.264412266707e-09	2.065553316848e-09
2.676000000000e-07	2.794771584964e-09	-5.590100811672e-09	1.236746955183e-09
2.678000000000e-07	2.686254922372e-09	-5.556224319436e-09	1.421083568210e-09
2.680000000000e-07	2.725449825673e-09	-5.437015917377e-09	1.335813415420e-09
2.682000000000e-07	2.702445466805e-09	-5.539960533552e-09	1.404580965156e-09
2.684000000000e-07	2.179019218925e-09	-4.982775662603e-09	1.649735831550e-09
2.686000000000e-07	2.663883923287e-09	-5.605856028320e-09	1.500464160547e-09
2.688000000000e-07	2.683420965522e-09	-5.425810954233e-09	1.424652270200e-09
2.690000000000e-07	2.620718937423e-09	-5.730453602175e-09	1.677156982562e-09
2.692000000000e-07	2.514657136364e-09	-5.268497238474e-09	1.451954039996e-09
2.694000000000e-07	2.277709496343e-09	-4.957126705535e-09	1.504223784735e-09
2.696000000000e-07	2.598772349529e-09	-5.327961632352e-09	1.240640128940e-09
2.698000000000e-07	2.695259240002e-09	-5.495318699251e-09	1.289481232274e-09
2.700000000000e-07	2.427920856967e-09	-5.415200144419e-09	1.789623630772e-09
2.702000000000e-07	2.431983010418e-09	-5.230719816525e-09	1.480175924690e-09
2.704000000000e-07	2.467918413533e-09	-5.061358444544e-09	1.211452486000e-09
2.706000000000e-07	2.671784790022e-09	-5.373628239953e-09	1.168291953047e-09
2.708000000000e-07	2.360790901986e-09	-5.012171253441e-09	1.326381360584e-09
2.710000000000e-07	2.502505328877e-09	-5.349945317836e-09	1.656656802456e-09
2.712000000000e-07	2.716015750030e-09	-5.468347505668e-09	1.241949513664e-09
2.714000000000e-07	2.594197533912e-09	-5.332970261779e-09	1.270930376052e-09
2.716000000000e-07	2.474129497326e-09	-5.098317670281e-09	1.219211621560e-09
2.718000000000e-07	2.506573820473e-09	-5.283132783534e-09	1.426888719307e-09
2.720000000000e-07	2.641779220005e-09	-5.520331159103e-09	1.438660012802e-09
2.722000000000e-07	2.234446866184e-09	-4.655887763186e-09	1.255142155168e-09
2.724000000000e-07	2.353350732850e-09	-4.968059689568e-09	1.382561607067e-09
2.726000000000e-07	2.283373792862e-09	-5.154752905110e-09	1.762817410167e-09
2.728000000000e-07	2.318281876962e-09	-4.982010523796e-09	1.484936586224e-09
2.730000000000e-07	2.405134402722e-09	-5.354192973434e-09	1.765665520596e-09
2.732000000000e-07	2.398833117136e-09	-5.143881266393e-09	1.443192358134e-09
2.734000000000e-07	2.199009346479e-09	-4.963398133831e-09	1.670368237770e-09
2.736000000000e-07	2.309574700442e-09	-4.856841720986e-09	1.463891094198e-09
2.738000000000e-07	2.252611854303e-09	-4.884526268492e-09	1.459111863642e-09
2.740000000000e-07	2.270136803614e-09	-4.941840277035e-09	1.409191778686e-09
2.742000000000e-07	2.501142863884e-09	-5.095462047651e-09	1.173073372015e-09
2.744000000000e-07	2.545565534075e-09	-5.153320962330e-09	1.171522626903e-09
2.746000000000e-07	2.367592374488e-09	-4.993960366025e-09	1.397854076205e-09
2.748000000000e-07	2.503016084279e-09	-5.344131130795e-09	1.516026700109e-09
2.750000000000e-07	2.552965089302e-09	-5.126418119771e-09	1.129998776842e-09
2.752000000000e-07	2.525809042346e-09	-5.192705568939e-09	1.187539881796e-09
2.754000000000e-07	2.368590295638e-09	-4.860720467858e-09	1.129871866125e-09
2.756000000000e-07	2.440532210380e-09	-4.862233423037e-09	1.035916278561e-09
2.758000000000e-07	2.476780625229e-09	-5.058566595282e-09	1.205068515732e-09
2.760000000000e-07	2.130624005754e-09	-4.661025325696e-09	1.580693495859e-09
2.762000000000e-07	2.323532653099e-09	-4.740675461144e-09	1.126632393921e-09
2.764000000000e-07	2.231581428063e-09	-4.617017479941e-09	1.148215113300e-09
2.766000000000e-07	2.583499319958e-09	-4.939592335953e-09	8.366385051301e-10
2.768000000000e-07	2.288513701883e-09	-4.759107070291e-09	1.249699907620e-09
2.770000000000e-07	2.323876457994e-09	-4.862750880944e-09	1.259820257982e-09
2.772000000000e-07	2.139629658230e-09	-4.812448614941e-09	1.592315514228e-09
2.774000000000e-07	2.370434492773e-09	-4.723018422741e-09	1.020114555966e-09
2.776000000000e-07	2.309931412932e-09	-4.772927545495e-09	1.211450622501e-09
2.778000000000e-07	2.367217321043e-09	-5.079185490400e-09	1.397641300420e-09
2.780000000000e-07	2.383667702417e-09	-4.831073391876e-09	1.173566490678e-09
2.782000000000e-07	2.471130638529e-09	-4.948839918333e-09	1.156975536660e-09
2.784000000000e-07	2.222245636670e-09	-4.554853721429e-09	1.046220783628e-09
2.786000000000e-07	2.301785157353e-09	-4.869151390753e-09	1.310052999296e-09
2.788000000000e-07	2.118810775897e-09	-4.510248246097e-09	1.335609507298e-09
2.790000000000e-07	2.236558249216e-09	-4.701026387472e-09	1.251607681736e-09
2.792000000000e-07	2.246734034640e-09	-4.702800714700e-09	1.241304233786e-09
2.794000000000e-07	2.105098131104e-09	-4.472634610335e-09	1.239499316345e-09
2.796000000000e-07	2.285160304804e-09	-4.744161008585e-09	1.235807701803e-09
2.798000000000e-07	2.384679056982e-09	-4.657792356170e-09	8.812057274309e-10
2.800000000000e-07	2.202251696352e-09	-4.701058341028e-09	1.349260762614e-09
2.802000000000e-07	2.202659387451e-09	-4.478351672839e-09	9.791656507234e-10
2.804000000000e-07	2.191930183632e-09	-4.478716903275e-09	1.084406380164e-09
2.806000000000e-07	2.293906073668e-09	-4.583980615643e-09	1.003523806456e-09
2.808000000000e-07	2.130253531234e-09	-4.518290178954e-09	1.228340355639e-09
2.810000000000e-07	2.220052781033e-09	-4.555332661956e-09	1.092541923407e-09
2.812000000000e-07	2.118882453637e-09	-4.579850183000e-09	1.310183950588e-09
2.814000000000e-07	2.296102395157e-09	-4.808952686791e-09	1.217770384580e-09
2.816000000000e-07	1.990378205053e-09	-4.420027516787e-09	1.464023352232e-09
2.818000000000e-07	2.166260976565e-09	-4.438242739344e-09	1.169929603951e-09
2.820000000000e-07	2.290868199625e-09	-4.618800518348e-09	1.058961207322e-09
2.822000000000e-07	2.115626331681e-09	-4.518581741090e-09	1.291376396047e-09
2.824000000000e-07	1.926394966646e-09	-4.239828467693e-09	1.211314266459e-09
2.826000000000e-07	2.155671077953e-09	-4.499127087883e-09	1.200858274961e-09
2.828000000000e-07	2.100876252597e-09	-4.343479335876e-09	1.070558116955e-09
2.830000000000e-07	2.208256796586e-09	-4.427226601722e-09	1.000157676879e-09
2.832000000000e-07	2.014311461173e-09	-4.583995017287e-09	1.515991721447e-09
2.834000000000e-07	2.101544863193e-09	-4.236203205687e-09	1.004491415078e-09
2.836000000000e-07	2.177211488537e-09	-4.554110197371e-09	1.189617458896e-09
2.838000000000e-07	2.016034039880e-09	-4.144397992259e-09	1.078078100381e-09
2.840000000000e-07	1.961955068093e-09	-4.414189178231e-09	1.494124860343e-09
2.842000000000e-07	1.880179284241e-09	-4.050790796869e-09	1.176868978383e-09
2.844000000000e-07	2.036001398363e-09	-4.464161993319e-09	1.393405547144e-09
2.846000000000e-07	2.205846825038e-09	-4.421518127905e-09	9.776816231541e-10
2.848000000000e-07	2.167977734719e-09	-4.397582686414e-09	1.052513332763e-09
2.850000000000e-07	2.153366437315e-09	-4.551042217986e-09	1.249190044983e-09
2.852000000000e-07	2.033758010719e-09	-4.482009034669e-09	1.424743394962e-09
2.854000000000e-07	2.241867309195e-09	-4.530815310039e-09	1.018046551858e-09
2.856000000000e-07	2.113043637786e-09	-4.360850543958e-09	1.101390085138e-09
2.858000000000e-07	2.026272640625e-09	-4.113389907650e-09	9.798960234776e-10
2.860000000000e-07	2.164419699292e-09	-4.502110991404e-09	1.163143028650e-09
2.862000000000e-07	1.990216083736e-09	-4.083471108568e-09	1.054866776511e-09
2.864000000000e-07	2.214485189150e-09	-4.534563456100e-09	1.057266386854e-09
2.866000000000e-07	2.165650646426e-09	-4.298990802529e-09	8.305740592749e-10
2.868000000000e-07	1.994944445837e-09	-4.270088726339e-09	1.168026488850e-09
2.870000000000e-07	1.964048244999e-09	-4.295472682425e-09	1.368146050512e-09
2.872000000000e-07	1.906497318453e-09	-4.106107352333e-09	1.156191015939e-09
2.874000000000e-07	2.020186781709e-09	-4.296533729988e-09	1.215465445651e-09
2.876000000000e-07	2.048417903828e-09	-4.304565452103e-09	1.192975063151e-09
2.878000000000e-07	1.904100340341e-09	-4.165967636965e-09	1.318256310340e-09
2.880000000000e-07	1.937503147413e-09	-4.112951365403e-09	1.098088326681e-09
2.882000000000e-07	2.275500342642e-09	-4.569795630998e-09	1.004172404501e-09
2.884000000000e-07	1.890329321401e-09	-4.096531093004e-09	1.232794273797e-09
2.886000000000e-07	1.987750737079e-09	-4.141307890818e-09	1.056080287491e-09
2.888000000000e-07	2.124970624248e-09	-4.153080815956e-09	8.510538457818e-10
2.890000000000e-07	1.829006698762e-09	-4.064719856479e-09	1.312288659815e-09
2.892000000000e-07	1.878476037630e-09	-4.028132195712e-09	1.192851088343e-09
2.894000000000e-07	1.963979481344e-09	-4.000634326878e-09	1.059418197830e-09
2.896000000000e-07	1.837669207652e-09	-4.027655984106e-09	1.267897289814e-09
2.898000000000e-07	2.013422060455e-09	-4.052477695692e-09	7.637096110873e-10
2.900000000000e-07	1.981901698216e-09	-4.082104475835e-09	1.029915241146e-09
2.902000000000e-07	2.033892744042e-09	-4.022077678236e-09	8.104544870019e-10
2.904000000000e-07	1.932325185621e-09	-4.013021786659e-09	1.065659434367e-09
2.906000000000e-07	1.887059760136e-09	-3.945123996869e-09	1.072595125889e-09
2.908000000000e-07	1.957515992436e-09	-4.032861551889e-09	9.680742380880e-10
2.910000000000e-07	1.807166522718e-09	-3.874168228970e-09	1.105230777539e-09
2.912000000000e-07	1.740734471474e-09	-3.799494732429e-09	1.144702415233e-09
2.914000000000e-07	1.967401754091e-09	-4.110676811127e-09	1.080356094255e-09
2.916000000000e-07	1.791529926928e-09	-3.938694631255e-09	1.289052610508e-09
2.918000000000e-07	1.780937440038e-09	-3.903597375319e-09	1.236801583647e-09
2.920000000000e-07	1.964677126221e-09	-4.129017758993e-09	1.090121068634e-09
2.922000000000e-07	1.818493527540e-09	-4.068048536739e-09	1.405004438811e-09
2.924000000000e-07	1.732905341917e-09	-3.705215236048e-09	1.036537320402e-09
2.926000000000e-07	2.039725603475e-09	-4.160397726999e-09	1.005850270166e-09
2.928000000000e-07	2.019069782959e-09	-3.988525759452e-09	7.814772281999e-10
2.930000000000e-07	1.935201668962e-09	-4.250172798032e-09	1.339537899447e-09
2.932000000000e-07	1.885885130490e-09	-3.922142661080e-09	9.739479360596e-10
2.934000000000e-07	2.043848212102e-09	-3.980833953878e-09	7.110816445624e-10
2.936000000000e-07	1.763073096182e-09	-3.853829963285e-09	1.223887408064e-09
2.938000000000e-07	1.921014762491e-09	-4.006224717323e-09	1.045386298561e-09
2.940000000000e-07	1.921185748387e-09	-3.892615787827e-09	8.819521465155e-10
2.942000000000e-07	1.889801054364e-09	-3.811365197475e-09	8.859061712454e-10
2.944000000000e-07	1.765276646563e-09	-3.648213878214e-09	9.145458962188e-10
2.946000000000e-07	1.917527546753e-09	-3.901738398371e-09	9.052275394989e-10
2.948000000000e-07	1.853953394907e-09	-3.992547316857e-09	1.150580085863e-09
2.950000000000e-07	1.944250703569e-09	-3.927754361860e-09	8.959666090704e-10
2.952000000000e-07	1.757210394494e-09	-3.708988927986e-09	1.046781928766e-09
2.954000000000e-07	2.040343108884e-09	-4.081679376362e-09	8.923826168898e-10
2.956000000000e-07	1.711533872733e-09	-3.520988138208e-09	6.980379461369e-10
2.958000000000e-07	1.847635652272e-09	-3.920244477203e-09	1.116433878338e-09
2.960000000000e-07	1.909243833745e-09	-3.936110107421e-09	9.539924197501e-10
2.962000000000e-07	1.732874944479e-09	-3.749620719748e-09	1.034351868211e-09
2.964000000000e-07	1.851938912408e-09	-3.694725764890e-09	7.821268989874e-10
2.966000000000e-07	1.797241180458e-09	-3.695871568648e-09	9.306761422151e-10
2.968000000000e-07	1.659465376911e-09	-3.505459702835e-09	1.035466869860e-09
2.970000000000e-07	1.895517407585e-09	-3.746611539229e-09	8.191749677547e-10
2.972000000000e-07	1.689488975374e-09	-3.625975351428e-09	1.106375361846e-09
2.974000000000e-07	1.663974920969e-09	-3.688477591091e-09	1.215317540537e-09
2.976000000000e-07	1.749407399177e-09	-3.887307496295e-09	1.222238231071e-09
2.978000000000e-07	1.836119732091e-09	-3.692701757848e-09	8.335014878063e-10
2.980000000000e-07	1.780121885953e-09	-3.654031672699e-09	8.518947201211e-10
2.982000000000e-07	1.774465943922e-09	-3.594304220589e-09	7.737875939975e-10
2.984000000000e-07	1.754753692946e-09	-3.706084556352e-09	1.038695889152e-09
2.986000000000e-07	1.659266353301e-09	-3.571195805209e-09	1.039189072101e-09
2.988000000000e-07	1.635265185750e-09	-3.472920244563e-09	9.560851509792e-10
2.990000000000e-07	1.832379161347e-09	-3.887960026185e-09	9.447635643367e-10
2.992000000000e-07	1.764005138484e-09	-3.561346739642e-09	8.318827230764e-10
2.994000000000e-07	1.742957908783e-09	-3.482536795842e-09	7.334884722213e-10
2.996000000000e-07	1.754636764400e-09	-3.694316950288e-09	1.005602435910e-09
2.998000000000e-07	1.699249775463e-09	-3.637271117394e-09	1.074533340449e-09
3.000000000000e-07	1.651712300700e-09	-3.495721763120e-09	1.004751231389e-09
3.002000000000e-07	1.728886458496e-09	-3.602741245363e-09	9.392450413757e-10
3.004000000000e-07	1.786853285370e-09	-3.528107518974e-09	7.404681161688e-10
3.006000000000e-07	1.731226497596e-09	-3.716896893583e-09	1.134916866106e-09
3.008000000000e-07	1.679885815155e-09	-3.514129618443e-09	9.254743334676e-10
3.010000000000e-07	1.761426737091e-09	-3.723057094872e-09	1.031178077265e-09
3.012000000000e-07	1.754242801119e-09	-3.525851178428e-09	8.838823573226e-10
3.014000000000e-07	1.713244376714e-09	-3.635096504599e-09	1.011345288081e-09
3.016000000000e-07	1.766287400642e-09	-3.507675159344e-09	7.278156373735e-10
3.018000000000e-07	1.538556433402e-09	-3.475718891593e-09	1.226033184418e-09
3.020000000000e-07	1.712710083950e-09	-3.528987398610e-09	8.653823521057e-10
3.022000000000e-07	1.681886429303e-09	-3.408511860355e-09	6.959786005860e-10
3.024000000000e-07	1.486122990921e-09	-3.569023984158e-09	1.070131978263e-09
3.026000000000e-07	1.643583218948e-09	-3.287559839602e-09	7.263699298204e-10
3.028000000000e-07	1.668660207936e-09	-3.471315576921e-09	9.457972987920e-10
3.030000000000e-07	1.594125657179e-09	-3.425436406848e-09	1.019903650746e-09
3.032000000000e-07	1.620920896387e-09	-3.350625432130e-09	8.625972618307e-10
3.034000000000e-07	1.611575733712e-09	-3.500141530601e-09	1.073261238127e-09
3.036000000000e-07	1.608185270521e-09	-3.412350147437e-09	9.725662833133e-10
3.038000000000e-07	1.603461371791e-09	-3.192087089039e-09	6.962870298324e-10
3.040000000000e-07	1.572713074258e-09	-3.379382857790e-09	9.768316782627e-10
3.042000000000e-07	1.614047464335e-09	-3.479729220508e-09	9.953165178969e-10
3.044000000000e-07	1.747344845968e-09	-3.607971554422e-09	9.260607069948e-10
3.046000000000e-07	1.582065257530e-09	-3.394211465352e-09	9.035937653179e-10
3.048000000000e-07	1.595292800912e-09	-3.333780803552e-09	8.466914579582e-10
3.050000000000e-07	1.628858185267e-09	-3.540028017788e-09	1.084037726346e-09
3.052000000000e-07	1.723220689441e-09	-3.244036505248e-09	6.479551995405e-10
3.054000000000e-07	1.524371392496e-09	-3.265925964769e-09	9.480520521201e-10
3.056000000000e-07	1.658227181782e-09	-3.521006796288e-09	9.765949783912e-10
3.058000000000e-07	1.604575650813e-09	-3.317375003299e-09	8.239191275044e-10
3.060000000000e-07	1.590250992782e-09	-3.525763785079e-09	1.175014256693e-09
3.062000000000e-07	1.536349699734e-09	-3.253077770439e-09	9.019631181652e-10
3.064000000000e-07	1.575619607397e-09	-3.361098412557e-09	9.194914565865e-10
3.066000000000e-07	1.570221142654e-09	-3.308093890967e-09	9.393941946954e-10
3.068000000000e-07	1.602392819945e-09	-3.201619898319e-09	6.795899904232e-10
3.070000000000e-07	1.503148999150e-09	-3.213977580064e-09	9.506391623941e-10
3.072000000000e-07	1.521616460460e-09	-3.087895623741e-09	6.998600564266e-10
3.074000000000e-07	1.599343861258e-09	-3.312065894193e-09	8.595096859812e-10
3.076000000000e-07	1.541447447592e-09	-3.130201527295e-09	7.684752643063e-10
3.078000000000e-07	1.673219615319e-09	-3.369270000363e-09	7.302149395689e-10
3.080000000000e-07	1.573467510268e-09	-3.218490885058e-09	8.158736685811e-10
3.082000000000e-07	1.621010255063e-09	-3.296903723987e-09	7.326881783247e-10
3.084000000000e-07	1.580609669732e-09	-3.326324845178e-09	7.568687631488e-10
3.086000000000e-07	1.553695332515e-09	-3.129285386551e-09	7.302173358314e-10
3.088000000000e-07	1.444976284782e-09	-3.134813290252e-09	9.707792090767e-10
3.090000000000e-07	1.530606454062e-09	-3.273883973681e-09	9.613319353786e-10
3.092000000000e-07	1.550574614888e-09	-3.198710316279e-09	8.077636126008e-10
3.094000000000e-07	1.389479664873e-09	-3.139738871187e-09	1.061104652726e-09
3.096000000000e-07	1.587989957774e-09	-3.248452753544e-09	7.404639988928e-10
3.098000000000e-07	1.458897328448e-09	-3.111691284347e-09	9.014199205633e-10
3.100000000000e-07	1.464694582674e-09	-3.221071783575e-09	1.028006937890e-09
3.102000000000e-07	1.430857132021e-09	-3.212860713946e-09	1.128574070509e-09
3.104000000000e-07	1.595769729497e-09	-3.303413904072e-09	6.954754540992e-10
3.106000000000e-07	1.528871823069e-09	-3.288521187269e-09	1.008396567494e-09
3.108000000000e-07	1.432930588659e-09	-3.024005401408e-09	7.868470717774e-10
3.110000000000e-07	1.505519059672e-09	-3.081084728226e-09	7.449579685189e-10
3.112000000000e-07	1.445398797400e-09	-3.066428203614e-09	8.431315563636e-10
3.114000000000e-07	1.386815972596e-09	-3.021880947009e-09	9.527794966535e-10
3.116000000000e-07	1.502064068482e-09	-3.227751600653e-09	9.511547330158e-10
3.118000000000e-07	1.352227423141e-09	-2.851479396608e-09	7.949647342973e-10
3.120000000000e-07	1.503784245980e-09	-3.152739633182e-09	8.184442234196e-10
3.122000000000e-07	1.382182971356e-09	-2.985973813764e-09	8.861934532318e-10
3.124000000000e-07	1.479318621907e-09	-3.183379303634e-09	9.013362411738e-10
3.126000000000e-07	1.356706083314e-09	-3.000309946523e-09	9.522099205216e-10
3.128000000000e-07	1.325592563121e-09	-2.843154417717e-09	8.678125591082e-10
3.130000000000e-07	1.499649742967e-09	-3.179731867463e-09	8.505886053023e-10
3.132000000000e-07	1.466086790677e-09	-2.801854331972e-09	6.709627469368e-10
3.134000000000e-07	1.457215105642e-09	-3.033966306970e-09	7.355453765368e-10
3.136000000000e-07	1.371558539004e-09	-2.982158491044e-09	9.052011540836e-10
3.138000000000e-07	1.593417349302e-09	-3.254322631840e-09	7.453270397036e-10
3.140000000000e-07	1.400537886536e-09	-2.953025479710e-09	7.775910663508e-10
3.142000000000e-07	1.370040541029e-09	-2.964298238929e-09	8.859493963063e-10
3.144000000000e-07	1.347808548259e-09	-2.839669387170e-09	7.360856035351e-10
3.146000000000e-07	1.638492783933e-09	-3.048130589177e-09	4.512481110042e-10
3.148000000000e-07	1.397668916051e-09	-2.970634449403e-09	7.879552040319e-10
3.150000000000e-07	1.458211842984e-09	-3.085407938989e-09	9.043933722351e-10
3.152000000000e-07	1.418369787255e-09	-2.978837064580e-09	8.108145283034e-10
3.154000000000e-07	1.367911784132e-09	-2.868314980153e-09	7.865109815701e-10
3.156000000000e-07	1.396919732227e-09	-2.790702275212e-09	5.603417311970e-10
3.158000000000e-07	1.445830219208e-09	-3.062951464084e-09	8.995420827183e-10
3.160000000000e-07	1.437562230294e-09	-2.948595371094e-09	7.275419223417e-10
