-1.532000000000e-06	0.000000000000e+00	0.000000000000e+00	0.000000000000e+00
-1.531000000000e-06	0.000000000000e+00	0.000000000000e+00	0.000000000000e+00
-1.530000000000e-06	0.000000000000e+00	0.000000000000e+00	0.000000000000e+00
-1.529000000000e-06	0.000000000000e+00	0.000000000000e+00	0.000000000000e+00
-1.528000000000e-06	0.000000000000e+00	0.000000000000e+00	0.000000000000e+00
-1.527000000000e-06	0.000000000000e+00	0.000000000000e+00	0.000000000000e+00
-1.526000000000e-06	0.000000000000e+00	0.000000000000e+00	0.000000000000e+00
-1.525000000000e-06	0.000000000000e+00	0.000000000000e+00	0.000000000000e+00
-1.524000000000e-06	0.000000000000e+00	0.000000000000e+00	0.000000000000e+00
-1.523000000000e-06	0.000000000000e+00	0.000000000000e+00	0.000000000000e+00
-1.522000000000e-06	0.000000000000e+00	0.000000000000e+00	0.000000000000e+00
-1.521000000000e-06	0.000000000000e+00	0.000000000000e+00	0.000000000000e+00
-1.520000000000e-06	0.000000000000e+00	0.000000000000e+00	0.000000000000e+00
-1.519000000000e-06	0.000000000000e+00	0.000000000000e+00	0.000000000000e+00
-1.518000000000e-06	0.000000000000e+00	0.000000000000e+00	0.000000000000e+00
-1.517000000000e-06	0.000000000000e+00	0.000000000000e+00	0.000000000000e+00
-1.516000000000e-06	0.000000000000e+00	0.000000000000e+00	0.000000000000e+00
-1.515000000000e-06	0.000000000000e+00	0.000000000000e+00	0.000000000000e+00
-1.514000000000e-06	0.000000000000e+00	0.000000000000e+00	0.000000000000e+00
-1.513000000000e-06	0.000000000000e+00	0.000000000000e+00	0.000000000000e+00
-1.512000000000e-06	0.000000000000e+00	0.000000000000e+00	0.000000000000e+00
-1.511000000000e-06	0.000000000000e+00	0.000000000000e+00	0.000000000000e+00
-1.510000000000e-06	0.000000000000e+00	0.000000000000e+00	0.000000000000e+00
-1.509000000000e-06	0.000000000000e+00	0.000000000000e+00	0.000000000000e+00
-1.508000000000e-06	0.000000000000e+00	0.000000000000e+00	0.000000000000e+00
-1.507000000000e-06	0.000000000000e+00	0.000000000000e+00	0.000000000000e+00
-1.506000000000e-06	0.000000000000e+00	0.000000000000e+00	0.000000000000e+00
-1.505000000000e-06	0.000000000000e+00	0.000000000000e+00	0.000000000000e+00
-1.504000000000e-06	0.000000000000e+00	0.000000000000e+00	0.000000000000e+00
-1.503000000000e-06	0.000000000000e+00	0.000000000000e+00	0.000000000000e+00
-1.502000000000e-06	0.000000000000e+00	0.000000000000e+00	0.000000000000e+00
-1.501000000000e-06	0.000000000000e+00	0.000000000000e+00	0.000000000000e+00
-1.500000000000e-06	0.000000000000e+00	0.000000000000e+00	0.000000000000e+00
-1.499000000000e-06	0.000000000000e+00	0.000000000000e+00	0.000000000000e+00
-1.498000000000e-06	0.000000000000e+00	0.000000000000e+00	0.000000000000e+00
-1.497000000000e-06	0.000000000000e+00	0.000000000000e+00	0.000000000000e+00
-1.496000000000e-06	0.000000000000e+00	0.000000000000e+00	0.000000000000e+00
-1.495000000000e-06	0.000000000000e+00	0.000000000000e+00	0.000000000000e+00
-1.494000000000e-06	0.000000000000e+00	0.000000000000e+00	0.000000000000e+00
-1.493000000000e-06	0.000000000000e+00	0.000000000000e+00	0.000000000000e+00
-1.492000000000e-06	0.000000000000e+00	0.000000000000e+00	0.000000000000e+00
-1.491000000000e-06	0.000000000000e+00	0.000000000000e+00	0.000000000000e+00
-1.490000000000e-06	0.000000000000e+00	0.000000000000e+00	0.000000000000e+00
-1.489000000000e-06	0.000000000000e+00	0.000000000000e+00	0.000000000000e+00
-1.488000000000e-06	0.000000000000e+00	0.000000000000e+00	0.000000000000e+00
-1.487000000000e-06	0.000000000000e+00	0.000000000000e+00	0.000000000000e+00
-1.486000000000e-06	0.000000000000e+00	0.000000000000e+00	0.000000000000e+00
-1.485000000000e-06	0.000000000000e+00	0.000000000000e+00	0.000000000000e+00
-1.484000000000e-06	0.000000000000e+00	0.000000000000e+00	0.000000000000e+00
-1.483000000000e-06	0.000000000000e+00	0.000000000000e+00	0.000000000000e+00
-1.482000000000e-06	0.000000000000e+00	0.000000000000e+00	0.000000000000e+00
-1.481000000000e-06	0.000000000000e+00	0.000000000000e+00	0.000000000000e+00
-1.480000000000e-06	0.000000000000e+00	0.000000000000e+00	0.000000000000e+00
-1.479000000000e-06	0.000000000000e+00	0.000000000000e+00	0.000000000000e+00
-1.478000000000e-06	0.000000000000e+00	0.000000000000e+00	0.000000000000e+00
-1.477000000000e-06	0.000000000000e+00	0.000000000000e+00	0.000000000000e+00
-1.476000000000e-06	0.000000000000e+00	0.000000000000e+00	0.000000000000e+00
-1.475000000000e-06	0.000000000000e+00	0.000000000000e+00	0.000000000000e+00
-1.474000000000e-06	0.000000000000e+00	0.000000000000e+00	0.000000000000e+00
-1.473000000000e-06	0.000000000000e+00	0.000000000000e+00	0.000000000000e+00
-1.472000000000e-06	0.000000000000e+00	0.000000000000e+00	0.000000000000e+00
-1.471000000000e-06	0.000000000000e+00	0.000000000000e+00	0.000000000000e+00
-1.470000000000e-06	0.000000000000e+00	0.000000000000e+00	0.000000000000e+00
-1.469000000000e-06	5.409110530739e-17	-1.477860179765e-16	-1.455340587626e-17
-1.468000000000e-06	3.355517942975e-18	-9.301873620593e-18	-8.033462933685e-19
-1.467000000000e-06	-3.407063722450e-17	9.524383835335e-17	8.270003863473e-18
-1.466000000000e-06	5.786365041988e-17	-1.581353485146e-16	-1.534319191636e-17
-1.465000000000e-06	-3.926467228882e-17	1.098173473270e-16	9.480484752665e-18
-1.464000000000e-06	-3.898643557822e-17	1.035976213087e-16	1.143936268169e-17
-1.463000000000e-06	2.481050596276e-16	-6.233025291212e-16	-8.667215226005e-17
-1.462000000000e-06	1.620742463204e-17	-4.518145280332e-17	-3.862544644953e-18
-1.461000000000e-06	-1.507358876019e-17	4.825915312263e-17	1.003865701774e-18
-1.460000000000e-06	3.228335659132e-17	-8.009493849060e-17	-1.105364647006e-17
-1.459000000000e-06	-2.646250619484e-17	9.211487326214e-17	-7.855796660146e-19
-1.458000000000e-06	8.808617583546e-17	-1.861673076540e-16	-4.406516714238e-17
-1.457000000000e-06	-5.617907679851e-17	1.407448746144e-16	1.944009707147e-17
-1.456000000000e-06	-3.038663045473e-17	1.091213036298e-16	-2.123890677735e-18
-1.455000000000e-06	6.452597076108e-18	1.313233239778e-18	-8.722114775880e-18
-1.454000000000e-06	1.235228207737e-17	-3.439839757393e-17	-2.996147665548e-18
-1.453000000000e-06	-1.651153776777e-18	2.035222372412e-17	-5.352023879133e-18
-1.452000000000e-06	6.381209377726e-18	-1.644648345934e-17	-1.966226907122e-18
-1.451000000000e-06	8.911184000159e-17	-2.041820445444e-16	-3.753751478499e-17
-1.450000000000e-06	-5.255862380844e-17	1.478837517208e-16	1.170444272747e-17
-1.449000000000e-06	1.267321312250e-16	-2.355592100070e-16	-7.532107672012e-17
-1.448000000000e-06	-1.735381663644e-16	4.275729664992e-16	6.175663728137e-17
-1.447000000000e-06	1.294033593186e-16	-2.933343674470e-16	-5.551501068345e-17
-1.446000000000e-06	4.828332761066e-17	-1.078886964557e-16	-2.075882874656e-17
-1.445000000000e-06	6.648657496680e-17	-1.543863282461e-16	-2.646578715053e-17
-1.444000000000e-06	1.465774135482e-17	-2.049617236160e-17	-1.068534771556e-17
-1.443000000000e-06	4.910912555575e-17	-1.249714409104e-16	-1.444772716699e-17
-1.442000000000e-06	1.232894289640e-16	-2.567766433495e-16	-6.140923137394e-17
-1.441000000000e-06	-2.429086935315e-17	2.333920114664e-17	2.377401803157e-17
-1.440000000000e-06	-4.562618227179e-18	1.594604377514e-17	3.849053624972e-19
-1.439000000000e-06	-3.650524883053e-17	2.012977316659e-16	-3.246829813168e-17
-1.438000000000e-06	3.426279865270e-16	-4.960996829776e-16	-2.567519844353e-16
-1.437000000000e-06	-2.233039876111e-16	5.723834728105e-16	6.908143591781e-17
-1.436000000000e-06	2.624619602663e-16	8.207410157181e-18	-3.595699432658e-16
-1.435000000000e-06	-8.371301790214e-17	6.415816254808e-17	8.770106740082e-17
-1.434000000000e-06	1.980894333984e-17	8.224929105015e-17	-6.031049758788e-17
-1.433000000000e-06	3.446973555169e-17	-1.230733785240e-16	5.697992697518e-18
-1.432000000000e-06	-1.674107539227e-16	3.472683494684e-16	8.683609827406e-17
-1.431000000000e-06	4.484307553496e-18	-3.661869244552e-16	1.430532912546e-16
-1.430000000000e-06	8.312711984403e-17	1.350793354040e-16	-1.633094891440e-16
-1.429000000000e-06	-1.211901622371e-16	4.662327436848e-16	-2.603053713015e-17
-1.428000000000e-06	1.849147566439e-16	-1.390079677832e-16	-1.904220368288e-16
-1.427000000000e-06	-8.947204467364e-17	1.537696229420e-16	5.997926331906e-17
-1.426000000000e-06	7.138708776837e-17	6.637884192480e-17	-1.224630782634e-16
-1.425000000000e-06	8.862583042336e-17	-2.518131776139e-16	-1.382972004356e-17
-1.424000000000e-06	5.056377249949e-17	4.930905494913e-16	-2.683926223822e-16
-1.423000000000e-06	1.594100169288e-16	4.067167099221e-16	-3.765184991713e-16
-1.422000000000e-06	-4.285834766738e-16	1.209855145501e-15	8.052830897544e-17
-1.421000000000e-06	-5.717320469827e-16	1.805396170872e-15	1.828481261951e-17
-1.420000000000e-06	-7.650812653176e-16	8.795655317300e-16	6.671734345981e-16
-1.419000000000e-06	5.389260386956e-16	6.737554338822e-16	-9.983459110289e-16
-1.418000000000e-06	-1.552974263128e-15	2.484086167168e-15	1.044767757961e-15
-1.417000000000e-06	-4.445696948984e-17	3.167605643528e-16	-6.836797355262e-17
-1.416000000000e-06	3.766083163733e-16	-1.260206924065e-15	2.053369630541e-17
-1.415000000000e-06	3.261873802942e-15	-1.954292040339e-15	-3.562951870249e-15
-1.414000000000e-06	-2.554348195864e-15	5.643541583245e-15	1.077645189534e-15
-1.413000000000e-06	-2.805769179398e-15	1.821930184094e-14	-3.897293246163e-15
-1.412000000000e-06	-2.014847320994e-15	1.704845903259e-15	2.001086080291e-15
-1.411000000000e-06	-2.103137468867e-15	2.995288383254e-15	1.544300890380e-15
-1.410000000000e-06	1.554192434457e-17	5.633515738187e-15	-2.390173116412e-15
-1.409000000000e-06	-3.151890824126e-15	-1.367554024376e-15	4.797182180636e-15
-1.408000000000e-06	8.111758010546e-16	-2.534814046498e-15	-1.898769660101e-17
-1.407000000000e-06	1.436913591404e-15	5.062822415816e-16	-2.141631093887e-15
-1.406000000000e-06	1.686853331157e-15	-2.693437328765e-15	-1.107056659955e-15
-1.405000000000e-06	1.924362667931e-16	-2.640787252068e-15	8.417951203205e-16
-1.404000000000e-06	1.025923979726e-15	-1.606200491360e-16	-1.336601094978e-15
-1.403000000000e-06	-4.562049782421e-15	1.096055265228e-14	1.622632617660e-15
-1.402000000000e-06	1.243077944479e-15	9.679231994912e-16	-2.077474973158e-15
-1.401000000000e-06	1.267496959263e-15	-2.027837752244e-15	-8.327801827391e-16
-1.400000000000e-06	2.923297371263e-16	5.160034769981e-15	-2.542538024587e-15
-1.399000000000e-06	7.652937443546e-16	-3.477573688584e-15	4.425609988709e-16
-1.398000000000e-06	-2.675729110208e-15	4.014024818459e-15	1.760177624202e-15
-1.397000000000e-06	1.521183888608e-15	-3.440216261804e-15	-5.052380227233e-16
-1.396000000000e-06	-4.711346820342e-17	-3.069837080414e-15	1.340449599628e-15
-1.395000000000e-06	6.428269488670e-16	3.237367074561e-15	-2.265212991595e-15
-1.394000000000e-06	6.497762195207e-16	1.160204747055e-15	-1.345070165199e-15
-1.393000000000e-06	3.996116335817e-15	-4.311218457072e-15	-3.494443137059e-15
-1.392000000000e-06	6.675816157540e-15	-5.264898948654e-15	-6.737376426850e-15
-1.391000000000e-06	-7.509907547295e-15	2.829772548823e-14	-1.762846652344e-15
-1.390000000000e-06	-3.027363705515e-15	4.119457371416e-15	2.051122646162e-15
-1.389000000000e-06	-2.210369990498e-15	1.162181765149e-14	-2.063635298309e-15
-1.388000000000e-06	-3.249938081394e-15	-9.281994796118e-15	8.474203871896e-15
-1.387000000000e-06	7.497809631040e-16	2.133008733264e-15	-1.928860274802e-15
-1.386000000000e-06	-3.185559989426e-15	7.025272537151e-15	1.161110967902e-15
-1.385000000000e-06	2.334601510952e-16	-2.510296932839e-15	7.822370506862e-16
-1.384000000000e-06	3.048171322761e-15	-5.696081450939e-15	-1.654318548048e-15
-1.383000000000e-06	-2.615364065496e-15	3.407311414980e-16	3.181750036487e-15
-1.382000000000e-06	3.782231795300e-16	1.678457809612e-15	-1.128503991131e-15
-1.381000000000e-06	-9.900053711370e-15	1.513601525250e-14	6.719823847366e-15
-1.380000000000e-06	-3.436496282291e-16	-5.043287218113e-15	2.717967374148e-15
-1.379000000000e-06	2.399092872387e-15	4.496722895954e-15	-4.977904181799e-15
-1.378000000000e-06	2.048546551294e-15	1.310505853700e-14	-8.235926470724e-15
-1.377000000000e-06	1.426773440501e-14	-3.866131393874e-16	-1.935005452081e-14
-1.376000000000e-06	-9.997308267872e-15	1.754779881056e-14	6.607294216266e-15
-1.375000000000e-06	4.492510322344e-15	1.563346349890e-14	-1.305575233300e-14
-1.374000000000e-06	-1.807331266192e-15	3.789836749863e-15	4.404961451910e-16
-1.373000000000e-06	-1.266272104669e-14	2.186574667675e-14	7.445040735659e-15
-1.372000000000e-06	2.051043559374e-15	4.641974520339e-15	-4.756955297272e-15
-1.371000000000e-06	2.810880343983e-15	1.787487937626e-15	-4.559473760595e-15
-1.370000000000e-06	-1.973505562061e-15	1.530191182447e-14	-4.278982566701e-15
-1.369000000000e-06	1.864869902282e-14	5.276892455328e-15	-2.693428834473e-14
-1.368000000000e-06	-1.902798862340e-14	4.878243302622e-14	4.240087451688e-15
-1.367000000000e-06	6.222446753446e-16	2.083092555837e-14	-9.354636386591e-15
-1.366000000000e-06	-2.213388445383e-16	1.750096546950e-15	-4.608966143049e-16
-1.365000000000e-06	9.595317665148e-16	-2.573372174605e-14	1.032191240064e-14
-1.364000000000e-06	-1.967071143036e-15	1.074113668205e-14	-2.092912816196e-15
-1.363000000000e-06	-1.825217285549e-14	4.731247048501e-14	2.714983592948e-15
-1.362000000000e-06	7.331712430406e-15	-8.792798350736e-16	-9.454129010721e-15
-1.361000000000e-06	-1.013100257684e-14	-1.717382676159e-14	2.104777321095e-14
-1.360000000000e-06	-9.498760731193e-15	4.201062607880e-14	-5.793266094475e-15
-1.359000000000e-06	-1.720577864816e-14	-3.753151987639e-15	2.434097758999e-14
-1.358000000000e-06	3.387054423644e-15	6.958339083289e-14	-3.482225227043e-14
-1.357000000000e-06	3.080939034919e-14	-2.301025415986e-14	-3.109774852592e-14
-1.356000000000e-06	-6.706326075723e-15	3.469607134643e-14	-5.906501291992e-15
-1.355000000000e-06	-8.352635457581e-16	-1.608331198929e-14	7.897260865528e-15
-1.354000000000e-06	-2.292930078685e-14	5.753326049334e-14	5.659936186712e-15
-1.353000000000e-06	-8.502305171701e-15	7.276648909975e-15	8.034123018934e-15
-1.352000000000e-06	-1.325236337881e-14	2.126892542307e-14	8.274149821152e-15
-1.351000000000e-06	-4.948033210340e-15	3.110295248577e-14	-6.767212340483e-15
-1.350000000000e-06	1.402000057692e-14	-4.879038778027e-15	-1.627600691214e-14
-1.349000000000e-06	-1.072322106303e-14	7.215139731993e-14	-1.709133496862e-14
-1.348000000000e-06	5.822369548049e-15	1.555023804949e-14	-1.481385203000e-14
-1.347000000000e-06	-6.971650239817e-15	3.525233845934e-14	-6.017197193571e-15
-1.346000000000e-06	-1.224737850579e-14	5.439341793878e-15	1.360566557388e-14
-1.345000000000e-06	-5.100908657339e-15	2.730807048566e-14	-5.357443812866e-15
-1.344000000000e-06	2.561127723139e-14	3.733124595530e-15	-3.598728393254e-14
-1.343000000000e-06	-3.805317873276e-15	1.343099878478e-14	-1.275226262943e-15
-1.342000000000e-06	1.257025639223e-14	1.956151451332e-14	-2.518087499967e-14
-1.341000000000e-06	-7.777088629932e-15	5.034443247759e-14	-1.188970119962e-14
-1.340000000000e-06	-1.283425467538e-14	3.493551979366e-14	1.633195620666e-15
-1.339000000000e-06	-9.775777719963e-15	1.457419725223e-14	6.202005503210e-15
-1.338000000000e-06	6.960638958307e-15	3.507652400327e-14	-2.344695321767e-14
-1.337000000000e-06	-6.617013734072e-15	2.855618859293e-14	-4.392291310983e-15
-1.336000000000e-06	-4.153653576392e-14	1.125822405333e-13	4.649193539408e-15
-1.335000000000e-06	-2.682611545840e-15	2.120792060698e-14	-6.100673640879e-15
-1.334000000000e-06	-2.728332989451e-14	5.813654289739e-14	9.853746094303e-15
-1.333000000000e-06	-2.939039369472e-14	2.617280620246e-14	2.793690507129e-14
-1.332000000000e-06	3.117644784626e-14	3.837269407106e-16	-4.075968770338e-14
-1.331000000000e-06	-7.149607485850e-15	2.498249636659e-14	-1.390233451229e-15
-1.330000000000e-06	-2.462909243170e-14	6.850676037492e-14	2.242856460530e-15
-1.329000000000e-06	-3.733112659290e-14	1.034430127490e-13	2.606758505344e-15
-1.328000000000e-06	-2.952179946227e-14	8.037077265854e-14	3.499407180596e-15
-1.327000000000e-06	-2.979392714783e-14	7.827019915996e-14	4.529137282332e-15
-1.326000000000e-06	1.545161471154e-14	2.496280196919e-14	-3.122790570375e-14
-1.325000000000e-06	3.571494049851e-14	6.856707324849e-15	-5.095981459504e-14
-1.324000000000e-06	3.823150572773e-15	3.728159376450e-14	-2.175985798251e-14
-1.323000000000e-06	-5.474428855235e-14	9.581546065584e-14	3.051044169846e-14
-1.322000000000e-06	1.266441547504e-14	4.886989384834e-14	-3.871575795430e-14
-1.321000000000e-06	-3.200178657261e-15	-1.358304253292e-14	8.754740779478e-15
-1.320000000000e-06	-2.205079204315e-14	6.954413960061e-14	-2.208666619238e-15
-1.319000000000e-06	-1.324843390487e-14	7.817451084399e-14	-1.752225801825e-14
-1.318000000000e-06	2.738197247601e-14	3.580378656536e-14	-5.209295180681e-14
-1.317000000000e-06	6.231797190992e-15	4.313732441835e-14	-2.849842882268e-14
-1.316000000000e-06	-1.476798217980e-14	1.550219390540e-13	-4.954979579537e-14
-1.315000000000e-06	-6.523673676164e-14	1.918031050929e-13	-1.711828631192e-16
-1.314000000000e-06	-1.160876786188e-14	8.555550492715e-15	1.152152209053e-14
-1.313000000000e-06	2.629379477503e-15	6.158220822964e-14	-3.153170810481e-14
-1.312000000000e-06	-3.478151643784e-14	3.188046963065e-14	3.152519232058e-14
-1.311000000000e-06	2.043878485417e-14	-1.703288651745e-15	-2.684170843727e-14
-1.310000000000e-06	-5.699976342194e-14	1.345120653160e-13	1.319905655919e-14
-1.309000000000e-06	5.422324772316e-16	2.641824961717e-15	-1.654186590835e-15
-1.308000000000e-06	-2.260615343032e-14	9.372487126439e-14	-1.518538947162e-14
-1.307000000000e-06	-7.585023108872e-15	8.690946325535e-15	6.084444627320e-15
-1.306000000000e-06	4.720165355852e-15	6.730872048708e-14	-3.649577610181e-14
-1.305000000000e-06	-6.003151606304e-15	1.353666137717e-13	-5.496941822001e-14
-1.304000000000e-06	-2.200430409700e-14	1.051898717829e-13	-2.270734118177e-14
-1.303000000000e-06	-8.860933268565e-15	1.345306816300e-13	-5.081508269059e-14
-1.302000000000e-06	-3.299149227162e-14	1.506758799222e-13	-2.429567579375e-14
-1.301000000000e-06	-1.529342364269e-15	4.809889425701e-14	-1.907618068287e-14
-1.300000000000e-06	5.043983495874e-14	8.053806476602e-16	-7.573025099297e-14
-1.299000000000e-06	-3.048355405711e-14	1.044221574951e-13	-1.378916759661e-14
-1.298000000000e-06	-2.413631677140e-14	1.427665766841e-13	-3.378429044454e-14
-1.297000000000e-06	-6.666146305226e-14	1.208352575445e-13	5.970217597112e-14
-1.296000000000e-06	-2.083316639965e-14	1.961809274520e-13	-6.625092666578e-14
-1.295000000000e-06	-1.852780027948e-14	1.254677159683e-13	-3.513021112828e-14
-1.294000000000e-06	-2.371727365821e-14	1.315052414190e-13	-2.819237869275e-14
-1.293000000000e-06	-1.656885794597e-14	1.139745366655e-13	-2.787611823203e-14
-1.292000000000e-06	-2.566677780340e-14	1.754894606605e-13	-4.908531957782e-14
-1.291000000000e-06	-1.757383164031e-14	1.598731106926e-13	-5.108919589004e-14
-1.290000000000e-06	-3.880844936020e-14	1.157939140454e-13	-4.062406668244e-15
-1.289000000000e-06	-6.972830697225e-14	9.383611620293e-14	5.051911456460e-14
-1.288000000000e-06	-2.548704851704e-14	1.931265902309e-13	-5.264808498328e-14
-1.287000000000e-06	-1.061257538091e-14	1.511068304457e-13	-5.917036041572e-14
-1.286000000000e-06	-5.361397220080e-14	1.018097668155e-13	2.299968695291e-14
-1.285000000000e-06	1.146690077994e-14	1.186916753044e-13	-6.830591216567e-14
-1.284000000000e-06	-4.127628041527e-14	1.720517751438e-13	-2.522267237992e-14
-1.283000000000e-06	-6.821397091780e-14	1.791892664833e-13	7.929726377445e-15
-1.282000000000e-06	-7.517753477818e-14	1.703040413568e-13	1.901886504848e-14
-1.281000000000e-06	6.348902417137e-14	1.542263626344e-13	-1.549034008293e-13
-1.280000000000e-06	-2.463666024462e-14	1.722580761954e-13	-4.787097493400e-14
-1.279000000000e-06	4.123807136597e-14	1.166577152335e-13	-1.115457465499e-13
-1.278000000000e-06	-6.025980212480e-14	2.459559525538e-13	-3.135787428493e-14
-1.277000000000e-06	-1.721004695184e-14	2.918209148076e-13	-1.120275991979e-13
-1.276000000000e-06	1.747996342950e-14	1.851285921623e-13	-1.105693553413e-13
-1.275000000000e-06	-5.241794055714e-14	1.530314756834e-13	6.580494824964e-16
-1.274000000000e-06	1.911729575850e-14	1.259993627015e-13	-9.096828714438e-14
-1.273000000000e-06	-9.710563894170e-14	2.721533744335e-13	2.432191136663e-16
-1.272000000000e-06	-6.902258310261e-14	2.461581932889e-13	-2.338830877801e-14
-1.271000000000e-06	1.147475530248e-14	1.085854890945e-13	-6.357956866095e-14
-1.270000000000e-06	-4.419324937746e-14	2.263691912109e-13	-4.780778000406e-14
-1.269000000000e-06	1.984218290883e-14	2.403718617359e-13	-1.389824031664e-13
-1.268000000000e-06	-6.866026068883e-14	3.235862231163e-13	-6.090282391644e-14
-1.267000000000e-06	-1.308165158012e-13	2.110284854645e-13	7.343884115202e-14
-1.266000000000e-06	-3.694427214609e-14	2.598444441517e-13	-7.670313395207e-14
-1.265000000000e-06	-1.964347613711e-14	3.099950865825e-13	-1.240014468910e-13
-1.264000000000e-06	5.175145815617e-14	3.613919883971e-13	-2.387218946392e-13
-1.263000000000e-06	-7.093727482938e-14	3.709932777795e-13	-8.347340620089e-14
-1.262000000000e-06	-1.243138715373e-13	3.704175693610e-13	-9.819348900432e-15
-1.261000000000e-06	-3.698228168002e-14	3.008583437750e-13	-9.290589563742e-14
-1.260000000000e-06	-1.357132030224e-13	5.324745800656e-13	-6.886233554629e-14
-1.259000000000e-06	8.396407059251e-14	7.675328002516e-14	-1.492331900342e-13
-1.258000000000e-06	-1.073673555721e-13	5.183455032315e-13	-1.045592513838e-13
-1.257000000000e-06	-1.121283125848e-13	3.699717977338e-13	-2.450968787498e-14
-1.256000000000e-06	-7.911224205488e-14	4.285497437966e-13	-9.689878211240e-14
-1.255000000000e-06	-1.873186956583e-14	3.770789763278e-13	-1.529343574752e-13
-1.254000000000e-06	-1.227735139467e-14	1.971375583861e-13	-8.098952393338e-14
-1.253000000000e-06	-1.077650300256e-13	5.092650563033e-13	-9.705840386391e-14
-1.252000000000e-06	-1.487965968615e-13	4.596236619786e-13	-2.309737278890e-14
-1.251000000000e-06	5.601331830554e-14	1.409995737788e-13	-1.396292812223e-13
-1.250000000000e-06	-8.319200618722e-14	3.821171038749e-13	-7.387045191085e-14
-1.249000000000e-06	-4.858396519908e-14	5.060726130509e-13	-1.783663054389e-13
-1.248000000000e-06	-1.340595327272e-13	3.942407507096e-13	-9.958427133389e-15
-1.247000000000e-06	-9.376880154330e-14	5.240419886096e-13	-1.249343148848e-13
-1.246000000000e-06	-3.915738107833e-14	4.281668407821e-13	-1.546336495881e-13
-1.245000000000e-06	-1.368610015484e-13	3.908517779946e-13	-1.017373605570e-14
-1.244000000000e-06	-4.436104169316e-14	4.191838791877e-13	-1.423177529933e-13
-1.243000000000e-06	-1.986122944621e-14	4.627008278193e-13	-1.940181552660e-13
-1.242000000000e-06	-1.291453082192e-13	6.316294492935e-13	-1.314684088695e-13
-1.241000000000e-06	-9.855569224453e-14	5.111780535223e-13	-1.163121290101e-13
-1.240000000000e-06	-2.348244537612e-13	6.930396408127e-13	-1.599255349372e-14
-1.239000000000e-06	-8.725037101569e-14	5.682673260703e-13	-1.553438796883e-13
-1.238000000000e-06	-6.624319141511e-14	5.392989950233e-13	-1.733045688652e-13
-1.237000000000e-06	-1.664077400883e-13	6.219234142543e-13	-7.835313765717e-14
-1.236000000000e-06	-4.722650618265e-14	3.499821019994e-13	-1.125938846174e-13
-1.235000000000e-06	-8.741426980292e-14	6.091742543539e-13	-1.768155370804e-13
-1.234000000000e-06	-6.236118044146e-14	5.395632821584e-13	-1.833478657697e-13
-1.233000000000e-06	-4.635617254130e-15	3.596341861864e-13	-1.674471860868e-13
-1.232000000000e-06	-1.007124937199e-13	7.077268327287e-13	-2.057004848261e-13
-1.231000000000e-06	-1.247607656151e-13	4.395636163675e-13	-4.872829540817e-14
-1.230000000000e-06	1.895766850149e-14	5.295705369993e-13	-2.782079477346e-13
-1.229000000000e-06	-3.125001987569e-13	9.151541625366e-13	-3.445545811972e-14
-1.228000000000e-06	-1.503244688016e-13	6.752033538828e-13	-1.301371909475e-13
-1.227000000000e-06	8.595209002796e-14	3.325431320255e-13	-2.750981475778e-13
-1.226000000000e-06	-1.387461879026e-13	8.112175096234e-13	-2.111101144924e-13
-1.225000000000e-06	-1.452870512897e-13	8.974394145701e-13	-2.450343303580e-13
-1.224000000000e-06	-2.279305041997e-13	9.687859135620e-13	-1.697154491865e-13
-1.223000000000e-06	-1.663044217846e-13	8.025983940598e-13	-1.716947298880e-13
-1.222000000000e-06	-9.824162894823e-14	8.337577887910e-13	-2.770859204696e-13
-1.221000000000e-06	-8.317744297892e-14	7.902041099566e-13	-2.787602890889e-13
-1.220000000000e-06	-2.308671871336e-13	1.214839878538e-12	-2.889884981918e-13
-1.219000000000e-06	-1.674431422195e-13	8.240182230441e-13	-1.795885712848e-13
-1.218000000000e-06	-3.482246007447e-13	5.344056976368e-13	1.935943181302e-13
-1.217000000000e-06	-1.751870046207e-15	8.306452775489e-13	-4.046533584514e-13
-1.216000000000e-06	-2.599397617243e-13	6.738032089649e-13	1.060662226457e-14
-1.215000000000e-06	-7.641196762174e-14	9.803826762170e-13	-3.808299853467e-13
-1.214000000000e-06	-1.844597247407e-13	1.010883978028e-12	-2.521989032882e-13
-1.213000000000e-06	-2.068492222668e-14	3.756200135648e-13	-1.645701285194e-13
-1.212000000000e-06	1.512671281298e-13	9.277342109916e-13	-6.526363645842e-13
-1.211000000000e-06	-1.313838803738e-13	5.372624476765e-13	-9.446743380580e-14
-1.210000000000e-06	-3.788164176873e-13	1.343578059092e-12	-1.622232116495e-13
-1.209000000000e-06	-2.076494383174e-13	9.662906757768e-13	-2.009428783197e-13
-1.208000000000e-06	-3.062669013069e-13	1.430862102036e-12	-2.988936407852e-13
-1.207000000000e-06	-2.670184965336e-13	9.954648433837e-13	-1.414032682415e-13
-1.206000000000e-06	-3.391130120122e-13	9.908158663547e-13	-4.618913931130e-14
-1.205000000000e-06	-1.384884847042e-13	1.242742250882e-12	-4.220616333407e-13
-1.204000000000e-06	-1.672243363263e-13	9.588167854891e-13	-2.594803688318e-13
-1.203000000000e-06	-2.894985341873e-13	1.229781627646e-12	-2.118716311588e-13
-1.202000000000e-06	-3.396876713875e-13	8.851221670707e-13	1.047441106739e-14
-1.201000000000e-06	-1.890230214455e-13	1.363904499066e-12	-4.272204576714e-13
-1.200000000000e-06	-2.423886500951e-13	1.370024391662e-12	-3.387674083322e-13
-1.199000000000e-06	-3.549309105981e-13	1.487931404408e-12	-2.606828492676e-13
-1.198000000000e-06	9.451693456201e-14	1.150741872577e-12	-6.996650252476e-13
-1.197000000000e-06	-3.320607610233e-13	1.493054684990e-12	-3.280007428713e-13
-1.196000000000e-06	-1.315278327532e-13	1.103148520598e-12	-3.752566293959e-13
-1.195000000000e-06	-3.350859948471e-13	1.290121172664e-12	-1.992934768698e-13
-1.194000000000e-06	-1.380523545702e-13	9.444236722964e-13	-2.778825057058e-13
-1.193000000000e-06	-3.002133599531e-13	1.585401433907e-12	-3.948806526961e-13
-1.192000000000e-06	-2.159931596384e-13	1.608344763308e-12	-5.196195628485e-13
-1.191000000000e-06	-4.318089137221e-13	1.862911485499e-12	-3.563604072111e-13
-1.190000000000e-06	-5.016252286385e-13	2.014334259727e-12	-3.493649603936e-13
-1.189000000000e-06	-2.343248327175e-13	1.369208310819e-12	-3.713798555624e-13
-1.188000000000e-06	-1.891408919393e-13	1.445851255129e-12	-4.706339268617e-13
-1.187000000000e-06	-4.366689685823e-13	1.692956060075e-12	-2.694982909991e-13
-1.186000000000e-06	-3.857264602706e-13	1.748900916182e-12	-3.708996673734e-13
-1.185000000000e-06	-3.291590442787e-14	1.346208858038e-12	-6.267127699642e-13
-1.184000000000e-06	-4.804762330899e-13	1.554345702949e-12	-1.558337229183e-13
-1.183000000000e-06	-1.550726861278e-13	1.476340783286e-12	-5.411501762261e-13
-1.182000000000e-06	-2.333321130937e-13	1.432097653662e-12	-4.338882944747e-13
-1.181000000000e-06	-3.394758362298e-13	1.595798495264e-12	-3.533235895818e-13
-1.180000000000e-06	-3.097672700836e-13	1.807260453004e-12	-4.993708423397e-13
-1.179000000000e-06	-4.777846155972e-13	2.210932726668e-12	-4.892887124359e-13
-1.178000000000e-06	-1.822089346922e-13	1.146840093735e-12	-3.544831479373e-13
-1.177000000000e-06	-4.311005963264e-13	1.959164048421e-12	-4.209026436765e-13
-1.176000000000e-06	-1.982315367206e-13	1.640012439643e-12	-5.718819196551e-13
-1.175000000000e-06	-4.827578082321e-13	2.033094637426e-12	-3.939155541841e-13
-1.174000000000e-06	-5.824446501454e-14	2.095803262514e-12	-9.836359654366e-13
-1.173000000000e-06	-5.360040768032e-13	1.686004914461e-12	-1.746864883335e-13
-1.172000000000e-06	-2.202708110348e-13	1.731541477321e-12	-6.018358287250e-13
-1.171000000000e-06	-6.845628591339e-13	1.955129294286e-12	-9.523353293203e-14
-1.170000000000e-06	1.349026686433e-14	2.038085279790e-12	-1.041641543925e-12
-1.169000000000e-06	-4.769165811280e-13	1.943553030222e-12	-4.034028734852e-13
-1.168000000000e-06	-4.139041173133e-13	1.943714252592e-12	-4.501724082420e-13
-1.167000000000e-06	-2.988241630177e-13	2.294510381897e-12	-7.640776693842e-13
-1.166000000000e-06	-5.216777129382e-13	2.410011289157e-12	-5.429910571438e-13
-1.165000000000e-06	-1.347955206669e-13	1.462689851998e-12	-5.755116193377e-13
-1.164000000000e-06	-5.314517635649e-13	2.697467456628e-12	-6.690744919270e-13
-1.163000000000e-06	-4.835987974962e-13	2.614986269458e-12	-7.025270938457e-13
-1.162000000000e-06	-2.991103486887e-13	1.745303638402e-12	-5.013679459703e-13
-1.161000000000e-06	-1.821698819730e-13	1.635034680687e-12	-5.966711798546e-13
-1.160000000000e-06	-1.440015536423e-13	2.298886520959e-12	-9.903784797333e-13
-1.159000000000e-06	-5.621695094733e-13	2.692857682695e-12	-6.355046456242e-13
-1.158000000000e-06	-4.831370825687e-13	2.978211024354e-12	-9.242379325401e-13
-1.157000000000e-06	-5.613611139027e-13	2.326191151693e-12	-4.568838318733e-13
-1.156000000000e-06	-6.757448485545e-13	2.738743631800e-12	-5.123513153191e-13
-1.155000000000e-06	-2.216212804006e-13	2.423089490293e-12	-9.171229660525e-13
-1.154000000000e-06	-9.422056753193e-13	2.827019939407e-12	-2.225872254203e-13
-1.153000000000e-06	-3.097094952403e-13	2.700615088510e-12	-9.788167169877e-13
-1.152000000000e-06	-7.708425946744e-13	2.974432962009e-12	-5.277368964211e-13
-1.151000000000e-06	-3.256619428982e-13	2.360398451551e-12	-7.855784573133e-13
-1.150000000000e-06	-9.363888590270e-13	2.851655684968e-12	-2.213432018946e-13
-1.149000000000e-06	-3.095353396627e-13	3.060192540976e-12	-1.184668505791e-12
-1.148000000000e-06	-9.569677806201e-13	3.653195618332e-12	-6.026666157204e-13
-1.147000000000e-06	-7.515029875988e-13	2.758172020275e-12	-4.510332561393e-13
-1.146000000000e-06	-3.310771131453e-13	2.552044082822e-12	-8.829503147617e-13
-1.145000000000e-06	-5.371980147469e-13	2.327155256432e-12	-5.067660860539e-13
-1.144000000000e-06	-3.408460588794e-13	2.817695219792e-12	-1.010835838344e-12
-1.143000000000e-06	-6.719260456824e-13	2.745784348972e-12	-5.395633986064e-13
-1.142000000000e-06	-4.106158864865e-13	2.986441623601e-12	-1.009902325128e-12
-1.141000000000e-06	-7.413223462527e-13	2.461086798778e-12	-3.205506888042e-13
-1.140000000000e-06	-3.456760374417e-13	2.995636739523e-12	-1.114756786271e-12
-1.139000000000e-06	-5.722432436109e-13	3.040440325512e-12	-8.644700118826e-13
-1.138000000000e-06	-4.991396753870e-13	3.090703662403e-12	-9.150228005817e-13
-1.137000000000e-06	-5.275724828026e-13	3.397679856948e-12	-1.075876491153e-12
-1.136000000000e-06	-9.403617957428e-13	3.518071388351e-12	-5.921056278219e-13
-1.135000000000e-06	-3.753562461196e-13	3.039872968997e-12	-1.086309012516e-12
-1.134000000000e-06	-6.376651569865e-13	3.506529237965e-12	-1.000681574206e-12
-1.133000000000e-06	-7.742500426638e-13	3.752797713191e-12	-9.376559500229e-13
-1.132000000000e-06	-7.183885429789e-13	4.432635303084e-12	-1.362023262027e-12
-1.131000000000e-06	-8.100523403097e-13	3.374403475811e-12	-7.088658562909e-13
-1.130000000000e-06	-8.133462975331e-13	3.062037972262e-12	-5.469626925617e-13
-1.129000000000e-06	-8.396499835895e-13	4.526914307504e-12	-1.276393279341e-12
-1.128000000000e-06	-9.859008574456e-13	4.354368221638e-12	-9.736163289163e-13
-1.127000000000e-06	-1.246113940781e-12	3.627347034468e-12	-2.737960068880e-13
-1.126000000000e-06	-6.166725542307e-14	3.581942516843e-12	-1.791135169725e-12
-1.125000000000e-06	-8.152441436336e-13	3.641839478599e-12	-8.509022382811e-13
-1.124000000000e-06	-5.939922239465e-13	3.688975036923e-12	-1.163931113859e-12
-1.123000000000e-06	-8.452706336699e-13	3.851756635239e-12	-9.126656299408e-13
-1.122000000000e-06	-3.444456714132e-13	3.686838080378e-12	-1.471891397251e-12
-1.121000000000e-06	-9.099079058873e-13	4.437994521297e-12	-1.127520312827e-12
-1.120000000000e-06	-9.573162802528e-13	3.988778348029e-12	-8.790251128783e-13
-1.119000000000e-06	-7.702696694603e-13	3.266220925442e-12	-7.215472265086e-13
-1.118000000000e-06	-6.293552220947e-13	3.866340042667e-12	-1.215605374797e-12
-1.117000000000e-06	-1.279512399241e-12	4.614131567039e-12	-7.715054369830e-13
-1.116000000000e-06	-9.178874545429e-13	3.793136544279e-12	-8.087452356894e-13
-1.115000000000e-06	-3.087506476921e-13	3.942874561480e-12	-1.677173372074e-12
-1.114000000000e-06	-1.376980932931e-12	4.959150312400e-12	-8.199703620136e-13
-1.113000000000e-06	-7.718633673667e-13	4.660812140342e-12	-1.457458349950e-12
-1.112000000000e-06	-1.377914115733e-12	4.707285385725e-12	-6.915074289639e-13
-1.111000000000e-06	-4.826099972836e-13	3.625058195238e-12	-1.310195261388e-12
-1.110000000000e-06	-1.208253310824e-12	5.220186652353e-12	-1.190824310774e-12
-1.109000000000e-06	-9.420593635186e-13	4.679665191872e-12	-1.258550722414e-12
-1.108000000000e-06	-1.628672559944e-12	4.572370880481e-12	-3.070150908190e-13
-1.107000000000e-06	-4.486176462008e-13	4.352826878636e-12	-1.737400285938e-12
-1.106000000000e-06	-1.051540230238e-12	4.852108164081e-12	-1.221585998829e-12
-1.105000000000e-06	-3.813676151969e-13	5.099545042631e-12	-2.208757566814e-12
-1.104000000000e-06	-1.435739747698e-12	4.811047761034e-12	-6.924603094047e-13
-1.103000000000e-06	-7.846160147945e-13	5.031424299146e-12	-1.668298466244e-12
-1.102000000000e-06	-1.189274538414e-12	4.140308547758e-12	-6.764346469490e-13
-1.101000000000e-06	-9.067125355585e-13	5.704497681279e-12	-1.856127326209e-12
-1.100000000000e-06	-1.316022474785e-12	5.424207042528e-12	-1.187248663184e-12
-1.099000000000e-06	-1.113765537822e-12	5.512228892010e-12	-1.488789376086e-12
-1.098000000000e-06	-1.002621351940e-12	5.211820065603e-12	-1.479636163187e-12
-1.097000000000e-06	-6.128438618087e-13	5.229005596114e-12	-2.001784539210e-12
-1.096000000000e-06	-8.710964092643e-13	5.027355001009e-12	-1.576427749279e-12
-1.095000000000e-06	-1.425893626228e-12	5.864311043137e-12	-1.283592701911e-12
-1.094000000000e-06	-1.026243346356e-12	4.653635522982e-12	-1.174838167561e-12
-1.093000000000e-06	-6.495613201174e-13	5.296698858681e-12	-1.982442875768e-12
-1.092000000000e-06	-1.244599348771e-12	5.222217334942e-12	-1.206874007127e-12
-1.091000000000e-06	-1.407669208743e-12	5.832138934275e-12	-1.313460229515e-12
-1.090000000000e-06	-1.484157914721e-12	5.794914009837e-12	-1.198880097581e-12
-1.089000000000e-06	-1.594484481908e-12	6.462940184419e-12	-1.400110003366e-12
-1.088000000000e-06	-1.340847123083e-12	6.667041750115e-12	-1.838456806897e-12
-1.087000000000e-06	-7.937562030488e-13	6.086946468991e-12	-2.256002186409e-12
-1.086000000000e-06	-1.573301251806e-12	6.688869478548e-12	-1.555864088766e-12
-1.085000000000e-06	-1.437813249099e-12	4.940638186790e-12	-8.190518737954e-13
-1.084000000000e-06	-1.037946717604e-12	6.666580000618e-12	-2.238974816372e-12
-1.083000000000e-06	-1.008686364592e-12	5.555347760911e-12	-1.702809980499e-12
-1.082000000000e-06	-1.450320537873e-12	6.843994956179e-12	-1.812839621932e-12
-1.081000000000e-06	-1.226944126033e-12	5.278704220984e-12	-1.289831109683e-12
-1.080000000000e-06	-7.442411883550e-13	5.940919092814e-12	-2.261994935306e-12
-1.079000000000e-06	-1.916554442625e-12	6.822714841814e-12	-1.212381073419e-12
-1.078000000000e-06	-1.298364427654e-12	6.509101179748e-12	-1.848271079150e-12
-1.077000000000e-06	-1.217456848752e-12	5.706215792651e-12	-1.538515346809e-12
-1.076000000000e-06	-1.679070400629e-12	6.982759403200e-12	-1.610309510096e-12
-1.075000000000e-06	-8.355207997867e-13	5.975043027017e-12	-2.166584099234e-12
-1.074000000000e-06	-1.134321403974e-12	6.166415669503e-12	-1.890186363109e-12
-1.073000000000e-06	-1.426241175890e-12	7.610804799498e-12	-2.281268333844e-12
-1.072000000000e-06	-1.364513282553e-12	6.519910917106e-12	-1.780685323912e-12
-1.071000000000e-06	-1.411318799618e-12	7.234052808322e-12	-2.121743854560e-12
-1.070000000000e-06	-1.088911729601e-12	7.119122339422e-12	-2.469807331909e-12
-1.069000000000e-06	-9.183540806932e-13	6.188837151489e-12	-2.201483394504e-12
-1.068000000000e-06	-1.731020401355e-12	6.983345328685e-12	-1.569555418738e-12
-1.067000000000e-06	-9.926237629938e-13	6.846741901898e-12	-2.469996613111e-12
-1.066000000000e-06	-1.758999245287e-12	6.967580926303e-12	-1.537966684736e-12
-1.065000000000e-06	-1.248889436285e-12	7.442150774515e-12	-2.455702764670e-12
-1.064000000000e-06	-2.010058910989e-12	7.438899929615e-12	-1.489815372583e-12
-1.063000000000e-06	-1.887287658755e-12	7.894913197327e-12	-1.887500147969e-12
-1.062000000000e-06	-1.795084031979e-12	7.277863544031e-12	-1.675075802525e-12
-1.061000000000e-06	-9.613211871678e-13	7.090690090693e-12	-2.640978081746e-12
-1.060000000000e-06	-1.505652054156e-12	7.671123033771e-12	-2.275282387932e-12
-1.059000000000e-06	-1.230930681536e-12	6.723500300577e-12	-2.122923433465e-12
-1.058000000000e-06	-1.487402730264e-12	6.798875328247e-12	-1.833874272789e-12
-1.057000000000e-06	-1.559678788707e-12	7.403905276488e-12	-2.059476352997e-12
-1.056000000000e-06	-1.574132974079e-12	8.254513927037e-12	-2.511395775319e-12
-1.055000000000e-06	-1.951211129863e-12	8.119345190262e-12	-1.978334030406e-12
-1.054000000000e-06	-1.813386806479e-12	8.054221975427e-12	-2.113654900202e-12
-1.053000000000e-06	-8.825944517118e-13	7.464055714523e-12	-2.974471260060e-12
-1.052000000000e-06	-2.313771488551e-12	8.035685775182e-12	-1.473443300502e-12
-1.051000000000e-06	-1.882234179038e-12	8.110013434337e-12	-2.066420423197e-12
