1.984400000000e-05	0.000000000000e+00	0.000000000000e+00	0.000000000000e+00
1.984500000000e-05	0.000000000000e+00	0.000000000000e+00	0.000000000000e+00
1.984600000000e-05	0.000000000000e+00	0.000000000000e+00	0.000000000000e+00
1.984700000000e-05	0.000000000000e+00	0.000000000000e+00	0.000000000000e+00
1.984800000000e-05	0.000000000000e+00	0.000000000000e+00	0.000000000000e+00
1.984900000000e-05	0.000000000000e+00	0.000000000000e+00	0.000000000000e+00
1.985000000000e-05	0.000000000000e+00	0.000000000000e+00	0.000000000000e+00
1.985100000000e-05	0.000000000000e+00	0.000000000000e+00	0.000000000000e+00
1.985200000000e-05	0.000000000000e+00	0.000000000000e+00	0.000000000000e+00
1.985300000000e-05	0.000000000000e+00	0.000000000000e+00	0.000000000000e+00
1.985400000000e-05	0.000000000000e+00	0.000000000000e+00	0.000000000000e+00
1.985500000000e-05	0.000000000000e+00	0.000000000000e+00	0.000000000000e+00
1.985600000000e-05	0.000000000000e+00	0.000000000000e+00	0.000000000000e+00
1.985700000000e-05	0.000000000000e+00	0.000000000000e+00	0.000000000000e+00
1.985800000000e-05	0.000000000000e+00	0.000000000000e+00	0.000000000000e+00
1.985900000000e-05	0.000000000000e+00	0.000000000000e+00	0.000000000000e+00
1.986000000000e-05	0.000000000000e+00	0.000000000000e+00	0.000000000000e+00
1.986100000000e-05	0.000000000000e+00	0.000000000000e+00	0.000000000000e+00
1.986200000000e-05	0.000000000000e+00	0.000000000000e+00	0.000000000000e+00
1.986300000000e-05	0.000000000000e+00	0.000000000000e+00	0.000000000000e+00
1.986400000000e-05	0.000000000000e+00	0.000000000000e+00	0.000000000000e+00
1.986500000000e-05	0.000000000000e+00	0.000000000000e+00	0.000000000000e+00
1.986600000000e-05	0.000000000000e+00	0.000000000000e+00	0.000000000000e+00
1.986700000000e-05	0.000000000000e+00	0.000000000000e+00	0.000000000000e+00
1.986800000000e-05	0.000000000000e+00	0.000000000000e+00	0.000000000000e+00
1.986900000000e-05	0.000000000000e+00	0.000000000000e+00	0.000000000000e+00
1.987000000000e-05	0.000000000000e+00	0.000000000000e+00	0.000000000000e+00
1.987100000000e-05	0.000000000000e+00	0.000000000000e+00	0.000000000000e+00
1.987200000000e-05	0.000000000000e+00	0.000000000000e+00	0.000000000000e+00
1.987300000000e-05	0.000000000000e+00	0.000000000000e+00	0.000000000000e+00
1.987400000000e-05	0.000000000000e+00	0.000000000000e+00	0.000000000000e+00
1.987500000000e-05	0.000000000000e+00	0.000000000000e+00	0.000000000000e+00
1.987600000000e-05	0.000000000000e+00	0.000000000000e+00	0.000000000000e+00
1.987700000000e-05	0.000000000000e+00	0.000000000000e+00	0.000000000000e+00
1.987800000000e-05	0.000000000000e+00	0.000000000000e+00	0.000000000000e+00
1.987900000000e-05	0.000000000000e+00	0.000000000000e+00	0.000000000000e+00
1.988000000000e-05	0.000000000000e+00	0.000000000000e+00	0.000000000000e+00
1.988100000000e-05	0.000000000000e+00	0.000000000000e+00	0.000000000000e+00
1.988200000000e-05	0.000000000000e+00	0.000000000000e+00	0.000000000000e+00
1.988300000000e-05	0.000000000000e+00	0.000000000000e+00	0.000000000000e+00
1.988400000000e-05	0.000000000000e+00	0.000000000000e+00	0.000000000000e+00
1.988500000000e-05	0.000000000000e+00	0.000000000000e+00	0.000000000000e+00
1.988600000000e-05	0.000000000000e+00	0.000000000000e+00	0.000000000000e+00
1.988700000000e-05	0.000000000000e+00	0.000000000000e+00	0.000000000000e+00
1.988800000000e-05	0.000000000000e+00	0.000000000000e+00	0.000000000000e+00
1.988900000000e-05	0.000000000000e+00	0.000000000000e+00	0.000000000000e+00
1.989000000000e-05	0.000000000000e+00	0.000000000000e+00	0.000000000000e+00
1.989100000000e-05	0.000000000000e+00	0.000000000000e+00	0.000000000000e+00
1.989200000000e-05	0.000000000000e+00	0.000000000000e+00	0.000000000000e+00
1.989300000000e-05	0.000000000000e+00	0.000000000000e+00	0.000000000000e+00
1.989400000000e-05	0.000000000000e+00	0.000000000000e+00	0.000000000000e+00
1.989500000000e-05	0.000000000000e+00	0.000000000000e+00	0.000000000000e+00
1.989600000000e-05	0.000000000000e+00	0.000000000000e+00	0.000000000000e+00
1.989700000000e-05	0.000000000000e+00	0.000000000000e+00	0.000000000000e+00
1.989800000000e-05	0.000000000000e+00	0.000000000000e+00	0.000000000000e+00
1.989900000000e-05	0.000000000000e+00	0.000000000000e+00	0.000000000000e+00
1.990000000000e-05	0.000000000000e+00	0.000000000000e+00	0.000000000000e+00
1.990100000000e-05	0.000000000000e+00	0.000000000000e+00	0.000000000000e+00
1.990200000000e-05	0.000000000000e+00	0.000000000000e+00	0.000000000000e+00
1.990300000000e-05	0.000000000000e+00	0.000000000000e+00	0.000000000000e+00
1.990400000000e-05	0.000000000000e+00	0.000000000000e+00	0.000000000000e+00
1.990500000000e-05	0.000000000000e+00	0.000000000000e+00	0.000000000000e+00
1.990600000000e-05	0.000000000000e+00	0.000000000000e+00	0.000000000000e+00
1.990700000000e-05	6.543751751570e-21	-2.973420732700e-21	-9.344726130455e-21
1.990800000000e-05	-3.796042463384e-17	2.593688490745e-17	5.142484013906e-17
1.990900000000e-05	5.340681209760e-22	4.010718211369e-21	-2.134893507509e-21
1.991000000000e-05	1.162021386137e-21	1.073755231633e-21	-2.177570818456e-21
1.991100000000e-05	2.714120980280e-21	8.018897297486e-21	-6.864106880359e-21
1.991200000000e-05	0.000000000000e+00	0.000000000000e+00	0.000000000000e+00
1.991300000000e-05	0.000000000000e+00	0.000000000000e+00	0.000000000000e+00
1.991400000000e-05	1.186583518219e-21	2.193980166853e-21	-2.579259234386e-21
1.991500000000e-05	1.436984477974e-20	4.037997484311e-20	-3.569053934539e-20
1.991600000000e-05	5.820172863506e-19	1.532852340367e-18	-1.412620679318e-18
1.991700000000e-05	6.299175411719e-23	1.539451812372e-22	-1.490713069816e-22
1.991800000000e-05	5.435973976862e-21	1.491605498798e-20	-1.339184432306e-20
1.991900000000e-05	3.934914651680e-17	-2.462033254584e-17	-5.422286919662e-17
1.992000000000e-05	0.000000000000e+00	0.000000000000e+00	0.000000000000e+00
1.992100000000e-05	4.430118733738e-22	1.506316051751e-21	-1.185489774059e-21
1.992200000000e-05	1.291550338388e-20	2.958756724806e-20	-2.994768427214e-20
1.992300000000e-05	-2.132330991434e-16	1.551481722224e-16	2.872743979156e-16
1.992400000000e-05	9.403762420397e-23	9.722998713476e-22	-4.619025971666e-22
1.992500000000e-05	4.233792920932e-20	1.433773126841e-19	-1.131694760965e-19
1.992600000000e-05	3.854596142570e-21	1.046948889903e-20	-9.472214860879e-21
1.992700000000e-05	3.538033388824e-19	1.796620993214e-18	-1.138587594311e-18
1.992800000000e-05	3.995398078938e-18	-7.345569374333e-18	-3.961451889863e-18
1.992900000000e-05	1.222560659958e-18	4.266886510825e-18	-3.309315926920e-18
1.993000000000e-05	9.130661900730e-17	-1.819027845333e-18	-1.451481629427e-16
1.993100000000e-05	-5.224250322885e-17	9.710284582591e-17	5.166859617876e-17
1.993200000000e-05	-1.223800932648e-17	4.870084499996e-18	1.843931072631e-17
1.993300000000e-05	1.190191603803e-18	-6.663263501359e-19	-1.672715851526e-18
1.993400000000e-05	2.309820191260e-21	5.392164513286e-21	-5.398541642994e-21
1.993500000000e-05	-2.018367436525e-17	-8.470817493870e-18	3.498269314214e-17
1.993600000000e-05	1.045197598344e-17	6.809292507465e-18	-1.877336352775e-17
1.993700000000e-05	5.267095860128e-21	2.426871267638e-20	-1.616327433407e-20
1.993800000000e-05	4.038431155114e-23	2.233416184055e-22	-1.359687654882e-22
1.993900000000e-05	3.109248927832e-18	1.731752191862e-17	-1.050163490012e-17
1.994000000000e-05	3.768709170652e-17	-2.610314678456e-17	-5.147766144361e-17
1.994100000000e-05	-9.872476000481e-17	6.199091289529e-18	1.559411301334e-16
1.994200000000e-05	5.264741795352e-18	-2.307451175716e-18	-7.641149622074e-18
1.994300000000e-05	-7.719618236235e-18	3.797734792952e-18	1.117854961378e-17
1.994400000000e-05	1.832621467232e-18	2.587721356186e-17	-1.119076456607e-17
1.994500000000e-05	1.073080151182e-18	9.130444815178e-18	-4.663239559079e-18
1.994600000000e-05	1.213766253317e-17	-1.507223165710e-17	-1.440477671949e-17
1.994700000000e-05	3.146370965205e-18	3.484023405589e-19	-5.108223350796e-18
1.994800000000e-05	6.167422672956e-20	4.861554310173e-18	-1.678712158410e-18
1.994900000000e-05	-2.343252201860e-18	2.519472324027e-17	-4.383578160403e-18
1.995000000000e-05	-1.241423963742e-17	1.047318867942e-17	1.646318678444e-17
1.995100000000e-05	7.922296672241e-20	3.101250253890e-18	-1.134456931899e-18
1.995200000000e-05	1.622274022831e-18	-3.817209095180e-18	-1.370692477402e-18
1.995300000000e-05	3.071105811611e-18	1.669259521672e-17	-1.023925595304e-17
1.995400000000e-05	3.901958785795e-17	-2.065015425085e-17	-5.562815822086e-17
1.995500000000e-05	1.282385686707e-17	-1.286536304574e-17	-1.637168404032e-17
1.995600000000e-05	2.270704689019e-18	2.068959597522e-18	-4.319277815210e-18
1.995700000000e-05	1.684012922096e-18	-6.957464799508e-20	-2.689232090372e-18
1.995800000000e-05	-2.643081932998e-20	3.867433198649e-18	-1.272559453824e-18
1.995900000000e-05	8.786934488509e-19	-2.153651743458e-18	-7.063072378687e-19
1.996000000000e-05	-7.230127083304e-19	4.415331902887e-17	-1.303278099685e-17
1.996100000000e-05	1.477062251092e-18	-8.942160766088e-18	5.163219006256e-19
1.996200000000e-05	1.437421297799e-17	7.710432971893e-17	-4.732525706150e-17
1.996300000000e-05	-1.274954731594e-16	1.019312847594e-16	1.712270596749e-16
1.996400000000e-05	-5.148890527015e-20	2.120041039843e-17	-6.635592733861e-18
1.996500000000e-05	-4.590392452616e-19	8.479816770669e-18	-1.952396458863e-18
1.996600000000e-05	-7.905487169969e-18	-1.834191462320e-19	1.254080551601e-17
1.996700000000e-05	2.387036262178e-18	-2.554222304767e-18	-3.035568766199e-18
1.996800000000e-05	-6.587126814301e-17	2.371322793755e-17	9.755620133653e-17
1.996900000000e-05	3.194409154722e-18	-7.388204257529e-18	-2.764017402492e-18
1.997000000000e-05	5.959822772185e-18	-3.204340928333e-18	-8.568018338247e-18
1.997100000000e-05	-3.382413356095e-17	3.524806685450e-17	4.294005218508e-17
1.997200000000e-05	-5.949529962606e-17	4.553479932662e-17	8.072130230833e-17
1.997300000000e-05	-9.105564156681e-19	-2.979726650806e-18	2.377410977716e-18
1.997400000000e-05	-3.220472276107e-17	2.666722369059e-17	4.306902143238e-17
1.997500000000e-05	5.178278624981e-17	-3.766837333842e-17	-7.091981602146e-17
1.997600000000e-05	9.188038359033e-17	-9.540553164711e-17	-1.183834819676e-16
1.997700000000e-05	-6.781752222822e-17	5.073571922495e-17	9.244665776684e-17
1.997800000000e-05	4.743429192907e-18	-4.632374937197e-18	-6.225108766817e-18
1.997900000000e-05	-2.405838008037e-17	-5.107773649362e-17	5.559707879121e-17
1.998000000000e-05	1.803830799339e-19	5.535900280897e-18	-2.090166211625e-18
1.998100000000e-05	2.243154567114e-18	-7.514844496879e-18	-1.199951923366e-18
1.998200000000e-05	-5.897786054043e-17	1.001803648011e-17	9.184114993964e-17
1.998300000000e-05	2.066676746250e-17	2.550660989455e-17	-4.170080708724e-17
1.998400000000e-05	-4.239087568522e-18	1.431896840712e-17	2.281125127356e-18
1.998500000000e-05	-5.758778606657e-19	4.439256547227e-18	-4.818312243578e-19
1.998600000000e-05	-1.811974209526e-18	3.605760867460e-18	1.771397008851e-18
1.998700000000e-05	3.539456180817e-19	1.067596928856e-17	-3.896745414149e-18
1.998800000000e-05	9.627823155760e-17	-3.899856060949e-19	-1.552807337996e-16
1.998900000000e-05	-2.601366127942e-17	-2.958775302823e-17	5.170986968698e-17
1.999000000000e-05	-4.800285011743e-18	2.014923476145e-17	1.230305696184e-18
1.999100000000e-05	-1.723305851405e-17	2.628983912628e-17	1.928193020385e-17
1.999200000000e-05	-1.547535999088e-17	-5.063834498785e-17	4.186831748199e-17
1.999300000000e-05	1.553081238412e-17	8.818505465129e-17	-5.394435198950e-17
1.999400000000e-05	-5.492786015210e-18	1.651674192001e-17	3.520740991935e-18
1.999500000000e-05	4.606337335932e-18	-9.736891869102e-19	-7.143355151524e-18
1.999600000000e-05	5.353139816818e-17	-1.325789382654e-16	-3.908886328196e-17
1.999700000000e-05	8.700915387238e-17	7.996745217475e-17	-1.676788349118e-16
1.999800000000e-05	-4.103784640812e-17	1.958559569127e-16	7.485801767934e-19
1.999900000000e-05	-6.225794760243e-17	1.773111749393e-17	9.519206162899e-17
2.000000000000e-05	3.296858445642e-18	1.067711771354e-17	-9.488196630124e-18
2.000100000000e-05	6.779332565012e-17	4.380557454858e-18	-1.111708316641e-16
2.000200000000e-05	-7.425204060076e-17	3.867968672865e-17	1.078837726324e-16
2.000300000000e-05	-1.347765378393e-17	4.170957449879e-16	-1.093313461526e-16
2.000400000000e-05	1.314861584318e-16	-2.427718669682e-16	-1.366877854605e-16
2.000500000000e-05	-5.062014765180e-17	8.236467278979e-17	5.493646961153e-17
2.000600000000e-05	-4.515785260676e-17	6.740868917548e-17	5.191407143300e-17
2.000700000000e-05	1.541879732067e-16	-2.971789961033e-17	-2.402846017665e-16
2.000800000000e-05	1.232085954709e-17	3.287083642922e-17	-3.049882468495e-17
2.000900000000e-05	-5.624412175219e-17	1.182578654255e-16	5.387574537778e-17
2.001000000000e-05	1.885132993194e-16	-2.732060835239e-16	-2.182357930013e-16
2.001100000000e-05	-1.932410243015e-17	8.456792714432e-18	2.847361431180e-17
2.001200000000e-05	5.412466520982e-17	4.871070560114e-17	-1.062931130811e-16
2.001300000000e-05	-1.236535318847e-18	5.771223011426e-17	-1.596328159945e-17
2.001400000000e-05	1.126441577852e-16	-4.828097063436e-17	-1.671247956687e-16
2.001500000000e-05	1.233580908058e-16	-1.066756385618e-16	-1.651319914270e-16
2.001600000000e-05	8.278019026562e-16	-4.671779992806e-16	-1.193603710212e-15
2.001700000000e-05	-2.306343410375e-17	4.481940744584e-17	2.333574468234e-17
2.001800000000e-05	-1.383714860470e-16	2.240131938837e-16	1.548372750247e-16
2.001900000000e-05	3.583106778112e-16	-8.689291459139e-17	-5.538628647905e-16
2.002000000000e-05	2.577811604789e-17	1.024315232623e-16	-7.504785016627e-17
2.002100000000e-05	6.437624244731e-17	3.700780788075e-17	-1.169576428808e-16
2.002200000000e-05	2.983456000686e-16	-1.013993427794e-16	-4.521020036071e-16
2.002300000000e-05	8.577357368687e-17	2.036822315090e-16	-1.999239047048e-16
2.002400000000e-05	-4.949641460524e-16	5.745760069816e-16	6.167336015458e-16
2.002500000000e-05	2.298420608348e-16	-1.195888388000e-17	-3.683438325559e-16
2.002600000000e-05	-2.041745143923e-16	2.655836571137e-16	2.457203996827e-16
2.002700000000e-05	1.393043258635e-16	5.992342214108e-16	-4.177436924936e-16
2.002800000000e-05	5.609067376838e-18	-1.446574486110e-16	3.487096621119e-17
2.002900000000e-05	1.026648364154e-16	1.725658788151e-16	-2.216558287478e-16
2.003000000000e-05	-3.959715680357e-16	1.020075147297e-15	3.240911118900e-16
2.003100000000e-05	-3.810023007833e-16	1.285793062535e-16	5.843245158421e-16
2.003200000000e-05	1.477482089962e-17	2.000889715830e-16	-9.118549628188e-17
2.003300000000e-05	-5.746843154865e-16	4.953088049211e-16	7.829109911140e-16
2.003400000000e-05	-1.729420195822e-16	4.447794029669e-16	1.359620535547e-16
2.003500000000e-05	9.312687743412e-16	-1.014921376178e-15	-1.202524310128e-15
2.003600000000e-05	-1.360878523051e-16	3.116566373288e-16	1.246478478923e-16
2.003700000000e-05	-5.791501628613e-16	6.504102040712e-16	7.369185455143e-16
2.003800000000e-05	3.672596134047e-16	-4.279600453942e-16	-4.684108059576e-16
2.003900000000e-05	4.417581272067e-16	-8.296665044040e-16	-4.699002063607e-16
2.004000000000e-05	5.798244006402e-16	6.188498513918e-15	-2.788851978033e-15
2.004100000000e-05	-2.762936528757e-15	-5.461453671180e-16	4.695512058766e-15
2.004200000000e-05	3.403795016666e-17	3.616996750351e-17	-6.792598112417e-17
2.004300000000e-05	2.518310021695e-16	-1.139266311535e-15	-8.763394466714e-17
2.004400000000e-05	-1.162124390170e-16	-3.475037156373e-16	3.082354244615e-16
2.004500000000e-05	-1.072659477345e-15	1.564742634845e-15	1.267454825898e-15
2.004600000000e-05	8.271600521976e-16	2.208854474464e-15	-2.073612968354e-15
2.004700000000e-05	1.506611035344e-16	-8.204472091133e-16	1.264900869704e-17
2.004800000000e-05	5.333703342375e-16	-2.895121749758e-16	-7.931922151684e-16
2.004900000000e-05	-1.196356667294e-15	7.122129551665e-16	1.745328436940e-15
2.005000000000e-05	-1.925923876067e-16	8.401969796283e-16	5.381827955222e-17
2.005100000000e-05	1.815425680851e-16	-9.936133371674e-17	-2.499754604984e-16
2.005200000000e-05	-2.956921616370e-17	1.772544557545e-16	-1.267336706168e-17
2.005300000000e-05	8.381860677968e-16	-6.069151627335e-16	-1.205835655413e-15
2.005400000000e-05	8.912330341145e-16	4.092419547194e-16	-1.596496426436e-15
2.005500000000e-05	2.483028466721e-17	5.106063155896e-16	-1.936369557096e-16
2.005600000000e-05	-9.673821153930e-16	3.269209051772e-16	1.513857872734e-15
2.005700000000e-05	-3.564518976796e-16	3.164575838822e-16	4.957784311009e-16
2.005800000000e-05	1.018310429435e-16	1.694250470120e-15	-6.912038762231e-16
2.005900000000e-05	-2.943041933706e-16	2.864092950617e-16	3.894293454325e-16
2.006000000000e-05	-1.938193564903e-15	2.004169416429e-15	2.557442139733e-15
2.006100000000e-05	2.169395580061e-16	2.707926508035e-16	-4.538576787191e-16
2.006200000000e-05	1.536468010151e-16	3.236768999224e-16	-3.562833984957e-16
2.006300000000e-05	3.507415400540e-17	1.958077576967e-16	-1.155830794503e-16
2.006400000000e-05	-4.406185558080e-16	7.290552623993e-16	4.860157767718e-16
2.006500000000e-05	2.235546724856e-16	2.682658498124e-16	-4.458525448578e-16
2.006600000000e-05	4.362469568204e-16	2.056982785513e-16	-7.894326345098e-16
2.006700000000e-05	1.979682462394e-16	3.096168645092e-16	-4.157983926082e-16
2.006800000000e-05	7.346058559403e-16	4.308779988678e-16	-1.352761611058e-15
2.006900000000e-05	7.605864208805e-16	-1.238210415248e-15	-9.075117983402e-16
2.007000000000e-05	1.081882512029e-16	-7.196285634189e-17	-1.504891313811e-16
2.007100000000e-05	2.424550940298e-16	3.818508038209e-16	-5.274307096088e-16
2.007200000000e-05	-7.947738998602e-17	7.311734684086e-18	1.050231692905e-16
2.007300000000e-05	-9.435661960360e-16	2.596918197097e-16	1.459401079092e-15
2.007400000000e-05	-3.455793838664e-16	8.641323413078e-16	2.962506122338e-16
2.007500000000e-05	1.095787647993e-15	6.668929145630e-16	-1.995988055007e-15
2.007600000000e-05	1.727700518967e-16	1.068934493791e-15	-6.211380657951e-16
2.007700000000e-05	-4.410407176947e-16	5.526764401312e-16	5.532874078439e-16
2.007800000000e-05	-2.001583649220e-16	1.405430797950e-15	-1.123396884969e-16
2.007900000000e-05	2.867124296976e-15	9.605013102867e-16	-5.038061404645e-15
2.008000000000e-05	-7.108233017576e-17	5.152954260995e-16	-3.891815560556e-17
2.008100000000e-05	-8.453234392227e-16	2.896839563207e-15	4.844509744240e-16
2.008200000000e-05	-4.981932633511e-16	5.606432152459e-17	8.004924603480e-16
2.008300000000e-05	-1.300735897544e-16	8.051559659441e-16	-4.550565859202e-17
2.008400000000e-05	-1.037473981383e-15	9.994377606197e-16	1.413683748882e-15
2.008500000000e-05	3.887719112766e-17	3.026907223164e-17	-7.699066150194e-17
2.008600000000e-05	-2.865604258101e-16	1.125709354956e-15	1.023755427058e-16
2.008700000000e-05	-1.030306129542e-15	1.040049031461e-15	1.343022855013e-15
2.008800000000e-05	7.915852240472e-16	-8.214167546868e-17	-1.251773108809e-15
2.008900000000e-05	4.846100533755e-16	7.226717105309e-17	-8.258314600081e-16
2.009000000000e-05	2.859474870219e-16	4.938241935625e-16	-6.361198078503e-16
2.009100000000e-05	-7.128950853634e-16	2.646316850086e-16	1.095527272698e-15
2.009200000000e-05	4.834062788950e-16	4.013722833940e-16	-9.344215705166e-16
2.009300000000e-05	5.897908789138e-16	9.807633720151e-16	-1.289641733455e-15
2.009400000000e-05	-8.098246642697e-16	-2.801005719438e-16	1.445474623030e-15
2.009500000000e-05	2.174449514456e-16	6.279201607511e-15	-2.417383090935e-15
2.009600000000e-05	-1.158845132654e-16	6.770151524406e-16	-1.175801826103e-17
2.009700000000e-05	-9.278061345344e-16	-1.400401221977e-15	1.965087807634e-15
2.009800000000e-05	5.872078227198e-17	7.112412627356e-16	-2.889127748905e-16
2.009900000000e-05	-4.483978614908e-16	-1.109228675216e-15	1.154162598860e-15
2.010000000000e-05	-2.663577306462e-15	-2.492811307802e-16	4.606422775021e-15
2.010100000000e-05	9.372213657671e-16	-1.252691670012e-15	-1.188496089282e-15
2.010200000000e-05	-5.067602122666e-16	1.340693119483e-15	4.051686277017e-16
2.010300000000e-05	-7.128892987303e-16	2.179271511814e-15	4.389793751682e-16
2.010400000000e-05	-4.751348632667e-16	3.574191711797e-16	7.114798324572e-16
2.010500000000e-05	-7.237736276761e-16	6.879180078751e-16	1.038066520633e-15
2.010600000000e-05	1.653835361059e-15	1.392663792699e-15	-3.339426121918e-15
2.010700000000e-05	1.063192240775e-15	6.027769733006e-16	-1.959935960617e-15
2.010800000000e-05	9.383051228701e-17	-1.243610380293e-17	-1.470995344964e-16
2.010900000000e-05	-4.748324513802e-16	6.147626235643e-16	6.011031975562e-16
2.011000000000e-05	7.231492396694e-16	3.125918016289e-16	-1.305101550156e-15
2.011100000000e-05	-1.125651612239e-15	1.001718271405e-14	-1.531310397660e-15
2.011200000000e-05	-8.971391695796e-16	-1.413430366272e-15	2.021818247646e-15
2.011300000000e-05	7.634713914965e-16	1.722909238090e-15	-1.811460531638e-15
2.011400000000e-05	-2.816264977807e-15	3.624875435464e-16	4.685575944828e-15
2.011500000000e-05	-4.033746559526e-17	-1.001568235912e-16	1.008726037136e-16
2.011600000000e-05	7.854858656457e-16	1.878248627000e-15	-1.948686527720e-15
2.011700000000e-05	-5.002081099419e-17	7.492217559954e-16	-1.538408277279e-16
2.011800000000e-05	-4.047747120922e-16	1.523817278789e-16	6.888352047624e-16
2.011900000000e-05	7.150985870325e-16	1.696005843085e-15	-1.725388444910e-15
2.012000000000e-05	1.965641301028e-15	-1.601506469458e-15	-2.789877845403e-15
2.012100000000e-05	7.309751725877e-16	-1.781473633934e-16	-1.169432279756e-15
2.012200000000e-05	3.948900772703e-16	1.417126762701e-15	-1.125064349641e-15
2.012300000000e-05	-1.293598991213e-16	1.490854276626e-15	-2.386646454284e-16
2.012400000000e-05	-2.168100025923e-16	-5.288957227979e-16	5.427951341749e-16
2.012500000000e-05	-1.415220061504e-15	5.467016746351e-15	6.214703866085e-16
2.012600000000e-05	-2.272191719392e-15	3.785992574489e-15	2.615251163280e-15
2.012700000000e-05	2.275068008974e-15	2.584856830375e-15	-4.675094058737e-15
2.012800000000e-05	-1.451835532644e-15	5.436894434274e-16	2.286674994383e-15
2.012900000000e-05	2.854251283719e-16	6.141349585602e-16	-6.839229536010e-16
2.013000000000e-05	-7.775504630885e-16	1.300312012920e-15	9.431789082114e-16
2.013100000000e-05	1.284516117803e-15	8.867726898364e-16	-2.430515286748e-15
2.013200000000e-05	7.543342575206e-16	9.825278971535e-16	-1.607683315463e-15
2.013300000000e-05	6.632975595837e-16	-1.394549983259e-15	-6.762914122916e-16
2.013400000000e-05	2.231472084703e-15	-2.370481943057e-16	-3.672951046030e-15
2.013500000000e-05	-4.289223969396e-16	3.155955247097e-15	-2.819475104088e-16
2.013600000000e-05	-1.473305530096e-15	1.370322027935e-15	2.048899105085e-15
2.013700000000e-05	-5.932251612377e-16	3.346085354031e-15	-3.072713117801e-17
2.013800000000e-05	9.851584103171e-16	1.154028079703e-15	-2.055419427493e-15
2.013900000000e-05	4.660951242043e-16	1.700120263368e-15	-1.284023051482e-15
2.014000000000e-05	-1.162456200415e-16	-1.301056789077e-15	5.868936210134e-16
2.014100000000e-05	1.974431309458e-16	2.566806680211e-15	-1.110353046527e-15
2.014200000000e-05	-8.652636661542e-16	9.817794020894e-17	1.441541372676e-15
2.014300000000e-05	-3.026474240562e-15	4.877688747103e-15	3.559011026874e-15
2.014400000000e-05	-5.510919930773e-16	4.597748749046e-15	-4.739231956187e-16
2.014500000000e-05	-1.452181160710e-15	7.964025810103e-15	-6.548251596602e-17
2.014600000000e-05	-1.735298922061e-15	2.092260689888e-15	2.268058467061e-15
2.014700000000e-05	-2.775741945971e-15	5.653625916659e-15	2.887508434790e-15
2.014800000000e-05	1.553534830866e-15	-8.429981708103e-17	-2.607689934860e-15
2.014900000000e-05	9.914273255579e-16	4.271782651017e-15	-2.868571844526e-15
2.015000000000e-05	1.046836704321e-15	1.515527288713e-15	-2.231771655212e-15
2.015100000000e-05	4.464671506360e-16	2.931165491049e-16	-8.067066472423e-16
2.015200000000e-05	1.086278209019e-15	1.425941222552e-15	-2.424521005689e-15
2.015300000000e-05	-1.335632522019e-15	5.207564885471e-15	5.462159863781e-16
2.015400000000e-05	-1.377227975359e-15	2.487211021874e-15	1.483576025475e-15
2.015500000000e-05	2.150049692884e-16	3.360325178712e-15	-1.412753314525e-15
2.015600000000e-05	2.179535516948e-15	2.544220476138e-15	-4.440711947511e-15
2.015700000000e-05	1.580138112048e-15	-5.602737759272e-16	-2.538089249973e-15
2.015800000000e-05	1.503387966382e-15	-5.666209369133e-16	-2.318285705286e-15
2.015900000000e-05	2.886059146877e-16	1.751833795481e-15	-1.022851924661e-15
2.016000000000e-05	7.937298344590e-16	2.166547078681e-15	-2.037643355909e-15
2.016100000000e-05	-4.310608152951e-15	7.677117351516e-15	4.925649235842e-15
2.016200000000e-05	-2.280052503064e-15	4.303698389696e-15	2.337054224977e-15
2.016300000000e-05	1.687742873813e-15	2.965951388022e-15	-3.740067022954e-15
2.016400000000e-05	-1.449559993364e-15	6.164456124859e-15	6.347976553269e-16
2.016500000000e-05	3.445987398220e-17	-4.777497082543e-15	1.718969347115e-15
2.016600000000e-05	-1.565350410834e-15	9.725172742652e-15	-3.150547243111e-16
2.016700000000e-05	1.907361354814e-15	-1.062770815479e-15	-2.744234021145e-15
2.016800000000e-05	9.251554090678e-16	2.860756798284e-15	-2.685007999782e-15
2.016900000000e-05	-2.484970316713e-15	5.439175020085e-15	2.575434067187e-15
2.017000000000e-05	1.514767187294e-15	1.606135471250e-15	-2.858739378963e-15
2.017100000000e-05	7.801693243255e-15	1.579867884280e-14	-1.936546620903e-14
2.017200000000e-05	-1.828046909317e-15	2.738843987541e-15	2.713478818159e-15
2.017300000000e-05	-1.341196088472e-15	1.101126174854e-15	1.898788598955e-15
2.017400000000e-05	2.735808419592e-15	1.165472029932e-16	-4.747130725596e-15
2.017500000000e-05	-2.331977846458e-15	3.801881621148e-16	3.866317094042e-15
2.017600000000e-05	-1.360403443972e-15	1.175188175710e-15	2.030584689695e-15
2.017700000000e-05	-3.237381235792e-15	6.916482103638e-15	3.671787194980e-15
2.017800000000e-05	-4.736537038690e-16	-1.072872742258e-15	9.618182298782e-16
2.017900000000e-05	-1.638841326287e-15	7.292280514218e-15	5.792890555667e-16
2.018000000000e-05	4.957678098291e-15	-1.938818884029e-15	-8.023800696566e-15
2.018100000000e-05	3.376769068286e-16	3.598514148806e-15	-1.857295312070e-15
2.018200000000e-05	4.265829120953e-15	5.296497706702e-15	-8.614625405980e-15
2.018300000000e-05	3.545831206525e-15	6.143353873611e-15	-7.776082405743e-15
2.018400000000e-05	-2.617590278127e-16	1.916562488264e-15	-1.857921113119e-16
2.018500000000e-05	-5.514061377764e-15	1.526126388044e-14	4.648928748597e-15
2.018600000000e-05	3.316287373121e-16	-9.611320593784e-16	-4.549162744393e-17
2.018700000000e-05	2.058905110834e-15	1.232076135949e-14	-7.293436368041e-15
2.018800000000e-05	-2.786446159845e-15	8.905497731779e-15	2.165850491145e-15
2.018900000000e-05	2.503280472722e-15	1.697581083673e-14	-9.848104686476e-15
2.019000000000e-05	5.691714934298e-15	-4.525273979086e-15	-8.288830151337e-15
2.019100000000e-05	-2.988676119782e-15	9.105861266086e-15	2.064152896379e-15
2.019200000000e-05	9.572019518159e-16	6.313025702882e-15	-3.688080288044e-15
2.019300000000e-05	8.091084966470e-16	-3.506052008585e-15	-1.506377501324e-16
2.019400000000e-05	4.811934161843e-16	8.011878829852e-15	-3.229902897367e-15
2.019500000000e-05	4.079153777712e-15	3.584160003894e-15	-8.018476598798e-15
2.019600000000e-05	-6.121563810839e-16	7.615751856838e-15	-1.262408418137e-15
2.019700000000e-05	4.452467562063e-16	1.796436717454e-14	-6.347947959504e-15
2.019800000000e-05	2.517662129396e-15	1.528078203003e-14	-9.573097789897e-15
2.019900000000e-05	-6.555066349507e-15	9.370771974058e-15	8.348879878408e-15
2.020000000000e-05	1.581344318245e-15	-6.930653382432e-16	-2.633526093172e-15
2.020100000000e-05	6.741898200570e-15	-3.449487115348e-15	-1.044085581725e-14
2.020200000000e-05	-2.696353947460e-15	9.302714163873e-15	1.379358339774e-15
2.020300000000e-05	-4.725553370670e-15	1.045920454413e-14	4.290722811467e-15
2.020400000000e-05	9.827463072602e-15	-2.052514734596e-15	-1.524225671999e-14
2.020500000000e-05	-5.213849343140e-15	1.159226551414e-14	5.196064514524e-15
2.020600000000e-05	3.890621602499e-15	1.008839354566e-14	-9.791595497479e-15
2.020700000000e-05	-1.437337432508e-15	7.761043736308e-15	-5.489136275141e-17
2.020800000000e-05	5.156363337117e-16	8.912708852492e-15	-3.440455202226e-15
2.020900000000e-05	-9.728325002880e-15	6.351578522451e-15	1.477772665026e-14
2.021000000000e-05	3.546578502939e-15	9.817271888042e-15	-8.956087495140e-15
2.021100000000e-05	-3.280753918515e-15	1.786765826116e-14	1.098317606673e-16
2.021200000000e-05	-2.842208162238e-16	4.219730600120e-15	-9.104971678290e-16
2.021300000000e-05	-3.731352475890e-15	7.736943056087e-15	4.137680404377e-15
2.021400000000e-05	4.753681991124e-15	1.065911433992e-15	-8.460190812200e-15
2.021500000000e-05	-2.785240394605e-15	6.716530601584e-15	2.503731098376e-15
2.021600000000e-05	1.112761369102e-14	-1.108674006777e-15	-1.843675393546e-14
2.021700000000e-05	2.247342178016e-15	5.108761405012e-15	-5.508424374396e-15
2.021800000000e-05	5.621941921037e-15	6.446644135907e-15	-1.178064994978e-14
2.021900000000e-05	-5.497960322467e-15	2.434450015125e-14	1.808946130999e-15
2.022000000000e-05	6.999942548931e-16	1.242519284805e-14	-4.813563695041e-15
2.022100000000e-05	1.774444253785e-15	9.210072150523e-16	-3.421370026377e-15
2.022200000000e-05	-5.114694708741e-15	5.510733020563e-15	6.462502425162e-15
2.022300000000e-05	-1.443234434536e-15	2.011809492862e-14	-3.182209120136e-15
2.022400000000e-05	-3.315029032633e-15	8.857171780310e-15	3.004016939040e-15
2.022500000000e-05	3.269927810442e-15	8.068403796783e-15	-8.156886654551e-15
2.022600000000e-05	4.218046165891e-15	1.662831083741e-14	-1.315762228893e-14
2.022700000000e-05	-1.302444511321e-18	1.030309742031e-14	-3.117045189710e-15
2.022800000000e-05	-3.079282420066e-15	1.789572469697e-14	3.137754878915e-16
2.022900000000e-05	-5.298437079703e-16	9.169527074172e-15	-1.884247686924e-15
2.023000000000e-05	3.340561517236e-15	-9.623253049765e-15	-2.853944921698e-15
2.023100000000e-05	1.654360704541e-15	2.559650497024e-15	-3.672455146178e-15
2.023200000000e-05	6.341121089093e-15	1.152895049192e-14	-1.476092689089e-14
2.023300000000e-05	-3.752790503235e-15	1.944456139539e-14	4.589881269590e-16
2.023400000000e-05	1.845503893304e-15	1.039909506543e-14	-6.487929794699e-15
2.023500000000e-05	1.971531472066e-15	5.161495077082e-15	-4.937326315985e-15
2.023600000000e-05	-3.739408203638e-15	1.338508058356e-14	2.117247397748e-15
2.023700000000e-05	7.600673156370e-15	3.021344227823e-15	-1.401186787166e-14
2.023800000000e-05	7.377195936252e-15	8.306746512617e-15	-1.547197814262e-14
2.023900000000e-05	-3.726826439704e-15	1.537714893490e-14	1.868371292309e-15
2.024000000000e-05	4.100219524186e-15	1.167135205310e-14	-1.065879888916e-14
2.024100000000e-05	1.162617695478e-15	2.957475761405e-14	-1.133250332263e-14
2.024200000000e-05	-6.316384747503e-15	2.269710514372e-14	3.657991380337e-15
2.024300000000e-05	-1.618414189267e-15	8.409045832468e-15	2.780226285496e-16
2.024400000000e-05	8.732207075029e-15	2.053670885924e-15	-1.559694884207e-14
2.024500000000e-05	6.071738424736e-17	1.276995300349e-14	-4.003738645287e-15
2.024600000000e-05	6.575141585556e-16	1.181417234295e-14	-4.849155049692e-15
2.024700000000e-05	-5.055269537647e-15	1.844512684412e-14	2.951009238754e-15
2.024800000000e-05	-1.229826053453e-15	8.350160724231e-15	-4.895994718877e-16
2.024900000000e-05	3.432531016880e-15	2.641214623443e-14	-1.435575142011e-14
2.025000000000e-05	2.689131586362e-15	7.108716944742e-15	-6.847098854070e-15
2.025100000000e-05	-1.041544369304e-14	1.420160080677e-14	1.304968479475e-14
2.025200000000e-05	4.819621796971e-15	2.677897588705e-14	-1.701018180100e-14
2.025300000000e-05	3.115729945654e-15	2.714143579656e-15	-6.056649991260e-15
2.025400000000e-05	-5.422041738747e-17	8.243716883524e-15	-2.272643444886e-15
2.025500000000e-05	1.490203707888e-15	9.033605608775e-15	-5.394550680608e-15
2.025600000000e-05	1.029733713932e-14	1.979559334552e-15	-1.870104936635e-14
2.025700000000e-05	-3.855484761234e-15	9.940229482846e-15	3.324755355453e-15
2.025800000000e-05	1.140531900871e-15	1.708405360620e-14	-7.231785388985e-15
2.025900000000e-05	2.867723463778e-16	1.859609219839e-14	-6.102207774381e-15
2.026000000000e-05	7.841906086596e-16	2.699726720964e-14	-1.038676565057e-14
2.026100000000e-05	3.895272484542e-15	3.459467707313e-15	-7.220827023880e-15
2.026200000000e-05	6.038915128117e-15	1.392488762264e-14	-1.593034876670e-14
2.026300000000e-05	-4.514235465656e-15	3.394425398531e-14	-2.390401664168e-15
2.026400000000e-05	1.070424283020e-15	1.824423503015e-14	-7.294255750022e-15
2.026500000000e-05	-2.219350886165e-15	2.552536167160e-14	-4.193111061916e-15
2.026600000000e-05	7.089463840096e-15	1.190919066121e-14	-1.599172458492e-14
2.026700000000e-05	-5.040134379557e-15	2.113995367215e-14	2.435485270085e-15
2.026800000000e-05	-1.616598619737e-15	2.972432850763e-14	-4.295062342336e-15
2.026900000000e-05	-9.276249935131e-15	9.935822489846e-15	1.213714713057e-14
2.027000000000e-05	-7.349451015041e-15	1.674813315700e-14	6.715830901495e-15
2.027100000000e-05	-1.413979917834e-15	1.328862935858e-14	-1.649202151675e-15
2.027200000000e-05	-6.934155013035e-15	2.693669450700e-14	3.219332907734e-15
2.027300000000e-05	-2.797526247959e-15	2.902857739009e-14	-4.357709322064e-15
2.027400000000e-05	4.073602918916e-15	1.590263006100e-14	-1.150678890699e-14
2.027500000000e-05	3.836843210991e-15	1.176813348340e-14	-1.067709843873e-14
2.027600000000e-05	2.205733840595e-15	2.250074116428e-14	-1.089174193610e-14
2.027700000000e-05	-1.110390349863e-14	7.070785592165e-15	1.707433066829e-14
2.027800000000e-05	1.714753627816e-15	3.402729333631e-14	-1.385424077170e-14
2.027900000000e-05	6.062074814799e-15	2.443263750820e-14	-1.812795453500e-14
2.028000000000e-05	8.523971571462e-15	1.911273462464e-14	-2.050094380183e-14
2.028100000000e-05	3.603858617790e-15	2.035004010426e-14	-1.284058918318e-14
2.028200000000e-05	-5.172028165581e-15	3.992187629370e-14	-3.624715744377e-15
2.028300000000e-05	8.245416093450e-15	2.016846011286e-14	-2.009091588682e-14
2.028400000000e-05	-1.581186299513e-17	3.073749992094e-14	-9.726509439324e-15
2.028500000000e-05	3.494892175148e-15	1.745704669940e-14	-1.142979899307e-14
2.028600000000e-05	4.517702006262e-15	2.055871246845e-14	-1.464455714526e-14
2.028700000000e-05	1.813019524565e-14	1.629975949148e-14	-3.736266562606e-14
2.028800000000e-05	-9.627403929019e-16	3.048865185588e-14	-7.283263675786e-15
2.028900000000e-05	-1.251114058262e-14	3.408218380701e-14	1.098211429965e-14
2.029000000000e-05	5.630810868092e-15	1.515214765803e-14	-1.419710521266e-14
2.029100000000e-05	7.013081494549e-16	3.577473094014e-14	-1.203781351006e-14
2.029200000000e-05	-5.910430883171e-15	3.822071007850e-14	-2.175423341948e-15
2.029300000000e-05	4.376977466165e-15	2.088448819357e-14	-1.375315320769e-14
2.029400000000e-05	9.421451236139e-15	3.151223564847e-14	-2.693670552462e-14
2.029500000000e-05	3.442084984121e-16	2.798088842256e-14	-9.049411554463e-15
2.029600000000e-05	-5.029212072964e-15	6.231505837192e-15	6.942880439245e-15
2.029700000000e-05	-2.618848108833e-17	4.762884911018e-14	-1.423871819451e-14
2.029800000000e-05	-1.631640032324e-14	2.894131430513e-14	1.921862305224e-14
2.029900000000e-05	-5.202388285966e-15	2.534005061181e-14	1.157233134447e-15
2.030000000000e-05	-1.312816680682e-15	3.948896541524e-14	-1.027947772939e-14
2.030100000000e-05	1.173683394458e-14	1.311545014590e-14	-2.486672754666e-14
2.030200000000e-05	2.627210653802e-15	5.186086989237e-14	-2.113635412596e-14
2.030300000000e-05	1.602689379056e-15	3.116226505290e-14	-1.254523390908e-14
2.030400000000e-05	1.117960453506e-14	3.339454822304e-14	-2.991589566618e-14
2.030500000000e-05	-6.055120463112e-15	3.489889197102e-14	-7.461267487045e-17
2.030600000000e-05	-1.031691854802e-14	3.594506334492e-14	7.078910327733e-15
2.030700000000e-05	-5.052841328138e-15	3.294946078896e-14	-1.019901469834e-15
2.030800000000e-05	2.372587488425e-15	5.333727750193e-14	-2.085424869549e-14
2.030900000000e-05	1.458816621138e-14	2.363342818644e-14	-3.320142013218e-14
2.031000000000e-05	5.029370585871e-15	3.514932929997e-14	-1.925136552165e-14
2.031100000000e-05	-1.083097217475e-14	5.089298210074e-14	3.487258108751e-15
2.031200000000e-05	4.056149259034e-15	5.332955049846e-14	-2.327423770004e-14
2.031300000000e-05	-1.340308464590e-14	3.060037842589e-14	1.391877837552e-14
2.031400000000e-05	-8.201092882748e-16	5.064191141844e-14	-1.376052256293e-14
2.031500000000e-05	7.331757871853e-17	2.703669164085e-14	-8.000223356249e-15
2.031600000000e-05	5.484714453148e-15	6.056006066229e-14	-2.929452283163e-14
2.031700000000e-05	8.303885043431e-15	8.280161896488e-15	-1.703856014556e-14
2.031800000000e-05	1.165246605889e-14	1.766026888709e-14	-2.563605080566e-14
2.031900000000e-05	1.261431963484e-14	5.099711762959e-14	-3.799819317660e-14
2.032000000000e-05	-6.190055419449e-15	5.360911639009e-14	-5.774960786865e-15
2.032100000000e-05	6.153625702228e-15	2.974803281551e-14	-1.980489354269e-14
2.032200000000e-05	2.356570944095e-14	3.499987125286e-14	-5.313307348877e-14
2.032300000000e-05	-7.899854235932e-15	4.763209949209e-14	-1.035547661980e-15
2.032400000000e-05	-2.193553554948e-14	5.950828728384e-14	1.978336753673e-14
2.032500000000e-05	2.239869719787e-15	5.564375526589e-14	-2.065226374907e-14
