-3.000000000000e-08	0.000000000000e+00	0.000000000000e+00	0.000000000000e+00
-2.900000000000e-08	0.000000000000e+00	0.000000000000e+00	0.000000000000e+00
-2.800000000000e-08	0.000000000000e+00	0.000000000000e+00	0.000000000000e+00
-2.700000000000e-08	0.000000000000e+00	0.000000000000e+00	0.000000000000e+00
-2.600000000000e-08	0.000000000000e+00	0.000000000000e+00	0.000000000000e+00
-2.500000000000e-08	0.000000000000e+00	0.000000000000e+00	0.000000000000e+00
-2.400000000000e-08	0.000000000000e+00	0.000000000000e+00	0.000000000000e+00
-2.300000000000e-08	0.000000000000e+00	0.000000000000e+00	0.000000000000e+00
-2.200000000000e-08	0.000000000000e+00	0.000000000000e+00	0.000000000000e+00
-2.100000000000e-08	0.000000000000e+00	0.000000000000e+00	0.000000000000e+00
-2.000000000000e-08	0.000000000000e+00	0.000000000000e+00	0.000000000000e+00
-1.900000000000e-08	0.000000000000e+00	0.000000000000e+00	0.000000000000e+00
-1.800000000000e-08	0.000000000000e+00	0.000000000000e+00	0.000000000000e+00
-1.700000000000e-08	0.000000000000e+00	0.000000000000e+00	0.000000000000e+00
-1.600000000000e-08	0.000000000000e+00	0.000000000000e+00	0.000000000000e+00
-1.500000000000e-08	0.000000000000e+00	0.000000000000e+00	0.000000000000e+00
-1.400000000000e-08	0.000000000000e+00	0.000000000000e+00	0.000000000000e+00
-1.300000000000e-08	0.000000000000e+00	0.000000000000e+00	0.000000000000e+00
-1.200000000000e-08	0.000000000000e+00	0.000000000000e+00	0.000000000000e+00
-1.100000000000e-08	0.000000000000e+00	0.000000000000e+00	0.000000000000e+00
-1.000000000000e-08	0.000000000000e+00	0.000000000000e+00	0.000000000000e+00
-9.000000000000e-09	0.000000000000e+00	0.000000000000e+00	0.000000000000e+00
-8.000000000000e-09	0.000000000000e+00	0.000000000000e+00	0.000000000000e+00
-7.000000000000e-09	0.000000000000e+00	0.000000000000e+00	0.000000000000e+00
-6.000000000000e-09	0.000000000000e+00	0.000000000000e+00	0.000000000000e+00
-5.000000000000e-09	0.000000000000e+00	0.000000000000e+00	0.000000000000e+00
-4.000000000000e-09	0.000000000000e+00	0.000000000000e+00	0.000000000000e+00
-3.000000000000e-09	0.000000000000e+00	0.000000000000e+00	0.000000000000e+00
-2.000000000000e-09	0.000000000000e+00	0.000000000000e+00	0.000000000000e+00
-1.000000000000e-09	0.000000000000e+00	0.000000000000e+00	0.000000000000e+00
-2.067951531383e-24	0.000000000000e+00	0.000000000000e+00	0.000000000000e+00
1.000000000000e-09	0.000000000000e+00	0.000000000000e+00	0.000000000000e+00
2.000000000000e-09	0.000000000000e+00	0.000000000000e+00	0.000000000000e+00
3.000000000000e-09	0.000000000000e+00	0.000000000000e+00	0.000000000000e+00
4.000000000000e-09	0.000000000000e+00	0.000000000000e+00	0.000000000000e+00
5.000000000000e-09	0.000000000000e+00	0.000000000000e+00	0.000000000000e+00
6.000000000000e-09	0.000000000000e+00	0.000000000000e+00	0.000000000000e+00
7.000000000000e-09	0.000000000000e+00	0.000000000000e+00	0.000000000000e+00
8.000000000000e-09	0.000000000000e+00	0.000000000000e+00	0.000000000000e+00
9.000000000000e-09	0.000000000000e+00	0.000000000000e+00	0.000000000000e+00
1.000000000000e-08	0.000000000000e+00	0.000000000000e+00	0.000000000000e+00
1.100000000000e-08	0.000000000000e+00	0.000000000000e+00	0.000000000000e+00
1.200000000000e-08	0.000000000000e+00	0.000000000000e+00	0.000000000000e+00
1.300000000000e-08	0.000000000000e+00	0.000000000000e+00	0.000000000000e+00
1.400000000000e-08	0.000000000000e+00	0.000000000000e+00	0.000000000000e+00
1.500000000000e-08	0.000000000000e+00	0.000000000000e+00	0.000000000000e+00
1.600000000000e-08	0.000000000000e+00	0.000000000000e+00	0.000000000000e+00
1.700000000000e-08	0.000000000000e+00	0.000000000000e+00	0.000000000000e+00
1.800000000000e-08	0.000000000000e+00	0.000000000000e+00	0.000000000000e+00
1.900000000000e-08	0.000000000000e+00	0.000000000000e+00	0.000000000000e+00
2.000000000000e-08	0.000000000000e+00	0.000000000000e+00	0.000000000000e+00
2.100000000000e-08	0.000000000000e+00	0.000000000000e+00	0.000000000000e+00
2.200000000000e-08	0.000000000000e+00	0.000000000000e+00	0.000000000000e+00
2.300000000000e-08	0.000000000000e+00	0.000000000000e+00	0.000000000000e+00
2.400000000000e-08	0.000000000000e+00	0.000000000000e+00	0.000000000000e+00
2.500000000000e-08	0.000000000000e+00	0.000000000000e+00	0.000000000000e+00
2.600000000000e-08	0.000000000000e+00	0.000000000000e+00	0.000000000000e+00
2.700000000000e-08	0.000000000000e+00	0.000000000000e+00	0.000000000000e+00
2.800000000000e-08	0.000000000000e+00	0.000000000000e+00	0.000000000000e+00
2.900000000000e-08	0.000000000000e+00	0.000000000000e+00	0.000000000000e+00
3.000000000000e-08	0.000000000000e+00	0.000000000000e+00	0.000000000000e+00
3.100000000000e-08	0.000000000000e+00	0.000000000000e+00	0.000000000000e+00
3.200000000000e-08	3.321674649012e-15	2.305759443800e-16	-4.757885582557e-15
3.300000000000e-08	2.991784860368e-15	2.497422642163e-14	-1.312717543913e-14
3.400000000000e-08	-1.692081465290e-14	8.709961564157e-14	-8.752737414709e-15
3.500000000000e-08	1.242349081067e-14	2.432666206061e-13	-1.040059959284e-13
3.600000000000e-08	-1.343490968968e-13	5.649421916647e-13	-1.811740625355e-14
3.700000000000e-08	-1.198560920936e-13	9.420719225017e-13	-1.748447512472e-13
3.800000000000e-08	-3.867309623734e-14	1.371961198337e-12	-4.442207540458e-13
3.900000000000e-08	-6.531282022566e-13	3.032034864685e-12	-2.058551642259e-13
4.000000000000e-08	-6.514482789990e-13	4.837688269611e-12	-8.726186829368e-13
4.100000000000e-08	-1.726531676515e-12	1.004379352881e-11	-1.314812241504e-12
4.200000000000e-08	-2.479600998855e-12	1.451188277639e-11	-1.950562290261e-12
4.300000000000e-08	-3.833605375629e-12	2.400252628720e-11	-3.625840692786e-12
4.400000000000e-08	-5.488873881497e-12	3.900751168901e-11	-6.989998496747e-12
4.500000000000e-08	-8.859859322498e-12	6.011233690739e-11	-1.025953590757e-11
4.600000000000e-08	-1.461936881627e-11	9.165839742172e-11	-1.440539973542e-11
4.700000000000e-08	-1.645082378848e-11	1.237134689176e-10	-2.418304511972e-11
4.800000000000e-08	-2.611795496351e-11	1.710537311465e-10	-2.923452630515e-11
4.900000000000e-08	-3.222568636152e-11	2.225832058212e-10	-4.085506133859e-11
5.000000000000e-08	-3.281277930106e-11	2.458177923792e-10	-4.923780250980e-11
5.100000000000e-08	-4.251641002035e-11	3.028974992945e-10	-5.821904218729e-11
5.200000000000e-08	-4.864925005624e-11	3.469695727914e-10	-6.741518989914e-11
5.300000000000e-08	-5.271051491926e-11	4.066548792563e-10	-8.569473153115e-11
5.400000000000e-08	-6.001102738555e-11	4.685700797169e-10	-1.005035032077e-10
5.500000000000e-08	-6.598166959571e-11	5.185900734652e-10	-1.126827155280e-10
5.600000000000e-08	-7.246405297155e-11	5.690015595700e-10	-1.245802102516e-10
5.700000000000e-08	-8.056819688433e-11	6.226561484158e-10	-1.360078707505e-10
5.800000000000e-08	-7.725221675935e-11	6.689821766146e-10	-1.600271456602e-10
5.900000000000e-08	-8.466713464655e-11	7.017221279692e-10	-1.639665423029e-10
6.000000000000e-08	-8.484800463645e-11	7.341366001638e-10	-1.782228414034e-10
6.100000000000e-08	-9.311877833420e-11	7.462660116707e-10	-1.728363957164e-10
6.200000000000e-08	-8.471864128228e-11	7.719446653687e-10	-1.962632859472e-10
6.300000000000e-08	-8.703049683111e-11	7.847895645273e-10	-1.998112271203e-10
6.400000000000e-08	-8.437652573721e-11	7.709451463446e-10	-1.992930385989e-10
6.500000000000e-08	-8.148921050327e-11	7.526871704311e-10	-1.972585961858e-10
6.600000000000e-08	-8.209436625739e-11	7.628325863477e-10	-2.016461612624e-10
6.700000000000e-08	-6.806304323340e-11	7.414307508210e-10	-2.141272745501e-10
6.800000000000e-08	-6.216220075626e-11	6.989837600337e-10	-2.059739381502e-10
6.900000000000e-08	-6.580022572587e-11	7.016125220922e-10	-2.036428940218e-10
7.000000000000e-08	-6.270913654629e-11	6.502554939644e-10	-1.878139147286e-10
7.100000000000e-08	-4.968901722096e-11	5.972967399735e-10	-1.850613714891e-10
7.200000000000e-08	-4.971010877908e-11	6.188437814717e-10	-1.952809615302e-10
7.300000000000e-08	-5.061567194751e-11	5.671727067049e-10	-1.734126716433e-10
7.400000000000e-08	-4.416119076458e-11	5.341575108590e-10	-1.698271044913e-10
7.500000000000e-08	-3.163736651747e-11	5.053129831289e-10	-1.758761732711e-10
7.600000000000e-08	-3.079019140631e-11	4.681733591456e-10	-1.621408750603e-10
7.700000000000e-08	-1.333222385965e-11	4.374165773537e-10	-1.739502368615e-10
7.800000000000e-08	-1.248201394582e-11	3.986024462070e-10	-1.596278591480e-10
7.900000000000e-08	-1.130006371956e-12	3.575840841138e-10	-1.584518027164e-10
8.000000000000e-08	-3.326727217580e-12	3.410750980047e-10	-1.486827323090e-10
8.100000000000e-08	1.594752711764e-12	3.104255285061e-10	-1.433700568001e-10
8.200000000000e-08	-4.257614296686e-12	2.818280350240e-10	-1.231875656080e-10
8.300000000000e-08	4.523631560100e-12	2.582522744421e-10	-1.262332144975e-10
8.400000000000e-08	1.535754172205e-11	2.164580001030e-10	-1.234821313059e-10
8.500000000000e-08	2.221165979804e-11	2.147025145368e-10	-1.323966814655e-10
8.600000000000e-08	1.351977136019e-11	1.775815788815e-10	-1.052344003054e-10
8.700000000000e-08	1.983607861500e-11	1.543919531531e-10	-1.037317487195e-10
8.800000000000e-08	1.969589610206e-11	1.484361693752e-10	-1.015675758693e-10
8.900000000000e-08	3.304645386088e-11	1.300940545516e-10	-1.117540899957e-10
9.000000000000e-08	1.800214858758e-11	1.073176987835e-10	-8.158053086403e-11
9.100000000000e-08	2.911354079257e-11	9.376619999959e-11	-9.078574859885e-11
9.200000000000e-08	3.465676614479e-11	7.410739622773e-11	-9.035226547263e-11
9.300000000000e-08	3.852292306479e-11	4.557594876707e-11	-8.294799199639e-11
9.400000000000e-08	2.800427782333e-11	3.510631066884e-11	-6.411039900221e-11
9.500000000000e-08	2.236541393196e-11	3.673932062945e-11	-5.764935416414e-11
9.600000000000e-08	3.969329366130e-11	3.402263068703e-12	-6.631284717582e-11
9.700000000000e-08	2.697515080368e-11	7.905154994759e-13	-4.798599093778e-11
9.800000000000e-08	4.064416088759e-11	-3.660954200310e-12	-6.510283002739e-11
9.900000000000e-08	3.427520971573e-11	-2.841324581913e-11	-4.524470960165e-11
1.000000000000e-07	2.979337684432e-11	-3.827677081609e-11	-3.467134143842e-11
1.010000000000e-07	3.469727220462e-11	-4.983034356073e-11	-3.608460772642e-11
1.020000000000e-07	4.284271473115e-11	-6.721678015833e-11	-3.934740871003e-11
1.030000000000e-07	3.286975207836e-11	-6.238654831603e-11	-2.801734157045e-11
1.040000000000e-07	3.797031591791e-11	-8.550767129712e-11	-2.437478808298e-11
1.050000000000e-07	3.119248079504e-11	-6.619077264469e-11	-2.427742541840e-11
1.060000000000e-07	3.479957349268e-11	-9.634607096868e-11	-1.536987956419e-11
1.070000000000e-07	2.870687802717e-11	-9.066250870905e-11	-9.409520823926e-12
1.080000000000e-07	3.246536895845e-11	-1.173230922258e-10	-1.722673751634e-12
1.090000000000e-07	2.728733913818e-11	-1.021865480584e-10	-2.508155333926e-12
1.100000000000e-07	2.521899776961e-11	-1.098479501674e-10	4.723134743941e-12
1.110000000000e-07	3.209765883960e-11	-1.205306780174e-10	1.610958208793e-13
1.120000000000e-07	2.500732867770e-11	-1.314362774937e-10	1.497781757854e-11
1.130000000000e-07	2.658212434145e-11	-1.258803165059e-10	9.902940342894e-12
1.140000000000e-07	2.213260192577e-11	-1.283800214618e-10	1.782041203472e-11
1.150000000000e-07	2.854641161275e-11	-1.460513595231e-10	1.714543196916e-11
1.160000000000e-07	2.967045789009e-11	-1.546988710382e-10	1.999946235608e-11
1.170000000000e-07	1.821138277569e-11	-1.469935510723e-10	3.183928136852e-11
1.180000000000e-07	2.400406065574e-11	-1.526234965377e-10	2.641879620517e-11
1.190000000000e-07	1.981005987615e-11	-1.551468881533e-10	3.396917791365e-11
1.200000000000e-07	2.058526141613e-11	-1.481820817437e-10	2.959231416940e-11
1.210000000000e-07	2.034831356842e-11	-1.734077291121e-10	4.226688716778e-11
1.220000000000e-07	2.481158364177e-11	-1.619474096105e-10	3.087699599357e-11
1.230000000000e-07	1.191795840739e-11	-1.381256766342e-10	3.648987815460e-11
1.240000000000e-07	2.217731152883e-11	-1.768400366544e-10	4.213081355357e-11
1.250000000000e-07	2.562923320251e-11	-1.678793984393e-10	3.282996785833e-11
1.260000000000e-07	2.537613087892e-11	-1.706461391140e-10	3.472267804298e-11
1.270000000000e-07	1.512942122877e-11	-1.688965019720e-10	4.865973076067e-11
1.280000000000e-07	1.839562543686e-11	-1.719290572387e-10	4.503062944632e-11
1.290000000000e-07	1.186129840598e-11	-1.617081365357e-10	4.893943853116e-11
1.300000000000e-07	1.794590972346e-11	-1.710595895080e-10	4.589435469853e-11
1.310000000000e-07	1.216121280099e-11	-1.592797907507e-10	4.818510358645e-11
1.320000000000e-07	1.791806872356e-11	-1.707313153326e-10	4.576915610862e-11
1.330000000000e-07	1.466525280883e-11	-1.730681264374e-10	5.182615363610e-11
1.340000000000e-07	1.275073043638e-11	-1.719841333880e-10	5.412145729718e-11
1.350000000000e-07	8.828097317886e-12	-1.623519430452e-10	5.466430995612e-11
1.360000000000e-07	9.806802275815e-12	-1.754280026379e-10	6.055241850492e-11
1.370000000000e-07	1.276562132257e-11	-1.577330573736e-10	4.750472878399e-11
1.380000000000e-07	1.325154991023e-11	-1.772172812189e-10	5.690520012721e-11
1.390000000000e-07	1.200376164666e-11	-1.621299807435e-10	5.115081277696e-11
1.400000000000e-07	1.029238459184e-11	-1.674195574517e-10	5.654721120368e-11
1.410000000000e-07	1.068371790860e-11	-1.630430406174e-10	5.370833856935e-11
1.420000000000e-07	1.022558165352e-11	-1.636825295058e-10	5.546617934536e-11
1.430000000000e-07	1.116736907979e-11	-1.692115718197e-10	5.654650164752e-11
1.440000000000e-07	3.854897043944e-12	-1.615294925940e-10	6.279143097402e-11
1.450000000000e-07	1.710113136217e-11	-1.663005237800e-10	4.792972583344e-11
1.460000000000e-07	1.602882855264e-11	-1.670129749447e-10	5.007330968151e-11
1.470000000000e-07	6.071843175950e-12	-1.652319368182e-10	6.252279852728e-11
1.480000000000e-07	8.933357294761e-12	-1.561400070403e-10	5.405704876325e-11
1.490000000000e-07	8.957373719594e-12	-1.623493913864e-10	5.809912231107e-11
1.500000000000e-07	1.062268088549e-11	-1.555248925105e-10	5.221027674607e-11
1.510000000000e-07	7.538907082491e-12	-1.610659162950e-10	5.895150828412e-11
1.520000000000e-07	8.680475855614e-12	-1.586406610785e-10	5.699358721361e-11
1.530000000000e-07	8.670366654964e-13	-1.529745193593e-10	6.369827392367e-11
1.540000000000e-07	1.099012778683e-11	-1.481380480559e-10	4.887496234523e-11
1.550000000000e-07	1.128514059328e-11	-1.612295924018e-10	5.595770584344e-11
1.560000000000e-07	8.006908583386e-12	-1.525933712525e-10	5.530608864219e-11
1.570000000000e-07	6.485601328266e-12	-1.445419315235e-10	5.356036522460e-11
1.580000000000e-07	3.859918397257e-12	-1.443269457373e-10	5.672474720150e-11
1.590000000000e-07	7.569087142983e-12	-1.452662982216e-10	5.260601009453e-11
1.600000000000e-07	7.735489053367e-12	-1.406119161169e-10	5.029305071691e-11
1.610000000000e-07	7.852011450753e-12	-1.370242419849e-10	4.902423267350e-11
1.620000000000e-07	1.258198121300e-11	-1.470331966508e-10	4.800263126872e-11
1.630000000000e-07	9.398644316181e-12	-1.413466298679e-10	4.955281989209e-11
1.640000000000e-07	-1.026244077938e-12	-1.312314943058e-10	5.809974099435e-11
1.650000000000e-07	1.045104462864e-11	-1.355136363714e-10	4.526991033678e-11
1.660000000000e-07	4.726831000215e-12	-1.428910280057e-10	5.693138873596e-11
1.670000000000e-07	6.364587463017e-12	-1.300749043316e-10	4.799191098991e-11
1.680000000000e-07	5.523374143905e-12	-1.249227282476e-10	4.698620685996e-11
1.690000000000e-07	4.619445144277e-12	-1.266723670702e-10	4.908016231273e-11
1.700000000000e-07	1.206743422089e-11	-1.324114670680e-10	4.249397715601e-11
1.710000000000e-07	7.187356529347e-12	-1.271334457681e-10	4.691627128939e-11
1.720000000000e-07	5.652645693733e-12	-1.241207989607e-10	4.705495440766e-11
1.730000000000e-07	6.509739547573e-12	-1.233806641458e-10	4.530481903999e-11
1.740000000000e-07	5.138172083656e-12	-1.221593754590e-10	4.730182683428e-11
1.750000000000e-07	9.152483927017e-12	-1.260360194281e-10	4.370541744513e-11
1.760000000000e-07	7.443559662739e-12	-1.259339467937e-10	4.691589914356e-11
1.770000000000e-07	2.909624021834e-12	-1.180552309698e-10	4.874590127344e-11
1.780000000000e-07	3.497677418697e-12	-1.194912159238e-10	4.885302785409e-11
1.790000000000e-07	5.181802817634e-12	-1.105192466508e-10	4.252602124410e-11
1.800000000000e-07	4.968991758278e-12	-1.178639901135e-10	4.603001675255e-11
1.810000000000e-07	2.874432110946e-12	-1.073549666820e-10	4.358477031247e-11
1.820000000000e-07	1.033543048824e-11	-1.157471716115e-10	3.884339604862e-11
1.830000000000e-07	6.666219642774e-12	-1.109301461241e-10	4.076333100833e-11
1.840000000000e-07	5.582680524390e-12	-1.032829740623e-10	3.813017472453e-11
1.850000000000e-07	5.627159138085e-12	-1.053838096137e-10	3.978787757055e-11
1.860000000000e-07	1.616114499066e-12	-1.027431837709e-10	4.386651973189e-11
1.870000000000e-07	9.160449387728e-12	-1.059827202860e-10	3.540356730745e-11
1.880000000000e-07	-5.202659593870e-13	-1.034175023884e-10	4.727751462300e-11
1.890000000000e-07	7.279764168615e-12	-1.059236997111e-10	3.867355853094e-11
1.900000000000e-07	2.777983086131e-12	-9.432512947635e-11	3.762679178916e-11
1.910000000000e-07	6.450515038130e-12	-9.583790516566e-11	3.436201272311e-11
1.920000000000e-07	3.961394054987e-12	-9.425849031253e-11	3.657768347189e-11
1.930000000000e-07	6.648709352342e-12	-1.005784501949e-10	3.713156573114e-11
1.940000000000e-07	1.962610337503e-12	-9.318320606659e-11	3.955144135725e-11
1.950000000000e-07	4.919127730972e-12	-9.729927519686e-11	3.835590271035e-11
1.960000000000e-07	3.009378969760e-12	-8.916020124196e-11	3.627871877891e-11
1.970000000000e-07	5.463158063572e-12	-9.423481469292e-11	3.576651747959e-11
1.980000000000e-07	4.834189500836e-12	-9.142188892741e-11	3.491905001917e-11
1.990000000000e-07	7.047563240538e-12	-8.848954993124e-11	3.078712641531e-11
2.000000000000e-07	6.146374550915e-12	-9.032203581680e-11	3.349162311159e-11
2.010000000000e-07	5.408540812032e-12	-9.103280174983e-11	3.468666187655e-11
2.020000000000e-07	4.727724590946e-12	-8.407175959197e-11	3.144958525208e-11
2.030000000000e-07	1.305304392757e-12	-8.554128178728e-11	3.740059282760e-11
2.040000000000e-07	2.751038045398e-12	-8.011457500084e-11	3.245276204460e-11
2.050000000000e-07	4.940445608388e-12	-8.490231040881e-11	3.284932285994e-11
2.060000000000e-07	3.207566282315e-12	-7.933907535348e-11	3.171564616923e-11
2.070000000000e-07	5.572827195613e-12	-8.636088901647e-11	3.333888061079e-11
2.080000000000e-07	1.825677769071e-12	-7.833385471607e-11	3.376854460015e-11
2.090000000000e-07	5.308688098732e-12	-7.555376074198e-11	2.692099524523e-11
2.100000000000e-07	4.600447723946e-12	-7.771941368557e-11	2.942454082755e-11
2.110000000000e-07	1.619313744123e-12	-7.207800742360e-11	3.051962074054e-11
2.120000000000e-07	3.236621630749e-12	-7.975814677684e-11	3.303529874581e-11
2.130000000000e-07	5.584113319052e-12	-7.347289629033e-11	2.634331495090e-11
2.140000000000e-07	4.883846857585e-12	-7.171278774720e-11	2.644806264766e-11
2.150000000000e-07	3.417854757290e-12	-7.154658661497e-11	2.890114940363e-11
2.160000000000e-07	5.612836746923e-12	-6.812316978058e-11	2.392112589950e-11
2.170000000000e-07	1.961748288429e-12	-7.193415872258e-11	3.134045581712e-11
2.180000000000e-07	2.978272177481e-12	-6.755233302488e-11	2.744767717510e-11
2.190000000000e-07	5.695871091187e-13	-7.038721887131e-11	3.180982895751e-11
2.200000000000e-07	3.795711388177e-13	-6.337232819021e-11	2.838410723059e-11
2.210000000000e-07	8.345312566424e-12	-6.635171472926e-11	1.985846512146e-11
2.220000000000e-07	9.349860832773e-12	-6.706112852064e-11	1.942809491970e-11
2.230000000000e-07	1.410586651834e-12	-6.532426629313e-11	2.886185863709e-11
2.240000000000e-07	1.345232841767e-13	-6.158354814843e-11	2.857441022942e-11
2.250000000000e-07	4.374738687823e-12	-6.385715873282e-11	2.382211140043e-11
2.260000000000e-07	5.441833371562e-12	-6.557868213702e-11	2.398970325852e-11
2.270000000000e-07	1.639392722929e-13	-5.836542037074e-11	2.631770848130e-11
2.280000000000e-07	5.849843773568e-12	-6.219239210906e-11	2.155217808445e-11
2.290000000000e-07	1.806973273589e-12	-5.468595023029e-11	2.239562329823e-11
2.300000000000e-07	7.451948471193e-12	-6.460415614958e-11	2.200057838258e-11
2.310000000000e-07	3.841846723888e-12	-5.748354742591e-11	2.103604207344e-11
2.320000000000e-07	1.904827134259e-12	-5.662182685708e-11	2.379859168134e-11
2.330000000000e-07	1.425355986599e-12	-5.536822611165e-11	2.433963576461e-11
2.340000000000e-07	1.503544080818e-12	-5.770510998584e-11	2.477667647275e-11
2.350000000000e-07	2.391249520041e-12	-5.499012657364e-11	2.278744793362e-11
2.360000000000e-07	3.953505427298e-12	-5.839954463918e-11	2.314769279520e-11
2.370000000000e-07	1.051799771079e-12	-4.708597504344e-11	1.988925650277e-11
2.380000000000e-07	4.783737396749e-12	-5.757037080381e-11	2.163501791170e-11
2.390000000000e-07	2.868665598762e-12	-5.105993606177e-11	2.049390695896e-11
2.400000000000e-07	5.585428328904e-12	-5.146706786259e-11	1.708767587097e-11
2.410000000000e-07	3.213291162907e-12	-5.471410309528e-11	2.244124453206e-11
2.420000000000e-07	7.555577250203e-13	-4.660956559372e-11	2.067812691968e-11
2.430000000000e-07	4.397885568353e-12	-5.061259900916e-11	1.825878495762e-11
2.440000000000e-07	-4.365535863560e-13	-4.823490789018e-11	2.312389730251e-11
2.450000000000e-07	2.506724517550e-12	-4.959200899562e-11	2.084786875830e-11
2.460000000000e-07	5.179433039023e-12	-4.890385008510e-11	1.618305844022e-11
2.470000000000e-07	7.000413561726e-13	-4.525531023838e-11	2.023221230205e-11
2.480000000000e-07	5.731062813005e-12	-4.853475433843e-11	1.562945674913e-11
2.490000000000e-07	3.002410094105e-12	-4.837158304255e-11	1.924220044231e-11
2.500000000000e-07	3.109614714291e-12	-4.611042051188e-11	1.857231542337e-11
2.510000000000e-07	2.337406613124e-13	-4.200023070805e-11	1.884927565740e-11
2.520000000000e-07	2.836428212769e-12	-4.483296363310e-11	1.794044925340e-11
2.530000000000e-07	3.262670080580e-12	-4.199887953301e-11	1.573164729485e-11
2.540000000000e-07	3.513162323850e-12	-4.282173447692e-11	1.558520023009e-11
2.550000000000e-07	2.277520792211e-12	-4.420964399238e-11	1.859244082695e-11
2.560000000000e-07	2.416396445575e-12	-4.093392779904e-11	1.623512279066e-11
2.570000000000e-07	5.723078177688e-12	-4.420525568444e-11	1.450578126126e-11
2.580000000000e-07	2.291397519763e-12	-4.152291795122e-11	1.675937590708e-11
2.590000000000e-07	-7.707121111863e-13	-3.441849824636e-11	1.623369056800e-11
2.600000000000e-07	1.769918916243e-12	-3.779092836721e-11	1.558635824732e-11
2.610000000000e-07	2.082278909785e-12	-3.693413279602e-11	1.458760028504e-11
2.620000000000e-07	2.308246647587e-12	-3.824237585335e-11	1.523096805186e-11
2.630000000000e-07	2.674503289509e-12	-3.625641389506e-11	1.394591055680e-11
2.640000000000e-07	9.688036748082e-13	-4.006913240307e-11	1.804465285263e-11
2.650000000000e-07	5.628687097800e-13	-3.769949944448e-11	1.688970737671e-11
2.660000000000e-07	2.177847024002e-12	-3.943402328831e-11	1.712567401670e-11
2.670000000000e-07	1.766013384247e-12	-3.753529076629e-11	1.591780450235e-11
2.680000000000e-07	1.242593918431e-12	-3.248010858410e-11	1.342375273686e-11
2.690000000000e-07	3.333234643249e-12	-3.585077709503e-11	1.391407422959e-11
2.700000000000e-07	1.010846860575e-12	-3.078740846593e-11	1.287972988542e-11
2.710000000000e-07	2.654897892731e-13	-3.188036578019e-11	1.530884268619e-11
2.720000000000e-07	1.021961349134e-12	-3.329541736605e-11	1.451141082817e-11
2.730000000000e-07	3.690739655842e-12	-3.888552400012e-11	1.504747620249e-11
2.740000000000e-07	1.080625374829e-12	-3.047603973177e-11	1.271863387077e-11
2.750000000000e-07	-1.239109244459e-13	-2.885144360652e-11	1.332923416877e-11
2.760000000000e-07	2.688711012524e-12	-3.430383907332e-11	1.335910897254e-11
2.770000000000e-07	1.620966177632e-12	-3.043447521702e-11	1.260279795902e-11
2.780000000000e-07	7.020540531482e-13	-3.135163478463e-11	1.460098482745e-11
2.790000000000e-07	1.918782790554e-12	-3.198111672395e-11	1.273617803241e-11
2.800000000000e-07	2.540529013104e-12	-3.095646126173e-11	1.184230167482e-11
2.810000000000e-07	1.701231048133e-12	-2.795338879701e-11	1.146005188065e-11
2.820000000000e-07	4.432497472773e-12	-3.277707470149e-11	1.043281959019e-11
2.830000000000e-07	2.423130777575e-12	-3.160750284230e-11	1.239436596666e-11
2.840000000000e-07	1.892320000258e-12	-2.785399579824e-11	1.087070042648e-11
2.850000000000e-07	4.936211158480e-13	-3.177855380150e-11	1.523465776245e-11
2.860000000000e-07	4.294301658635e-12	-3.250421085084e-11	1.106185851462e-11
2.870000000000e-07	-2.457966466724e-12	-2.550873831412e-11	1.528791158306e-11
2.880000000000e-07	9.045711245830e-13	-2.690061922065e-11	1.157886837211e-11
2.890000000000e-07	1.651190099318e-12	-2.561765473087e-11	1.006496902867e-11
2.900000000000e-07	-1.123859256032e-13	-2.675530674831e-11	1.373332478895e-11
2.910000000000e-07	1.326488378092e-12	-2.629919529812e-11	1.134731295569e-11
2.920000000000e-07	4.139815880842e-12	-2.953388204779e-11	9.253811628954e-12
2.930000000000e-07	3.327653199056e-12	-3.028028868775e-11	1.151769029403e-11
2.940000000000e-07	2.094566304024e-12	-2.596676671176e-11	9.899740804055e-12
2.950000000000e-07	1.394617782177e-12	-2.377032651064e-11	9.502044991125e-12
2.960000000000e-07	-1.043882072079e-12	-2.142919515623e-11	1.136628113703e-11
2.970000000000e-07	1.743496976291e-12	-2.491159185619e-11	1.047179915113e-11
2.980000000000e-07	5.775801622208e-13	-2.652830695032e-11	1.263159853693e-11
2.990000000000e-07	2.051035443751e-13	-2.557663332375e-11	1.231684402223e-11
3.000000000000e-07	2.201950586858e-12	-2.356259391850e-11	9.431308263986e-12
3.010000000000e-07	1.178745084277e-12	-2.246169532831e-11	9.494078074609e-12
3.020000000000e-07	1.286272608367e-12	-2.298539509626e-11	9.670914327987e-12
3.030000000000e-07	2.375009891601e-12	-2.330175699042e-11	8.658319691993e-12
3.040000000000e-07	5.253937368328e-13	-2.353958508711e-11	1.114702286469e-11
3.050000000000e-07	2.805487735437e-12	-2.354564002816e-11	8.426431718382e-12
3.060000000000e-07	1.612350375210e-12	-2.438265584341e-11	1.040205503813e-11
3.070000000000e-07	5.415837427478e-13	-2.147846655495e-11	1.004011923571e-11
3.080000000000e-07	9.456980792800e-13	-2.566782949458e-11	1.174188169104e-11
3.090000000000e-07	1.712203707713e-12	-2.248404607987e-11	8.570362325000e-12
3.100000000000e-07	1.291405615652e-12	-1.948429055981e-11	7.913328592863e-12
3.110000000000e-07	1.078283731102e-12	-2.140399326698e-11	8.969751733311e-12
3.120000000000e-07	-1.365841735448e-12	-1.798601336035e-11	9.536431017550e-12
3.130000000000e-07	-8.075332884689e-13	-2.017719971972e-11	1.070933752042e-11
3.140000000000e-07	1.078940638667e-12	-2.164091973103e-11	9.847950299182e-12
3.150000000000e-07	9.662333481404e-13	-1.634508003377e-11	6.155848357710e-12
3.160000000000e-07	3.305267724670e-12	-1.930407825552e-11	5.992432560380e-12
3.170000000000e-07	-1.207835998239e-12	-1.832051497194e-11	1.023499267191e-11
3.180000000000e-07	1.552959127833e-13	-1.952672355168e-11	9.443392238823e-12
3.190000000000e-07	1.008369153871e-12	-1.796769504151e-11	7.466616832359e-12
3.200000000000e-07	1.575584316798e-13	-1.917956023163e-11	9.931261831010e-12
3.210000000000e-07	5.964055616551e-13	-2.087890597005e-11	9.939923150449e-12
3.220000000000e-07	1.415618530502e-12	-1.760681701397e-11	7.128435614812e-12
3.230000000000e-07	1.695747915057e-12	-1.889349934724e-11	7.758098468840e-12
3.240000000000e-07	1.553611661511e-12	-1.867341493735e-11	7.936174310388e-12
3.250000000000e-07	-1.326509989458e-13	-1.714891953961e-11	8.809921406318e-12
3.260000000000e-07	1.410252438125e-12	-1.635753582343e-11	7.045607368842e-12
3.270000000000e-07	3.160633321375e-12	-1.827361850905e-11	5.143221873151e-12
3.280000000000e-07	2.489469596812e-12	-1.777428074285e-11	5.292229708788e-12
3.290000000000e-07	8.699705399154e-13	-1.669429774980e-11	7.433004869100e-12
3.300000000000e-07	7.333364951369e-13	-1.879177004531e-11	8.697016559339e-12
3.310000000000e-07	1.586504690116e-12	-1.532060338024e-11	5.507738884098e-12
3.320000000000e-07	-1.654071442545e-13	-1.512520751290e-11	7.202266165357e-12
3.330000000000e-07	-1.325938762709e-12	-1.653212736152e-11	9.904249683987e-12
3.340000000000e-07	6.242213239770e-13	-1.555274704987e-11	6.898365611523e-12
3.350000000000e-07	-1.396746034755e-13	-1.618162480568e-11	8.308621554254e-12
3.360000000000e-07	7.699566081249e-13	-1.348217913994e-11	5.862319625565e-12
3.370000000000e-07	1.285245851544e-12	-1.742120856375e-11	7.665526576165e-12
3.380000000000e-07	-2.266056334312e-13	-1.648057994005e-11	8.777513622635e-12
3.390000000000e-07	-8.214110803675e-13	-1.383905725771e-11	8.106572990016e-12
3.400000000000e-07	3.198744498532e-12	-1.719877077835e-11	5.449320221479e-12
3.410000000000e-07	2.726263519629e-12	-1.434275595516e-11	4.529314284964e-12
3.420000000000e-07	3.996722409327e-13	-1.662574630492e-11	8.533385226493e-12
3.430000000000e-07	2.037646305236e-12	-1.650221027890e-11	6.727569916983e-12
3.440000000000e-07	2.324424628600e-12	-1.310937201566e-11	3.829469528038e-12
3.450000000000e-07	8.350819240356e-14	-1.375667054903e-11	6.356229482909e-12
3.460000000000e-07	-3.058760020863e-14	-1.434139752231e-11	6.770969218814e-12
3.470000000000e-07	1.175700050456e-12	-1.360585857620e-11	5.793911962571e-12
3.480000000000e-07	4.655751642545e-13	-1.642572617013e-11	7.808285245435e-12
3.490000000000e-07	9.455910663769e-13	-1.120014783222e-11	3.655618975553e-12
3.500000000000e-07	-1.269741467301e-12	-1.207308062304e-11	7.257934365994e-12
3.510000000000e-07	-1.184686819158e-12	-1.429919725570e-11	9.437258040382e-12
3.520000000000e-07	1.430361995653e-12	-1.343756797328e-11	5.085684161079e-12
3.530000000000e-07	8.832481283432e-13	-1.463063629537e-11	6.428946130884e-12
3.540000000000e-07	2.086389548202e-13	-1.616384093860e-11	8.614086464967e-12
3.550000000000e-07	-1.581025804912e-12	-1.297796510924e-11	8.345249054450e-12
3.560000000000e-07	4.404920687060e-13	-1.243559480711e-11	6.178269831515e-12
3.570000000000e-07	8.053338941171e-13	-1.246364665125e-11	5.648187166791e-12
3.580000000000e-07	2.562464648332e-12	-1.328179401607e-11	3.790094527246e-12
3.590000000000e-07	1.789429122077e-12	-1.386569384236e-11	5.719683003271e-12
3.600000000000e-07	1.468561634662e-12	-1.130339142250e-11	3.794038396611e-12
3.610000000000e-07	2.433187999713e-13	-1.122129828029e-11	5.331603176684e-12
3.620000000000e-07	8.213584760932e-13	-1.351028896373e-11	6.215512789156e-12
3.630000000000e-07	4.676481156525e-13	-1.215620859169e-11	5.414845201046e-12
3.640000000000e-07	3.869677322736e-13	-1.118945182599e-11	5.424087425839e-12
3.650000000000e-07	-9.992234097258e-13	-8.326786359522e-12	5.312615153544e-12
3.660000000000e-07	2.015404117684e-12	-1.430490432388e-11	5.655730554434e-12
3.670000000000e-07	9.334686792764e-13	-1.319591711046e-11	6.360343652193e-12
3.680000000000e-07	1.259152815646e-12	-1.178654041801e-11	5.019217761148e-12
3.690000000000e-07	3.795723383595e-13	-9.635552781310e-12	4.390960976590e-12
3.700000000000e-07	3.665423238657e-15	-1.301616859390e-11	7.507074135594e-12
3.710000000000e-07	5.176611500212e-14	-1.118364854575e-11	5.438914905201e-12
3.720000000000e-07	-1.597893580687e-12	-8.970580520223e-12	5.987184657554e-12
3.730000000000e-07	1.751012771579e-12	-1.149719936338e-11	4.107751704583e-12
3.740000000000e-07	1.729685016970e-12	-1.032427346002e-11	3.351532260453e-12
3.750000000000e-07	-7.293536979172e-14	-8.409490722074e-12	3.263447819564e-12
3.760000000000e-07	-6.354703000775e-13	-9.987828351988e-12	6.780319167553e-12
3.770000000000e-07	2.457303369482e-13	-1.016437714128e-11	5.479626299372e-12
3.780000000000e-07	1.357289296662e-12	-1.062930512503e-11	3.864276230307e-12
3.790000000000e-07	2.461618091642e-12	-1.225562466140e-11	4.332254974685e-12
3.800000000000e-07	9.736470868250e-13	-9.384592327661e-12	4.032575770176e-12
3.810000000000e-07	1.388952281237e-12	-1.104942854719e-11	4.607067436863e-12
3.820000000000e-07	-2.189404416908e-14	-9.159145134412e-12	4.884836683494e-12
3.830000000000e-07	2.201581786138e-13	-9.665602531690e-12	5.237936654421e-12
3.840000000000e-07	8.360339981965e-13	-9.271008010646e-12	3.445282635120e-12
3.850000000000e-07	9.997295253742e-13	-8.931193962402e-12	2.739056353948e-12
3.860000000000e-07	2.875117782260e-13	-1.121342146077e-11	5.641880934631e-12
3.870000000000e-07	6.875955110783e-13	-9.678913595678e-12	3.989363189782e-12
3.880000000000e-07	9.986576727590e-13	-1.051063801035e-11	5.052116429693e-12
3.890000000000e-07	-5.069577395106e-13	-7.320343590023e-12	3.615924100244e-12
3.900000000000e-07	3.970338543197e-13	-1.040145323981e-11	5.694680419050e-12
3.910000000000e-07	7.497260496752e-13	-9.173339635056e-12	3.918057577225e-12
3.920000000000e-07	2.618656769164e-13	-1.009412434182e-11	5.604285617345e-12
3.930000000000e-07	6.126019287740e-13	-8.713709127193e-12	3.995872570006e-12
3.940000000000e-07	-4.914327956493e-13	-5.770347214415e-12	2.969617368285e-12
3.950000000000e-07	2.688995051354e-13	-1.021076746821e-11	5.428284024876e-12
3.960000000000e-07	1.658160757148e-12	-9.089374391757e-12	2.779521386310e-12
3.970000000000e-07	-1.421546940460e-12	-9.283680023152e-12	6.664388635669e-12
3.980000000000e-07	1.910154927968e-13	-7.268913093853e-12	3.429378675508e-12
3.990000000000e-07	-7.197414217796e-13	-6.905996927918e-12	4.509220714374e-12
4.000000000000e-07	-3.248046054926e-13	-8.303051517390e-12	5.209290341926e-12
4.010000000000e-07	4.408913958809e-13	-7.679416514685e-12	2.953771386783e-12
4.020000000000e-07	2.341817900323e-14	-9.036062270058e-12	5.323397093193e-12
4.030000000000e-07	-3.073262650104e-13	-8.456863014014e-12	5.255333790309e-12
4.040000000000e-07	3.736814038142e-13	-6.951749024460e-12	3.203484138007e-12
4.050000000000e-07	1.866866783317e-12	-6.532062462412e-12	9.012808678130e-13
4.060000000000e-07	1.132083349605e-12	-7.510119876234e-12	2.464095360840e-12
4.070000000000e-07	-1.083675669234e-12	-7.445881741940e-12	4.924810951579e-12
4.080000000000e-07	3.028646680147e-13	-7.147065959296e-12	1.596869473584e-12
4.090000000000e-07	-5.924958185545e-15	-6.818071782697e-12	4.127765968648e-12
4.100000000000e-07	6.378467154773e-13	-8.268904249262e-12	3.490749774755e-12
4.110000000000e-07	6.738648591758e-13	-7.565599928198e-12	3.818194993649e-12
4.120000000000e-07	6.066510604889e-13	-7.111949828201e-12	2.690098748566e-12
4.130000000000e-07	6.521731857325e-13	-7.078268758783e-12	2.872857281244e-12
4.140000000000e-07	2.008717636026e-12	-7.903995428957e-12	2.299688654127e-12
4.150000000000e-07	-9.100608405233e-14	-6.530601358180e-12	3.868206742383e-12
4.160000000000e-07	-1.677201490297e-13	-8.800157933371e-12	5.621793356348e-12
4.170000000000e-07	4.765510750116e-13	-7.365547046592e-12	3.399599375869e-12
4.180000000000e-07	-1.233053620081e-13	-6.766931337048e-12	4.175726675780e-12
4.190000000000e-07	-4.978165384998e-13	-4.801737379394e-12	2.030713302225e-12
4.200000000000e-07	5.401674363237e-13	-8.578472891812e-12	4.581275488170e-12
4.210000000000e-07	3.009946834295e-14	-7.370930614630e-12	4.613482861213e-12
4.220000000000e-07	3.158703088278e-13	-5.804511853735e-12	2.810941163230e-12
4.230000000000e-07	7.040476200486e-13	-6.388791853385e-12	2.418292313063e-12
4.240000000000e-07	1.759359689494e-12	-7.405195645414e-12	1.525009989152e-12
4.250000000000e-07	2.930216349642e-13	-6.269291759322e-12	2.552285712639e-12
4.260000000000e-07	1.347998953640e-14	-6.535414652714e-12	3.690710257599e-12
4.270000000000e-07	1.538417194993e-12	-6.632849038398e-12	1.954330655554e-12
4.280000000000e-07	-6.440132611120e-13	-5.263280547258e-12	3.630925573374e-12
4.290000000000e-07	6.798170782738e-13	-6.073011762157e-12	2.391958543824e-12
4.300000000000e-07	9.766220529824e-13	-6.526219859809e-12	3.047975150865e-12
4.310000000000e-07	-8.447727622445e-13	-5.159844881400e-12	3.801024854688e-12
4.320000000000e-07	9.531322773887e-13	-8.477370084131e-12	4.176627414726e-12
4.330000000000e-07	3.413764701035e-13	-5.758276597569e-12	2.291305019392e-12
4.340000000000e-07	1.803636662381e-12	-7.714923897610e-12	2.797997234439e-12
4.350000000000e-07	-2.829362180837e-13	-5.079965991449e-12	2.778673316570e-12
4.360000000000e-07	2.055050495423e-12	-4.448495502807e-12	6.003305888974e-13
4.370000000000e-07	1.163456105676e-12	-7.353136087787e-12	2.801970551158e-12
4.380000000000e-07	3.029995674800e-13	-7.599961518568e-12	4.598073459471e-12
4.390000000000e-07	1.057366824524e-12	-5.648846796599e-12	1.488930121259e-12
4.400000000000e-07	5.985843494055e-14	-5.160872254381e-12	2.729363597369e-12
4.410000000000e-07	-2.389861904101e-13	-5.925408332998e-12	3.892780225879e-12
4.420000000000e-07	5.079602330221e-13	-5.121296566355e-12	1.911725969505e-12
4.430000000000e-07	5.335592348842e-13	-4.898429378529e-12	1.303683927284e-12
4.440000000000e-07	-8.216607351009e-13	-6.824569470597e-12	4.441225726863e-12
4.450000000000e-07	2.830941144905e-14	-5.424359607521e-12	3.316807561179e-12
4.460000000000e-07	-4.228891172703e-13	-5.691539900739e-12	3.930478157566e-12
4.470000000000e-07	-6.181544163693e-13	-4.125945265001e-12	3.133869059708e-12
4.480000000000e-07	7.787292153657e-13	-5.563894322045e-12	3.044371970187e-12
4.490000000000e-07	8.077974093515e-13	-5.056779113606e-12	1.457244416424e-12
4.500000000000e-07	1.604768009008e-12	-6.264871825033e-12	1.678172122897e-12
4.510000000000e-07	8.180186427735e-13	-6.465588674833e-12	3.637431454308e-12
