-4.365000000000e-06	0.000000000000e+00	0.000000000000e+00	0.000000000000e+00
-4.364000000000e-06	0.000000000000e+00	0.000000000000e+00	0.000000000000e+00
-4.363000000000e-06	0.000000000000e+00	0.000000000000e+00	0.000000000000e+00
-4.362000000000e-06	0.000000000000e+00	0.000000000000e+00	0.000000000000e+00
-4.361000000000e-06	0.000000000000e+00	0.000000000000e+00	0.000000000000e+00
-4.360000000000e-06	0.000000000000e+00	0.000000000000e+00	0.000000000000e+00
-4.359000000000e-06	0.000000000000e+00	0.000000000000e+00	0.000000000000e+00
-4.358000000000e-06	0.000000000000e+00	0.000000000000e+00	0.000000000000e+00
-4.357000000000e-06	0.000000000000e+00	0.000000000000e+00	0.000000000000e+00
-4.356000000000e-06	0.000000000000e+00	0.000000000000e+00	0.000000000000e+00
-4.355000000000e-06	0.000000000000e+00	0.000000000000e+00	0.000000000000e+00
-4.354000000000e-06	0.000000000000e+00	0.000000000000e+00	0.000000000000e+00
-4.353000000000e-06	0.000000000000e+00	0.000000000000e+00	0.000000000000e+00
-4.352000000000e-06	0.000000000000e+00	0.000000000000e+00	0.000000000000e+00
-4.351000000000e-06	0.000000000000e+00	0.000000000000e+00	0.000000000000e+00
-4.350000000000e-06	0.000000000000e+00	0.000000000000e+00	0.000000000000e+00
-4.349000000000e-06	0.000000000000e+00	0.000000000000e+00	0.000000000000e+00
-4.348000000000e-06	0.000000000000e+00	0.000000000000e+00	0.000000000000e+00
-4.347000000000e-06	0.000000000000e+00	0.000000000000e+00	0.000000000000e+00
-4.346000000000e-06	0.000000000000e+00	0.000000000000e+00	0.000000000000e+00
-4.345000000000e-06	0.000000000000e+00	0.000000000000e+00	0.000000000000e+00
-4.344000000000e-06	0.000000000000e+00	0.000000000000e+00	0.000000000000e+00
-4.343000000000e-06	0.000000000000e+00	0.000000000000e+00	0.000000000000e+00
-4.342000000000e-06	0.000000000000e+00	0.000000000000e+00	0.000000000000e+00
-4.341000000000e-06	0.000000000000e+00	0.000000000000e+00	0.000000000000e+00
-4.340000000000e-06	0.000000000000e+00	0.000000000000e+00	0.000000000000e+00
-4.339000000000e-06	0.000000000000e+00	0.000000000000e+00	0.000000000000e+00
-4.338000000000e-06	0.000000000000e+00	0.000000000000e+00	0.000000000000e+00
-4.337000000000e-06	0.000000000000e+00	0.000000000000e+00	0.000000000000e+00
-4.336000000000e-06	0.000000000000e+00	0.000000000000e+00	0.000000000000e+00
-4.335000000000e-06	0.000000000000e+00	0.000000000000e+00	0.000000000000e+00
-4.334000000000e-06	0.000000000000e+00	0.000000000000e+00	0.000000000000e+00
-4.333000000000e-06	0.000000000000e+00	0.000000000000e+00	0.000000000000e+00
-4.332000000000e-06	0.000000000000e+00	0.000000000000e+00	0.000000000000e+00
-4.331000000000e-06	0.000000000000e+00	0.000000000000e+00	0.000000000000e+00
-4.330000000000e-06	0.000000000000e+00	0.000000000000e+00	0.000000000000e+00
-4.329000000000e-06	0.000000000000e+00	0.000000000000e+00	0.000000000000e+00
-4.328000000000e-06	0.000000000000e+00	0.000000000000e+00	0.000000000000e+00
-4.327000000000e-06	0.000000000000e+00	0.000000000000e+00	0.000000000000e+00
-4.326000000000e-06	0.000000000000e+00	0.000000000000e+00	0.000000000000e+00
-4.325000000000e-06	0.000000000000e+00	0.000000000000e+00	0.000000000000e+00
-4.324000000000e-06	0.000000000000e+00	0.000000000000e+00	0.000000000000e+00
-4.323000000000e-06	0.000000000000e+00	0.000000000000e+00	0.000000000000e+00
-4.322000000000e-06	0.000000000000e+00	0.000000000000e+00	0.000000000000e+00
-4.321000000000e-06	0.000000000000e+00	0.000000000000e+00	0.000000000000e+00
-4.320000000000e-06	0.000000000000e+00	0.000000000000e+00	0.000000000000e+00
-4.319000000000e-06	0.000000000000e+00	0.000000000000e+00	0.000000000000e+00
-4.318000000000e-06	0.000000000000e+00	0.000000000000e+00	0.000000000000e+00
-4.317000000000e-06	0.000000000000e+00	0.000000000000e+00	0.000000000000e+00
-4.316000000000e-06	0.000000000000e+00	0.000000000000e+00	0.000000000000e+00
-4.315000000000e-06	0.000000000000e+00	0.000000000000e+00	0.000000000000e+00
-4.314000000000e-06	0.000000000000e+00	0.000000000000e+00	0.000000000000e+00
-4.313000000000e-06	0.000000000000e+00	0.000000000000e+00	0.000000000000e+00
-4.312000000000e-06	0.000000000000e+00	0.000000000000e+00	0.000000000000e+00
-4.311000000000e-06	0.000000000000e+00	0.000000000000e+00	0.000000000000e+00
-4.310000000000e-06	0.000000000000e+00	0.000000000000e+00	0.000000000000e+00
-4.309000000000e-06	0.000000000000e+00	0.000000000000e+00	0.000000000000e+00
-4.308000000000e-06	0.000000000000e+00	0.000000000000e+00	0.000000000000e+00
-4.307000000000e-06	0.000000000000e+00	0.000000000000e+00	0.000000000000e+00
-4.306000000000e-06	0.000000000000e+00	0.000000000000e+00	0.000000000000e+00
-4.305000000000e-06	0.000000000000e+00	0.000000000000e+00	0.000000000000e+00
-4.304000000000e-06	0.000000000000e+00	0.000000000000e+00	0.000000000000e+00
-4.303000000000e-06	-2.498886224755e-21	-1.987579888289e-21	3.763550556455e-21
-4.302000000000e-06	0.000000000000e+00	0.000000000000e+00	0.000000000000e+00
-4.301000000000e-06	0.000000000000e+00	0.000000000000e+00	0.000000000000e+00
-4.300000000000e-06	-2.547432590231e-18	4.619447184033e-17	-3.837825954774e-18
-4.299000000000e-06	0.000000000000e+00	0.000000000000e+00	0.000000000000e+00
-4.298000000000e-06	0.000000000000e+00	0.000000000000e+00	0.000000000000e+00
-4.297000000000e-06	0.000000000000e+00	0.000000000000e+00	0.000000000000e+00
-4.296000000000e-06	3.652374853770e-22	-1.869845326153e-21	-2.071713522456e-22
-4.295000000000e-06	0.000000000000e+00	0.000000000000e+00	0.000000000000e+00
-4.294000000000e-06	-2.296219944253e-22	-9.959760056057e-22	4.743066702310e-22
-4.293000000000e-06	-3.112406598258e-17	3.731042997207e-17	3.705293540219e-17
-4.292000000000e-06	2.004794307020e-22	-4.537549918368e-21	4.398845549060e-22
-4.291000000000e-06	0.000000000000e+00	0.000000000000e+00	0.000000000000e+00
-4.290000000000e-06	0.000000000000e+00	0.000000000000e+00	0.000000000000e+00
-4.289000000000e-06	0.000000000000e+00	0.000000000000e+00	0.000000000000e+00
-4.288000000000e-06	0.000000000000e+00	0.000000000000e+00	0.000000000000e+00
-4.287000000000e-06	0.000000000000e+00	0.000000000000e+00	0.000000000000e+00
-4.286000000000e-06	0.000000000000e+00	0.000000000000e+00	0.000000000000e+00
-4.285000000000e-06	0.000000000000e+00	0.000000000000e+00	0.000000000000e+00
-4.284000000000e-06	-8.907185299919e-23	-1.456921084139e-21	3.511083185753e-22
-4.283000000000e-06	0.000000000000e+00	0.000000000000e+00	0.000000000000e+00
-4.282000000000e-06	0.000000000000e+00	0.000000000000e+00	0.000000000000e+00
-4.281000000000e-06	1.103642590487e-21	-2.274481090717e-20	2.031748473125e-21
-4.280000000000e-06	2.383258593823e-17	-6.988355079532e-18	-3.189786233113e-17
-4.279000000000e-06	4.890984702161e-23	-5.093432096852e-22	1.197593192041e-23
-4.278000000000e-06	0.000000000000e+00	0.000000000000e+00	0.000000000000e+00
-4.277000000000e-06	0.000000000000e+00	0.000000000000e+00	0.000000000000e+00
-4.276000000000e-06	1.986729333283e-25	-9.235705760612e-23	1.408569688822e-23
-4.275000000000e-06	0.000000000000e+00	0.000000000000e+00	0.000000000000e+00
-4.274000000000e-06	1.902821027685e-23	-3.716964964490e-22	3.145591561085e-23
-4.273000000000e-06	2.254553219115e-22	-7.649419697292e-21	8.754107094785e-22
-4.272000000000e-06	2.151587049763e-18	-4.740141731160e-17	4.371575823708e-18
-4.271000000000e-06	0.000000000000e+00	0.000000000000e+00	0.000000000000e+00
-4.270000000000e-06	0.000000000000e+00	0.000000000000e+00	0.000000000000e+00
-4.269000000000e-06	0.000000000000e+00	0.000000000000e+00	0.000000000000e+00
-4.268000000000e-06	0.000000000000e+00	0.000000000000e+00	0.000000000000e+00
-4.267000000000e-06	0.000000000000e+00	0.000000000000e+00	0.000000000000e+00
-4.266000000000e-06	0.000000000000e+00	0.000000000000e+00	0.000000000000e+00
-4.265000000000e-06	5.719967078607e-23	-8.187806980220e-22	4.714536318640e-23
-4.264000000000e-06	0.000000000000e+00	0.000000000000e+00	0.000000000000e+00
-4.263000000000e-06	1.879543218649e-22	-2.297607424931e-21	9.354619743314e-23
-4.262000000000e-06	-1.429288602525e-22	-1.556013753609e-20	2.585686084905e-21
-4.261000000000e-06	0.000000000000e+00	0.000000000000e+00	0.000000000000e+00
-4.260000000000e-06	1.566945784498e-23	-1.183882270875e-22	-3.471469271848e-24
-4.259000000000e-06	0.000000000000e+00	0.000000000000e+00	0.000000000000e+00
-4.258000000000e-06	0.000000000000e+00	0.000000000000e+00	0.000000000000e+00
-4.257000000000e-06	-1.134379426559e-17	2.547159303215e-16	-2.327459516654e-17
-4.256000000000e-06	-7.969868613239e-23	-3.738357122135e-21	6.797734650011e-22
-4.255000000000e-06	2.417125106691e-21	-6.801416603667e-20	7.021502576098e-21
-4.254000000000e-06	1.543941360117e-22	-3.653655593734e-21	3.434321226077e-22
-4.253000000000e-06	0.000000000000e+00	0.000000000000e+00	0.000000000000e+00
-4.252000000000e-06	1.487903663690e-22	-6.070241988549e-21	7.166101925748e-22
-4.251000000000e-06	-2.029994967737e-19	3.227099767931e-20	2.749418741681e-19
-4.250000000000e-06	0.000000000000e+00	0.000000000000e+00	0.000000000000e+00
-4.249000000000e-06	5.922560072926e-19	2.060009640106e-18	-1.128704022093e-18
-4.248000000000e-06	3.456283827905e-18	-7.213310129903e-18	-3.674666947693e-18
-4.247000000000e-06	0.000000000000e+00	0.000000000000e+00	0.000000000000e+00
-4.246000000000e-06	-6.772215261271e-23	-1.751831076985e-21	3.578082441549e-22
-4.245000000000e-06	1.941595941056e-24	-3.713365192350e-22	5.331319615052e-23
-4.244000000000e-06	0.000000000000e+00	0.000000000000e+00	0.000000000000e+00
-4.243000000000e-06	0.000000000000e+00	0.000000000000e+00	0.000000000000e+00
-4.242000000000e-06	-3.224860708148e-18	4.753316032626e-17	-2.700513473934e-18
-4.241000000000e-06	0.000000000000e+00	0.000000000000e+00	0.000000000000e+00
-4.240000000000e-06	2.309835880969e-19	-2.125460321304e-18	8.177430593091e-22
-4.239000000000e-06	3.465344707171e-18	-4.490766987291e-17	1.950560578269e-18
-4.238000000000e-06	0.000000000000e+00	0.000000000000e+00	0.000000000000e+00
-4.237000000000e-06	0.000000000000e+00	0.000000000000e+00	0.000000000000e+00
-4.236000000000e-06	0.000000000000e+00	0.000000000000e+00	0.000000000000e+00
-4.235000000000e-06	-3.978068335292e-22	-5.776166668237e-21	1.411191251981e-21
-4.234000000000e-06	1.367237758513e-18	-9.003311359538e-19	-1.750571964014e-18
-4.233000000000e-06	-4.157473669834e-22	-1.543605757713e-20	2.873857267764e-21
-4.232000000000e-06	5.547156769638e-24	-1.282505079261e-21	1.832725592225e-22
-4.231000000000e-06	3.363451803747e-20	-1.331229993932e-18	1.518650601103e-19
-4.230000000000e-06	6.829242070119e-23	-1.853723378382e-21	1.811450137274e-22
-4.229000000000e-06	-1.956231611757e-18	3.379967123362e-18	2.194942662493e-18
-4.228000000000e-06	0.000000000000e+00	0.000000000000e+00	0.000000000000e+00
-4.227000000000e-06	5.369137467921e-24	-1.714570117320e-22	1.800190162374e-23
-4.226000000000e-06	1.764667304122e-18	-2.348212742442e-18	-2.079237504178e-18
-4.225000000000e-06	0.000000000000e+00	0.000000000000e+00	0.000000000000e+00
-4.224000000000e-06	3.402585341542e-21	-6.857912014202e-20	5.420346952548e-21
-4.223000000000e-06	1.675605691243e-21	-1.186026591620e-20	-5.591967032989e-22
-4.222000000000e-06	1.243080316243e-17	3.280948236290e-18	-1.761602027032e-17
-4.221000000000e-06	0.000000000000e+00	0.000000000000e+00	0.000000000000e+00
-4.220000000000e-06	-2.425443571641e-21	-8.642103460225e-19	1.306555613947e-19
-4.219000000000e-06	-5.483711687323e-19	-2.935296039947e-19	8.012992338053e-19
-4.218000000000e-06	4.792896324695e-18	-1.030788192480e-17	-5.053144923141e-18
-4.217000000000e-06	-1.236949645723e-21	-6.265310240338e-21	2.624177618701e-21
-4.216000000000e-06	1.984508339205e-22	-5.544311001939e-21	5.385517296851e-22
-4.215000000000e-06	4.197467848747e-18	3.533511155185e-18	-6.319149266155e-18
-4.214000000000e-06	2.807225774513e-22	-6.904598214994e-21	6.222095913883e-22
-4.213000000000e-06	2.259706643550e-18	-4.613369704176e-17	3.628372454128e-18
-4.212000000000e-06	-1.405761225948e-18	5.213592781865e-19	1.861002517586e-18
-4.211000000000e-06	-9.178494085192e-19	1.276124054264e-17	-6.500054941122e-19
-4.210000000000e-06	2.764353191076e-18	1.491090320243e-17	-5.984854406749e-18
-4.209000000000e-06	-4.234446819417e-21	-5.014892350212e-20	1.311586510659e-20
-4.208000000000e-06	0.000000000000e+00	0.000000000000e+00	0.000000000000e+00
-4.207000000000e-06	1.956794124523e-18	-3.394515957478e-18	-2.192151825681e-18
-4.206000000000e-06	1.653135676626e-22	-3.011408591263e-21	2.086316309840e-22
-4.205000000000e-06	0.000000000000e+00	0.000000000000e+00	0.000000000000e+00
-4.204000000000e-06	0.000000000000e+00	0.000000000000e+00	0.000000000000e+00
-4.203000000000e-06	2.271988520716e-22	-1.312282651982e-20	1.582887917177e-21
-4.202000000000e-06	0.000000000000e+00	0.000000000000e+00	0.000000000000e+00
-4.201000000000e-06	-6.950365707616e-18	7.878162369654e-18	8.454958189513e-18
-4.200000000000e-06	2.855443867221e-18	-2.218632614309e-17	-7.390052254337e-19
-4.199000000000e-06	-1.407141980389e-22	-5.035829941567e-21	9.187001915522e-22
-4.198000000000e-06	2.368335123757e-19	-2.047772389571e-18	-2.426889878066e-20
-4.197000000000e-06	0.000000000000e+00	0.000000000000e+00	0.000000000000e+00
-4.196000000000e-06	1.354027860690e-18	-5.917889013203e-18	-1.017202800824e-18
-4.195000000000e-06	1.122532775157e-21	-5.294034175881e-20	6.025748694420e-21
-4.194000000000e-06	2.817887630808e-19	-1.856596245370e-18	-1.217869406560e-19
-4.193000000000e-06	2.886162665154e-22	-3.084693836309e-21	4.315548281066e-23
-4.192000000000e-06	0.000000000000e+00	0.000000000000e+00	0.000000000000e+00
-4.191000000000e-06	-8.892036740957e-18	2.817475225954e-17	8.235722944629e-18
-4.190000000000e-06	2.821573742299e-18	-5.591988122745e-17	4.071832128532e-18
-4.189000000000e-06	-1.301507375855e-22	-2.200987032646e-20	3.311569486211e-21
-4.188000000000e-06	0.000000000000e+00	0.000000000000e+00	0.000000000000e+00
-4.187000000000e-06	1.623928401172e-23	-3.183950442103e-22	2.284449783721e-23
-4.186000000000e-06	0.000000000000e+00	0.000000000000e+00	0.000000000000e+00
-4.185000000000e-06	1.590465159113e-18	-4.407963295929e-18	-1.547828313737e-18
-4.184000000000e-06	1.996411537275e-16	-1.392756491838e-16	-2.720290322833e-16
-4.183000000000e-06	1.694323312387e-18	1.083070669922e-16	-1.762821438283e-17
-4.182000000000e-06	-1.341654598736e-17	4.914593620436e-17	1.278519221000e-17
-4.181000000000e-06	-1.677952267202e-17	6.950400467259e-17	1.502068929855e-17
-4.180000000000e-06	3.158866134815e-17	1.100744463195e-16	-6.188098964596e-17
-4.179000000000e-06	6.808105300432e-18	4.603277672726e-16	-7.445691797367e-17
-4.178000000000e-06	-2.042063166865e-16	-4.749175378999e-17	3.063554168520e-16
-4.177000000000e-06	-1.233092958983e-17	-9.435497330004e-17	3.146617703548e-17
-4.176000000000e-06	8.255038160318e-21	-1.129342785447e-19	4.457660290709e-21
-4.175000000000e-06	-2.010840076950e-17	-6.260443651268e-17	3.781287065956e-17
-4.174000000000e-06	-9.733263552712e-19	4.905737644307e-18	6.180047948615e-19
-4.173000000000e-06	1.144061548841e-18	-2.934904668626e-18	-1.161294587153e-18
-4.172000000000e-06	1.938765542347e-17	-7.650360313195e-17	-1.768250677777e-17
-4.171000000000e-06	-1.852435933836e-17	7.392020936419e-17	1.504020434905e-17
-4.170000000000e-06	3.885705995828e-17	3.648475855257e-17	-5.822356671205e-17
-4.169000000000e-06	-1.034983257785e-19	-9.117443974348e-17	1.314467241234e-17
-4.168000000000e-06	-8.659730781546e-22	-1.005170497910e-20	2.592923654713e-21
-4.167000000000e-06	3.633846810598e-18	1.807396930242e-18	-5.275532317221e-18
-4.166000000000e-06	6.321020636139e-20	7.230827153827e-19	-1.982169676917e-19
-4.165000000000e-06	3.148441088165e-18	-4.877729568578e-17	2.417881569360e-18
-4.164000000000e-06	-2.424612169131e-22	-3.496088673980e-21	8.186670072820e-22
-4.163000000000e-06	8.127783242072e-18	-3.936354723823e-17	-5.834842304810e-18
-4.162000000000e-06	-8.173276024247e-19	6.314480979121e-18	2.198152249750e-19
-4.161000000000e-06	-1.331282893013e-18	-2.349335775929e-18	2.163808001222e-18
-4.160000000000e-06	-3.913498528952e-19	-3.745036835547e-19	5.857124577647e-19
-4.159000000000e-06	1.114685878756e-17	-9.108103731219e-17	-3.909185222524e-18
-4.158000000000e-06	1.771907594876e-19	-1.266120506877e-20	-2.427493935201e-19
-4.157000000000e-06	-2.628844475890e-18	-1.413048469902e-17	5.893864582700e-18
-4.156000000000e-06	-1.170093315328e-18	1.219113906362e-18	1.421030754033e-18
-4.155000000000e-06	3.083365856791e-19	-2.316439662348e-18	-1.354776548695e-19
-4.154000000000e-06	1.789426430845e-21	-4.373419371183e-20	3.528497126024e-21
-4.153000000000e-06	-8.668794536777e-18	1.549781277189e-16	-9.313935207368e-18
-4.152000000000e-06	-8.435252313374e-18	9.499312302910e-17	-1.777324748080e-19
-4.151000000000e-06	6.945922541161e-18	-2.717851016947e-17	-6.778414050802e-18
-4.150000000000e-06	3.452767656746e-18	-6.095088130413e-18	-3.886795649579e-18
-4.149000000000e-06	0.000000000000e+00	0.000000000000e+00	0.000000000000e+00
-4.148000000000e-06	3.628898149861e-18	3.199477192626e-18	-5.449920704301e-18
-4.147000000000e-06	3.825663348351e-18	-9.623321045297e-18	-3.901294218405e-18
-4.146000000000e-06	4.967593912301e-24	-8.404817521647e-23	4.573865921876e-24
-4.145000000000e-06	1.107574541278e-19	-9.492067684280e-19	-1.612050066695e-20
-4.144000000000e-06	9.398871259497e-22	-1.624773501990e-20	9.082082316922e-22
-4.143000000000e-06	1.157996662752e-19	1.816495352611e-18	-4.042955794470e-19
-4.142000000000e-06	-2.100275069695e-18	5.558437958791e-17	-4.641700700820e-18
-4.141000000000e-06	-7.951619619414e-19	-1.296986649195e-17	3.072796878544e-18
-4.140000000000e-06	-1.465546871557e-17	1.121807925046e-17	2.038749536190e-17
-4.139000000000e-06	4.550391898522e-18	-2.649074327109e-18	-5.912652614299e-18
-4.138000000000e-06	1.236662182576e-16	-1.076614478382e-15	-4.051488650097e-17
-4.137000000000e-06	9.960985512118e-23	-2.321157717740e-21	1.750114194814e-22
-4.136000000000e-06	-5.641429293570e-17	-1.547621623287e-16	9.684469375288e-17
-4.135000000000e-06	6.343854506855e-19	3.844253766606e-19	-9.248535669805e-19
-4.134000000000e-06	-8.308336269180e-17	-1.916231524119e-16	1.380565895137e-16
-4.133000000000e-06	3.360689234212e-17	-4.073578507169e-16	2.315117804487e-18
-4.132000000000e-06	-5.602336364335e-17	4.738802822252e-16	2.055345332022e-17
-4.131000000000e-06	7.131387119457e-17	1.412208504674e-15	-2.707555046652e-16
-4.130000000000e-06	-6.230288271464e-18	-1.644591768215e-17	1.109723096792e-17
-4.129000000000e-06	1.533400291308e-20	-6.472197840233e-20	-1.249301914496e-20
-4.128000000000e-06	4.578508165276e-18	1.540615270713e-16	-2.639337161329e-17
-4.127000000000e-06	-6.022663239612e-19	-4.632764776667e-19	8.795178896689e-19
-4.126000000000e-06	4.433101856864e-19	-7.791510610679e-19	-5.085905709417e-19
-4.125000000000e-06	-4.614695744100e-18	8.234924683746e-17	-4.579109742814e-18
-4.124000000000e-06	-4.260236185642e-18	-6.731458542406e-17	1.622546502374e-17
-4.123000000000e-06	-2.562732156064e-18	4.691270399364e-17	-2.685745949268e-18
-4.122000000000e-06	2.212451354000e-18	-1.031009048693e-17	-1.674180992721e-18
-4.121000000000e-06	-3.921365972202e-19	-2.524473711297e-18	8.971382339459e-19
-4.120000000000e-06	7.064871511765e-21	-3.073050976648e-19	2.982127141358e-20
-4.119000000000e-06	-1.601934362018e-18	4.364535561518e-18	1.620992177219e-18
-4.118000000000e-06	5.015646048909e-18	5.612670738466e-18	-8.134249232332e-18
-4.117000000000e-06	-3.931472088264e-19	-2.347504340156e-19	5.648100383012e-19
-4.116000000000e-06	-6.370293310645e-18	4.033180604731e-18	8.237273517089e-18
-4.115000000000e-06	2.765535721666e-18	-4.211390892911e-18	-3.195576309203e-18
-4.114000000000e-06	4.800932963866e-19	-1.794852576156e-18	-3.797831100303e-19
-4.113000000000e-06	-2.043330070051e-19	9.986312819409e-19	1.273240162392e-19
-4.112000000000e-06	-4.074179832477e-19	-3.425548828756e-19	5.969079785456e-19
-4.111000000000e-06	1.497307582721e-18	3.255680449276e-18	-2.488241441933e-18
-4.110000000000e-06	-9.042470251753e-16	1.411659785329e-15	1.092759563589e-15
-4.109000000000e-06	1.476717176753e-16	3.854156317505e-15	-6.008672246399e-16
-4.108000000000e-06	1.693635991299e-16	-1.274424884199e-15	-1.011925693712e-16
-4.107000000000e-06	5.461719980978e-16	-2.378724693986e-15	-5.048665924799e-16
-4.106000000000e-06	-8.830469234020e-17	-3.157676038834e-16	1.572619363848e-16
-4.105000000000e-06	-7.871042383078e-18	-6.046735612637e-17	1.697152958719e-17
-4.104000000000e-06	-2.749246587098e-18	5.932816284280e-17	-3.905114959835e-18
-4.103000000000e-06	1.065594705553e-18	5.986801515754e-18	-2.248209444932e-18
-4.102000000000e-06	-9.761418235559e-18	3.789502573044e-17	6.884154448250e-18
-4.101000000000e-06	1.453041024741e-18	5.072045919099e-19	-2.048325767580e-18
-4.100000000000e-06	-6.238882818790e-17	2.359161689968e-16	6.378807323599e-17
-4.099000000000e-06	-2.631241711718e-19	-4.917840759256e-18	7.133276702247e-19
-4.098000000000e-06	2.892347910356e-19	2.816172328334e-18	-7.771884901406e-19
-4.097000000000e-06	-4.055138143386e-18	-1.642042788319e-17	7.429017159078e-18
-4.096000000000e-06	1.605273705160e-16	-3.462339771629e-16	-1.848758732371e-16
-4.095000000000e-06	-3.376101062248e-17	1.078037018098e-16	3.667659874346e-17
-4.094000000000e-06	9.662363210573e-19	1.475117719240e-18	-1.521253780286e-18
-4.093000000000e-06	4.570218405604e-18	-2.455982641850e-18	-6.007459813686e-18
-4.092000000000e-06	2.696065961740e-23	-4.002988284892e-22	1.400465359071e-23
-4.091000000000e-06	1.287533132468e-17	-2.233213056069e-17	-1.600189968839e-17
-4.090000000000e-06	-3.588543723795e-19	-9.389768803834e-19	6.038056631245e-19
-4.089000000000e-06	5.994361754985e-18	-1.466419641367e-18	-8.371886924524e-18
-4.088000000000e-06	-8.312025176522e-17	-2.289047195248e-16	1.377564450910e-16
-4.087000000000e-06	1.438153964902e-17	-5.827243268989e-17	-1.316704066008e-17
-4.086000000000e-06	-9.203701360255e-21	-2.834348393819e-18	3.967442018963e-19
-4.085000000000e-06	1.099263394212e-17	-8.998348368295e-17	-4.036331689453e-18
-4.084000000000e-06	-4.549752552232e-16	8.172003341484e-16	5.313156734499e-16
-4.083000000000e-06	7.109786364809e-16	2.632257920942e-15	-1.275548333600e-15
-4.082000000000e-06	4.400945429597e-16	-9.679030428437e-16	-4.925986737077e-16
-4.081000000000e-06	-6.084222731681e-16	-5.490000291486e-16	8.952544975788e-16
-4.080000000000e-06	3.892612749589e-16	6.656762649363e-17	-5.406478055656e-16
-4.079000000000e-06	6.920073985654e-19	-2.471010678290e-18	-6.054600712066e-19
-4.078000000000e-06	-1.214223641270e-16	-5.407510366305e-16	2.270874795737e-16
-4.077000000000e-06	-2.863018933565e-18	1.815064316023e-17	1.689987429689e-18
-4.076000000000e-06	7.982811988904e-17	-2.903221965879e-16	-7.413303549094e-17
-4.075000000000e-06	3.150317174650e-18	-8.906119501915e-18	-3.328463512544e-18
-4.074000000000e-06	-2.133025488913e-16	9.341402565075e-16	1.862997101794e-16
-4.073000000000e-06	-8.218569489798e-19	1.574036853979e-17	-8.363652473991e-19
-4.072000000000e-06	2.919837101043e-16	-3.958568088405e-16	-3.540770927023e-16
-4.071000000000e-06	-7.355740966715e-19	6.563880443559e-17	-7.205107962615e-18
-4.070000000000e-06	-1.115119603186e-15	6.791354993894e-16	1.448585233110e-15
-4.069000000000e-06	1.585653501641e-18	-1.155244909174e-17	-8.335878769325e-19
-4.068000000000e-06	-4.386433296083e-18	-4.309382655305e-18	6.516709322018e-18
-4.067000000000e-06	2.573846114421e-18	-1.359851305097e-17	-1.859110398438e-18
-4.066000000000e-06	-1.176228903599e-17	2.843150194190e-17	1.242874703213e-17
-4.065000000000e-06	-3.826810618330e-17	-3.198945518515e-16	8.828099981387e-17
-4.064000000000e-06	-6.800991287805e-17	-1.095828296405e-16	1.053482829960e-16
-4.063000000000e-06	-9.985347162546e-18	-1.309158441969e-16	2.920847399444e-17
-4.062000000000e-06	1.024732985995e-16	8.760766799359e-17	-1.501791908516e-16
-4.061000000000e-06	-1.122727878394e-17	1.068210635613e-17	1.478309385146e-17
-4.060000000000e-06	-1.202550867588e-18	-1.508398736840e-17	3.509169368162e-18
-4.059000000000e-06	2.982704005831e-18	-8.153240348082e-18	-3.164710703625e-18
-4.058000000000e-06	1.064061909260e-16	-2.293589981239e-16	-1.197278285271e-16
-4.057000000000e-06	-3.765933722199e-18	-2.038252978867e-17	7.591882135410e-18
-4.056000000000e-06	8.378224625925e-19	-4.866734860391e-18	-5.933153304028e-19
-4.055000000000e-06	3.453738424672e-18	-8.196820421064e-17	5.748885986307e-18
-4.054000000000e-06	6.637558244064e-17	4.649883249791e-17	-9.630828706904e-17
-4.053000000000e-06	-5.443740126005e-17	-5.891331953489e-17	8.121564988421e-17
-4.052000000000e-06	-6.234994334671e-18	-1.588561084638e-17	1.032556275132e-17
-4.051000000000e-06	-6.826020371706e-17	7.967133005468e-17	8.291358191398e-17
-4.050000000000e-06	6.343150111551e-17	-5.313183289471e-17	-8.162705430011e-17
-4.049000000000e-06	6.050808311730e-18	-2.141216567594e-18	-8.257430795828e-18
-4.048000000000e-06	2.861842274051e-17	4.115179111112e-17	-4.328825451752e-17
-4.047000000000e-06	5.966755497359e-17	2.257768553283e-17	-8.507161938998e-17
-4.046000000000e-06	4.854941469062e-17	9.298683996668e-17	-7.814288014298e-17
-4.045000000000e-06	9.087710787319e-17	1.655908147587e-16	-1.446864189695e-16
-4.044000000000e-06	-3.058163155363e-15	1.054210072217e-14	3.201527143112e-15
-4.043000000000e-06	8.291959701475e-16	-4.375480057362e-15	-7.213824802563e-16
-4.042000000000e-06	9.166669164476e-16	-6.945570467045e-15	-6.057780276620e-16
-4.041000000000e-06	2.843124069178e-17	2.923427273916e-16	-6.763289282152e-17
-4.040000000000e-06	-3.476930299124e-17	1.082721258018e-16	3.897659757203e-17
-4.039000000000e-06	-2.814471008639e-17	3.748871541048e-16	1.869307324338e-18
-4.038000000000e-06	3.258594523129e-18	-2.661938437051e-17	-1.484132590869e-18
-4.037000000000e-06	2.472973183189e-18	-2.515717132841e-16	2.221769338135e-17
-4.036000000000e-06	1.810554715163e-16	6.218850668343e-16	-3.155269949683e-16
-4.035000000000e-06	-8.309610687327e-17	-6.585070884133e-17	1.236871934465e-16
-4.034000000000e-06	-8.226824471315e-18	-7.946871745969e-17	2.056236358467e-17
-4.033000000000e-06	-1.741356817032e-16	1.250592007380e-16	2.266463281660e-16
-4.032000000000e-06	5.868065186754e-17	-1.226618958952e-16	-6.668241229194e-17
-4.031000000000e-06	-5.372002109654e-17	-9.723669724140e-17	8.262763678365e-17
-4.030000000000e-06	-7.364778922522e-17	2.638349296650e-17	1.017353237146e-16
-4.029000000000e-06	-3.195035971991e-17	-4.817128553733e-17	4.997603137791e-17
-4.028000000000e-06	-1.252007069518e-16	2.139135370272e-16	1.504322500183e-16
-4.027000000000e-06	1.581745786602e-16	-1.743652561047e-16	-1.967964122422e-16
-4.026000000000e-06	4.141511747532e-17	-1.709229938526e-16	-3.642645418943e-17
-4.025000000000e-06	2.583590789649e-16	-9.886187679413e-17	-3.419670555571e-16
-4.024000000000e-06	-1.263571063576e-16	5.055707086980e-16	1.160067490313e-16
-4.023000000000e-06	2.267343396433e-16	9.203134393822e-17	-3.212226032771e-16
-4.022000000000e-06	2.139304275200e-17	3.198743874919e-16	-6.657575893281e-17
-4.021000000000e-06	-1.783872263602e-17	-9.929902612925e-17	3.633472307096e-17
-4.020000000000e-06	1.629020123633e-17	-7.134936115729e-19	-2.364971036502e-17
-4.019000000000e-06	-5.371030070841e-17	6.181965969944e-17	6.819418904540e-17
-4.018000000000e-06	-5.726454581651e-17	9.208312952234e-17	6.949572195112e-17
-4.017000000000e-06	9.561820583789e-17	-3.452716335729e-16	-9.289643225057e-17
-4.016000000000e-06	-2.643611897106e-18	-8.539965297313e-17	1.373407376096e-17
-4.015000000000e-06	5.283010972850e-18	-1.701766528506e-16	1.005684004589e-17
-4.014000000000e-06	7.527755740401e-18	4.583959781495e-17	-1.573299586948e-17
-4.013000000000e-06	3.017547196204e-17	-4.144441168269e-17	-3.691893701872e-17
-4.012000000000e-06	2.087639628486e-16	7.411877538993e-17	-2.910849933023e-16
-4.011000000000e-06	5.902593927631e-18	5.681050438981e-17	-1.424713538245e-17
-4.010000000000e-06	2.092706471661e-18	-3.609620067356e-17	1.298933266299e-18
-4.009000000000e-06	-7.784376058039e-17	1.430294653193e-16	9.153089984299e-17
-4.008000000000e-06	3.721047004628e-17	-9.757212678102e-16	6.096568689420e-17
-4.007000000000e-06	-1.537640108391e-16	3.297704667766e-17	2.063739170451e-16
-4.006000000000e-06	-3.966024352679e-18	-1.368073604316e-17	6.942900492691e-18
-4.005000000000e-06	6.145424967846e-17	-9.569622512765e-17	-7.331227612399e-17
-4.004000000000e-06	1.156517982204e-16	2.933392997991e-17	-1.630342522201e-16
-4.003000000000e-06	5.735149668764e-20	-1.050453004917e-16	1.163740845262e-17
-4.002000000000e-06	-2.225472712337e-16	3.075181028202e-16	2.731464704438e-16
-4.001000000000e-06	3.619375728683e-17	-4.519942355240e-16	1.583979222122e-18
-4.000000000000e-06	-1.370022748028e-16	5.815490624596e-16	1.332563138894e-16
-3.999000000000e-06	1.522291817433e-17	5.076890731099e-17	-2.651820617809e-17
-3.998000000000e-06	2.212593376244e-16	6.688024993081e-16	-3.591579326192e-16
-3.997000000000e-06	-5.982491589624e-17	-2.698552242054e-16	1.058865618904e-16
-3.996000000000e-06	-2.487858720515e-16	4.758160791985e-16	2.923818911197e-16
-3.995000000000e-06	3.617975711792e-16	1.341786971921e-15	-6.172675891018e-16
-3.994000000000e-06	-1.693688995716e-16	-6.940053435339e-16	3.004639565311e-16
-3.993000000000e-06	6.859765424200e-17	-8.423114939390e-16	-1.049071105235e-17
-3.992000000000e-06	4.396019034800e-16	2.208870523185e-16	-6.160805723740e-16
-3.991000000000e-06	3.099186819726e-16	4.569734905198e-16	-4.630256381066e-16
-3.990000000000e-06	-3.225717002980e-16	-1.977305236705e-16	4.535931009974e-16
-3.989000000000e-06	-4.001191850161e-16	2.397006193727e-16	5.163340326359e-16
-3.988000000000e-06	4.294695249551e-16	-6.947454354328e-16	-5.135363441285e-16
-3.987000000000e-06	-4.721041544221e-17	1.565055689546e-17	6.129793409556e-17
-3.986000000000e-06	1.755882381604e-17	-1.296589532285e-16	-1.109025491057e-17
-3.985000000000e-06	1.917904103609e-16	-9.937359014508e-16	-1.654377124859e-16
-3.984000000000e-06	2.627703525630e-17	2.715650752347e-16	-6.596158887201e-17
-3.983000000000e-06	2.057635964129e-16	1.280333713988e-17	-2.789778381938e-16
-3.982000000000e-06	1.061994849117e-16	-1.470143849475e-16	-1.286304695904e-16
-3.981000000000e-06	4.730343939866e-17	8.838318839138e-17	-7.509607598417e-17
-3.980000000000e-06	-5.146802450041e-17	5.090372490363e-16	1.473286388872e-17
-3.979000000000e-06	-8.409023518171e-17	-6.263766285088e-16	1.757286929599e-16
-3.978000000000e-06	2.536153485291e-19	-1.142376680924e-16	1.144220865487e-17
-3.977000000000e-06	1.544174534244e-17	-2.593660652650e-16	3.182462269770e-18
-3.976000000000e-06	-3.548714134687e-17	4.542433005755e-17	4.351670469609e-17
-3.975000000000e-06	3.939432695870e-17	-9.179465426450e-17	-4.655551208508e-17
-3.974000000000e-06	7.264639327969e-18	-2.351419109182e-16	1.190974760640e-17
-3.973000000000e-06	-1.871133837838e-16	1.544865077323e-15	1.199910662662e-16
-3.972000000000e-06	7.496417243305e-17	-2.337235325286e-16	-7.905954867502e-17
-3.971000000000e-06	2.133254340222e-16	-3.219957278640e-16	-2.574366365900e-16
-3.970000000000e-06	-1.725178317605e-16	4.477668350646e-16	1.820133635165e-16
-3.969000000000e-06	4.284396559602e-17	-4.745708912550e-17	-5.148648704285e-17
-3.968000000000e-06	1.555991413506e-17	-1.154300322352e-16	-8.871444293661e-18
-3.967000000000e-06	-2.585937920500e-17	6.910897869622e-17	2.861470207436e-17
-3.966000000000e-06	1.126147571495e-18	-6.255068187859e-17	5.364457902861e-18
-3.965000000000e-06	1.191844508294e-16	-5.942013505097e-16	-1.107973480236e-16
-3.964000000000e-06	-9.514554102820e-18	-5.124268650365e-17	1.706272845781e-17
-3.963000000000e-06	-9.538163254125e-17	2.629389880230e-16	1.003563673272e-16
-3.962000000000e-06	-9.350000132392e-18	3.682257589241e-16	-2.718434345313e-17
-3.961000000000e-06	1.899467362916e-18	2.086644848311e-17	-4.930243436692e-18
-3.960000000000e-06	-1.398141309248e-17	2.169394739135e-16	-6.069397575067e-18
-3.959000000000e-06	1.463385114101e-17	-8.527450568198e-17	-1.059521724662e-17
-3.958000000000e-06	-2.329915555338e-17	-2.785709968289e-16	5.987913993876e-17
-3.957000000000e-06	-6.337772686808e-18	-2.594826032689e-17	1.164007857334e-17
-3.956000000000e-06	4.791308488792e-17	-2.695827516320e-17	-6.310086890169e-17
-3.955000000000e-06	-9.035435049109e-17	2.697617430956e-17	1.205051233880e-16
-3.954000000000e-06	5.917331075875e-17	1.477536580747e-16	-9.668598602620e-17
-3.953000000000e-06	5.621308573224e-17	-1.120421029476e-16	-6.445528782001e-17
-3.952000000000e-06	2.620694556495e-17	-3.837295697082e-16	8.344789166172e-18
-3.951000000000e-06	4.452096905913e-18	-1.038015337054e-16	4.996859300380e-18
-3.950000000000e-06	-1.930630952927e-17	1.510207505999e-16	1.074179123803e-17
-3.949000000000e-06	1.702856884625e-16	-6.789723136344e-17	-2.246402858966e-16
-3.948000000000e-06	1.468603577845e-17	-3.789485685794e-17	-1.633067534170e-17
-3.947000000000e-06	-7.795636647457e-17	2.587131525123e-16	7.840838939336e-17
-3.946000000000e-06	-1.273492106642e-16	-8.772991570163e-17	1.826235885142e-16
-3.945000000000e-06	8.342265129056e-16	1.567284416361e-15	-1.372580794268e-15
-3.944000000000e-06	-2.943428228682e-16	-1.022474533402e-16	4.268274112315e-16
-3.943000000000e-06	-1.700668565133e-16	-1.306607425990e-16	2.606924685927e-16
-3.942000000000e-06	-1.766665844792e-16	7.729539572616e-16	1.634312922207e-16
-3.941000000000e-06	1.926303501968e-17	6.981021009530e-17	-3.428412738382e-17
-3.940000000000e-06	1.355105346467e-16	6.199735940214e-16	-2.788329933209e-16
-3.939000000000e-06	-1.038103524111e-16	3.363905517113e-16	1.065857546744e-16
-3.938000000000e-06	6.725827081654e-17	-1.750274689591e-16	-7.131323315557e-17
-3.937000000000e-06	-4.519274770658e-17	-8.975188897345e-17	7.320614279957e-17
-3.936000000000e-06	-4.137591763934e-16	1.149431148478e-15	4.385658639141e-16
-3.935000000000e-06	3.757190445708e-16	-1.307727547983e-15	-3.561609596384e-16
-3.934000000000e-06	1.774411869327e-16	-3.475790193761e-16	-2.191110063550e-16
-3.933000000000e-06	-3.949483158361e-17	4.017471728907e-17	4.651611471396e-17
-3.932000000000e-06	-2.858305033033e-17	2.896535028793e-16	1.403089408556e-17
-3.931000000000e-06	7.016157174144e-17	1.523539500701e-15	-2.292010277952e-16
-3.930000000000e-06	-3.051671986302e-16	-4.166375379612e-16	4.578294927714e-16
-3.929000000000e-06	3.577312953396e-17	-7.941680769626e-17	-4.036740765759e-17
-3.928000000000e-06	4.616715573717e-17	-1.556699868900e-16	-4.827054892760e-17
-3.927000000000e-06	-1.251614925711e-16	1.037854151922e-16	1.612156027711e-16
-3.926000000000e-06	-3.331410731865e-17	1.214228441252e-16	3.333476770210e-17
-3.925000000000e-06	-6.044821001722e-17	-3.157201707343e-16	1.268663941920e-16
-3.924000000000e-06	1.251004461679e-16	1.731901165099e-15	-3.746172572059e-16
-3.923000000000e-06	-3.394636395274e-16	-5.666633064049e-16	5.333476411142e-16
-3.922000000000e-06	7.748869950946e-17	-7.789565061910e-17	-9.821994648878e-17
-3.921000000000e-06	2.269316307410e-17	1.420479449658e-16	-4.977931859416e-17
-3.920000000000e-06	1.558142835434e-16	-5.219854359567e-16	-1.512795325651e-16
-3.919000000000e-06	-1.170672254593e-16	5.375734008739e-17	1.581074071272e-16
-3.918000000000e-06	1.677994716251e-16	-5.544028586277e-16	-1.649787631794e-16
-3.917000000000e-06	1.581008265353e-16	-3.531777867656e-16	-1.791633002070e-16
-3.916000000000e-06	-8.822775973252e-18	1.677160527584e-16	-4.963564876662e-18
-3.915000000000e-06	1.350961988885e-17	-4.978366029321e-16	3.480109305141e-17
-3.914000000000e-06	-1.265552531725e-17	-2.475745335969e-18	1.806451997987e-17
-3.913000000000e-06	2.205817825799e-16	-9.332564013797e-16	-2.057901869180e-16
-3.912000000000e-06	1.380583173592e-16	1.745205905116e-16	-2.089409538567e-16
-3.911000000000e-06	2.020785118839e-16	-4.028948700648e-16	-2.358054108448e-16
-3.910000000000e-06	-4.402340848371e-17	3.079273657502e-16	2.494806021027e-17
-3.909000000000e-06	-5.177458488629e-16	-7.090912016939e-16	7.798821265493e-16
-3.908000000000e-06	1.289711999823e-16	-4.825304506152e-16	-1.277578492032e-16
-3.907000000000e-06	2.036956498764e-16	8.847625737360e-16	-3.660547506242e-16
-3.906000000000e-06	5.297515107004e-16	2.308401942783e-15	-9.635204009743e-16
-3.905000000000e-06	1.095324704560e-16	-8.781874338347e-16	-5.635955232197e-17
-3.904000000000e-06	1.258382419072e-16	2.030045534417e-16	-1.888277897073e-16
-3.903000000000e-06	-2.388079948627e-16	4.610633805066e-17	3.216027460516e-16
-3.902000000000e-06	7.860058504300e-17	4.503827769669e-17	-1.152105714185e-16
-3.901000000000e-06	-3.530117876197e-16	3.072128552360e-16	4.486825874124e-16
-3.900000000000e-06	1.541308640135e-16	-5.929012571948e-17	-1.978031254775e-16
-3.899000000000e-06	2.002462003500e-17	3.084651525530e-17	-3.236474017219e-17
-3.898000000000e-06	8.230319392494e-18	-2.024306326758e-17	-9.287052785803e-18
-3.897000000000e-06	7.121938734563e-17	-3.720748581845e-16	-6.154689926398e-17
-3.896000000000e-06	-3.471882627369e-17	1.889390955855e-17	4.574943664953e-17
-3.895000000000e-06	-1.152976645657e-17	-2.232602706717e-16	3.981046535799e-17
-3.894000000000e-06	-9.886790422902e-17	3.249861918057e-16	1.047621440063e-16
-3.893000000000e-06	-3.076676852136e-17	2.315282260700e-16	1.772387411553e-17
-3.892000000000e-06	-6.013651990511e-17	-1.152153404282e-17	8.577715627127e-17
-3.891000000000e-06	-1.684011931876e-16	-4.446801916672e-16	2.748941870851e-16
-3.890000000000e-06	-4.610434168375e-17	-2.889494107637e-16	8.803398957237e-17
-3.889000000000e-06	1.775353383427e-17	-4.220648397436e-16	2.074241192928e-17
-3.888000000000e-06	5.828255359422e-17	-6.325402268312e-16	-2.655998980041e-17
-3.887000000000e-06	-2.546785230023e-16	8.017630507073e-19	3.471382821803e-16
-3.886000000000e-06	3.987026397908e-16	1.562729923498e-16	-5.545312136822e-16
-3.885000000000e-06	-3.845677182719e-17	1.709853800984e-16	3.323912577704e-17
-3.884000000000e-06	7.083455145482e-17	-1.560594863204e-16	-8.185841289643e-17
