-2.400000000000e-08	0.000000000000e+00	0.000000000000e+00	0.000000000000e+00
-2.300000000000e-08	0.000000000000e+00	0.000000000000e+00	0.000000000000e+00
-2.200000000000e-08	0.000000000000e+00	0.000000000000e+00	0.000000000000e+00
-2.100000000000e-08	0.000000000000e+00	0.000000000000e+00	0.000000000000e+00
-2.000000000000e-08	0.000000000000e+00	0.000000000000e+00	0.000000000000e+00
-1.900000000000e-08	0.000000000000e+00	0.000000000000e+00	0.000000000000e+00
-1.800000000000e-08	0.000000000000e+00	0.000000000000e+00	0.000000000000e+00
-1.700000000000e-08	0.000000000000e+00	0.000000000000e+00	0.000000000000e+00
-1.600000000000e-08	0.000000000000e+00	0.000000000000e+00	0.000000000000e+00
-1.500000000000e-08	0.000000000000e+00	0.000000000000e+00	0.000000000000e+00
-1.400000000000e-08	0.000000000000e+00	0.000000000000e+00	0.000000000000e+00
-1.300000000000e-08	0.000000000000e+00	0.000000000000e+00	0.000000000000e+00
-1.200000000000e-08	0.000000000000e+00	0.000000000000e+00	0.000000000000e+00
-1.100000000000e-08	0.000000000000e+00	0.000000000000e+00	0.000000000000e+00
-1.000000000000e-08	0.000000000000e+00	0.000000000000e+00	0.000000000000e+00
-9.000000000000e-09	0.000000000000e+00	0.000000000000e+00	0.000000000000e+00
-8.000000000000e-09	0.000000000000e+00	0.000000000000e+00	0.000000000000e+00
-7.000000000000e-09	0.000000000000e+00	0.000000000000e+00	0.000000000000e+00
-6.000000000000e-09	0.000000000000e+00	0.000000000000e+00	0.000000000000e+00
-5.000000000000e-09	0.000000000000e+00	0.000000000000e+00	0.000000000000e+00
-4.000000000000e-09	0.000000000000e+00	0.000000000000e+00	0.000000000000e+00
-3.000000000000e-09	0.000000000000e+00	0.000000000000e+00	0.000000000000e+00
-2.000000000000e-09	0.000000000000e+00	0.000000000000e+00	0.000000000000e+00
-1.000000000000e-09	0.000000000000e+00	0.000000000000e+00	0.000000000000e+00
-1.654361225106e-24	0.000000000000e+00	0.000000000000e+00	0.000000000000e+00
1.000000000000e-09	0.000000000000e+00	0.000000000000e+00	0.000000000000e+00
2.000000000000e-09	0.000000000000e+00	0.000000000000e+00	0.000000000000e+00
3.000000000000e-09	0.000000000000e+00	0.000000000000e+00	0.000000000000e+00
4.000000000000e-09	0.000000000000e+00	0.000000000000e+00	0.000000000000e+00
5.000000000000e-09	0.000000000000e+00	0.000000000000e+00	0.000000000000e+00
6.000000000000e-09	0.000000000000e+00	0.000000000000e+00	0.000000000000e+00
7.000000000000e-09	0.000000000000e+00	0.000000000000e+00	0.000000000000e+00
8.000000000000e-09	0.000000000000e+00	0.000000000000e+00	0.000000000000e+00
9.000000000000e-09	0.000000000000e+00	0.000000000000e+00	0.000000000000e+00
1.000000000000e-08	0.000000000000e+00	0.000000000000e+00	0.000000000000e+00
1.100000000000e-08	0.000000000000e+00	0.000000000000e+00	0.000000000000e+00
1.200000000000e-08	0.000000000000e+00	0.000000000000e+00	0.000000000000e+00
1.300000000000e-08	0.000000000000e+00	0.000000000000e+00	0.000000000000e+00
1.400000000000e-08	0.000000000000e+00	0.000000000000e+00	0.000000000000e+00
1.500000000000e-08	0.000000000000e+00	0.000000000000e+00	0.000000000000e+00
1.600000000000e-08	0.000000000000e+00	0.000000000000e+00	0.000000000000e+00
1.700000000000e-08	0.000000000000e+00	0.000000000000e+00	0.000000000000e+00
1.800000000000e-08	0.000000000000e+00	0.000000000000e+00	0.000000000000e+00
1.900000000000e-08	0.000000000000e+00	0.000000000000e+00	0.000000000000e+00
2.000000000000e-08	0.000000000000e+00	0.000000000000e+00	0.000000000000e+00
2.100000000000e-08	0.000000000000e+00	0.000000000000e+00	0.000000000000e+00
2.200000000000e-08	0.000000000000e+00	0.000000000000e+00	0.000000000000e+00
2.300000000000e-08	0.000000000000e+00	0.000000000000e+00	0.000000000000e+00
2.400000000000e-08	0.000000000000e+00	0.000000000000e+00	0.000000000000e+00
2.500000000000e-08	0.000000000000e+00	0.000000000000e+00	0.000000000000e+00
2.600000000000e-08	0.000000000000e+00	0.000000000000e+00	0.000000000000e+00
2.700000000000e-08	0.000000000000e+00	0.000000000000e+00	0.000000000000e+00
2.800000000000e-08	0.000000000000e+00	0.000000000000e+00	0.000000000000e+00
2.900000000000e-08	2.846506407683e-14	-1.233514936232e-13	9.939520007520e-15
3.000000000000e-08	1.166849049371e-14	1.629918361417e-14	-2.361609071808e-14
3.100000000000e-08	7.435916781120e-15	1.889716131664e-15	-1.082535485573e-14
3.200000000000e-08	-1.642271656714e-14	3.517268895474e-13	-8.206780335549e-14
3.300000000000e-08	-4.347929159175e-13	2.800515342640e-12	-2.854503633858e-13
3.400000000000e-08	-6.351997595262e-12	5.410080950449e-11	-8.205670903669e-12
3.500000000000e-08	-4.899731431359e-11	4.301251006902e-10	-6.610020839681e-11
3.600000000000e-08	-6.198426211140e-11	6.327808915797e-10	-1.091043133686e-10
3.700000000000e-08	-4.010925676232e-11	5.700229379268e-10	-1.176216153829e-10
3.800000000000e-08	-2.336124263655e-11	5.788661842999e-10	-1.431965161477e-10
3.900000000000e-08	-2.153134966299e-10	2.342605072305e-09	-4.280425987437e-10
4.000000000000e-08	-1.064557305527e-09	1.042096322866e-08	-1.733110082218e-09
4.100000000000e-08	-3.107491196196e-10	7.165009359304e-09	-1.712749659166e-09
4.200000000000e-08	2.448151825784e-10	2.973817147931e-09	-1.198308560375e-09
4.300000000000e-08	2.896506058334e-10	1.458118483413e-09	-8.067808396870e-10
4.400000000000e-08	2.684373081975e-10	7.552591186869e-10	-5.709762732635e-10
4.500000000000e-08	2.438969397055e-10	3.955359800178e-10	-4.322756154730e-10
4.600000000000e-08	1.913545552720e-10	1.811858975771e-10	-2.980342434092e-10
4.700000000000e-08	1.706701409514e-10	5.662648787271e-12	-2.194525087238e-10
4.800000000000e-08	1.421377947796e-10	-9.918986101028e-11	-1.506132424839e-10
4.900000000000e-08	1.477315265483e-10	-1.664339652044e-10	-1.410341576986e-10
5.000000000000e-08	1.264360814787e-10	-1.634462513863e-10	-1.124998403575e-10
5.100000000000e-08	1.483256783640e-10	-2.207642295887e-10	-1.271773158419e-10
5.200000000000e-08	1.313266094760e-10	-2.641733601986e-10	-9.229995339296e-11
5.300000000000e-08	1.296866913309e-10	-2.744776104688e-10	-8.789781215120e-11
5.400000000000e-08	1.438524433050e-10	-2.928518164707e-10	-1.039225998626e-10
5.500000000000e-08	1.248371835178e-10	-3.053447197176e-10	-7.346831477992e-11
5.600000000000e-08	1.312094080355e-10	-3.047435204634e-10	-8.374764470948e-11
5.700000000000e-08	1.184575049979e-10	-3.147366263123e-10	-6.264996017292e-11
5.800000000000e-08	1.229765159150e-10	-3.166979269326e-10	-7.013289836099e-11
5.900000000000e-08	1.089712866756e-10	-3.155923878219e-10	-5.113816123545e-11
6.000000000000e-08	9.321372574827e-11	-3.287444066023e-10	-2.528820387763e-11
6.100000000000e-08	1.129200248484e-10	-3.322618772110e-10	-5.167952790121e-11
6.200000000000e-08	9.956292549301e-11	-3.174005771722e-10	-3.735723786061e-11
6.300000000000e-08	9.411075371765e-11	-3.419012395932e-10	-2.433982423653e-11
6.400000000000e-08	7.857940859584e-11	-3.629952272244e-10	1.755346874627e-12
6.500000000000e-08	7.494863550003e-11	-3.303156995584e-10	-6.095341808875e-13
6.600000000000e-08	6.779455507575e-11	-3.266061094846e-10	7.726600412097e-12
6.700000000000e-08	6.812475985603e-11	-3.337341191684e-10	8.868241173057e-12
6.800000000000e-08	5.775586342857e-11	-3.282869024482e-10	2.141455641959e-11
6.900000000000e-08	4.509983125236e-11	-3.308581267529e-10	4.024146289321e-11
7.000000000000e-08	4.229441049823e-11	-3.230925358014e-10	4.131835059621e-11
7.100000000000e-08	4.231306164638e-11	-3.283491036938e-10	4.141126914919e-11
7.200000000000e-08	2.754950977676e-11	-3.201342312553e-10	6.178620507231e-11
7.300000000000e-08	2.601187501395e-11	-3.297253280380e-10	6.516425422791e-11
7.400000000000e-08	2.657329013288e-11	-3.286773675754e-10	6.429710576609e-11
7.500000000000e-08	2.131773041959e-11	-3.208474695524e-10	6.839253402579e-11
7.600000000000e-08	6.593726907121e-12	-3.152376053310e-10	8.730663278089e-11
7.700000000000e-08	1.263924734766e-11	-3.021130544374e-10	7.732093688857e-11
7.800000000000e-08	1.732367552514e-11	-3.043046012058e-10	6.934356120542e-11
7.900000000000e-08	4.131961511525e-12	-3.307933005834e-10	9.216444911592e-11
8.000000000000e-08	2.022983535200e-12	-2.953486184457e-10	8.915044569119e-11
8.100000000000e-08	3.949898031727e-12	-2.884476236907e-10	8.370888971199e-11
8.200000000000e-08	-7.655785450853e-12	-2.961820714703e-10	1.009140158020e-10
8.300000000000e-08	-1.616620317897e-12	-2.857781736406e-10	8.999803786019e-11
8.400000000000e-08	-9.944382535702e-12	-2.807073001013e-10	1.006821048423e-10
8.500000000000e-08	-6.260041051018e-12	-2.788167178096e-10	9.486244057163e-11
8.600000000000e-08	-1.691227628284e-11	-2.694623708277e-10	1.079719125245e-10
8.700000000000e-08	-1.250316306814e-11	-2.706778955460e-10	1.002652772423e-10
8.800000000000e-08	-1.415193370547e-11	-2.672995320683e-10	1.017837006873e-10
8.900000000000e-08	-1.880726425633e-11	-2.669972719847e-10	1.066339957807e-10
9.000000000000e-08	-1.575461773536e-11	-2.617713576363e-10	1.018087184838e-10
9.100000000000e-08	-1.229517658940e-11	-2.549369951533e-10	9.458377388013e-11
9.200000000000e-08	-1.848511145004e-11	-2.573270595684e-10	1.035976097273e-10
9.300000000000e-08	-1.442423104089e-11	-2.516723141492e-10	9.590315791054e-11
9.400000000000e-08	-2.286420656759e-11	-2.477143019057e-10	1.071840546100e-10
9.500000000000e-08	-2.387148445636e-11	-2.392417772404e-10	1.081365229327e-10
9.600000000000e-08	-2.223522067288e-11	-2.224702011592e-10	1.004065356153e-10
9.700000000000e-08	-1.779533481458e-11	-2.350359437478e-10	9.652397161719e-11
9.800000000000e-08	-1.859842766909e-11	-2.348161625422e-10	9.663877806668e-11
9.900000000000e-08	-2.638466705955e-11	-2.293775194497e-10	1.056951414354e-10
1.000000000000e-07	-2.185479300698e-11	-2.195850637622e-10	9.767254056106e-11
1.010000000000e-07	-2.594168203978e-11	-2.210242055117e-10	1.030079724311e-10
1.020000000000e-07	-2.125066018313e-11	-2.157749739893e-10	9.459575988981e-11
1.030000000000e-07	-2.070931313652e-11	-2.147824748357e-10	9.256308175512e-11
1.040000000000e-07	-1.827841849713e-11	-2.147971802907e-10	8.956798009335e-11
1.050000000000e-07	-2.344797264101e-11	-2.012528551180e-10	9.510489575461e-11
1.060000000000e-07	-2.443401061679e-11	-1.933259017931e-10	9.448326667050e-11
1.070000000000e-07	-2.202948525525e-11	-1.865036364984e-10	8.888687264819e-11
1.080000000000e-07	-2.336088419478e-11	-1.891277240331e-10	9.108088547874e-11
1.090000000000e-07	-2.256007863701e-11	-1.835337310673e-10	8.649045669809e-11
1.100000000000e-07	-2.168792347328e-11	-1.881689844833e-10	8.727060156931e-11
1.110000000000e-07	-2.262916533117e-11	-1.756695211582e-10	8.646894808290e-11
1.120000000000e-07	-1.943869844937e-11	-1.799206197931e-10	8.149664995995e-11
1.130000000000e-07	-1.823696300652e-11	-1.840742023023e-10	8.101042541717e-11
1.140000000000e-07	-2.294531061040e-11	-1.665165784022e-10	8.456866412750e-11
1.150000000000e-07	-1.952527020164e-11	-1.755370559559e-10	7.987720706957e-11
1.160000000000e-07	-2.009871975055e-11	-1.669820982023e-10	7.866412865599e-11
1.170000000000e-07	-1.850752084585e-11	-1.565937857475e-10	7.349325814884e-11
1.180000000000e-07	-2.003505384995e-11	-1.586568217678e-10	7.731715112608e-11
1.190000000000e-07	-1.718940800214e-11	-1.554879938432e-10	7.164096661271e-11
1.200000000000e-07	-2.075972381862e-11	-1.505254249260e-10	7.456937733610e-11
1.210000000000e-07	-2.203015445713e-11	-1.450844879344e-10	7.559679691995e-11
1.220000000000e-07	-1.536806685100e-11	-1.491909920210e-10	6.816106476730e-11
1.230000000000e-07	-1.799482096443e-11	-1.453257119163e-10	7.029744936560e-11
1.240000000000e-07	-2.221464585599e-11	-1.388034364279e-10	7.425103432125e-11
1.250000000000e-07	-1.614103124041e-11	-1.473283291466e-10	6.479845694704e-11
1.260000000000e-07	-2.244632186954e-11	-1.317504844001e-10	7.253834142215e-11
1.270000000000e-07	-1.802712014930e-11	-1.347626424071e-10	6.650384598872e-11
1.280000000000e-07	-2.002103686626e-11	-1.312199919152e-10	6.733261208431e-11
1.290000000000e-07	-1.727841875548e-11	-1.334512740065e-10	6.242787835173e-11
1.300000000000e-07	-1.707400574012e-11	-1.274458403927e-10	6.275224743311e-11
1.310000000000e-07	-1.772991441165e-11	-1.212418897597e-10	6.246859227346e-11
1.320000000000e-07	-1.896193186063e-11	-1.217860216022e-10	6.347006225479e-11
1.330000000000e-07	-1.327568048173e-11	-1.189647748138e-10	5.647021503867e-11
1.340000000000e-07	-1.426507812062e-11	-1.183950233652e-10	5.688464278966e-11
1.350000000000e-07	-1.813083121206e-11	-1.138295313738e-10	6.046039785629e-11
1.360000000000e-07	-1.347714636886e-11	-1.184864298084e-10	5.549515703732e-11
1.370000000000e-07	-1.487431427619e-11	-1.123522257466e-10	5.423624080272e-11
1.380000000000e-07	-1.377740240068e-11	-1.086279959034e-10	5.388212101663e-11
1.390000000000e-07	-1.575170526159e-11	-1.106366139821e-10	5.429675121229e-11
1.400000000000e-07	-1.267071836221e-11	-1.086327062952e-10	4.984839396802e-11
1.410000000000e-07	-9.968589221177e-12	-1.009585310069e-10	4.520753811366e-11
1.420000000000e-07	-1.458979088890e-11	-1.051186841232e-10	4.999766781792e-11
1.430000000000e-07	-1.298882010869e-11	-1.018399064270e-10	5.004627187212e-11
1.440000000000e-07	-9.612917343032e-12	-9.665666903290e-11	4.347462200642e-11
1.450000000000e-07	-1.465280531936e-11	-9.470931256698e-11	5.189164486069e-11
1.460000000000e-07	-1.169576209887e-11	-9.546425927812e-11	4.662204908537e-11
1.470000000000e-07	-1.013789839005e-11	-9.015130554888e-11	4.206595059581e-11
1.480000000000e-07	-1.231537333758e-11	-9.409758679801e-11	4.494752394721e-11
1.490000000000e-07	-9.818758290652e-12	-9.527775202338e-11	4.261902152522e-11
1.500000000000e-07	-1.176875332263e-11	-8.280767393221e-11	4.164244624158e-11
1.510000000000e-07	-1.070803988325e-11	-8.854955185586e-11	4.346587939460e-11
1.520000000000e-07	-1.037686568171e-11	-8.583973408956e-11	4.098317709010e-11
1.530000000000e-07	-1.176079096834e-11	-8.504689100945e-11	4.237498476398e-11
1.540000000000e-07	-1.371387617167e-11	-8.409731089531e-11	4.496440150687e-11
1.550000000000e-07	-1.007678835721e-11	-7.919993573745e-11	3.800331508647e-11
1.560000000000e-07	-1.125801303214e-11	-8.070953950079e-11	4.118420237955e-11
1.570000000000e-07	-8.459519158172e-12	-8.188965166870e-11	3.603786790571e-11
1.580000000000e-07	-8.852178006520e-12	-7.244408991218e-11	3.662617031084e-11
1.590000000000e-07	-6.196728107043e-12	-7.571653644918e-11	3.284126084702e-11
1.600000000000e-07	-1.214906169716e-11	-7.153453330947e-11	4.109755779158e-11
1.610000000000e-07	-9.239704635164e-12	-7.098222245186e-11	3.597374889696e-11
1.620000000000e-07	-7.671777421911e-12	-7.344965480031e-11	3.211818010514e-11
1.630000000000e-07	-8.207315349210e-12	-7.443647910462e-11	3.356769626075e-11
1.640000000000e-07	-8.541224484051e-12	-6.815553268829e-11	3.304473431649e-11
1.650000000000e-07	-5.638070134902e-12	-6.530613801378e-11	2.889555157060e-11
1.660000000000e-07	-8.540671550701e-12	-6.571149892256e-11	3.328566123055e-11
1.670000000000e-07	-7.608308508876e-12	-6.624020729546e-11	3.174197486229e-11
1.680000000000e-07	-6.815756037794e-12	-6.240453014535e-11	3.063183706034e-11
1.690000000000e-07	-7.751326230227e-12	-6.007445906807e-11	3.073399479098e-11
1.700000000000e-07	-9.040386493728e-12	-6.800760880854e-11	3.111088584799e-11
1.710000000000e-07	-4.135897938953e-12	-6.229987829128e-11	2.650776266806e-11
1.720000000000e-07	-8.017500600751e-12	-5.630723444660e-11	3.122423687445e-11
1.730000000000e-07	-9.011334157406e-12	-6.111515964902e-11	3.066927739169e-11
1.740000000000e-07	-7.061018027914e-12	-6.009495504924e-11	2.774925320452e-11
1.750000000000e-07	-7.302717469878e-12	-6.186658063232e-11	2.885417549532e-11
1.760000000000e-07	-8.432589665282e-12	-5.765200414180e-11	2.906712925680e-11
1.770000000000e-07	-4.308210165775e-12	-5.554622653171e-11	2.230055327150e-11
1.780000000000e-07	-4.611596117171e-12	-5.508768985890e-11	2.461642338544e-11
1.790000000000e-07	-5.797522576092e-12	-5.568698588287e-11	2.456880818525e-11
1.800000000000e-07	-1.062625664082e-11	-5.239479022347e-11	3.133829202394e-11
1.810000000000e-07	-5.616203908776e-12	-5.248321478799e-11	2.430089708770e-11
1.820000000000e-07	-5.053485006085e-12	-5.199802197774e-11	2.601274860870e-11
1.830000000000e-07	-3.096292588777e-12	-4.806093487821e-11	1.919394124149e-11
1.840000000000e-07	-8.718159817537e-12	-5.114962466961e-11	2.939454928215e-11
1.850000000000e-07	-4.310322007523e-12	-5.288348094413e-11	2.177128181443e-11
1.860000000000e-07	-5.754292989115e-12	-4.992758963233e-11	2.185235200182e-11
1.870000000000e-07	-3.327048385269e-12	-4.616486639696e-11	2.066354991631e-11
1.880000000000e-07	-6.975917806602e-12	-4.414965381660e-11	2.362002642478e-11
1.890000000000e-07	-4.551837600524e-12	-4.094798940648e-11	2.088882720681e-11
1.900000000000e-07	-5.904891542190e-12	-4.575444184503e-11	2.214015376913e-11
1.910000000000e-07	-3.417523527418e-12	-4.451413504448e-11	1.895543847538e-11
1.920000000000e-07	-7.224749979784e-12	-4.760717797665e-11	2.205656679600e-11
1.930000000000e-07	-4.284014448101e-12	-4.237225353957e-11	2.106594180093e-11
1.940000000000e-07	-5.974941048643e-12	-4.096867930431e-11	2.072916343477e-11
1.950000000000e-07	-4.564067148622e-12	-4.246786696952e-11	2.014562826527e-11
1.960000000000e-07	-6.997209689141e-12	-4.192748890387e-11	2.322444336647e-11
1.970000000000e-07	-5.084086038220e-12	-4.071989375027e-11	2.087809382211e-11
1.980000000000e-07	-1.023692800168e-12	-3.804357607263e-11	1.401076482783e-11
1.990000000000e-07	-4.137210544194e-12	-3.693747275547e-11	1.732131231032e-11
2.000000000000e-07	-5.629495726901e-12	-3.724304443938e-11	1.983689994344e-11
2.010000000000e-07	-5.155004467511e-12	-4.031058816322e-11	1.860260279700e-11
2.020000000000e-07	-6.464612853703e-12	-3.980532514751e-11	2.076950841975e-11
2.030000000000e-07	-3.937363788924e-12	-3.910423668447e-11	1.707573432390e-11
2.040000000000e-07	-4.559563625593e-12	-3.355973188743e-11	1.730799916064e-11
2.050000000000e-07	-4.542637722544e-12	-3.347075753693e-11	1.859316416383e-11
2.060000000000e-07	-4.581825713334e-12	-3.631724050088e-11	1.660209253760e-11
2.070000000000e-07	-3.249066671710e-12	-3.395293978771e-11	1.600917374936e-11
2.080000000000e-07	-2.586543653517e-12	-3.297625232414e-11	1.593747892430e-11
2.090000000000e-07	-4.684399532793e-12	-3.488501994719e-11	1.659336154923e-11
2.100000000000e-07	-3.699846393073e-12	-2.947160255579e-11	1.508831143609e-11
2.110000000000e-07	-2.098288234261e-12	-3.167933138549e-11	1.485036719974e-11
2.120000000000e-07	-5.695830839591e-12	-3.400534612828e-11	1.657014799268e-11
2.130000000000e-07	2.586822976599e-13	-3.122741981713e-11	9.596251104237e-12
2.140000000000e-07	-4.181361254562e-12	-2.640071854838e-11	1.619776020005e-11
2.150000000000e-07	-6.977769834625e-13	-3.469549485266e-11	1.218362257270e-11
2.160000000000e-07	-3.144871068835e-12	-3.223138557915e-11	1.448380742847e-11
2.170000000000e-07	-2.300452521607e-12	-2.862713376450e-11	1.347770681395e-11
2.180000000000e-07	-3.882518463253e-12	-2.857778068657e-11	1.364679833177e-11
2.190000000000e-07	-4.051712509152e-12	-2.809817183657e-11	1.571231365088e-11
2.200000000000e-07	-4.009078897780e-12	-2.920562092201e-11	1.391411741877e-11
2.210000000000e-07	-3.558278807629e-12	-3.217650815559e-11	1.396632216771e-11
2.220000000000e-07	-1.900218853608e-12	-2.581240048355e-11	1.200592835903e-11
2.230000000000e-07	-3.966390294774e-12	-2.871120395087e-11	1.410848085289e-11
2.240000000000e-07	-3.133278862195e-12	-2.531542592153e-11	1.343798221956e-11
2.250000000000e-07	-2.399909779376e-12	-2.818871559461e-11	1.137891035295e-11
2.260000000000e-07	-1.959697836187e-12	-2.448888666428e-11	1.116478838289e-11
2.270000000000e-07	-3.741465885044e-12	-2.809363533811e-11	1.154469411966e-11
2.280000000000e-07	-5.431238922583e-12	-2.371719567536e-11	1.442959828518e-11
2.290000000000e-07	-1.569995016720e-12	-2.682899832102e-11	1.080878872170e-11
2.300000000000e-07	-3.764507462399e-12	-2.606557526708e-11	1.161849527311e-11
2.310000000000e-07	-1.499650132187e-12	-2.527050692732e-11	1.024230068227e-11
2.320000000000e-07	-3.757144241915e-12	-2.323836738605e-11	1.177554912201e-11
2.330000000000e-07	-1.834505014342e-12	-2.224587014251e-11	1.129047298389e-11
2.340000000000e-07	-1.810402907105e-12	-1.857525841617e-11	1.228961266061e-11
2.350000000000e-07	-2.842939680141e-12	-2.286814495987e-11	1.172635880225e-11
2.360000000000e-07	-2.934383189886e-12	-2.213495813995e-11	1.259592924191e-11
2.370000000000e-07	-1.236866990752e-12	-2.426626456184e-11	6.772454011186e-12
2.380000000000e-07	-1.730905786845e-12	-2.354603533028e-11	1.028863974668e-11
2.390000000000e-07	-1.593961263375e-12	-1.897060173480e-11	1.116508751193e-11
2.400000000000e-07	-1.604136031899e-12	-2.095173295044e-11	1.034778651336e-11
2.410000000000e-07	-2.183650651092e-12	-2.182474440314e-11	1.013959274196e-11
2.420000000000e-07	-3.946024536528e-12	-1.997846144685e-11	1.365879249490e-11
2.430000000000e-07	-4.796371557457e-12	-1.891950472857e-11	1.255488623467e-11
2.440000000000e-07	-3.409956242231e-12	-2.163449526958e-11	9.836940737450e-12
2.450000000000e-07	-1.783736079724e-12	-1.878809712946e-11	1.005438505593e-11
2.460000000000e-07	-1.863551764702e-12	-1.760133229244e-11	9.530681188130e-12
2.470000000000e-07	-1.261870820162e-12	-2.253569861929e-11	7.825122265248e-12
2.480000000000e-07	-2.258574616562e-12	-1.886580264625e-11	7.890107463820e-12
2.490000000000e-07	-1.092696638728e-12	-1.633183248611e-11	9.033459884957e-12
2.500000000000e-07	-1.641243492444e-12	-1.863575232559e-11	7.746529298033e-12
2.510000000000e-07	-1.834375845552e-13	-1.729017644421e-11	9.197780382366e-12
2.520000000000e-07	-2.370672362953e-12	-1.772364874476e-11	9.479405320936e-12
2.530000000000e-07	-3.590979597697e-12	-1.768862865623e-11	1.000810630519e-11
2.540000000000e-07	-7.870562864322e-13	-1.844047158343e-11	8.312110484660e-12
2.550000000000e-07	-2.739851165139e-13	-1.602122184641e-11	8.118370079116e-12
2.560000000000e-07	-2.122747460607e-12	-1.863444141042e-11	8.480037559614e-12
2.570000000000e-07	-2.120325044440e-12	-1.909044224936e-11	6.703574192134e-12
2.580000000000e-07	-2.419380379646e-12	-1.819707649219e-11	8.442355397396e-12
2.590000000000e-07	-1.169809715440e-12	-1.322159809853e-11	6.901067515514e-12
2.600000000000e-07	-1.487514133838e-12	-1.318230166003e-11	9.485237659092e-12
2.610000000000e-07	-1.708301797103e-12	-1.917268013460e-11	6.538323020165e-12
2.620000000000e-07	-1.877534531315e-12	-1.440740704786e-11	6.450233375095e-12
2.630000000000e-07	-7.848325267534e-13	-1.267212619543e-11	8.438638919852e-12
2.640000000000e-07	-2.194123076805e-12	-1.456144844793e-11	6.975384919315e-12
2.650000000000e-07	-2.193309377798e-12	-1.311522443904e-11	8.856901715012e-12
2.660000000000e-07	-5.372500788708e-14	-1.477357761110e-11	5.958311190596e-12
2.670000000000e-07	-2.545425004508e-12	-1.308126697223e-11	7.826682169266e-12
2.680000000000e-07	-2.808979877027e-12	-1.468791330796e-11	8.968316894330e-12
2.690000000000e-07	-1.268692655889e-12	-1.345400225279e-11	7.079997187264e-12
2.700000000000e-07	-7.700887567124e-13	-1.517797266816e-11	4.898930766835e-12
2.710000000000e-07	-2.157109824916e-12	-1.334809212197e-11	7.113169520256e-12
2.720000000000e-07	-1.149373748002e-12	-1.284671213085e-11	8.315674654848e-12
2.730000000000e-07	-1.344163439971e-12	-1.246532683066e-11	6.594742759660e-12
2.740000000000e-07	-1.052966467830e-12	-1.319397830697e-11	5.932021626802e-12
2.750000000000e-07	-1.065885766004e-12	-1.373285225048e-11	5.671074135532e-12
2.760000000000e-07	-4.946266651089e-13	-1.502548945889e-11	5.077563430445e-12
2.770000000000e-07	-8.230072515037e-13	-1.171862305682e-11	5.193285099656e-12
2.780000000000e-07	1.568601057049e-13	-1.404564331416e-11	5.366238463484e-12
2.790000000000e-07	-1.630289346533e-12	-1.264621268633e-11	7.354342283948e-12
2.800000000000e-07	-2.847332962134e-12	-1.148557346686e-11	7.299738412947e-12
2.810000000000e-07	-5.825903015051e-13	-1.519630540789e-11	5.260149916847e-12
2.820000000000e-07	-1.754876915486e-12	-1.142935909449e-11	5.376592579281e-12
2.830000000000e-07	2.982201470701e-14	-1.089029479194e-11	4.051314338129e-12
2.840000000000e-07	5.860117311051e-13	-1.153530510535e-11	5.315843419374e-12
2.850000000000e-07	-2.461007742074e-12	-1.211030317186e-11	5.663585062174e-12
2.860000000000e-07	-1.343943635343e-12	-1.032362141875e-11	6.329208755384e-12
2.870000000000e-07	-5.037263481385e-13	-1.319593490690e-11	4.427674143969e-12
2.880000000000e-07	-1.341306369645e-12	-1.106992389829e-11	7.677355625042e-12
2.890000000000e-07	-1.280211323913e-12	-1.334564373985e-11	5.458341471840e-12
2.900000000000e-07	-4.333612034388e-13	-9.028576966734e-12	5.821749904772e-12
2.910000000000e-07	-1.348820527792e-12	-1.077214699730e-11	4.703900622990e-12
2.920000000000e-07	-4.286964058761e-13	-9.764426172818e-12	5.270101169236e-12
2.930000000000e-07	-8.541889109124e-13	-1.055403611217e-11	6.075597029194e-12
2.940000000000e-07	-1.291953755367e-12	-1.013790117629e-11	5.213114294819e-12
2.950000000000e-07	-2.433830665627e-12	-1.078154850957e-11	4.881058775225e-12
2.960000000000e-07	-1.600422158233e-12	-1.245685659087e-11	4.961534574067e-12
2.970000000000e-07	-1.253861589193e-12	-1.119318962265e-11	5.178947752233e-12
2.980000000000e-07	1.141952759738e-13	-6.901790741646e-12	5.263338768235e-12
2.990000000000e-07	-1.318657722813e-12	-1.032137100830e-11	4.254590419977e-12
3.000000000000e-07	-1.504828815343e-12	-9.353494642142e-12	5.304061191366e-12
3.010000000000e-07	-4.428320212008e-13	-9.001277221518e-12	4.686895317427e-12
3.020000000000e-07	4.657920756998e-13	-8.083406260581e-12	5.179811472626e-12
3.030000000000e-07	-2.139801271788e-12	-1.019485630363e-11	5.075010702296e-12
3.040000000000e-07	-7.814398546608e-13	-1.023579001865e-11	3.148408073605e-12
3.050000000000e-07	-5.368596229494e-13	-7.576359913593e-12	5.689932553832e-12
3.060000000000e-07	-1.003036899828e-12	-7.756096706955e-12	4.618177764304e-12
3.070000000000e-07	-2.328722580583e-12	-1.040478389353e-11	7.436955079538e-12
3.080000000000e-07	-9.106230529114e-13	-1.110662443142e-11	4.358827346958e-12
3.090000000000e-07	-1.899192000497e-12	-7.381960649798e-12	4.724767580600e-12
3.100000000000e-07	-3.595390101344e-13	-8.665690128532e-12	4.233533030016e-12
3.110000000000e-07	6.392433027393e-13	-8.367121701222e-12	3.426662073471e-12
3.120000000000e-07	-4.642687543378e-13	-6.939775908503e-12	4.936508158056e-12
3.130000000000e-07	-6.802407810427e-13	-7.224800817785e-12	3.502524138324e-12
3.140000000000e-07	-1.844427138516e-12	-7.699703213562e-12	6.205370213073e-12
3.150000000000e-07	-6.095760015051e-13	-7.030875128572e-12	4.685716312002e-12
3.160000000000e-07	-6.557065286690e-13	-8.882155589914e-12	4.578449954248e-12
3.170000000000e-07	-5.655299447473e-13	-7.050812048038e-12	2.259370057001e-12
3.180000000000e-07	-2.758676686880e-12	-9.042864002451e-12	4.657202984169e-12
3.190000000000e-07	-1.330190097121e-13	-5.811823343503e-12	5.364535423320e-12
3.200000000000e-07	-1.279410816673e-12	-1.008925821529e-11	2.992587435672e-12
3.210000000000e-07	-2.647560893123e-13	-8.919817314403e-12	3.494772877748e-12
3.220000000000e-07	-4.436031867818e-13	-6.041546003971e-12	4.600603269812e-12
3.230000000000e-07	-2.321772674279e-12	-6.839200507813e-12	4.155108797081e-12
3.240000000000e-07	-2.350156786290e-12	-8.509521299975e-12	5.946774638422e-12
3.250000000000e-07	-5.834129368120e-13	-7.052078661284e-12	5.432808971118e-12
3.260000000000e-07	1.451358932559e-12	-4.115218553247e-12	1.737909819370e-12
3.270000000000e-07	-8.020963787585e-13	-6.859418693708e-12	4.730981565610e-12
3.280000000000e-07	-2.283311039857e-13	-6.313001244179e-12	2.457948668847e-12
3.290000000000e-07	2.475619780866e-12	-7.544270444141e-12	1.721960820328e-13
3.300000000000e-07	-2.156785702140e-12	-8.074973288836e-12	3.320312488963e-12
3.310000000000e-07	-2.226448891025e-13	-5.407786155719e-12	4.004924396393e-12
3.320000000000e-07	-1.141545135101e-12	-5.702219932661e-12	4.293200332441e-12
3.330000000000e-07	-1.335148186558e-14	-5.409464207516e-12	3.176934297520e-12
3.340000000000e-07	-1.978328307698e-12	-6.569529203472e-12	6.204356590374e-12
3.350000000000e-07	-9.074291996566e-13	-7.189300138803e-12	4.991716654033e-12
3.360000000000e-07	-7.938149678086e-13	-5.998349985452e-12	2.338206878781e-12
3.370000000000e-07	-2.131438490559e-12	-5.883167216479e-12	3.783530606170e-12
3.380000000000e-07	-1.817381003768e-13	-6.122856457694e-12	4.536055188039e-12
3.390000000000e-07	-1.075868685614e-13	-4.526355357739e-12	2.303023246187e-12
3.400000000000e-07	-2.021628844991e-13	-5.023952743842e-12	1.886243669488e-12
3.410000000000e-07	-7.177293744621e-13	-6.758928551860e-12	3.057675294469e-12
3.420000000000e-07	6.721465911649e-14	-6.508264344638e-12	1.982639610654e-12
3.430000000000e-07	2.398152123522e-13	-6.861679211210e-12	2.365646450502e-12
3.440000000000e-07	-1.633299455790e-12	-5.363520272940e-12	2.462051514821e-12
3.450000000000e-07	1.490357921303e-12	-7.699233818782e-12	3.221692999476e-13
3.460000000000e-07	-1.808533357145e-12	-6.923220006662e-12	1.958706443287e-12
3.470000000000e-07	-2.469545928478e-13	-3.103223490749e-12	3.109248730209e-12
3.480000000000e-07	-1.848109268927e-13	-6.315545383357e-12	3.488530074773e-12
3.490000000000e-07	-7.787751412640e-13	-6.637954988038e-12	3.322115726083e-12
3.500000000000e-07	-1.225448996682e-12	-6.881635920543e-12	3.356850835063e-12
3.510000000000e-07	-8.727046238681e-13	-5.842311211161e-12	3.265825620854e-12
3.520000000000e-07	-2.521164345064e-13	-3.214391005526e-12	2.948330815629e-12
3.530000000000e-07	7.834066239603e-16	-6.717782444988e-12	1.118889692974e-12
3.540000000000e-07	-1.015165153509e-12	-5.207473579468e-12	2.958541128610e-12
3.550000000000e-07	-1.351728285818e-12	-7.306163691495e-12	3.493977372172e-12
3.560000000000e-07	-1.342079772973e-13	-2.756837955903e-12	4.090694441228e-12
3.570000000000e-07	4.484435524971e-13	-5.822865946256e-12	1.779285366610e-12
3.580000000000e-07	8.357109832942e-13	-4.166251619220e-12	3.261130257595e-12
3.590000000000e-07	-2.253716039770e-12	-5.113919820341e-12	5.168599859007e-12
3.600000000000e-07	5.530029497494e-14	-5.339837118343e-12	2.860516768359e-12
3.610000000000e-07	-5.638212372904e-13	-6.358795211328e-12	7.283302051582e-13
3.620000000000e-07	-3.441454909687e-13	-5.318539297805e-12	2.840335063942e-12
3.630000000000e-07	-5.359251801064e-13	-5.719669953340e-12	2.990714892791e-12
3.640000000000e-07	-2.766247069193e-13	-4.621814803198e-12	8.995403352747e-13
3.650000000000e-07	-1.039741635029e-12	-4.331154694658e-12	2.286501734575e-12
3.660000000000e-07	-1.650307674156e-12	-3.244992061035e-12	3.864503761623e-12
3.670000000000e-07	1.002064373664e-12	-2.481120391220e-12	3.493973625989e-12
3.680000000000e-07	-1.218921735634e-12	-6.831992851666e-12	2.281395474586e-12
3.690000000000e-07	-2.454022866954e-12	-4.202439939057e-12	4.242380272919e-12
3.700000000000e-07	-1.392395153805e-14	-2.640995452375e-12	9.969626314370e-13
3.710000000000e-07	6.790007546021e-13	-5.867336975788e-12	1.439007082098e-13
3.720000000000e-07	-9.736138058849e-13	-4.931846221925e-12	2.111155860995e-12
3.730000000000e-07	-9.590356360777e-14	-3.400053265682e-12	3.347843429248e-12
3.740000000000e-07	-5.049184103343e-13	-5.801390470729e-12	2.982843634699e-12
3.750000000000e-07	-2.128200877881e-12	-3.865685816110e-12	4.089099549810e-12
3.760000000000e-07	-4.365578224329e-13	-4.570315125654e-12	2.530843157297e-12
3.770000000000e-07	-2.191533905190e-13	-2.291071961171e-12	1.774002357444e-12
3.780000000000e-07	-1.020469363452e-12	-3.282323937240e-12	2.525749493067e-12
3.790000000000e-07	-1.393350423221e-12	-4.622129000007e-12	3.673814435757e-12
3.800000000000e-07	1.513029408264e-13	-2.062018949376e-12	1.614050229598e-12
3.810000000000e-07	1.167511704470e-12	-2.145348516428e-12	1.921649809744e-12
3.820000000000e-07	-7.345592811563e-13	-3.996217652737e-12	2.163017902976e-12
3.830000000000e-07	-2.725904119495e-13	-4.997070559356e-12	3.085182039659e-12
3.840000000000e-07	-2.051535794344e-12	-4.000846111621e-12	3.421869137152e-12
3.850000000000e-07	-7.462972553074e-13	-4.615638123795e-12	2.988137604315e-12
3.860000000000e-07	-1.454343698334e-13	-1.957602952558e-12	1.369400087537e-12
3.870000000000e-07	-5.038976252183e-13	-3.784468874868e-12	2.753595918358e-12
3.880000000000e-07	5.570226533061e-13	-4.664263799790e-12	1.467651035749e-12
3.890000000000e-07	-1.000072947250e-12	-5.070558316725e-12	1.724112797306e-12
3.900000000000e-07	1.071404863270e-14	-4.458366981239e-12	1.383900823897e-12
3.910000000000e-07	2.373984576965e-13	-3.392397293662e-12	2.231390884582e-12
3.920000000000e-07	-9.405101327139e-13	-3.355071459241e-12	2.919927268543e-12
3.930000000000e-07	5.881620922862e-13	-1.996277655177e-12	7.744025182433e-13
3.940000000000e-07	-8.229600933551e-13	-3.044625609270e-12	1.619302474976e-12
3.950000000000e-07	-9.971830613262e-13	-2.953685671666e-12	1.503271693887e-12
3.960000000000e-07	5.647085933397e-13	-2.085611271170e-12	2.058714471047e-12
3.970000000000e-07	-1.284428006544e-12	-4.886098808161e-12	2.376364321674e-12
3.980000000000e-07	-6.694151856539e-13	-3.441486936983e-12	2.256206997344e-12
3.990000000000e-07	1.994374976838e-13	-4.281526224287e-12	1.331564830536e-12
4.000000000000e-07	-3.683061133734e-13	-3.245896298833e-12	1.922254013698e-12
4.010000000000e-07	-9.211578377348e-14	-1.995515621843e-12	4.469720173019e-13
4.020000000000e-07	-7.086824405263e-13	-4.089571049229e-12	2.935539437553e-12
4.030000000000e-07	-9.069067420193e-13	-3.029536458615e-12	2.528146188217e-12
4.040000000000e-07	2.922709323515e-13	-3.342341618632e-12	1.650635637932e-12
4.050000000000e-07	4.931422837055e-14	-2.688285443083e-12	1.098717893413e-12
4.060000000000e-07	-1.334184229118e-12	-5.052234835477e-12	2.492171385791e-12
4.070000000000e-07	-2.215325246773e-13	-3.837013004316e-12	1.649001634632e-12
4.080000000000e-07	5.917425369582e-13	-3.255209612091e-12	2.327792407859e-12
4.090000000000e-07	5.476275591615e-13	-2.620058191017e-12	1.746317098064e-12
4.100000000000e-07	-4.769261473410e-13	-1.763655456190e-12	1.938510304847e-12
4.110000000000e-07	-3.193022892400e-13	-1.954726635885e-12	2.288666661914e-12
4.120000000000e-07	-4.942179825163e-13	-4.200649929397e-12	1.242616108691e-12
4.130000000000e-07	-1.484463676438e-12	-4.107719503423e-12	3.271390709220e-12
4.140000000000e-07	-1.524446462882e-12	-4.457712003056e-12	1.864089093072e-12
4.150000000000e-07	2.688745412029e-13	-2.098211047094e-12	7.459315729814e-13
4.160000000000e-07	-1.278172182798e-12	-3.431745118648e-12	2.194685301132e-12
4.170000000000e-07	5.085770396533e-13	-1.897177387684e-12	1.250153674962e-12
4.180000000000e-07	-8.601252473826e-13	-2.275414340508e-12	1.990239209051e-12
4.190000000000e-07	-7.006433469624e-14	-1.893499076141e-12	1.191577214576e-12
4.200000000000e-07	-1.632819160166e-12	-2.522877888321e-12	3.418049316160e-12
4.210000000000e-07	-1.068025940468e-12	-2.966335141753e-12	2.071813766845e-12
4.220000000000e-07	-3.940808541706e-13	-1.710384159251e-12	2.244762092110e-12
4.230000000000e-07	-1.190158571294e-12	-3.432334731763e-12	6.349240980048e-13
4.240000000000e-07	-7.902354918574e-13	-1.910989534554e-12	2.262987079754e-12
4.250000000000e-07	-4.358917984168e-13	-2.896212208003e-12	9.787384553112e-13
4.260000000000e-07	2.975624886428e-15	-2.069475040612e-12	2.140168907803e-12
4.270000000000e-07	-1.410763160623e-13	-3.139117386848e-12	1.143159575748e-12
4.280000000000e-07	2.399137157614e-13	-2.624159821660e-12	1.684494559416e-12
4.290000000000e-07	-1.148863829877e-13	-1.503592493635e-12	1.348478918415e-12
4.300000000000e-07	-8.485376801926e-13	-3.002127941519e-12	2.574669529481e-12
4.310000000000e-07	-2.803799038214e-13	-1.519476761626e-12	1.882734798556e-12
4.320000000000e-07	2.346710344761e-13	-1.597448856963e-12	9.694720983299e-13
4.330000000000e-07	-9.312883366202e-13	-2.791390973104e-12	1.855727363028e-12
4.340000000000e-07	-8.621607112403e-13	-2.592981862212e-12	3.110633960807e-12
4.350000000000e-07	-8.861542005042e-13	-2.381034786401e-12	2.670168156794e-12
4.360000000000e-07	4.760066367459e-13	-1.188070557874e-12	-6.591724385498e-14
4.370000000000e-07	6.675446582594e-13	-2.138683324867e-12	4.027356369611e-13
4.380000000000e-07	-4.535168388359e-13	-2.173052564042e-12	5.334331431477e-13
4.390000000000e-07	9.244485816937e-14	-1.233680995726e-12	7.445021732757e-13
4.400000000000e-07	-1.722201413327e-12	-1.902184161263e-12	2.194034238742e-12
4.410000000000e-07	4.431118564149e-13	-1.202555822271e-12	1.953478369217e-12
4.420000000000e-07	-1.006075774550e-12	-3.082151137696e-12	1.496612812130e-12
4.430000000000e-07	3.422921531504e-13	-2.685321182293e-12	2.592500254343e-13
4.440000000000e-07	-1.090979717001e-12	-3.181142272250e-12	1.018739793014e-12
4.450000000000e-07	-4.689608907136e-13	-1.849118358175e-12	1.623447639419e-12
4.460000000000e-07	5.536931465979e-13	-7.303462491590e-13	2.837042939719e-12
4.470000000000e-07	-6.622867848875e-14	-2.204338779609e-12	7.108455856596e-13
4.480000000000e-07	-6.619618813063e-14	-2.632337372198e-12	4.133900723258e-13
4.490000000000e-07	1.038103850531e-13	-3.185254760049e-12	4.438335684071e-13
4.500000000000e-07	-1.188290644593e-12	-2.636611790382e-12	9.184075571339e-13
4.510000000000e-07	5.183359280267e-14	-1.619092020099e-12	1.717204962338e-12
4.520000000000e-07	-4.223886856755e-13	-3.566879065231e-12	2.073503208230e-12
4.530000000000e-07	4.938270548256e-13	-6.789574716810e-13	1.449786987499e-12
4.540000000000e-07	-4.167002998005e-13	-2.060663280728e-12	1.466653773943e-12
4.550000000000e-07	-4.995523347691e-13	-9.757570903239e-13	2.789971715032e-12
4.560000000000e-07	-6.599612977802e-13	-2.775279062338e-12	1.170360802666e-12
4.570000000000e-07	3.693354620464e-13	-1.491440362011e-12	1.325000062101e-12
