5.621000000000e-06	0.000000000000e+00	0.000000000000e+00	0.000000000000e+00
5.622000000000e-06	0.000000000000e+00	0.000000000000e+00	0.000000000000e+00
5.623000000000e-06	0.000000000000e+00	0.000000000000e+00	0.000000000000e+00
5.624000000000e-06	0.000000000000e+00	0.000000000000e+00	0.000000000000e+00
5.625000000000e-06	0.000000000000e+00	0.000000000000e+00	0.000000000000e+00
5.626000000000e-06	0.000000000000e+00	0.000000000000e+00	0.000000000000e+00
5.627000000000e-06	0.000000000000e+00	0.000000000000e+00	0.000000000000e+00
5.628000000000e-06	0.000000000000e+00	0.000000000000e+00	0.000000000000e+00
5.629000000000e-06	0.000000000000e+00	0.000000000000e+00	0.000000000000e+00
5.630000000000e-06	0.000000000000e+00	0.000000000000e+00	0.000000000000e+00
5.631000000000e-06	0.000000000000e+00	0.000000000000e+00	0.000000000000e+00
5.632000000000e-06	0.000000000000e+00	0.000000000000e+00	0.000000000000e+00
5.633000000000e-06	0.000000000000e+00	0.000000000000e+00	0.000000000000e+00
5.634000000000e-06	0.000000000000e+00	0.000000000000e+00	0.000000000000e+00
5.635000000000e-06	0.000000000000e+00	0.000000000000e+00	0.000000000000e+00
5.636000000000e-06	0.000000000000e+00	0.000000000000e+00	0.000000000000e+00
5.637000000000e-06	0.000000000000e+00	0.000000000000e+00	0.000000000000e+00
5.638000000000e-06	0.000000000000e+00	0.000000000000e+00	0.000000000000e+00
5.639000000000e-06	0.000000000000e+00	0.000000000000e+00	0.000000000000e+00
5.640000000000e-06	0.000000000000e+00	0.000000000000e+00	0.000000000000e+00
5.641000000000e-06	0.000000000000e+00	0.000000000000e+00	0.000000000000e+00
5.642000000000e-06	0.000000000000e+00	0.000000000000e+00	0.000000000000e+00
5.643000000000e-06	0.000000000000e+00	0.000000000000e+00	0.000000000000e+00
5.644000000000e-06	0.000000000000e+00	0.000000000000e+00	0.000000000000e+00
5.645000000000e-06	0.000000000000e+00	0.000000000000e+00	0.000000000000e+00
5.646000000000e-06	0.000000000000e+00	0.000000000000e+00	0.000000000000e+00
5.647000000000e-06	0.000000000000e+00	0.000000000000e+00	0.000000000000e+00
5.648000000000e-06	0.000000000000e+00	0.000000000000e+00	0.000000000000e+00
5.649000000000e-06	0.000000000000e+00	0.000000000000e+00	0.000000000000e+00
5.650000000000e-06	0.000000000000e+00	0.000000000000e+00	0.000000000000e+00
5.651000000000e-06	0.000000000000e+00	0.000000000000e+00	0.000000000000e+00
5.652000000000e-06	0.000000000000e+00	0.000000000000e+00	0.000000000000e+00
5.653000000000e-06	0.000000000000e+00	0.000000000000e+00	0.000000000000e+00
5.654000000000e-06	0.000000000000e+00	0.000000000000e+00	0.000000000000e+00
5.655000000000e-06	0.000000000000e+00	0.000000000000e+00	0.000000000000e+00
5.656000000000e-06	0.000000000000e+00	0.000000000000e+00	0.000000000000e+00
5.657000000000e-06	0.000000000000e+00	0.000000000000e+00	0.000000000000e+00
5.658000000000e-06	0.000000000000e+00	0.000000000000e+00	0.000000000000e+00
5.659000000000e-06	0.000000000000e+00	0.000000000000e+00	0.000000000000e+00
5.660000000000e-06	0.000000000000e+00	0.000000000000e+00	0.000000000000e+00
5.661000000000e-06	0.000000000000e+00	0.000000000000e+00	0.000000000000e+00
5.662000000000e-06	0.000000000000e+00	0.000000000000e+00	0.000000000000e+00
5.663000000000e-06	0.000000000000e+00	0.000000000000e+00	0.000000000000e+00
5.664000000000e-06	0.000000000000e+00	0.000000000000e+00	0.000000000000e+00
5.665000000000e-06	0.000000000000e+00	0.000000000000e+00	0.000000000000e+00
5.666000000000e-06	0.000000000000e+00	0.000000000000e+00	0.000000000000e+00
5.667000000000e-06	0.000000000000e+00	0.000000000000e+00	0.000000000000e+00
5.668000000000e-06	0.000000000000e+00	0.000000000000e+00	0.000000000000e+00
5.669000000000e-06	0.000000000000e+00	0.000000000000e+00	0.000000000000e+00
5.670000000000e-06	0.000000000000e+00	0.000000000000e+00	0.000000000000e+00
5.671000000000e-06	0.000000000000e+00	0.000000000000e+00	0.000000000000e+00
5.672000000000e-06	0.000000000000e+00	0.000000000000e+00	0.000000000000e+00
5.673000000000e-06	0.000000000000e+00	0.000000000000e+00	0.000000000000e+00
5.674000000000e-06	0.000000000000e+00	0.000000000000e+00	0.000000000000e+00
5.675000000000e-06	0.000000000000e+00	0.000000000000e+00	0.000000000000e+00
5.676000000000e-06	0.000000000000e+00	0.000000000000e+00	0.000000000000e+00
5.677000000000e-06	0.000000000000e+00	0.000000000000e+00	0.000000000000e+00
5.678000000000e-06	0.000000000000e+00	0.000000000000e+00	0.000000000000e+00
5.679000000000e-06	0.000000000000e+00	0.000000000000e+00	0.000000000000e+00
5.680000000000e-06	0.000000000000e+00	0.000000000000e+00	0.000000000000e+00
5.681000000000e-06	0.000000000000e+00	0.000000000000e+00	0.000000000000e+00
5.682000000000e-06	0.000000000000e+00	0.000000000000e+00	0.000000000000e+00
5.683000000000e-06	-3.558699994553e-17	3.408620727775e-17	4.041095089907e-17
5.684000000000e-06	9.352130959450e-17	-4.036976755600e-17	-1.214920659030e-16
5.685000000000e-06	2.725357797722e-17	6.469275209881e-16	-2.495001324759e-16
5.686000000000e-06	-7.835613587345e-16	6.169244460634e-16	9.359307493382e-16
5.687000000000e-06	4.737699662896e-17	2.578324819494e-17	-7.789412701303e-17
5.688000000000e-06	2.030097270203e-16	3.413782644587e-17	-3.043543438831e-16
5.689000000000e-06	-5.892815403811e-16	1.251165253078e-15	4.544503677763e-16
5.690000000000e-06	-3.891936118409e-16	1.315082592890e-15	1.670514332958e-16
5.691000000000e-06	-2.672180860531e-16	1.887885590550e-15	-2.147662674240e-16
5.692000000000e-06	2.568636892697e-16	-2.365627091783e-15	3.709082373733e-16
5.693000000000e-06	1.788199749028e-17	-5.527190814577e-17	-2.223408608607e-17
5.694000000000e-06	-1.349330309942e-15	5.561274004632e-15	1.714645680275e-16
5.695000000000e-06	7.726610826121e-16	6.050097198172e-15	-3.029281671704e-15
5.696000000000e-06	-6.909536905379e-16	-6.092957539007e-15	2.922134437510e-15
5.697000000000e-06	-1.006751621419e-15	2.013385336862e-14	-4.692360758781e-15
5.698000000000e-06	1.517298798732e-15	6.465027032245e-15	-4.154621117184e-15
5.699000000000e-06	6.743812267978e-15	-1.102019772629e-14	-6.520934161136e-15
5.700000000000e-06	-5.372804728440e-15	1.308557036896e-14	3.779561564634e-15
5.701000000000e-06	2.134152715888e-15	-1.527666012146e-14	1.661824468343e-15
5.702000000000e-06	-8.828237897105e-16	2.699853883919e-14	-7.267398873399e-15
5.703000000000e-06	3.638999422127e-15	1.238343407015e-15	-5.737486583344e-15
5.704000000000e-06	-1.390990220197e-14	3.122723015099e-15	1.936199688852e-14
5.705000000000e-06	9.228364349461e-16	8.502280959690e-15	-4.079088685028e-15
5.706000000000e-06	-3.053900153235e-15	1.659881911637e-14	-8.046357284105e-16
5.707000000000e-06	-2.811000229466e-15	1.722146638693e-14	-1.347245001632e-15
5.708000000000e-06	-1.377282462894e-14	3.929974500867e-14	7.708060657021e-15
5.709000000000e-06	1.168401421709e-14	-7.592238503736e-15	-1.478478500664e-14
5.710000000000e-06	-8.443122259415e-15	2.050988737186e-14	5.908847593931e-15
5.711000000000e-06	1.279044764924e-14	3.028293338627e-14	-2.842907459437e-14
5.712000000000e-06	-5.366261739335e-15	3.760932353236e-14	-3.877838048774e-15
5.713000000000e-06	1.187180979836e-14	2.546603574773e-14	-2.545858136522e-14
5.714000000000e-06	-1.308633641590e-14	8.636127619744e-14	-7.994351679754e-15
5.715000000000e-06	1.552891154475e-16	3.462005986466e-14	-1.178182592514e-14
5.716000000000e-06	-5.128729511504e-16	5.661221954928e-14	-1.675431824300e-14
5.717000000000e-06	1.854379172848e-14	9.795047939095e-14	-5.775202648798e-14
5.718000000000e-06	1.762707229957e-14	6.352351701597e-14	-4.675040788002e-14
5.719000000000e-06	-7.656400186675e-15	9.651211999657e-15	8.354834428094e-15
5.720000000000e-06	1.831385373201e-15	1.527070618836e-13	-5.072866040313e-14
5.721000000000e-06	4.270335366101e-16	1.078735341068e-13	-3.537818412639e-14
5.722000000000e-06	-2.287212068067e-14	1.342594384194e-13	-7.477388291520e-15
5.723000000000e-06	3.100388824347e-15	1.533813174250e-13	-5.252556973880e-14
5.724000000000e-06	-2.804722651461e-15	2.424384297637e-13	-7.280059319701e-14
5.725000000000e-06	-4.177629224179e-14	2.249646039595e-13	-8.115664875800e-15
5.726000000000e-06	3.108164864849e-14	1.767823643746e-13	-1.026185206602e-13
5.727000000000e-06	-1.759852285961e-15	1.989128991961e-13	-5.973168718849e-14
5.728000000000e-06	-1.376162193278e-14	2.291161630518e-13	-5.132815222758e-14
5.729000000000e-06	-5.928951798041e-15	1.866839230582e-13	-4.997076266085e-14
5.730000000000e-06	-1.399208847688e-14	2.892938374591e-13	-7.090937358170e-14
5.731000000000e-06	-1.842322873646e-14	2.638138007524e-13	-5.465633270138e-14
5.732000000000e-06	2.658669609126e-14	4.039640979454e-13	-1.651039079164e-13
5.733000000000e-06	-7.968059969149e-15	4.292403760452e-13	-1.232564386575e-13
5.734000000000e-06	-1.485631679636e-14	4.301838401778e-13	-1.108561005776e-13
5.735000000000e-06	-8.450307675992e-14	6.426547207483e-13	-7.451027289679e-14
5.736000000000e-06	-1.283304670531e-13	5.263707401252e-13	2.979918281473e-14
5.737000000000e-06	7.826042372200e-14	6.032228246321e-13	-3.062781198975e-13
5.738000000000e-06	4.085372868526e-14	7.942712580718e-13	-3.080740890347e-13
5.739000000000e-06	-1.085951848488e-13	8.090256480923e-13	-8.733540522501e-14
5.740000000000e-06	-7.078041598608e-14	8.649418705298e-13	-1.582284266823e-13
5.741000000000e-06	5.318130313473e-14	9.799951734649e-13	-3.903071820966e-13
5.742000000000e-06	-5.416350873226e-14	9.081043277946e-13	-1.994830100129e-13
5.743000000000e-06	1.385531253260e-14	1.282608084893e-12	-4.192183668621e-13
5.744000000000e-06	5.924307840261e-14	1.301482060015e-12	-4.952738168954e-13
5.745000000000e-06	-2.050628934239e-13	1.362990704615e-12	-1.112450230991e-13
5.746000000000e-06	-2.810164511449e-14	1.542076281456e-12	-4.372115363463e-13
5.747000000000e-06	1.929585572500e-13	1.570709489089e-12	-7.779351264257e-13
5.748000000000e-06	1.668674178945e-13	1.702069693100e-12	-7.796625363465e-13
5.749000000000e-06	-1.451416085612e-13	2.083796422667e-12	-4.243806048068e-13
5.750000000000e-06	1.573613838358e-14	1.895862441199e-12	-6.097527542646e-13
5.751000000000e-06	-3.102722524493e-13	2.546678088232e-12	-3.122816263503e-13
5.752000000000e-06	-1.420619199351e-13	2.530713119850e-12	-5.706809462649e-13
5.753000000000e-06	1.668409390724e-13	2.604177551886e-12	-1.056550304266e-12
5.754000000000e-06	9.137745368999e-14	3.148433672066e-12	-1.100154991991e-12
5.755000000000e-06	2.566456520037e-13	3.364973767229e-12	-1.428374058061e-12
5.756000000000e-06	5.687533930013e-14	3.675541751881e-12	-1.212931252401e-12
5.757000000000e-06	-2.407591596734e-14	4.154537800727e-12	-1.237841963042e-12
5.758000000000e-06	6.988332053655e-14	3.883713937351e-12	-1.302153121738e-12
5.759000000000e-06	1.870492368322e-14	4.448746138754e-12	-1.387690031593e-12
5.760000000000e-06	-3.073951551796e-13	5.014678657651e-12	-1.061706709903e-12
5.761000000000e-06	7.310651115931e-13	5.284710273768e-12	-2.728241775652e-12
5.762000000000e-06	2.301293075659e-13	5.268244156690e-12	-1.959167002749e-12
5.763000000000e-06	-1.334857214234e-13	6.469290679150e-12	-1.773655610671e-12
5.764000000000e-06	-6.110299402973e-14	6.710745103853e-12	-1.948805426189e-12
5.765000000000e-06	-2.482503206555e-13	7.099629889430e-12	-1.777696892594e-12
5.766000000000e-06	6.483878187634e-13	6.939853169616e-12	-3.104291253127e-12
5.767000000000e-06	-3.033074567752e-13	8.444591722567e-12	-2.099535891949e-12
5.768000000000e-06	2.432781181758e-13	8.398520653965e-12	-2.918835628988e-12
5.769000000000e-06	3.842998273922e-13	1.007264279262e-11	-3.649944455339e-12
5.770000000000e-06	-4.271496941263e-13	1.045841489814e-11	-2.504889078790e-12
5.771000000000e-06	3.764586360350e-13	9.885053183946e-12	-3.565975707431e-12
5.772000000000e-06	-5.934435173183e-13	1.138272755937e-11	-2.538543980466e-12
5.773000000000e-06	4.802703474632e-13	1.180447307857e-11	-4.291779924804e-12
5.774000000000e-06	5.291965250033e-13	1.165133033928e-11	-4.337886613463e-12
5.775000000000e-06	3.775299209711e-13	1.276956124401e-11	-4.423708503453e-12
5.776000000000e-06	2.606778791597e-13	1.319860543382e-11	-4.383286000930e-12
5.777000000000e-06	-9.271505505506e-14	1.504301867086e-11	-4.374097918794e-12
5.778000000000e-06	5.571981987303e-13	1.581514967665e-11	-5.616778748564e-12
5.779000000000e-06	-4.204479562901e-13	1.633572670329e-11	-4.248551284470e-12
5.780000000000e-06	2.412632686920e-13	1.697886428964e-11	-5.461318881163e-12
5.781000000000e-06	8.734785200791e-13	1.685459766391e-11	-6.411243974925e-12
5.782000000000e-06	3.264023361099e-13	1.821377437253e-11	-5.944351888211e-12
5.783000000000e-06	4.727100877147e-13	1.979467181792e-11	-6.653362581469e-12
5.784000000000e-06	9.262951827099e-13	1.947941933782e-11	-7.262573989584e-12
5.785000000000e-06	4.722615012514e-13	2.209199692713e-11	-7.327870025871e-12
5.786000000000e-06	2.837506027724e-13	2.160079871514e-11	-6.891736467001e-12
5.787000000000e-06	8.033632044305e-14	2.434963418388e-11	-7.364399002526e-12
5.788000000000e-06	1.086914188785e-12	2.451057471665e-11	-9.007690364866e-12
5.789000000000e-06	9.238905186565e-13	2.677551006535e-11	-9.360391394467e-12
5.790000000000e-06	5.909284011711e-13	2.661843945102e-11	-8.825265433636e-12
5.791000000000e-06	1.336379459212e-12	2.913138310473e-11	-1.073042466192e-11
5.792000000000e-06	-1.139025788834e-13	3.011035488725e-11	-8.758053561683e-12
5.793000000000e-06	1.557838197543e-12	2.791272786246e-11	-1.069439894107e-11
5.794000000000e-06	2.284567132607e-12	2.904912778067e-11	-1.213633612105e-11
5.795000000000e-06	7.948613853976e-13	3.345074275831e-11	-1.114145467607e-11
5.796000000000e-06	1.456506939021e-12	3.307490230033e-11	-1.204699175645e-11
5.797000000000e-06	2.894058626513e-12	3.485065311906e-11	-1.480533008427e-11
5.798000000000e-06	1.031618386844e-12	3.697423289571e-11	-1.250347768691e-11
5.799000000000e-06	1.806278998345e-12	3.787907720709e-11	-1.398376433610e-11
5.800000000000e-06	4.990077539244e-13	3.704861128664e-11	-1.167319090141e-11
5.801000000000e-06	2.452443799325e-12	3.975664457918e-11	-1.551349938964e-11
5.802000000000e-06	2.584969007135e-12	4.057631630601e-11	-1.595145410884e-11
5.803000000000e-06	1.636299256874e-12	4.257065963651e-11	-1.504087115813e-11
5.804000000000e-06	1.039656036526e-12	4.181756988129e-11	-1.385208868486e-11
5.805000000000e-06	1.787192079834e-12	4.343866875413e-11	-1.550397932461e-11
5.806000000000e-06	1.754120901286e-12	4.440191980228e-11	-1.571023567347e-11
5.807000000000e-06	2.181123886275e-12	4.366518976339e-11	-1.617360134957e-11
5.808000000000e-06	4.037346722720e-12	4.539071288040e-11	-1.958891120620e-11
5.809000000000e-06	2.765891055399e-12	4.797508662513e-11	-1.830875849861e-11
5.810000000000e-06	4.703185011062e-12	5.124515633591e-11	-2.232884790536e-11
5.811000000000e-06	2.112198950725e-12	4.987688807717e-11	-1.781974126452e-11
5.812000000000e-06	4.265918914480e-12	5.218366223596e-11	-2.188988029205e-11
5.813000000000e-06	3.444361775781e-12	5.461261649156e-11	-2.127648030534e-11
5.814000000000e-06	4.297287353813e-12	5.110381017668e-11	-2.160097021624e-11
5.815000000000e-06	4.994257890619e-12	5.660529097915e-11	-2.428884785592e-11
5.816000000000e-06	3.961000310338e-12	5.496312165466e-11	-2.212819548525e-11
5.817000000000e-06	5.197358573255e-12	5.538439888881e-11	-2.421232183345e-11
5.818000000000e-06	6.434906010314e-12	5.580915907096e-11	-2.629478496092e-11
5.819000000000e-06	3.880956573815e-12	6.061355494652e-11	-2.363076920577e-11
5.820000000000e-06	6.397921181767e-12	5.846096436235e-11	-2.697094083894e-11
5.821000000000e-06	4.635157098088e-12	6.277827509913e-11	-2.541933584060e-11
5.822000000000e-06	4.939792272884e-12	5.521618124808e-11	-2.364105443659e-11
5.823000000000e-06	4.732274507803e-12	6.398449945272e-11	-2.589051876527e-11
5.824000000000e-06	7.336864884447e-12	6.563681852813e-11	-3.046784751110e-11
5.825000000000e-06	5.301610089072e-12	6.240288806608e-11	-2.627823673129e-11
5.826000000000e-06	8.898186126489e-12	6.132896143913e-11	-3.172157728130e-11
5.827000000000e-06	6.397417817480e-12	6.569611961446e-11	-2.892241436814e-11
5.828000000000e-06	4.114704964472e-12	6.913870334637e-11	-2.627835914471e-11
5.829000000000e-06	7.917731565964e-12	6.247509466068e-11	-3.040163475951e-11
5.830000000000e-06	7.868443071102e-12	7.023570513747e-11	-3.258046191728e-11
5.831000000000e-06	7.213817449505e-12	6.889326692340e-11	-3.110828277430e-11
5.832000000000e-06	8.837092087031e-12	6.605108634677e-11	-3.285498822935e-11
5.833000000000e-06	8.463293197517e-12	6.859414798290e-11	-3.299192367385e-11
5.834000000000e-06	5.973463055095e-12	7.054656278289e-11	-2.952786206822e-11
5.835000000000e-06	9.822026207250e-12	6.825385085574e-11	-3.502986134302e-11
5.836000000000e-06	9.950738824718e-12	7.229966015364e-11	-3.642140571009e-11
5.837000000000e-06	8.020045928915e-12	6.998260513892e-11	-3.258235295965e-11
5.838000000000e-06	8.104690022078e-12	7.172695055248e-11	-3.319824476181e-11
5.839000000000e-06	9.539091453361e-12	6.946672989765e-11	-3.484060493485e-11
5.840000000000e-06	9.363157496837e-12	6.766017613523e-11	-3.401653732083e-11
5.841000000000e-06	8.421468593534e-12	7.344476158343e-11	-3.415467569704e-11
5.842000000000e-06	1.108590702131e-11	7.522582693812e-11	-3.891152380444e-11
5.843000000000e-06	8.244877375470e-12	7.023463231171e-11	-3.283982872105e-11
5.844000000000e-06	1.046482920244e-11	7.533831860840e-11	-3.795600040263e-11
5.845000000000e-06	1.272551728762e-11	7.093270114959e-11	-4.025123173223e-11
5.846000000000e-06	8.838183926186e-12	7.343331413856e-11	-3.470648112961e-11
5.847000000000e-06	1.354389946989e-11	6.791470759155e-11	-4.081990003436e-11
5.848000000000e-06	1.187892705215e-11	6.498774228602e-11	-3.716281998448e-11
5.849000000000e-06	1.183491154756e-11	7.191113614147e-11	-3.906373716838e-11
5.850000000000e-06	9.738433448324e-12	7.756088892501e-11	-3.721047764630e-11
5.851000000000e-06	1.383084897128e-11	7.018001265636e-11	-4.180751522022e-11
5.852000000000e-06	1.550157192063e-11	7.263674018176e-11	-4.523840631258e-11
5.853000000000e-06	1.375028419963e-11	6.059875744524e-11	-3.894572103665e-11
5.854000000000e-06	1.136017097094e-11	7.523751780978e-11	-3.909638219575e-11
5.855000000000e-06	1.384238032724e-11	7.257406640778e-11	-4.243633227598e-11
5.856000000000e-06	1.434868420978e-11	6.762011489740e-11	-4.183498582313e-11
5.857000000000e-06	1.344986562122e-11	7.002122759620e-11	-4.106599828946e-11
5.858000000000e-06	1.355496466099e-11	6.835340423859e-11	-4.078379326138e-11
5.859000000000e-06	1.407285349067e-11	6.753156217223e-11	-4.126229682052e-11
5.860000000000e-06	1.408391166756e-11	6.012636255024e-11	-3.926022207654e-11
5.861000000000e-06	1.682308500920e-11	6.727618178136e-11	-4.575019528653e-11
5.862000000000e-06	1.046701590866e-11	6.906079361395e-11	-3.581150038482e-11
5.863000000000e-06	1.813271078403e-11	6.169334505885e-11	-4.626866676866e-11
5.864000000000e-06	1.234344838576e-11	6.513066844930e-11	-3.775200090838e-11
5.865000000000e-06	1.492936857218e-11	6.350049808836e-11	-4.152260337197e-11
5.866000000000e-06	1.689032886822e-11	6.024484524664e-11	-4.384924617490e-11
5.867000000000e-06	1.298910880447e-11	6.293704216543e-11	-3.813650741581e-11
5.868000000000e-06	1.662221120711e-11	6.144841044472e-11	-4.368972805242e-11
5.869000000000e-06	1.504447049848e-11	5.568074391180e-11	-3.954143209244e-11
5.870000000000e-06	1.335367735974e-11	6.451914996332e-11	-3.912953048520e-11
5.871000000000e-06	1.401172652463e-11	5.982225721109e-11	-3.891985407252e-11
5.872000000000e-06	1.751797562465e-11	5.626235715679e-11	-4.367303349130e-11
5.873000000000e-06	1.723667390816e-11	5.607122148510e-11	-4.316635054466e-11
5.874000000000e-06	1.303787258407e-11	5.156796530231e-11	-3.508538654045e-11
5.875000000000e-06	1.867368808369e-11	5.589646821314e-11	-4.548326362646e-11
5.876000000000e-06	1.580845392908e-11	5.080151603384e-11	-3.932858467859e-11
5.877000000000e-06	1.680513788918e-11	4.799491502571e-11	-4.019019860645e-11
5.878000000000e-06	1.602662919423e-11	4.993655832568e-11	-3.943777411130e-11
5.879000000000e-06	1.831356236979e-11	4.841004957692e-11	-4.283401060116e-11
5.880000000000e-06	1.692225714561e-11	4.563455691744e-11	-3.973072817402e-11
5.881000000000e-06	1.584702548463e-11	4.968840863645e-11	-3.913938827005e-11
5.882000000000e-06	1.334986042196e-11	4.808671184668e-11	-3.446979278268e-11
5.883000000000e-06	1.615140135129e-11	4.097654564162e-11	-3.720057039718e-11
5.884000000000e-06	1.943190034953e-11	4.162505660422e-11	-4.288175630544e-11
5.885000000000e-06	1.555907503114e-11	4.232637430613e-11	-3.649296883746e-11
5.886000000000e-06	1.671602085660e-11	4.344663868210e-11	-3.882402109930e-11
5.887000000000e-06	1.487137659399e-11	4.094442149390e-11	-3.501425934844e-11
5.888000000000e-06	1.593411404270e-11	4.524015813395e-11	-3.801376064284e-11
5.889000000000e-06	1.511613016571e-11	3.465784118837e-11	-3.379155740671e-11
5.890000000000e-06	1.663975100175e-11	3.461082141064e-11	-3.632635352834e-11
5.891000000000e-06	1.702191464240e-11	3.625210881135e-11	-3.734219970130e-11
5.892000000000e-06	1.156809285322e-11	3.755139634504e-11	-2.874364969991e-11
5.893000000000e-06	1.482855431437e-11	3.226488618801e-11	-3.262240258958e-11
5.894000000000e-06	1.296842326931e-11	3.529944981727e-11	-3.034759124224e-11
5.895000000000e-06	1.416516477395e-11	3.277668345379e-11	-3.161473076021e-11
5.896000000000e-06	1.505169069720e-11	2.889627548408e-11	-3.203239339384e-11
5.897000000000e-06	1.660909631076e-11	2.532689249408e-11	-3.373175893839e-11
5.898000000000e-06	1.132860914137e-11	2.921024897476e-11	-2.591312568758e-11
5.899000000000e-06	1.609418651375e-11	3.160572496783e-11	-3.465585688146e-11
5.900000000000e-06	1.354461240887e-11	2.440097102296e-11	-2.831425200325e-11
5.901000000000e-06	1.673236307291e-11	1.775773239351e-11	-3.193222712607e-11
5.902000000000e-06	1.520416543815e-11	2.773827032652e-11	-3.212740884615e-11
5.903000000000e-06	1.205493995585e-11	1.939514930635e-11	-2.448827629771e-11
5.904000000000e-06	1.314242934994e-11	2.405858158394e-11	-2.756644571662e-11
5.905000000000e-06	1.280058717522e-11	2.087973897681e-11	-2.622776191250e-11
5.906000000000e-06	1.264639164570e-11	1.751167107326e-11	-2.499747721677e-11
5.907000000000e-06	1.431554505619e-11	8.484288627836e-12	-2.540229771862e-11
5.908000000000e-06	1.176176577604e-11	1.763390712371e-11	-2.351354358197e-11
5.909000000000e-06	1.200047105592e-11	2.034452969450e-11	-2.469893175503e-11
5.910000000000e-06	1.392464111561e-11	1.192440367064e-11	-2.577598015364e-11
5.911000000000e-06	9.457966615651e-12	1.362850150029e-11	-1.868924859430e-11
5.912000000000e-06	1.266130511096e-11	1.149871772777e-11	-2.355605057636e-11
5.913000000000e-06	1.179536935844e-11	7.851958833835e-12	-2.097730009309e-11
5.914000000000e-06	1.250808330194e-11	1.059586623940e-11	-2.301156089636e-11
5.915000000000e-06	9.327378642365e-12	1.114601905656e-11	-1.774837405475e-11
5.916000000000e-06	1.305978844034e-11	6.980413513413e-12	-2.294054419090e-11
5.917000000000e-06	5.803085858720e-12	1.193075538169e-11	-1.204639816096e-11
5.918000000000e-06	1.096362152050e-11	3.742508611926e-12	-1.868311438419e-11
5.919000000000e-06	1.104305078942e-11	5.240715495425e-12	-1.910711180143e-11
5.920000000000e-06	1.016043903854e-11	-7.624948727671e-13	-1.616766627637e-11
5.921000000000e-06	6.588771897902e-12	3.797469709531e-12	-1.110630813897e-11
5.922000000000e-06	9.309605625472e-12	-3.222209671891e-12	-1.398909382898e-11
5.923000000000e-06	9.462824360885e-12	4.156166806970e-12	-1.614796807772e-11
5.924000000000e-06	2.919968907130e-12	-2.428239181415e-12	-3.333085358098e-12
5.925000000000e-06	1.106910887176e-11	6.325064854740e-13	-1.814235416875e-11
5.926000000000e-06	1.049568652197e-11	-3.667938371001e-12	-1.586328475195e-11
5.927000000000e-06	8.829720228321e-12	-6.918626406924e-12	-1.223533272121e-11
5.928000000000e-06	9.879307749209e-12	-2.785158431907e-12	-1.513403634035e-11
5.929000000000e-06	7.113747564007e-12	-5.335008178911e-12	-9.710945439236e-12
5.930000000000e-06	5.065891265036e-12	-5.497111399311e-12	-6.380355335611e-12
5.931000000000e-06	8.752768949464e-12	-8.157669084521e-12	-1.181743613145e-11
5.932000000000e-06	7.782096890049e-12	-5.614695367367e-12	-1.078066340646e-11
5.933000000000e-06	8.592174090038e-12	-1.337320175277e-11	-1.020503379581e-11
5.934000000000e-06	6.717507700794e-12	-4.549237232240e-12	-9.517997592872e-12
5.935000000000e-06	6.287926696768e-12	-1.491022397858e-11	-5.805852786841e-12
5.936000000000e-06	8.775798235011e-12	-1.142724767568e-11	-1.109320462870e-11
5.937000000000e-06	4.310813853739e-12	-1.339955183628e-11	-3.063932618215e-12
5.938000000000e-06	6.380876037822e-12	-1.099526952649e-11	-7.065989752199e-12
5.939000000000e-06	4.932683181159e-12	-1.055470732980e-11	-4.693706654576e-12
5.940000000000e-06	5.207785864024e-12	-1.562441278997e-11	-3.974729602766e-12
5.941000000000e-06	6.879663834364e-12	-1.641520456106e-11	-6.662652139642e-12
5.942000000000e-06	3.068947342619e-12	-1.208536065418e-11	-1.228179481067e-12
5.943000000000e-06	6.647892867722e-12	-1.852695804338e-11	-5.573015250325e-12
5.944000000000e-06	5.574810176468e-12	-1.408657398263e-11	-4.915792511192e-12
5.945000000000e-06	5.047680095965e-12	-1.334663397194e-11	-4.328883059722e-12
5.946000000000e-06	1.128242844034e-12	-1.700928929694e-11	3.377303256173e-12
5.947000000000e-06	5.305511353188e-12	-1.936197175838e-11	-3.218655958371e-12
5.948000000000e-06	2.280974397601e-12	-1.852172443959e-11	1.798429432649e-12
5.949000000000e-06	5.498224468162e-12	-1.953846791924e-11	-3.592063631887e-12
5.950000000000e-06	1.151829129860e-12	-1.810407208759e-11	3.522625061154e-12
5.951000000000e-06	5.697805645510e-12	-1.796870467485e-11	-4.261444257779e-12
5.952000000000e-06	-9.198263184201e-13	-2.024420553891e-11	7.859315507443e-12
5.953000000000e-06	2.200484398476e-12	-2.469715336417e-11	3.381623103809e-12
5.954000000000e-06	2.190962887034e-12	-2.282068868714e-11	2.825575923385e-12
5.955000000000e-06	4.417064197286e-12	-3.312200524944e-11	1.792332276190e-12
5.956000000000e-06	4.474518975240e-12	-1.941690321702e-11	-2.028179805997e-12
5.957000000000e-06	-5.452203817349e-13	-1.923986775407e-11	6.782425101710e-12
5.958000000000e-06	2.680859781275e-12	-2.446755616810e-11	2.452615560287e-12
5.959000000000e-06	2.336405373173e-12	-2.219325326014e-11	2.523812188284e-12
5.960000000000e-06	4.588822942685e-12	-2.227233144867e-11	-1.375242295580e-12
5.961000000000e-06	5.085495844171e-14	-2.343079357364e-11	6.859494032323e-12
5.962000000000e-06	3.344907340645e-12	-2.504991055340e-11	1.498270103958e-12
5.963000000000e-06	-4.126648111421e-13	-2.271970886777e-11	7.394011740075e-12
5.964000000000e-06	1.113553880013e-12	-2.661081916164e-11	5.701414538033e-12
5.965000000000e-06	-1.493132058123e-12	-2.374595634101e-11	9.604278724194e-12
5.966000000000e-06	2.104938557187e-12	-3.224594814190e-11	5.345853360147e-12
5.967000000000e-06	7.256056524763e-13	-2.791304366050e-11	6.558628615205e-12
5.968000000000e-06	4.640982066896e-13	-3.199639193212e-11	8.052134697755e-12
5.969000000000e-06	-1.321498108266e-12	-2.649079408621e-11	9.944016422300e-12
5.970000000000e-06	1.011932961325e-12	-2.518579527066e-11	5.400179463302e-12
5.971000000000e-06	-1.710916415063e-12	-3.021814633755e-11	1.147340863463e-11
5.972000000000e-06	6.039814627781e-13	-2.298701146483e-11	5.683470449737e-12
5.973000000000e-06	-1.201436494364e-12	-2.784604368171e-11	1.000041406148e-11
5.974000000000e-06	3.169858103259e-13	-2.619829314602e-11	6.851080824812e-12
5.975000000000e-06	-1.789927638256e-13	-2.806386397915e-11	8.070093275138e-12
5.976000000000e-06	-1.150330746128e-12	-2.772633066146e-11	9.863692209944e-12
5.977000000000e-06	8.635980283117e-13	-3.186198100419e-11	7.342539253809e-12
5.978000000000e-06	-2.165682866539e-12	-3.103305166112e-11	1.254211644844e-11
5.979000000000e-06	-9.039884111296e-13	-3.080749188666e-11	1.008589578169e-11
5.980000000000e-06	-1.974076523273e-12	-3.371125304718e-11	1.277676848090e-11
5.981000000000e-06	-2.539188622227e-12	-3.091682524868e-11	1.319547097460e-11
5.982000000000e-06	-6.697907481739e-13	-3.629397312123e-11	1.092364288433e-11
5.983000000000e-06	-2.170570996667e-12	-2.995554392704e-11	1.216535919942e-11
5.984000000000e-06	-1.827088623237e-12	-2.495674763438e-11	1.031828559443e-11
5.985000000000e-06	-3.004484087812e-12	-2.783554906986e-11	1.310588694373e-11
5.986000000000e-06	-1.730796799462e-12	-3.398659511006e-11	1.225063024199e-11
5.987000000000e-06	-4.322202902150e-12	-2.987004483466e-11	1.589497250837e-11
5.988000000000e-06	-8.493388044806e-13	-3.243388077783e-11	1.032675758009e-11
5.989000000000e-06	-1.648029733318e-12	-2.977501892569e-11	1.100749413328e-11
5.990000000000e-06	-3.086079013989e-12	-2.986563958080e-11	1.366407866798e-11
5.991000000000e-06	-6.060630313359e-13	-3.525559611917e-11	1.055234861734e-11
5.992000000000e-06	-6.145387365271e-12	-2.744649331191e-11	1.869246251482e-11
5.993000000000e-06	-2.696742763430e-12	-2.953226456502e-11	1.273125148324e-11
5.994000000000e-06	-3.111525151918e-12	-3.062506477323e-11	1.378695215654e-11
5.995000000000e-06	5.937900565575e-14	-3.125479398018e-11	8.324130393677e-12
5.996000000000e-06	3.253322207060e-13	-3.065639500550e-11	7.720757756462e-12
5.997000000000e-06	-4.255863816618e-12	-3.714758012001e-11	1.742068528639e-11
5.998000000000e-06	-2.075848419058e-12	-3.258717086916e-11	1.230998526374e-11
5.999000000000e-06	-2.865597639788e-12	-3.137507224511e-11	1.364635145569e-11
6.000000000000e-06	-3.321380143814e-12	-3.940351206877e-11	1.630131989819e-11
6.001000000000e-06	-2.123109815464e-12	-2.876428892278e-11	1.150860025851e-11
6.002000000000e-06	-1.618731018159e-12	-3.099529308073e-11	1.118632612287e-11
6.003000000000e-06	-2.232357272271e-12	-2.764768583840e-11	1.152370726132e-11
6.004000000000e-06	-3.445054497858e-12	-3.431406366955e-11	1.520957401770e-11
6.005000000000e-06	-3.449208538337e-12	-2.860878324979e-11	1.378785437017e-11
6.006000000000e-06	-6.220824771550e-12	-3.447353402030e-11	2.025006213672e-11
6.007000000000e-06	-3.119691990240e-12	-3.334122005143e-11	1.446284629277e-11
6.008000000000e-06	-3.368482292164e-12	-3.385994105341e-11	1.506470278968e-11
6.009000000000e-06	-1.735614334949e-12	-3.734994187102e-11	1.271438194893e-11
6.010000000000e-06	-4.480205065208e-12	-3.036596824173e-11	1.624313939621e-11
6.011000000000e-06	-1.772081537893e-12	-2.817402534173e-11	1.062292961421e-11
6.012000000000e-06	-5.955906248124e-12	-2.993645798329e-11	1.876977686410e-11
6.013000000000e-06	-4.789057680918e-12	-3.034716873724e-11	1.655168685853e-11
6.014000000000e-06	-2.932064975050e-12	-3.308635517093e-11	1.374137762389e-11
6.015000000000e-06	-4.361968699699e-12	-3.057017978837e-11	1.585189026539e-11
6.016000000000e-06	-4.658599793514e-12	-2.605633434294e-11	1.547292869283e-11
6.017000000000e-06	-3.525898915690e-12	-3.292253537755e-11	1.501025427892e-11
6.018000000000e-06	-3.764648426159e-12	-3.755957263292e-11	1.642267987710e-11
6.019000000000e-06	-2.713251190545e-12	-3.555629256040e-11	1.428362139895e-11
6.020000000000e-06	-6.274933020166e-12	-3.137660336535e-11	1.962857558785e-11
6.021000000000e-06	-3.967633185048e-12	-3.346619883260e-11	1.592390224085e-11
6.022000000000e-06	-3.356121686596e-12	-2.780628791878e-11	1.349092601066e-11
6.023000000000e-06	-3.972114795559e-12	-3.039075855449e-11	1.503930235169e-11
6.024000000000e-06	-3.358770177196e-12	-3.098107438532e-11	1.405796159066e-11
6.025000000000e-06	-3.421651709070e-12	-2.726918429840e-11	1.335532113984e-11
6.026000000000e-06	-3.401000111681e-12	-3.191344804048e-11	1.420434641237e-11
6.027000000000e-06	-5.874009523151e-12	-2.775660477177e-11	1.803719658213e-11
6.028000000000e-06	-3.951622259925e-12	-3.069543557226e-11	1.501191506838e-11
6.029000000000e-06	-4.409567925565e-12	-3.154022626766e-11	1.618264706311e-11
6.030000000000e-06	-3.746296125885e-12	-2.778199797287e-11	1.423471732374e-11
6.031000000000e-06	-5.854293063128e-12	-3.226353211026e-11	1.900834812586e-11
6.032000000000e-06	-4.340126740547e-12	-3.269515921462e-11	1.616472652851e-11
6.033000000000e-06	-2.897573373132e-12	-2.762180597658e-11	1.228631774998e-11
6.034000000000e-06	-4.080822995656e-12	-2.897089271884e-11	1.482120676033e-11
6.035000000000e-06	-5.813548491192e-12	-2.719536021268e-11	1.779037483475e-11
6.036000000000e-06	-5.541343778951e-12	-2.612522834178e-11	1.701257756203e-11
6.037000000000e-06	-3.552603475584e-12	-2.875157741641e-11	1.362063568711e-11
6.038000000000e-06	-4.185788708698e-12	-2.982028886552e-11	1.521894213518e-11
6.039000000000e-06	-4.203311743586e-12	-3.228893709974e-11	1.573232964590e-11
6.040000000000e-06	-6.298642841850e-12	-2.685718078230e-11	1.865839271392e-11
6.041000000000e-06	-3.403512708320e-12	-3.014719071838e-11	1.382741171358e-11
6.042000000000e-06	-3.324559844964e-12	-2.551205700907e-11	1.281311786102e-11
6.043000000000e-06	-6.410417999945e-12	-2.931245289610e-11	1.899114390938e-11
6.044000000000e-06	-3.195757289064e-12	-2.686987967092e-11	1.278382595668e-11
6.045000000000e-06	-6.512302097152e-12	-2.662140164112e-11	1.878049025054e-11
6.046000000000e-06	-4.845886810965e-12	-2.848194061617e-11	1.633711925404e-11
6.047000000000e-06	-4.700842133897e-12	-2.834799919726e-11	1.582274248512e-11
6.048000000000e-06	-4.640406767632e-12	-2.752409684798e-11	1.549389151851e-11
6.049000000000e-06	-4.646273910002e-12	-3.149284011283e-11	1.650742011489e-11
6.050000000000e-06	-7.293579172610e-12	-2.390662272245e-11	1.984420335300e-11
6.051000000000e-06	-4.068974950648e-12	-2.637777031631e-11	1.414729288338e-11
6.052000000000e-06	-5.830920320886e-12	-2.733089940598e-11	1.757871713366e-11
6.053000000000e-06	-3.957597256157e-12	-2.922004171609e-11	1.464267478287e-11
6.054000000000e-06	-4.309351955426e-12	-2.628465177232e-11	1.448830152829e-11
6.055000000000e-06	-4.892786782271e-12	-2.541512077812e-11	1.551282273974e-11
6.056000000000e-06	-5.285157520774e-12	-2.604733761746e-11	1.641742076078e-11
6.057000000000e-06	-6.785444439347e-12	-2.327208577270e-11	1.849935718408e-11
6.058000000000e-06	-2.920800566905e-12	-2.925521513105e-11	1.260835811199e-11
6.059000000000e-06	-5.327466390957e-12	-2.368407120185e-11	1.578852641042e-11
6.060000000000e-06	-5.833183989611e-12	-2.728627011385e-11	1.760819188028e-11
6.061000000000e-06	-4.825148765834e-12	-2.605179817627e-11	1.534641306547e-11
6.062000000000e-06	-4.217858920414e-12	-2.546388020627e-11	1.433032093872e-11
6.063000000000e-06	-4.743097514251e-12	-2.920562674614e-11	1.576083327954e-11
6.064000000000e-06	-6.013450621026e-12	-2.231286284461e-11	1.669125278124e-11
6.065000000000e-06	-4.944706299248e-12	-2.463991701326e-11	1.528470066202e-11
6.066000000000e-06	-6.209547719296e-12	-2.210128705369e-11	1.701154649549e-11
6.067000000000e-06	-5.234640667614e-12	-2.661178208497e-11	1.633641560117e-11
6.068000000000e-06	-4.710929019896e-12	-2.485811163436e-11	1.507559569679e-11
6.069000000000e-06	-3.691818136837e-12	-2.095000436900e-11	1.229271210591e-11
6.070000000000e-06	-2.429998238587e-12	-2.892246495269e-11	1.137007679514e-11
6.071000000000e-06	-6.792800694387e-12	-2.251385876220e-11	1.823099886017e-11
6.072000000000e-06	-5.332326845751e-12	-2.267017143634e-11	1.550861580423e-11
6.073000000000e-06	-5.398240355459e-12	-2.588927180693e-11	1.640537476762e-11
6.074000000000e-06	-2.741562195377e-12	-2.700753064206e-11	1.168679540324e-11
6.075000000000e-06	-3.214731513255e-12	-2.689044803517e-11	1.264543884432e-11
6.076000000000e-06	-4.005422101820e-12	-2.379923396584e-11	1.330677907777e-11
6.077000000000e-06	-5.128041641671e-12	-2.137079985017e-11	1.501166616602e-11
6.078000000000e-06	-4.137454962707e-12	-2.574035375297e-11	1.377563461964e-11
6.079000000000e-06	-5.840846643446e-12	-2.225706919434e-11	1.648578321506e-11
6.080000000000e-06	-4.064238744241e-12	-2.231967998094e-11	1.307432376412e-11
6.081000000000e-06	-5.152392131837e-12	-2.410524466033e-11	1.561506581794e-11
6.082000000000e-06	-5.532479609978e-12	-2.434315499190e-11	1.598745521869e-11
6.083000000000e-06	-6.436865622785e-12	-2.029450128757e-11	1.709747881641e-11
6.084000000000e-06	-1.596558926709e-12	-2.445916061668e-11	8.787295514103e-12
6.085000000000e-06	-6.090775422190e-12	-2.322517447892e-11	1.699860528108e-11
6.086000000000e-06	-4.952067870679e-12	-2.218969602331e-11	1.476453659893e-11
6.087000000000e-06	-5.880257166919e-12	-2.164433544269e-11	1.645564273147e-11
6.088000000000e-06	-4.149604735544e-12	-2.092847737169e-11	1.291078265636e-11
6.089000000000e-06	-4.510634004734e-12	-2.146598174889e-11	1.377186917817e-11
6.090000000000e-06	-3.617754006743e-12	-2.088844437843e-11	1.200991987136e-11
6.091000000000e-06	-3.081988469593e-12	-2.173649428756e-11	1.098489161464e-11
6.092000000000e-06	-3.774721354153e-12	-2.369339058321e-11	1.277277816634e-11
6.093000000000e-06	-7.345476832873e-12	-1.583980190141e-11	1.801509798023e-11
6.094000000000e-06	-4.474600945027e-12	-2.270936419339e-11	1.379673095460e-11
6.095000000000e-06	-5.897606751377e-12	-1.702932082567e-11	1.534928542886e-11
6.096000000000e-06	-4.580457772840e-12	-2.296432571722e-11	1.404727690256e-11
6.097000000000e-06	-5.213384605680e-12	-2.152527130737e-11	1.514452109879e-11
6.098000000000e-06	-2.628491725108e-12	-1.792901367699e-11	9.408078394637e-12
6.099000000000e-06	-6.193678748148e-12	-2.023096067554e-11	1.664744961843e-11
6.100000000000e-06	-3.649569800082e-12	-1.876622704063e-11	1.123705609852e-11
6.101000000000e-06	-3.306069063423e-12	-1.882666584029e-11	1.069545705506e-11
6.102000000000e-06	-4.866438658391e-12	-2.049781766884e-11	1.427189167411e-11
