1.326000000000e-06	0.000000000000e+00	0.000000000000e+00	0.000000000000e+00
1.327000000000e-06	0.000000000000e+00	0.000000000000e+00	0.000000000000e+00
1.328000000000e-06	0.000000000000e+00	0.000000000000e+00	0.000000000000e+00
1.329000000000e-06	0.000000000000e+00	0.000000000000e+00	0.000000000000e+00
1.330000000000e-06	0.000000000000e+00	0.000000000000e+00	0.000000000000e+00
1.331000000000e-06	0.000000000000e+00	0.000000000000e+00	0.000000000000e+00
1.332000000000e-06	0.000000000000e+00	0.000000000000e+00	0.000000000000e+00
1.333000000000e-06	0.000000000000e+00	0.000000000000e+00	0.000000000000e+00
1.334000000000e-06	0.000000000000e+00	0.000000000000e+00	0.000000000000e+00
1.335000000000e-06	0.000000000000e+00	0.000000000000e+00	0.000000000000e+00
1.336000000000e-06	0.000000000000e+00	0.000000000000e+00	0.000000000000e+00
1.337000000000e-06	0.000000000000e+00	0.000000000000e+00	0.000000000000e+00
1.338000000000e-06	0.000000000000e+00	0.000000000000e+00	0.000000000000e+00
1.339000000000e-06	0.000000000000e+00	0.000000000000e+00	0.000000000000e+00
1.340000000000e-06	0.000000000000e+00	0.000000000000e+00	0.000000000000e+00
1.341000000000e-06	0.000000000000e+00	0.000000000000e+00	0.000000000000e+00
1.342000000000e-06	0.000000000000e+00	0.000000000000e+00	0.000000000000e+00
1.343000000000e-06	0.000000000000e+00	0.000000000000e+00	0.000000000000e+00
1.344000000000e-06	0.000000000000e+00	0.000000000000e+00	0.000000000000e+00
1.345000000000e-06	0.000000000000e+00	0.000000000000e+00	0.000000000000e+00
1.346000000000e-06	0.000000000000e+00	0.000000000000e+00	0.000000000000e+00
1.347000000000e-06	0.000000000000e+00	0.000000000000e+00	0.000000000000e+00
1.348000000000e-06	0.000000000000e+00	0.000000000000e+00	0.000000000000e+00
1.349000000000e-06	0.000000000000e+00	0.000000000000e+00	0.000000000000e+00
1.350000000000e-06	0.000000000000e+00	0.000000000000e+00	0.000000000000e+00
1.351000000000e-06	0.000000000000e+00	0.000000000000e+00	0.000000000000e+00
1.352000000000e-06	0.000000000000e+00	0.000000000000e+00	0.000000000000e+00
1.353000000000e-06	0.000000000000e+00	0.000000000000e+00	0.000000000000e+00
1.354000000000e-06	0.000000000000e+00	0.000000000000e+00	0.000000000000e+00
1.355000000000e-06	0.000000000000e+00	0.000000000000e+00	0.000000000000e+00
1.356000000000e-06	0.000000000000e+00	0.000000000000e+00	0.000000000000e+00
1.357000000000e-06	0.000000000000e+00	0.000000000000e+00	0.000000000000e+00
1.358000000000e-06	0.000000000000e+00	0.000000000000e+00	0.000000000000e+00
1.359000000000e-06	0.000000000000e+00	0.000000000000e+00	0.000000000000e+00
1.360000000000e-06	0.000000000000e+00	0.000000000000e+00	0.000000000000e+00
1.361000000000e-06	0.000000000000e+00	0.000000000000e+00	0.000000000000e+00
1.362000000000e-06	0.000000000000e+00	0.000000000000e+00	0.000000000000e+00
1.363000000000e-06	0.000000000000e+00	0.000000000000e+00	0.000000000000e+00
1.364000000000e-06	0.000000000000e+00	0.000000000000e+00	0.000000000000e+00
1.365000000000e-06	0.000000000000e+00	0.000000000000e+00	0.000000000000e+00
1.366000000000e-06	0.000000000000e+00	0.000000000000e+00	0.000000000000e+00
1.367000000000e-06	0.000000000000e+00	0.000000000000e+00	0.000000000000e+00
1.368000000000e-06	0.000000000000e+00	0.000000000000e+00	0.000000000000e+00
1.369000000000e-06	0.000000000000e+00	0.000000000000e+00	0.000000000000e+00
1.370000000000e-06	0.000000000000e+00	0.000000000000e+00	0.000000000000e+00
1.371000000000e-06	0.000000000000e+00	0.000000000000e+00	0.000000000000e+00
1.372000000000e-06	0.000000000000e+00	0.000000000000e+00	0.000000000000e+00
1.373000000000e-06	0.000000000000e+00	0.000000000000e+00	0.000000000000e+00
1.374000000000e-06	0.000000000000e+00	0.000000000000e+00	0.000000000000e+00
1.375000000000e-06	0.000000000000e+00	0.000000000000e+00	0.000000000000e+00
1.376000000000e-06	0.000000000000e+00	0.000000000000e+00	0.000000000000e+00
1.377000000000e-06	0.000000000000e+00	0.000000000000e+00	0.000000000000e+00
1.378000000000e-06	0.000000000000e+00	0.000000000000e+00	0.000000000000e+00
1.379000000000e-06	0.000000000000e+00	0.000000000000e+00	0.000000000000e+00
1.380000000000e-06	0.000000000000e+00	0.000000000000e+00	0.000000000000e+00
1.381000000000e-06	0.000000000000e+00	0.000000000000e+00	0.000000000000e+00
1.382000000000e-06	0.000000000000e+00	0.000000000000e+00	0.000000000000e+00
1.383000000000e-06	0.000000000000e+00	0.000000000000e+00	0.000000000000e+00
1.384000000000e-06	0.000000000000e+00	0.000000000000e+00	0.000000000000e+00
1.385000000000e-06	0.000000000000e+00	0.000000000000e+00	0.000000000000e+00
1.386000000000e-06	0.000000000000e+00	0.000000000000e+00	0.000000000000e+00
1.387000000000e-06	0.000000000000e+00	0.000000000000e+00	0.000000000000e+00
1.388000000000e-06	-4.485826826149e-17	1.260487108667e-16	2.363531322120e-17
1.389000000000e-06	-2.971249375245e-16	1.086359163333e-15	7.930325404013e-17
1.390000000000e-06	1.771319376294e-16	-3.389003820665e-16	-1.430615266558e-16
1.391000000000e-06	-1.737761763451e-17	4.219070621804e-16	-1.057189400875e-16
1.392000000000e-06	-2.250221575867e-15	4.323317505641e-15	1.829711387832e-15
1.393000000000e-06	3.296456692901e-15	4.159318031359e-15	-5.960548555792e-15
1.394000000000e-06	2.094010543480e-16	2.035407527174e-14	-6.518517976114e-15
1.395000000000e-06	7.589319667724e-16	6.175947543627e-15	-2.921281154815e-15
1.396000000000e-06	-3.675550527489e-15	-3.779467549932e-15	6.367837439498e-15
1.397000000000e-06	8.701024558728e-16	3.094083919568e-14	-1.077274168049e-14
1.398000000000e-06	-6.312493314608e-15	8.669711992823e-14	-1.723029655002e-14
1.399000000000e-06	1.710499440388e-14	4.312163169426e-14	-3.702870991685e-14
1.400000000000e-06	-1.298575896808e-14	9.342300178982e-14	-1.015661229653e-14
1.401000000000e-06	6.981951658068e-15	1.415163695503e-13	-5.255660976479e-14
1.402000000000e-06	-4.985196339846e-14	1.365889940062e-13	2.881479100590e-14
1.403000000000e-06	-4.327236557213e-14	2.393190843776e-13	-1.123302770721e-14
1.404000000000e-06	4.669483332427e-14	7.141445289307e-14	-8.730216986778e-14
1.405000000000e-06	-7.300948884627e-14	5.738976026033e-13	-6.835759435300e-14
1.406000000000e-06	-6.855332334145e-14	5.487582480714e-13	-6.544201349806e-14
1.407000000000e-06	-8.971485975659e-14	3.734352755799e-13	1.709916775132e-14
1.408000000000e-06	1.959810473265e-14	6.152263165664e-13	-2.094782055828e-13
1.409000000000e-06	-5.067009021990e-15	8.313982678448e-13	-2.367644493458e-13
1.410000000000e-06	-3.997015672819e-14	1.362980259371e-12	-3.455735093573e-13
1.411000000000e-06	-4.311022725716e-14	1.307464322753e-12	-3.212280991665e-13
1.412000000000e-06	-2.330544454059e-13	1.468465943490e-12	-9.632809165902e-14
1.413000000000e-06	-1.094752841224e-15	1.366803627447e-12	-3.956800890366e-13
1.414000000000e-06	-1.527277150483e-13	2.521748392742e-12	-5.167915058815e-13
1.415000000000e-06	2.688797141774e-14	2.815716522098e-12	-8.560127397367e-13
1.416000000000e-06	-3.514196227895e-13	3.299595409284e-12	-4.533064095984e-13
1.417000000000e-06	-4.258857412092e-14	4.178886745923e-12	-1.139353076652e-12
1.418000000000e-06	-2.328678728501e-13	5.048912776919e-12	-1.120621616138e-12
1.419000000000e-06	-1.157340386705e-13	5.812940538836e-12	-1.502428746523e-12
1.420000000000e-06	-5.517862864712e-13	7.149134154958e-12	-1.257983949531e-12
1.421000000000e-06	-5.840495836625e-14	8.222593974116e-12	-2.260125710580e-12
1.422000000000e-06	-5.999598600511e-13	9.539498121606e-12	-1.840819511859e-12
1.423000000000e-06	-7.710011858181e-13	1.072899662950e-11	-1.937563470992e-12
1.424000000000e-06	2.827071327081e-13	1.257011521297e-11	-3.943912165701e-12
1.425000000000e-06	-7.108660848632e-13	1.600198224933e-11	-3.490536103114e-12
1.426000000000e-06	-5.719160579709e-13	1.708288581703e-11	-3.968883871927e-12
1.427000000000e-06	-8.118833602782e-13	1.951876996958e-11	-4.281814790835e-12
1.428000000000e-06	5.794881174407e-14	2.037138173650e-11	-5.756141159759e-12
1.429000000000e-06	-6.138425089573e-13	2.530481372689e-11	-6.145186850108e-12
1.430000000000e-06	-9.072529634121e-13	2.971854431595e-11	-6.919206771296e-12
1.431000000000e-06	-6.535446062509e-13	2.917898821207e-11	-7.115929422284e-12
1.432000000000e-06	-1.315208575887e-12	3.422011379751e-11	-7.524890463483e-12
1.433000000000e-06	2.752225738039e-13	3.698893414610e-11	-1.055197300045e-11
1.434000000000e-06	-6.984343808942e-13	4.228777169624e-11	-1.055936554145e-11
1.435000000000e-06	-1.609692958369e-12	4.634342621575e-11	-1.029760614243e-11
1.436000000000e-06	-3.865239230901e-13	4.902298951043e-11	-1.278451048704e-11
1.437000000000e-06	-3.249610610636e-14	5.708981087132e-11	-1.541187570174e-11
1.438000000000e-06	-2.073333487677e-12	6.143677651647e-11	-1.358139989660e-11
1.439000000000e-06	-1.139570065254e-12	6.579141652488e-11	-1.605040467270e-11
1.440000000000e-06	2.668828844844e-13	6.835154976343e-11	-1.871441434099e-11
1.441000000000e-06	-6.834595811805e-13	7.285885329647e-11	-1.854075109102e-11
1.442000000000e-06	-2.543108630740e-12	8.035931251235e-11	-1.770232993888e-11
1.443000000000e-06	1.130972333401e-12	8.062091710829e-11	-2.269177386550e-11
1.444000000000e-06	3.391695416806e-13	8.905054939211e-11	-2.385272989048e-11
1.445000000000e-06	-2.709294982014e-12	1.005036920085e-10	-2.244908409457e-11
1.446000000000e-06	3.414767551150e-12	9.154001464756e-11	-2.883542923246e-11
1.447000000000e-06	3.843822300569e-13	1.054904546047e-10	-2.805399601287e-11
1.448000000000e-06	-4.087721788893e-13	1.092610914423e-10	-2.789759635172e-11
1.449000000000e-06	3.371269674051e-12	1.077541492005e-10	-3.268676266218e-11
1.450000000000e-06	2.347781580528e-12	1.239419032654e-10	-3.562684628982e-11
1.451000000000e-06	9.105865676211e-13	1.227772630763e-10	-3.260485065471e-11
1.452000000000e-06	7.836385143395e-13	1.270437258532e-10	-3.352373178155e-11
1.453000000000e-06	6.506624414663e-12	1.321455714178e-10	-4.312698416234e-11
1.454000000000e-06	1.933301206930e-12	1.354854752558e-10	-3.938682269688e-11
1.455000000000e-06	5.756569561983e-12	1.364856517344e-10	-4.280572911674e-11
1.456000000000e-06	4.726225652586e-12	1.464189202271e-10	-4.375349505973e-11
1.457000000000e-06	5.788966709070e-12	1.498223822572e-10	-4.595110352342e-11
1.458000000000e-06	7.410206404416e-12	1.501818298676e-10	-4.824420108365e-11
1.459000000000e-06	4.865230883238e-12	1.572746825759e-10	-4.614368665772e-11
1.460000000000e-06	6.314917628326e-12	1.634499060422e-10	-4.963162652956e-11
1.461000000000e-06	8.035215891470e-12	1.563445646903e-10	-4.994401917621e-11
1.462000000000e-06	8.167393370208e-12	1.614455942213e-10	-5.144631446296e-11
1.463000000000e-06	1.076690662786e-11	1.665519260838e-10	-5.637062506933e-11
1.464000000000e-06	1.222024744063e-11	1.657629654021e-10	-5.802299442384e-11
1.465000000000e-06	7.775974829566e-12	1.735165006206e-10	-5.306817644012e-11
1.466000000000e-06	1.297221844432e-11	1.639251944769e-10	-5.921337192142e-11
1.467000000000e-06	1.139387627511e-11	1.741076203405e-10	-5.839645950188e-11
1.468000000000e-06	1.029740825573e-11	1.766697347317e-10	-5.715260967356e-11
1.469000000000e-06	1.173778066030e-11	1.700929956343e-10	-5.738648277993e-11
1.470000000000e-06	1.516005300369e-11	1.825569825097e-10	-6.521715228287e-11
1.471000000000e-06	2.207173253861e-11	1.586791206697e-10	-6.952519893609e-11
1.472000000000e-06	1.211236621615e-11	1.784219185971e-10	-5.881041757605e-11
1.473000000000e-06	2.212454405434e-11	1.599823802030e-10	-6.938751687025e-11
1.474000000000e-06	1.997408506003e-11	1.724579080180e-10	-6.897263958814e-11
1.475000000000e-06	1.876270301279e-11	1.670635851174e-10	-6.562723651423e-11
1.476000000000e-06	2.021024085827e-11	1.575143430009e-10	-6.563507254284e-11
1.477000000000e-06	2.090524187857e-11	1.649143839771e-10	-6.801961300063e-11
1.478000000000e-06	2.059577433722e-11	1.668089277992e-10	-6.782978309999e-11
1.479000000000e-06	2.098730134755e-11	1.583684433454e-10	-6.621809182994e-11
1.480000000000e-06	2.238153425331e-11	1.593361373339e-10	-6.815389814005e-11
1.481000000000e-06	2.238870669131e-11	1.521954606846e-10	-6.647253050893e-11
1.482000000000e-06	2.493932574242e-11	1.580951525359e-10	-7.131894112749e-11
1.483000000000e-06	2.855566424341e-11	1.452617637173e-10	-7.346038779572e-11
1.484000000000e-06	2.729864309956e-11	1.301155741360e-10	-6.805440280026e-11
1.485000000000e-06	2.620178165391e-11	1.424970754287e-10	-6.913312475599e-11
1.486000000000e-06	2.333026773696e-11	1.522495342407e-10	-6.683329148796e-11
1.487000000000e-06	3.026763576416e-11	1.311927267790e-10	-7.194541634733e-11
1.488000000000e-06	3.066633110772e-11	1.257645154099e-10	-7.132387426403e-11
1.489000000000e-06	2.850426875236e-11	1.276215364099e-10	-6.834861301763e-11
1.490000000000e-06	2.865665819751e-11	1.291087913228e-10	-6.870782323925e-11
1.491000000000e-06	3.148454143678e-11	1.196156384543e-10	-7.076544169556e-11
1.492000000000e-06	2.908667675987e-11	1.174987327219e-10	-6.637023197294e-11
1.493000000000e-06	3.017715197880e-11	1.201077779079e-10	-6.838580533111e-11
1.494000000000e-06	3.166862854963e-11	1.147273704809e-10	-6.916233602335e-11
1.495000000000e-06	3.665423810938e-11	1.058808301981e-10	-7.459410286348e-11
1.496000000000e-06	2.983106679819e-11	1.025402466197e-10	-6.348718058413e-11
1.497000000000e-06	3.015516991674e-11	9.699379029438e-11	-6.281443582492e-11
1.498000000000e-06	3.515673773377e-11	9.582613520448e-11	-6.952356462794e-11
1.499000000000e-06	2.917339633257e-11	8.917482264129e-11	-5.921148272398e-11
1.500000000000e-06	3.196430708979e-11	8.483888673825e-11	-6.229063216960e-11
1.501000000000e-06	3.173902151754e-11	8.191494325203e-11	-6.130691562489e-11
1.502000000000e-06	3.021072895412e-11	7.678622858025e-11	-5.763851109709e-11
1.503000000000e-06	3.211592608241e-11	7.504577301069e-11	-5.999853738751e-11
1.504000000000e-06	2.717801361806e-11	6.803995991593e-11	-5.085025406435e-11
1.505000000000e-06	3.029482032848e-11	5.750306253120e-11	-5.332992090777e-11
1.506000000000e-06	2.645482142513e-11	6.623174214161e-11	-4.951945452602e-11
1.507000000000e-06	3.375285930251e-11	5.734399169291e-11	-5.824725610616e-11
1.508000000000e-06	3.200245692087e-11	5.515900149568e-11	-5.529995990925e-11
1.509000000000e-06	2.640112392344e-11	5.690721550852e-11	-4.699027946769e-11
1.510000000000e-06	3.033143286197e-11	4.897091120446e-11	-5.100650927049e-11
1.511000000000e-06	3.204322960336e-11	3.195743148912e-11	-4.990904338820e-11
1.512000000000e-06	3.174892901534e-11	4.209204226413e-11	-5.173484469254e-11
1.513000000000e-06	3.108627933150e-11	3.049035010478e-11	-4.810768661352e-11
1.514000000000e-06	2.534733142403e-11	2.916546768189e-11	-3.936192497794e-11
1.515000000000e-06	2.454960380051e-11	1.687560721854e-11	-3.552723030937e-11
1.516000000000e-06	2.665420143744e-11	2.196253747608e-11	-3.969167029243e-11
1.517000000000e-06	2.577398928710e-11	1.657112827869e-11	-3.709091919643e-11
1.518000000000e-06	2.431138122915e-11	1.138482562581e-11	-3.401125089457e-11
1.519000000000e-06	2.980970805223e-11	1.477626024816e-11	-4.264473549692e-11
1.520000000000e-06	2.119969198193e-11	1.244224172141e-11	-2.931733704959e-11
1.521000000000e-06	2.110953011242e-11	1.132993749344e-11	-2.880991991622e-11
1.522000000000e-06	3.107813326962e-11	9.408972224176e-12	-4.338369736272e-11
1.523000000000e-06	2.028516683753e-11	8.705251501447e-12	-2.716291900145e-11
1.524000000000e-06	2.384054845540e-11	-8.030919242227e-12	-2.902008490568e-11
1.525000000000e-06	2.113675633169e-11	-8.045845062431e-12	-2.483146567891e-11
1.526000000000e-06	2.346655112053e-11	-5.391725652554e-12	-2.886631865052e-11
1.527000000000e-06	2.003399088769e-11	-1.171742216133e-11	-2.227087404685e-11
1.528000000000e-06	1.848867688987e-11	-5.554657043062e-12	-2.139656263449e-11
1.529000000000e-06	1.714489896887e-11	-1.797964518357e-11	-1.678594245110e-11
1.530000000000e-06	2.175199116474e-11	-1.089967531768e-11	-2.519434676515e-11
1.531000000000e-06	1.793069336479e-11	-2.151302624680e-11	-1.747965434985e-11
1.532000000000e-06	2.081622311835e-11	-2.573449073036e-11	-2.063827579490e-11
1.533000000000e-06	1.298290090380e-11	-1.871348746553e-11	-1.025733240217e-11
1.534000000000e-06	1.426824105615e-11	-2.930717456581e-11	-1.027327939158e-11
1.535000000000e-06	1.615095405195e-11	-1.677188022306e-11	-1.581557153151e-11
1.536000000000e-06	1.430024067936e-11	-2.546161818371e-11	-1.094506281115e-11
1.537000000000e-06	1.504897169162e-11	-3.599289746259e-11	-1.021912030468e-11
1.538000000000e-06	1.261271627518e-11	-3.573559050557e-11	-6.636874053105e-12
1.539000000000e-06	1.153371951939e-11	-3.234506234733e-11	-5.566851401734e-12
1.540000000000e-06	1.143180546444e-11	-3.264430897305e-11	-5.384653517279e-12
1.541000000000e-06	1.129210339085e-11	-3.176666372154e-11	-5.330230551064e-12
1.542000000000e-06	1.121616583396e-11	-4.904295435009e-11	-1.718212363800e-12
1.543000000000e-06	8.383093130100e-12	-4.378881858886e-11	1.148158317722e-12
1.544000000000e-06	8.742673943876e-12	-4.318926096095e-11	5.036458276127e-13
1.545000000000e-06	1.368021710860e-11	-4.781580470275e-11	-5.849062208283e-12
1.546000000000e-06	6.385447424092e-12	-3.838499105799e-11	3.316709648108e-12
1.547000000000e-06	1.288117821776e-11	-4.883105578693e-11	-4.690052901975e-12
1.548000000000e-06	8.800359308771e-12	-5.040345320232e-11	1.882402118127e-12
1.549000000000e-06	4.447026183596e-12	-5.281645938953e-11	8.868587565095e-12
1.550000000000e-06	4.231240560738e-12	-5.586382975668e-11	9.315239647183e-12
1.551000000000e-06	7.356870276757e-12	-4.873372700030e-11	3.130121896576e-12
1.552000000000e-06	6.294632072685e-12	-5.617822713087e-11	6.342373598698e-12
1.553000000000e-06	8.188291410000e-12	-5.828084036436e-11	4.007002129717e-12
1.554000000000e-06	5.927351327120e-12	-5.119284968116e-11	6.075808566192e-12
1.555000000000e-06	-1.489867132108e-12	-5.668095831023e-11	1.797169997239e-11
1.556000000000e-06	2.952022281518e-12	-5.717307883816e-11	1.159141598947e-11
1.557000000000e-06	2.193532979281e-12	-5.504078872000e-11	1.230798998298e-11
1.558000000000e-06	4.508463605270e-12	-5.832602439040e-11	9.192073684156e-12
1.559000000000e-06	2.652311057416e-13	-5.603151101905e-11	1.524472040985e-11
1.560000000000e-06	3.490735118734e-13	-6.033729659765e-11	1.565911498098e-11
1.561000000000e-06	1.295053536478e-12	-6.629651997628e-11	1.485193505947e-11
1.562000000000e-06	4.008858273229e-12	-6.571967185249e-11	1.103024837321e-11
1.563000000000e-06	-2.069948650032e-12	-5.874491236581e-11	1.903889945540e-11
1.564000000000e-06	4.712877361111e-12	-5.387458106375e-11	7.870874677837e-12
1.565000000000e-06	2.233486527941e-13	-6.794968296670e-11	1.715621162390e-11
1.566000000000e-06	-1.740287904781e-12	-6.007956602129e-11	1.878975472486e-11
1.567000000000e-06	-3.276601055703e-12	-5.264441936595e-11	1.986210003226e-11
1.568000000000e-06	1.011665853392e-13	-7.113578584878e-11	1.752382130653e-11
1.569000000000e-06	-1.872933465179e-12	-6.611663973952e-11	1.967451649806e-11
1.570000000000e-06	-2.640926204945e-12	-6.835158988271e-11	2.140400085558e-11
1.571000000000e-06	-1.322490432161e-12	-5.460676261014e-11	1.710016616792e-11
1.572000000000e-06	-2.293909456287e-12	-6.539268508426e-11	2.015194225853e-11
1.573000000000e-06	-3.031035417042e-12	-6.819293723005e-11	2.157808240978e-11
1.574000000000e-06	-3.709930907035e-12	-6.390630002059e-11	2.197398575359e-11
1.575000000000e-06	-1.075989532686e-12	-6.320445309450e-11	1.744282555429e-11
1.576000000000e-06	-8.463008252026e-12	-6.539798041653e-11	2.920542237473e-11
1.577000000000e-06	-2.324059606017e-12	-6.186017582329e-11	1.960232223197e-11
1.578000000000e-06	-7.427289189576e-12	-6.626270076655e-11	2.784143650469e-11
1.579000000000e-06	-3.639693572064e-12	-5.613532094357e-11	2.019118364883e-11
1.580000000000e-06	-7.620261842276e-12	-6.324837011372e-11	2.762415969539e-11
1.581000000000e-06	-2.574797933813e-12	-6.243735431005e-11	1.958788823379e-11
1.582000000000e-06	-3.602347880261e-12	-6.945085993350e-11	2.189932850926e-11
1.583000000000e-06	-7.359484323512e-12	-5.380607949126e-11	2.567574850371e-11
1.584000000000e-06	-5.950587730739e-12	-6.746749104065e-11	2.490761287224e-11
1.585000000000e-06	-6.793375707721e-12	-6.450707680009e-11	2.592412317865e-11
1.586000000000e-06	-9.063557593161e-12	-6.104493570247e-11	2.904108926155e-11
1.587000000000e-06	-7.455779555219e-12	-6.276509738198e-11	2.690886105938e-11
1.588000000000e-06	-4.915947184175e-12	-6.839526149380e-11	2.393204432540e-11
1.589000000000e-06	-3.243022199410e-12	-5.738678810404e-11	1.954768552475e-11
1.590000000000e-06	-1.029968197141e-11	-6.256156625424e-11	3.086517674671e-11
1.591000000000e-06	-6.785953705666e-12	-6.566670223873e-11	2.597160676226e-11
1.592000000000e-06	-6.902354154886e-12	-6.080743076737e-11	2.534429069466e-11
1.593000000000e-06	-7.774222351696e-12	-5.792048753516e-11	2.601562998256e-11
1.594000000000e-06	-1.049573214938e-11	-6.722472152728e-11	3.146476651490e-11
1.595000000000e-06	-3.727416090035e-12	-5.834822540504e-11	1.964500099057e-11
1.596000000000e-06	-4.744174365892e-12	-6.536137555552e-11	2.227548822027e-11
1.597000000000e-06	-8.220500398503e-12	-5.809424223447e-11	2.667719981696e-11
1.598000000000e-06	-1.544211658220e-11	-5.323165125528e-11	3.695175785937e-11
1.599000000000e-06	-7.360203922804e-12	-6.269790455167e-11	2.582677054110e-11
1.600000000000e-06	-4.813521980858e-12	-6.239563599929e-11	2.154583608912e-11
1.601000000000e-06	-8.461450023204e-12	-6.190830030484e-11	2.720658546526e-11
1.602000000000e-06	-1.017968959600e-11	-5.697679951474e-11	2.925857204822e-11
1.603000000000e-06	-6.041017084631e-12	-6.241387625827e-11	2.370570131346e-11
1.604000000000e-06	-1.087890954271e-11	-5.099099308213e-11	2.918112007253e-11
1.605000000000e-06	-7.395342627204e-12	-6.074467333950e-11	2.511983561813e-11
1.606000000000e-06	-9.137041600148e-12	-6.288820443169e-11	2.804729157652e-11
1.607000000000e-06	-1.070658198501e-11	-5.430079208370e-11	2.940691508843e-11
1.608000000000e-06	-1.041996424316e-11	-5.832925101675e-11	2.948514111925e-11
1.609000000000e-06	-5.670827214969e-12	-6.069563936745e-11	2.221274795702e-11
1.610000000000e-06	-8.553159819509e-12	-5.124515944169e-11	2.543212564187e-11
1.611000000000e-06	-9.854275913182e-12	-5.848387428313e-11	2.830885286049e-11
1.612000000000e-06	-1.080597086154e-11	-5.220379105285e-11	2.894980486929e-11
1.613000000000e-06	-6.993964589729e-12	-5.279169213127e-11	2.303464766743e-11
1.614000000000e-06	-1.200806070798e-11	-5.545717749603e-11	3.089310798800e-11
1.615000000000e-06	-9.480681416157e-12	-5.829792355916e-11	2.733085715306e-11
1.616000000000e-06	-9.957746147359e-12	-5.140451076846e-11	2.718926854612e-11
1.617000000000e-06	-1.052371092491e-11	-5.374768615086e-11	2.810984353311e-11
1.618000000000e-06	-8.599929831113e-12	-5.362472116239e-11	2.530426752838e-11
1.619000000000e-06	-9.469550831349e-12	-5.171645620036e-11	2.621500990109e-11
1.620000000000e-06	-9.467063679439e-12	-5.546543626940e-11	2.699822351646e-11
1.621000000000e-06	-1.137887182966e-11	-4.307814722724e-11	2.807552061455e-11
1.622000000000e-06	-5.220049277690e-12	-5.600567194108e-11	2.008369684571e-11
1.623000000000e-06	-1.199078737736e-11	-5.311751908385e-11	2.980884908934e-11
1.624000000000e-06	-6.646510950344e-12	-5.478446499721e-11	2.213482828719e-11
1.625000000000e-06	-1.042337883760e-11	-5.167868924166e-11	2.745319516419e-11
1.626000000000e-06	-1.141057609501e-11	-4.940447827241e-11	2.864624158889e-11
1.627000000000e-06	-1.112913377541e-11	-5.008784649438e-11	2.811823000239e-11
1.628000000000e-06	-8.112396835073e-12	-4.617155443383e-11	2.287325070661e-11
1.629000000000e-06	-7.502491733332e-12	-5.190659496125e-11	2.260699971025e-11
1.630000000000e-06	-9.314675037309e-12	-4.808453781181e-11	2.532960423838e-11
1.631000000000e-06	-1.029779620185e-11	-4.488076181560e-11	2.615413172253e-11
1.632000000000e-06	-9.232609781091e-12	-4.097179254517e-11	2.399766971030e-11
1.633000000000e-06	-7.480680749502e-12	-5.277657894152e-11	2.246450346169e-11
1.634000000000e-06	-8.240295407800e-12	-4.880252753944e-11	2.326660264962e-11
1.635000000000e-06	-8.397175563016e-12	-3.959726071476e-11	2.216317043996e-11
1.636000000000e-06	-9.175704336405e-12	-4.390568434201e-11	2.387518028369e-11
1.637000000000e-06	-8.282940136949e-12	-4.841544974624e-11	2.286406206969e-11
1.638000000000e-06	-9.242008149294e-12	-4.448949036250e-11	2.396751019989e-11
1.639000000000e-06	-1.164885053084e-11	-4.497705120420e-11	2.746192088198e-11
1.640000000000e-06	-8.090751323082e-12	-4.201380566590e-11	2.173414504221e-11
1.641000000000e-06	-7.290807663406e-12	-3.894058967664e-11	2.058616355151e-11
1.642000000000e-06	-1.127390852126e-11	-4.091006149666e-11	2.659485156666e-11
1.643000000000e-06	-1.044941343820e-11	-4.304741272716e-11	2.576985773878e-11
1.644000000000e-06	-7.543456418951e-12	-5.083545429710e-11	2.152212439894e-11
1.645000000000e-06	-7.898204090043e-12	-4.055420734362e-11	2.091582842295e-11
1.646000000000e-06	-1.146046192091e-11	-4.339744363121e-11	2.718468115122e-11
1.647000000000e-06	-9.688793338680e-12	-3.352239426941e-11	2.272823668571e-11
1.648000000000e-06	-6.664086052452e-12	-3.825200657839e-11	1.898922007202e-11
1.649000000000e-06	-1.009865518320e-11	-4.028406070068e-11	2.413859942453e-11
1.650000000000e-06	-9.829738391863e-12	-4.328451525307e-11	2.402148466140e-11
1.651000000000e-06	-7.348064643957e-12	-4.041605752823e-11	1.976730762613e-11
1.652000000000e-06	-7.205676058535e-12	-3.769351894457e-11	1.913550582854e-11
1.653000000000e-06	-8.976220522633e-12	-3.710814639064e-11	2.195088861510e-11
1.654000000000e-06	-5.724944742034e-12	-4.297905781322e-11	1.757808962791e-11
1.655000000000e-06	-6.964583235974e-12	-3.985261977009e-11	1.918968886888e-11
1.656000000000e-06	-9.512247474765e-12	-3.525095725212e-11	2.242272328549e-11
1.657000000000e-06	-9.162983276566e-12	-3.234995610685e-11	2.145164852526e-11
1.658000000000e-06	-1.012989158099e-11	-3.683846033765e-11	2.342921991103e-11
1.659000000000e-06	-8.311425444555e-12	-3.370823686157e-11	2.027353987217e-11
1.660000000000e-06	-7.988194257869e-12	-3.808967079032e-11	1.996022979044e-11
1.661000000000e-06	-5.420106844555e-12	-4.100241006504e-11	1.650063167820e-11
1.662000000000e-06	-6.501492646609e-12	-3.218326686574e-11	1.696831065121e-11
1.663000000000e-06	-8.141509740308e-12	-3.246787598063e-11	1.972383517411e-11
1.664000000000e-06	-6.779558812152e-12	-3.852415236686e-11	1.828981960017e-11
1.665000000000e-06	-1.099950055448e-11	-3.009286057950e-11	2.409283685872e-11
1.666000000000e-06	-9.593257622095e-12	-3.007711111606e-11	2.197215914174e-11
1.667000000000e-06	-6.403033144970e-12	-3.372351911927e-11	1.686875610758e-11
1.668000000000e-06	-1.045074931993e-11	-3.393447481674e-11	2.317438585803e-11
1.669000000000e-06	-4.283389257853e-12	-3.279684753206e-11	1.310342182847e-11
1.670000000000e-06	-9.283471932769e-12	-3.306181354596e-11	2.127529524640e-11
1.671000000000e-06	-7.460766104876e-12	-3.203825820246e-11	1.837756940881e-11
1.672000000000e-06	-5.887139782646e-12	-3.469334616032e-11	1.622786921518e-11
1.673000000000e-06	-7.378067268276e-12	-2.302710081702e-11	1.742723794090e-11
1.674000000000e-06	-9.883566056932e-12	-3.066669765794e-11	2.171113080495e-11
1.675000000000e-06	-5.861147506617e-12	-2.649492963887e-11	1.464559710107e-11
1.676000000000e-06	-6.263681297833e-12	-2.707352043038e-11	1.589670450579e-11
1.677000000000e-06	-6.796937615135e-12	-2.989300346422e-11	1.667169207530e-11
1.678000000000e-06	-6.936856759037e-12	-3.051931156004e-11	1.716619210167e-11
1.679000000000e-06	-7.702225489344e-12	-2.758328234870e-11	1.788906632243e-11
1.680000000000e-06	-9.645147345846e-12	-2.600420116887e-11	2.104733118658e-11
1.681000000000e-06	-5.326877024322e-12	-2.743013950739e-11	1.435153100631e-11
1.682000000000e-06	-5.280381532974e-12	-3.092334866036e-11	1.420699724436e-11
1.683000000000e-06	-7.698808107929e-12	-2.569066810671e-11	1.763203667926e-11
1.684000000000e-06	-8.088500040335e-12	-2.992525082080e-11	1.829815587260e-11
1.685000000000e-06	-4.966790152473e-12	-2.488593617544e-11	1.332204716635e-11
1.686000000000e-06	-6.972672630639e-12	-2.478371438628e-11	1.642364126744e-11
1.687000000000e-06	-7.295243192128e-12	-2.603302638708e-11	1.669864404824e-11
1.688000000000e-06	-6.252675611078e-12	-2.929900185193e-11	1.517607841632e-11
1.689000000000e-06	-6.732950431604e-12	-2.403130530369e-11	1.563632204792e-11
1.690000000000e-06	-8.149466748018e-12	-2.360009388828e-11	1.789895887065e-11
1.691000000000e-06	-6.411915713910e-12	-2.113462349104e-11	1.513976631294e-11
1.692000000000e-06	-6.963308369930e-12	-3.136868931919e-11	1.656941229340e-11
1.693000000000e-06	-7.303964342032e-12	-2.108321605235e-11	1.640797755352e-11
1.694000000000e-06	-6.295528828062e-12	-2.912847826080e-11	1.500129518591e-11
1.695000000000e-06	-5.476297105968e-12	-2.498419345183e-11	1.324857571815e-11
1.696000000000e-06	-5.125448071471e-12	-2.244096003637e-11	1.268230979486e-11
1.697000000000e-06	-6.434044503115e-12	-2.176407419183e-11	1.522246178636e-11
1.698000000000e-06	-8.376279246202e-12	-2.548384329303e-11	1.823258678352e-11
1.699000000000e-06	-4.793895408255e-12	-2.710556378173e-11	1.245814394311e-11
1.700000000000e-06	-6.750834123651e-12	-2.005461893918e-11	1.496828229796e-11
1.701000000000e-06	-7.695994481424e-12	-2.155835835656e-11	1.655594398961e-11
1.702000000000e-06	-6.010195847840e-12	-1.850193512689e-11	1.374021443243e-11
1.703000000000e-06	-6.588279300357e-12	-2.482234342504e-11	1.500153407032e-11
1.704000000000e-06	-5.482018983818e-12	-2.046873582791e-11	1.315342604186e-11
1.705000000000e-06	-6.750781629580e-12	-2.015306247834e-11	1.470840413538e-11
1.706000000000e-06	-4.327971523944e-12	-2.182041309438e-11	1.124954465238e-11
1.707000000000e-06	-3.884791361174e-12	-2.346677924994e-11	1.059708008774e-11
1.708000000000e-06	-6.587424943413e-12	-1.799312107990e-11	1.458761707045e-11
1.709000000000e-06	-5.632085214990e-12	-2.196687558591e-11	1.305736942596e-11
1.710000000000e-06	-6.464272217188e-12	-1.654509747821e-11	1.432341622238e-11
1.711000000000e-06	-4.749775851268e-12	-1.984114897128e-11	1.145313574936e-11
1.712000000000e-06	-4.090104299859e-12	-2.120491499418e-11	1.038582445974e-11
1.713000000000e-06	-3.081706786572e-12	-1.995684921111e-11	8.816710930959e-12
1.714000000000e-06	-6.855812480733e-12	-2.041084631251e-11	1.474619509272e-11
1.715000000000e-06	-6.837541817924e-12	-2.081536937418e-11	1.490164656786e-11
1.716000000000e-06	-3.500636542831e-12	-2.085049474376e-11	9.211009509180e-12
1.717000000000e-06	-4.969403863926e-12	-1.683985955752e-11	1.139099378947e-11
1.718000000000e-06	-4.716008654772e-12	-1.917702220972e-11	1.103236221453e-11
1.719000000000e-06	-5.468130323847e-12	-1.451877576514e-11	1.221753214014e-11
1.720000000000e-06	-3.857475483560e-12	-2.109974817023e-11	1.001413926757e-11
1.721000000000e-06	-3.851594535652e-12	-1.686489741969e-11	9.706482252678e-12
1.722000000000e-06	-5.099732691672e-12	-1.955116568827e-11	1.172941324934e-11
1.723000000000e-06	-5.770031968273e-12	-1.959934412346e-11	1.285036863587e-11
1.724000000000e-06	-1.598636900029e-12	-1.445473121416e-11	5.696674666865e-12
1.725000000000e-06	-5.328054997286e-12	-1.825299442107e-11	1.178550474367e-11
1.726000000000e-06	-5.468097258504e-12	-1.598910596728e-11	1.189992728839e-11
1.727000000000e-06	-4.194194385049e-12	-1.653497647671e-11	1.010275468426e-11
1.728000000000e-06	-4.049429674212e-12	-1.791151071885e-11	9.744853711968e-12
1.729000000000e-06	-4.028638359920e-12	-1.925599141641e-11	9.729407829171e-12
1.730000000000e-06	-7.241024267913e-12	-1.397384323681e-11	1.456062608993e-11
1.731000000000e-06	-3.970201426537e-12	-1.274765345440e-11	9.428074839089e-12
1.732000000000e-06	-4.971396225706e-12	-1.227686926956e-11	1.089917564627e-11
1.733000000000e-06	-4.574414108439e-12	-1.341462642859e-11	1.045440529908e-11
1.734000000000e-06	-3.497026530331e-12	-1.435049843576e-11	8.612663347792e-12
1.735000000000e-06	-5.400424899844e-12	-1.858843148285e-11	1.158700064395e-11
1.736000000000e-06	-4.244797119033e-12	-1.130918389912e-11	9.632982164920e-12
1.737000000000e-06	-4.915890726079e-12	-1.512037313800e-11	1.077488997905e-11
1.738000000000e-06	-4.056354280350e-12	-1.581307560653e-11	9.568373903840e-12
1.739000000000e-06	-2.533268755051e-12	-1.399099492467e-11	7.027196222175e-12
1.740000000000e-06	-4.598037259129e-12	-1.603659185868e-11	1.026691582183e-11
1.741000000000e-06	-6.495668359081e-12	-1.386195341750e-11	1.352413009950e-11
1.742000000000e-06	-2.919776928869e-12	-1.573845000765e-11	7.386587938380e-12
1.743000000000e-06	-4.241633747160e-12	-1.183769101496e-11	9.507964048241e-12
1.744000000000e-06	-3.115680479629e-12	-1.182864657935e-11	7.688841983063e-12
1.745000000000e-06	-4.059747441241e-12	-1.270529725040e-11	9.140717322451e-12
1.746000000000e-06	-4.302377099814e-12	-1.366227062827e-11	9.535274075026e-12
1.747000000000e-06	-5.627049057943e-12	-1.145005135526e-11	1.168981417798e-11
1.748000000000e-06	-3.377874115452e-12	-1.741718184899e-11	8.080858379311e-12
1.749000000000e-06	-3.115333112985e-12	-1.644548308946e-11	7.415825153035e-12
1.750000000000e-06	-4.264586140855e-12	-9.784308307501e-12	9.159376467282e-12
1.751000000000e-06	-3.200500011027e-12	-1.230822692820e-11	7.438567515986e-12
1.752000000000e-06	-5.669297994352e-12	-1.311781636893e-11	1.153345086202e-11
1.753000000000e-06	-3.307417698838e-12	-1.227329326076e-11	7.566760140258e-12
1.754000000000e-06	-2.156076272283e-12	-1.334357765648e-11	5.672572982512e-12
1.755000000000e-06	-2.389639610445e-12	-1.324540181112e-11	6.045225874711e-12
1.756000000000e-06	-4.595894897511e-12	-1.204101797305e-11	9.595561348779e-12
1.757000000000e-06	-3.639365719617e-12	-1.248482798320e-11	8.117005085783e-12
1.758000000000e-06	-4.467255948398e-12	-1.149697653093e-11	9.516624275341e-12
1.759000000000e-06	-3.293245964995e-12	-8.545872775741e-12	7.508743963825e-12
1.760000000000e-06	-2.303024460799e-12	-1.637939210980e-11	5.983724746820e-12
1.761000000000e-06	-2.101855288516e-12	-9.874475091368e-12	5.791169662510e-12
1.762000000000e-06	-3.772389889231e-12	-1.234830253654e-11	7.961517347163e-12
1.763000000000e-06	-3.229700712529e-12	-1.184783515510e-11	7.307891741025e-12
1.764000000000e-06	-3.102893396293e-12	-1.136008001605e-11	7.082736209668e-12
1.765000000000e-06	-3.157023397721e-12	-1.201294695261e-11	7.510607079587e-12
1.766000000000e-06	-3.990632696292e-12	-7.343170036098e-12	8.241956184867e-12
1.767000000000e-06	-2.622862558882e-12	-7.479126294752e-12	6.312174445755e-12
1.768000000000e-06	-3.791364312767e-12	-1.309909851830e-11	8.068139695904e-12
1.769000000000e-06	-2.595914753776e-12	-9.236215743356e-12	6.166134804601e-12
1.770000000000e-06	-4.096116521552e-12	-1.035521713955e-11	8.699768016495e-12
1.771000000000e-06	-1.868615729327e-12	-8.763824768460e-12	5.470085986720e-12
1.772000000000e-06	-3.025495260191e-12	-1.040324140383e-11	6.525366541518e-12
1.773000000000e-06	-3.121010322155e-12	-9.474207904701e-12	6.711497110369e-12
1.774000000000e-06	-3.517147669613e-12	-9.681179288919e-12	7.517019831134e-12
1.775000000000e-06	-2.817770852163e-12	-1.013322585252e-11	6.325836548619e-12
1.776000000000e-06	-1.782538327693e-12	-9.760003800013e-12	4.639271543560e-12
1.777000000000e-06	-2.741825490784e-12	-5.719254532090e-12	6.334552051011e-12
1.778000000000e-06	-3.049535151699e-12	-1.119171014738e-11	6.599511182915e-12
1.779000000000e-06	-2.833307256161e-12	-1.030302341923e-11	5.966243602579e-12
1.780000000000e-06	-2.827123600704e-12	-8.912169975041e-12	6.186192471301e-12
1.781000000000e-06	-2.772020973192e-12	-1.028027690233e-11	6.333001979019e-12
1.782000000000e-06	-9.267614335614e-13	-6.935145877494e-12	2.865175609588e-12
1.783000000000e-06	-2.097222510636e-12	-8.480278299301e-12	4.974037003015e-12
1.784000000000e-06	-3.370555439968e-12	-6.548853084413e-12	7.308449480538e-12
1.785000000000e-06	-2.778136765959e-12	-4.794489873852e-12	6.725665919363e-12
1.786000000000e-06	-3.637362806399e-12	-1.057359664993e-11	7.849928312494e-12
1.787000000000e-06	-3.785713538500e-12	-8.211437827738e-12	7.598001191512e-12
1.788000000000e-06	-1.552631977584e-12	-7.340388841466e-12	4.033699812287e-12
1.789000000000e-06	-3.749426737116e-12	-1.084769280613e-11	7.724604099150e-12
1.790000000000e-06	-2.005705887272e-12	-6.474554444740e-12	4.779523359686e-12
1.791000000000e-06	-2.169636671626e-12	-5.175657136958e-12	5.266707960493e-12
1.792000000000e-06	-3.136711701314e-12	-9.090419362337e-12	7.082407801685e-12
1.793000000000e-06	-2.659083115924e-12	-6.872615814086e-12	5.709017256134e-12
1.794000000000e-06	-1.818891878699e-12	-7.612174813928e-12	4.531209486986e-12
1.795000000000e-06	-2.284869180685e-12	-6.721225105177e-12	5.320384149239e-12
1.796000000000e-06	-3.108734098179e-12	-7.540144299767e-12	6.590348530303e-12
1.797000000000e-06	-1.676519561768e-12	-7.530105353017e-12	3.869543994717e-12
1.798000000000e-06	-2.213884468833e-12	-8.377754509843e-12	4.852146175279e-12
1.799000000000e-06	-7.656466129069e-13	-6.436282889430e-12	2.622556151854e-12
1.800000000000e-06	-3.312234594043e-12	-7.479549944601e-12	7.079114264100e-12
1.801000000000e-06	-1.838290628378e-12	-5.426971277488e-12	4.873283012484e-12
1.802000000000e-06	-2.617230920297e-12	-9.334685380134e-12	5.404286952035e-12
1.803000000000e-06	-3.236154512565e-12	-7.029802030484e-12	6.699229897771e-12
1.804000000000e-06	-2.255409095841e-12	-5.253351243167e-12	5.380783926108e-12
1.805000000000e-06	-9.885150315440e-13	-5.328298797490e-12	3.160467081839e-12
1.806000000000e-06	-1.907301956792e-12	-5.801770354068e-12	4.556326915071e-12
1.807000000000e-06	-1.886090657392e-12	-8.785495019039e-12	3.761739891723e-12
