3.170000000000e-07	0.000000000000e+00	0.000000000000e+00	0.000000000000e+00
3.180000000000e-07	0.000000000000e+00	0.000000000000e+00	0.000000000000e+00
3.190000000000e-07	0.000000000000e+00	0.000000000000e+00	0.000000000000e+00
3.200000000000e-07	0.000000000000e+00	0.000000000000e+00	0.000000000000e+00
3.210000000000e-07	0.000000000000e+00	0.000000000000e+00	0.000000000000e+00
3.220000000000e-07	0.000000000000e+00	0.000000000000e+00	0.000000000000e+00
3.230000000000e-07	0.000000000000e+00	0.000000000000e+00	0.000000000000e+00
3.240000000000e-07	0.000000000000e+00	0.000000000000e+00	0.000000000000e+00
3.250000000000e-07	0.000000000000e+00	0.000000000000e+00	0.000000000000e+00
3.260000000000e-07	0.000000000000e+00	0.000000000000e+00	0.000000000000e+00
3.270000000000e-07	0.000000000000e+00	0.000000000000e+00	0.000000000000e+00
3.280000000000e-07	0.000000000000e+00	0.000000000000e+00	0.000000000000e+00
3.290000000000e-07	0.000000000000e+00	0.000000000000e+00	0.000000000000e+00
3.300000000000e-07	0.000000000000e+00	0.000000000000e+00	0.000000000000e+00
3.310000000000e-07	0.000000000000e+00	0.000000000000e+00	0.000000000000e+00
3.320000000000e-07	0.000000000000e+00	0.000000000000e+00	0.000000000000e+00
3.330000000000e-07	0.000000000000e+00	0.000000000000e+00	0.000000000000e+00
3.340000000000e-07	0.000000000000e+00	0.000000000000e+00	0.000000000000e+00
3.350000000000e-07	0.000000000000e+00	0.000000000000e+00	0.000000000000e+00
3.360000000000e-07	0.000000000000e+00	0.000000000000e+00	0.000000000000e+00
3.370000000000e-07	0.000000000000e+00	0.000000000000e+00	0.000000000000e+00
3.380000000000e-07	0.000000000000e+00	0.000000000000e+00	0.000000000000e+00
3.390000000000e-07	0.000000000000e+00	0.000000000000e+00	0.000000000000e+00
3.400000000000e-07	0.000000000000e+00	0.000000000000e+00	0.000000000000e+00
3.410000000000e-07	0.000000000000e+00	0.000000000000e+00	0.000000000000e+00
3.420000000000e-07	0.000000000000e+00	0.000000000000e+00	0.000000000000e+00
3.430000000000e-07	0.000000000000e+00	0.000000000000e+00	0.000000000000e+00
3.440000000000e-07	0.000000000000e+00	0.000000000000e+00	0.000000000000e+00
3.450000000000e-07	0.000000000000e+00	0.000000000000e+00	0.000000000000e+00
3.460000000000e-07	0.000000000000e+00	0.000000000000e+00	0.000000000000e+00
3.470000000000e-07	0.000000000000e+00	0.000000000000e+00	0.000000000000e+00
3.480000000000e-07	0.000000000000e+00	0.000000000000e+00	0.000000000000e+00
3.490000000000e-07	0.000000000000e+00	0.000000000000e+00	0.000000000000e+00
3.500000000000e-07	0.000000000000e+00	0.000000000000e+00	0.000000000000e+00
3.510000000000e-07	0.000000000000e+00	0.000000000000e+00	0.000000000000e+00
3.520000000000e-07	0.000000000000e+00	0.000000000000e+00	0.000000000000e+00
3.530000000000e-07	0.000000000000e+00	0.000000000000e+00	0.000000000000e+00
3.540000000000e-07	0.000000000000e+00	0.000000000000e+00	0.000000000000e+00
3.550000000000e-07	0.000000000000e+00	0.000000000000e+00	0.000000000000e+00
3.560000000000e-07	0.000000000000e+00	0.000000000000e+00	0.000000000000e+00
3.570000000000e-07	0.000000000000e+00	0.000000000000e+00	0.000000000000e+00
3.580000000000e-07	0.000000000000e+00	0.000000000000e+00	0.000000000000e+00
3.590000000000e-07	0.000000000000e+00	0.000000000000e+00	0.000000000000e+00
3.600000000000e-07	0.000000000000e+00	0.000000000000e+00	0.000000000000e+00
3.610000000000e-07	0.000000000000e+00	0.000000000000e+00	0.000000000000e+00
3.620000000000e-07	0.000000000000e+00	0.000000000000e+00	0.000000000000e+00
3.630000000000e-07	0.000000000000e+00	0.000000000000e+00	0.000000000000e+00
3.640000000000e-07	0.000000000000e+00	0.000000000000e+00	0.000000000000e+00
3.650000000000e-07	0.000000000000e+00	0.000000000000e+00	0.000000000000e+00
3.660000000000e-07	0.000000000000e+00	0.000000000000e+00	0.000000000000e+00
3.670000000000e-07	0.000000000000e+00	0.000000000000e+00	0.000000000000e+00
3.680000000000e-07	0.000000000000e+00	0.000000000000e+00	0.000000000000e+00
3.690000000000e-07	0.000000000000e+00	0.000000000000e+00	0.000000000000e+00
3.700000000000e-07	0.000000000000e+00	0.000000000000e+00	0.000000000000e+00
3.710000000000e-07	0.000000000000e+00	0.000000000000e+00	0.000000000000e+00
3.720000000000e-07	0.000000000000e+00	0.000000000000e+00	0.000000000000e+00
3.730000000000e-07	0.000000000000e+00	0.000000000000e+00	0.000000000000e+00
3.740000000000e-07	0.000000000000e+00	0.000000000000e+00	0.000000000000e+00
3.750000000000e-07	0.000000000000e+00	0.000000000000e+00	0.000000000000e+00
3.760000000000e-07	0.000000000000e+00	0.000000000000e+00	0.000000000000e+00
3.770000000000e-07	0.000000000000e+00	0.000000000000e+00	0.000000000000e+00
3.780000000000e-07	0.000000000000e+00	0.000000000000e+00	0.000000000000e+00
3.790000000000e-07	0.000000000000e+00	0.000000000000e+00	0.000000000000e+00
3.800000000000e-07	-1.800872923469e-21	-2.960080176504e-21	3.034266660905e-21
3.810000000000e-07	0.000000000000e+00	0.000000000000e+00	0.000000000000e+00
3.820000000000e-07	0.000000000000e+00	0.000000000000e+00	0.000000000000e+00
3.830000000000e-07	-5.984752539494e-18	4.399571848751e-17	1.513187421777e-18
3.840000000000e-07	0.000000000000e+00	0.000000000000e+00	0.000000000000e+00
3.850000000000e-07	0.000000000000e+00	0.000000000000e+00	0.000000000000e+00
3.860000000000e-07	5.977080997368e-22	-1.574896814916e-21	-6.006549505990e-22
3.870000000000e-07	0.000000000000e+00	0.000000000000e+00	0.000000000000e+00
3.880000000000e-07	0.000000000000e+00	0.000000000000e+00	0.000000000000e+00
3.890000000000e-07	-3.966483274910e-23	-1.027778506951e-21	2.191051424227e-22
3.900000000000e-07	0.000000000000e+00	0.000000000000e+00	0.000000000000e+00
3.910000000000e-07	8.714329036725e-22	-4.126992952167e-21	-5.884434637946e-22
3.920000000000e-07	0.000000000000e+00	0.000000000000e+00	0.000000000000e+00
3.930000000000e-07	0.000000000000e+00	0.000000000000e+00	0.000000000000e+00
3.940000000000e-07	-2.852380546986e-17	2.978755737159e-17	3.593517716048e-17
3.950000000000e-07	0.000000000000e+00	0.000000000000e+00	0.000000000000e+00
3.960000000000e-07	0.000000000000e+00	0.000000000000e+00	0.000000000000e+00
3.970000000000e-07	0.000000000000e+00	0.000000000000e+00	0.000000000000e+00
3.980000000000e-07	0.000000000000e+00	0.000000000000e+00	0.000000000000e+00
3.990000000000e-07	0.000000000000e+00	0.000000000000e+00	0.000000000000e+00
4.000000000000e-07	1.502054716505e-22	-1.393257655655e-21	4.534428118333e-24
4.010000000000e-07	0.000000000000e+00	0.000000000000e+00	0.000000000000e+00
4.020000000000e-07	0.000000000000e+00	0.000000000000e+00	0.000000000000e+00
4.030000000000e-07	8.610257069310e-19	1.725678987085e-18	-1.494911816139e-18
4.040000000000e-07	0.000000000000e+00	0.000000000000e+00	0.000000000000e+00
4.050000000000e-07	1.200944952394e-22	-4.513752566406e-22	-1.005491398397e-22
4.060000000000e-07	0.000000000000e+00	0.000000000000e+00	0.000000000000e+00
4.070000000000e-07	0.000000000000e+00	0.000000000000e+00	0.000000000000e+00
4.080000000000e-07	1.445344175231e-23	-8.570358418614e-23	-7.247847396357e-24
4.090000000000e-07	0.000000000000e+00	0.000000000000e+00	0.000000000000e+00
4.100000000000e-07	7.356427206514e-23	-3.368074413003e-22	-5.243573943014e-23
4.110000000000e-07	1.993976908041e-17	-3.397818404882e-18	-2.799092366758e-17
4.120000000000e-07	5.824827295632e-18	-4.525404527348e-17	-1.285588051494e-18
4.130000000000e-07	0.000000000000e+00	0.000000000000e+00	0.000000000000e+00
4.140000000000e-07	0.000000000000e+00	0.000000000000e+00	0.000000000000e+00
4.150000000000e-07	0.000000000000e+00	0.000000000000e+00	0.000000000000e+00
4.160000000000e-07	0.000000000000e+00	0.000000000000e+00	0.000000000000e+00
4.170000000000e-07	0.000000000000e+00	0.000000000000e+00	0.000000000000e+00
4.180000000000e-07	0.000000000000e+00	0.000000000000e+00	0.000000000000e+00
4.190000000000e-07	1.749158093354e-22	-7.349693956390e-22	-1.359114383675e-22
4.200000000000e-07	0.000000000000e+00	0.000000000000e+00	0.000000000000e+00
4.210000000000e-07	0.000000000000e+00	0.000000000000e+00	0.000000000000e+00
4.220000000000e-07	2.780523028579e-21	-1.659695884796e-20	-1.410956505002e-21
4.230000000000e-07	0.000000000000e+00	0.000000000000e+00	0.000000000000e+00
4.240000000000e-07	3.154363655894e-23	-1.029604076172e-22	-2.914240741887e-23
4.250000000000e-07	0.000000000000e+00	0.000000000000e+00	0.000000000000e+00
4.260000000000e-07	0.000000000000e+00	0.000000000000e+00	0.000000000000e+00
4.270000000000e-07	-3.040761907102e-17	2.435669684584e-16	6.081191308164e-18
4.280000000000e-07	1.502548316872e-22	-3.598692429224e-22	-1.590514202373e-22
4.290000000000e-07	5.102095648110e-22	-3.507216611269e-21	-1.918851210064e-22
4.300000000000e-07	1.348813704023e-20	-6.554451166337e-20	-9.227975205772e-21
4.310000000000e-07	0.000000000000e+00	0.000000000000e+00	0.000000000000e+00
4.320000000000e-07	-1.959421013786e-19	3.634662185198e-20	2.732489379665e-19
4.330000000000e-07	1.063061315676e-21	-5.569954469971e-21	-6.681305694885e-22
4.340000000000e-07	0.000000000000e+00	0.000000000000e+00	0.000000000000e+00
4.350000000000e-07	0.000000000000e+00	0.000000000000e+00	0.000000000000e+00
4.360000000000e-07	5.770128010054e-19	2.001727792880e-18	-1.125065430399e-18
4.370000000000e-07	2.460774496140e-18	1.654228520248e-18	-3.754981044801e-18
4.380000000000e-07	9.728666273815e-19	-8.720874005805e-18	-6.679535295556e-20
4.390000000000e-07	2.133680998625e-22	-1.656706152213e-21	-5.381794604564e-23
4.400000000000e-07	0.000000000000e+00	0.000000000000e+00	0.000000000000e+00
4.410000000000e-07	5.901213288275e-23	-3.439179250728e-22	-3.219597552531e-23
4.420000000000e-07	0.000000000000e+00	0.000000000000e+00	0.000000000000e+00
4.430000000000e-07	0.000000000000e+00	0.000000000000e+00	0.000000000000e+00
4.440000000000e-07	-6.707373978755e-18	4.486791558162e-17	2.808607074339e-18
4.450000000000e-07	5.212749672119e-19	-1.886100547263e-18	-4.590958497748e-19
4.460000000000e-07	2.574664790250e-19	2.630148442282e-18	-7.613412181951e-19
4.470000000000e-07	6.707556025689e-18	-4.493414668165e-17	-2.822908067692e-18
4.480000000000e-07	0.000000000000e+00	0.000000000000e+00	0.000000000000e+00
4.490000000000e-07	0.000000000000e+00	0.000000000000e+00	0.000000000000e+00
4.500000000000e-07	5.548722762818e-22	-5.538939289579e-21	3.684999978414e-23
4.510000000000e-07	1.303053115601e-18	-8.742950051611e-19	-1.725892605858e-18
4.520000000000e-07	0.000000000000e+00	0.000000000000e+00	0.000000000000e+00
4.530000000000e-07	2.028789676487e-21	-1.451381344212e-20	-7.271068496766e-22
4.540000000000e-07	2.306204989201e-19	-1.232242222592e-18	-1.449929105088e-19
4.550000000000e-07	0.000000000000e+00	0.000000000000e+00	0.000000000000e+00
4.560000000000e-07	-1.872195781048e-18	3.370498480952e-18	2.166936142729e-18
4.570000000000e-07	7.757269703301e-23	-4.002824034008e-22	-5.114460940162e-23
4.580000000000e-07	0.000000000000e+00	0.000000000000e+00	0.000000000000e+00
4.590000000000e-07	3.101309017125e-23	-1.567479471862e-22	-2.096405465656e-23
4.600000000000e-07	1.761483220712e-18	-2.041422828890e-18	-2.201281906712e-18
4.610000000000e-07	0.000000000000e+00	0.000000000000e+00	0.000000000000e+00
4.620000000000e-07	1.374468891836e-20	-6.224567736768e-20	-1.040609802743e-20
4.630000000000e-07	3.238336329837e-21	-1.029291273912e-20	-3.094829607534e-21
4.640000000000e-07	1.189468879428e-17	3.097311356144e-18	-1.740129152446e-17
4.650000000000e-07	-3.486250665472e-19	-8.110830947762e-20	5.090580191157e-19
4.660000000000e-07	-5.805680898508e-20	-9.928036366801e-19	2.297308504598e-19
4.670000000000e-07	3.047375987690e-23	-9.374197060902e-23	-2.965147381835e-23
4.680000000000e-07	1.617051227066e-21	-7.596959649807e-21	-1.188718594878e-21
4.690000000000e-07	-8.171609500512e-23	-6.365322902304e-21	1.050154284001e-21
4.700000000000e-07	2.067460632065e-22	-8.461130626022e-22	-1.706749979323e-22
4.710000000000e-07	4.201928819105e-18	3.529828135890e-18	-6.516225473031e-18
4.720000000000e-07	0.000000000000e+00	0.000000000000e+00	0.000000000000e+00
4.730000000000e-07	5.694928380667e-18	-4.394691984709e-17	-1.692303375504e-18
4.740000000000e-07	-1.347343775319e-18	5.072880776424e-19	1.844495658900e-18
4.750000000000e-07	-1.324744589429e-18	1.172010627378e-17	1.279287535412e-19
4.760000000000e-07	3.059403807594e-18	1.455185610048e-17	-6.482021643771e-18
4.770000000000e-07	7.036831642126e-24	-5.719821413484e-23	-1.705546422122e-24
4.780000000000e-07	4.921232210966e-18	-8.942183239836e-18	-5.669902771015e-18
4.790000000000e-07	1.873740393741e-18	-3.376397012897e-18	-2.166855101384e-18
4.800000000000e-07	1.535879135992e-21	-8.983555714220e-21	-8.858288063370e-22
4.810000000000e-07	6.044789323395e-22	-2.720410282203e-21	-4.673380024825e-22
4.820000000000e-07	0.000000000000e+00	0.000000000000e+00	0.000000000000e+00
4.830000000000e-07	0.000000000000e+00	0.000000000000e+00	0.000000000000e+00
4.840000000000e-07	2.217205531279e-21	-1.207324846453e-20	-1.416331244591e-21
4.850000000000e-07	-2.666611469883e-18	-9.050197760083e-19	3.937279831455e-18
4.860000000000e-07	-2.720413236290e-18	1.370940305301e-17	1.901137122557e-18
4.870000000000e-07	2.706350980836e-18	-2.571647206852e-17	-1.525066136823e-19
4.880000000000e-07	6.713170660250e-22	-4.810987727400e-21	-2.646767186516e-22
4.890000000000e-07	2.173090697043e-19	-1.960032686884e-18	-2.037562996110e-20
4.900000000000e-07	-3.687231220268e-19	1.588667227858e-20	5.231749465202e-19
4.910000000000e-07	1.551037258881e-21	-5.219179502036e-21	-1.462502693650e-21
4.920000000000e-07	1.720490518833e-18	-5.746528224283e-18	-1.629062780397e-18
4.930000000000e-07	5.174130124836e-19	-1.621011258019e-18	-5.047245269932e-19
4.940000000000e-07	7.626757618199e-23	-5.360131538573e-22	-3.203075343935e-23
4.950000000000e-07	7.197931730741e-22	-2.733114280172e-21	-6.356156210991e-22
4.960000000000e-07	4.641620383101e-22	-4.509220048366e-21	-1.814015568676e-23
4.970000000000e-07	-7.227132914020e-18	2.895277546132e-17	6.174054058567e-18
4.980000000000e-07	7.049172359008e-18	-5.311991199934e-17	-2.490248152770e-18
4.990000000000e-07	3.283226786159e-21	-2.047331240121e-20	-1.768282626184e-21
5.000000000000e-07	0.000000000000e+00	0.000000000000e+00	0.000000000000e+00
5.010000000000e-07	6.284873191324e-23	-2.880931594501e-22	-4.870144057857e-23
5.020000000000e-07	1.438544431735e-18	-4.313301825773e-18	-1.419505518302e-18
5.030000000000e-07	4.120466854698e-18	-1.366750327630e-17	-3.918344862911e-18
5.040000000000e-07	-3.935255193882e-19	2.888582169111e-19	5.167110337833e-19
5.050000000000e-07	0.000000000000e+00	0.000000000000e+00	0.000000000000e+00
5.060000000000e-07	1.595964681125e-18	-3.937397960889e-18	-1.703540143926e-18
5.070000000000e-07	2.404886374291e-18	6.044173359699e-18	-4.257950997559e-18
5.080000000000e-07	-8.223566537279e-18	7.021812776135e-17	1.809166143768e-18
5.090000000000e-07	-2.320105228001e-19	-2.945979401818e-19	3.747278007845e-19
5.100000000000e-07	2.539048875573e-19	-3.690588442793e-18	1.626125312605e-19
5.110000000000e-07	9.419493614730e-19	2.483343348198e-18	-1.692625192832e-18
5.120000000000e-07	9.004496030729e-18	7.605410180439e-17	-2.317546141008e-17
5.130000000000e-07	-1.278702304131e-18	-2.644519196915e-18	2.170181703647e-18
5.140000000000e-07	4.630019961001e-23	-2.878715110592e-22	-2.567028479666e-23
5.150000000000e-07	-1.476547397687e-19	-1.454686537297e-18	4.185652041818e-19
5.160000000000e-07	4.681691443071e-18	-4.704675305482e-17	-1.175924540137e-19
5.170000000000e-07	-1.956028441054e-17	8.468626267730e-17	1.587380080465e-17
5.180000000000e-07	1.499705666990e-17	-3.504755469598e-17	-1.640634184066e-17
5.190000000000e-07	4.861609944358e-19	-2.538582386130e-18	-3.395219536674e-19
5.200000000000e-07	1.519609641931e-18	3.212493196136e-18	-2.632634811813e-18
5.210000000000e-07	1.248925553816e-18	1.517789891789e-18	-1.997071372213e-18
5.220000000000e-07	5.832242106542e-19	-4.467960051094e-18	-2.108258728000e-19
5.230000000000e-07	8.443533738723e-19	1.922443871951e-18	-1.471633866236e-18
5.240000000000e-07	-2.153301170844e-18	-1.068577722955e-18	3.220355432666e-18
5.250000000000e-07	1.323497457634e-17	-5.872559727672e-17	-1.077560423167e-17
5.260000000000e-07	2.191969853142e-20	-1.257305777596e-19	-1.389317763590e-20
5.270000000000e-07	3.479880110137e-23	-2.076378257502e-22	-2.094205822605e-23
5.280000000000e-07	-1.106284410632e-18	-1.819840999919e-18	1.836528110388e-18
5.290000000000e-07	1.451600401340e-18	-2.602621526456e-19	-2.045532029399e-18
5.300000000000e-07	3.304395559663e-23	-1.521773840763e-22	-2.617577326692e-23
5.310000000000e-07	-4.863325409897e-19	1.972590382003e-18	4.098063345416e-19
5.320000000000e-07	0.000000000000e+00	0.000000000000e+00	0.000000000000e+00
5.330000000000e-07	-2.781871823976e-19	-1.103559085657e-18	5.398348757288e-19
5.340000000000e-07	3.199176045383e-21	-1.088363565538e-20	-3.070727065323e-21
5.350000000000e-07	4.676536081039e-21	-1.945535880875e-20	-4.004671035358e-21
5.360000000000e-07	-2.341158079872e-17	1.511460592962e-16	1.262742805006e-17
5.370000000000e-07	5.895623828602e-19	-5.862558511189e-18	-9.433940865959e-21
5.380000000000e-07	1.758697343329e-19	1.474427761633e-18	-4.544778419135e-19
5.390000000000e-07	2.223551579355e-18	-1.349795051151e-18	-2.987997566549e-18
5.400000000000e-07	3.540403336754e-18	-9.570013177521e-18	-3.671948132999e-18
5.410000000000e-07	2.143929178989e-18	7.291560840899e-19	-3.175831951470e-18
5.420000000000e-07	3.018905416528e-18	1.531908827008e-18	-4.490049083798e-18
5.430000000000e-07	1.829033524503e-17	-8.094758389012e-17	-1.610179941821e-17
5.440000000000e-07	9.048279513573e-22	-4.198172338784e-21	-7.211718851029e-22
5.450000000000e-07	4.491349712000e-23	-1.779210795322e-22	-3.995642757170e-23
5.460000000000e-07	5.380254318341e-19	-2.913119421955e-18	-3.802941679142e-19
5.470000000000e-07	7.706861487746e-19	5.061830019582e-19	-1.195274660248e-18
5.480000000000e-07	-8.003375136974e-18	5.684538453197e-17	3.747851375655e-18
5.490000000000e-07	2.121637767830e-18	-3.434339121172e-18	-2.567287726468e-18
5.500000000000e-07	-2.751558809066e-19	7.698021569656e-17	-9.530440988145e-18
5.510000000000e-07	-1.258017723119e-17	9.515371357447e-17	6.170794137298e-18
5.520000000000e-07	3.846233900922e-18	-8.339643654223e-19	-5.381212335174e-18
5.530000000000e-07	1.659556738812e-19	-1.412647299399e-18	-3.449219191687e-20
5.540000000000e-07	-1.020197302804e-18	-8.847177501794e-19	1.566374424900e-18
5.550000000000e-07	-6.255701475697e-18	4.222863738894e-17	1.943336205654e-18
5.560000000000e-07	3.728336325232e-18	-8.477117157911e-18	-4.198250621833e-18
5.570000000000e-07	7.288132443345e-19	8.573772982247e-18	-2.247343570004e-18
5.580000000000e-07	-2.424959217659e-18	-5.483472571593e-19	3.539511513070e-18
5.590000000000e-07	2.518794266679e-18	1.719629306396e-18	-3.833376258786e-18
5.600000000000e-07	-1.067314041921e-18	-1.454952489462e-18	1.722547659322e-18
5.610000000000e-07	4.977334890221e-19	9.948270325533e-20	-7.238076925866e-19
5.620000000000e-07	1.837368611637e-19	-5.619824447063e-19	-1.876611241260e-19
5.630000000000e-07	-8.956615373403e-18	7.526475621289e-17	2.765777549148e-18
5.640000000000e-07	2.090891003490e-19	-8.753597938373e-19	-1.319885945971e-19
5.650000000000e-07	8.020817868686e-20	-8.841612896842e-19	3.234785619043e-21
5.660000000000e-07	2.251255707321e-16	-9.463198526242e-16	-2.097742527509e-16
5.670000000000e-07	-1.420837088378e-17	1.050017336505e-16	6.369119790086e-18
5.680000000000e-07	-5.249591195077e-19	-1.746299743239e-18	9.908667744618e-19
5.690000000000e-07	-3.196473170365e-18	-1.641711302171e-16	2.449938700344e-17
5.700000000000e-07	-7.075003462079e-19	1.640982433044e-18	7.811427723752e-19
5.710000000000e-07	1.348403853464e-18	-2.220437865742e-16	2.492974695014e-17
5.720000000000e-07	-8.413783364170e-20	-6.622144105324e-19	2.047661029519e-19
5.730000000000e-07	1.435562879485e-16	-1.396147281460e-17	-2.055973221785e-16
5.740000000000e-07	-3.451662457401e-16	1.266068392327e-15	3.470020821475e-16
5.750000000000e-07	-2.570035751804e-17	7.666658816195e-17	2.782776341091e-17
5.760000000000e-07	-6.258335638302e-19	-1.834876449167e-18	1.140691576785e-18
5.770000000000e-07	-9.483775084502e-20	1.805949315897e-18	-1.238641365001e-19
5.780000000000e-07	1.309926790887e-18	5.231630190330e-19	-1.923268652956e-18
5.790000000000e-07	8.298977810446e-20	-2.567997624147e-18	2.177995421334e-19
5.800000000000e-07	1.454110705559e-18	3.140335691948e-18	-2.487206264047e-18
5.810000000000e-07	-1.297772399799e-20	-7.970576949770e-19	1.146706554603e-19
5.820000000000e-07	-3.043475484528e-19	-3.374247148294e-19	4.813490904933e-19
5.830000000000e-07	9.589277191373e-19	4.983558728987e-18	-2.056859284198e-18
5.840000000000e-07	-1.612937567575e-18	2.658628178766e-18	1.978987761793e-18
5.850000000000e-07	7.119220833476e-19	3.030549819949e-18	-1.432832555806e-18
5.860000000000e-07	-1.449672497398e-19	-1.119100100043e-18	3.423925852520e-19
5.870000000000e-07	1.371295025495e-18	-4.145202416175e-18	-1.411913768578e-18
5.880000000000e-07	-5.604298980240e-18	5.665059535803e-17	6.608051736287e-19
5.890000000000e-07	-2.618848239144e-19	5.223726566053e-18	-2.998860997878e-19
5.900000000000e-07	-1.535332700585e-18	9.102256045978e-19	2.048389665994e-18
5.910000000000e-07	-1.822182776048e-18	-1.481920425786e-18	2.818796707068e-18
5.920000000000e-07	4.300389194919e-18	-6.787291951051e-18	-5.222053893411e-18
5.930000000000e-07	1.694958759883e-18	8.408564416149e-18	-3.556671944403e-18
5.940000000000e-07	-6.680192867370e-19	2.529173503070e-18	6.135328370611e-19
5.950000000000e-07	1.630203546358e-19	-7.910113074523e-19	-1.361522927091e-19
5.960000000000e-07	1.145972363567e-18	2.046966207292e-18	-1.903707464842e-18
5.970000000000e-07	-3.042750819073e-19	-4.595851776960e-18	1.023618148034e-18
5.980000000000e-07	-3.940824756098e-21	-1.642025221757e-20	7.730225685337e-21
5.990000000000e-07	-1.679913394271e-16	9.895330217962e-16	1.351729813520e-16
6.000000000000e-07	4.666263575111e-18	-1.887161168283e-18	-6.378259880099e-18
6.010000000000e-07	-3.213986546050e-18	5.864009257460e-18	3.843577496639e-18
6.020000000000e-07	1.163009555123e-15	4.711297757081e-17	-1.698713148909e-15
6.030000000000e-07	-1.280933892740e-15	2.760415989859e-15	1.583355376577e-15
6.040000000000e-07	4.851567775923e-17	-2.573271364609e-15	1.964850685443e-16
6.050000000000e-07	1.765678753762e-20	-1.707786235211e-18	1.761656502824e-19
6.060000000000e-07	-2.949410084291e-18	-9.890938266807e-17	1.625683335398e-17
6.070000000000e-07	6.064822787754e-17	-1.065479475445e-16	-7.614498249820e-17
6.080000000000e-07	7.281583132853e-18	-8.367370098571e-17	2.007955637553e-19
6.090000000000e-07	1.503052012176e-18	1.760737761524e-17	-4.306337275225e-18
6.100000000000e-07	-1.213525960039e-18	1.000866822748e-18	1.617765831053e-18
6.110000000000e-07	-1.416485323889e-19	-5.401939094794e-18	9.919203177181e-19
6.120000000000e-07	1.136121039817e-18	-2.313153832293e-17	1.204772758323e-18
6.130000000000e-07	-5.309449206032e-20	3.787011325853e-18	-2.144326082349e-19
6.140000000000e-07	1.760902397528e-16	-2.841842894206e-16	-2.246594964129e-16
6.150000000000e-07	1.076899488576e-16	-4.473244465725e-17	-1.616888543170e-16
6.160000000000e-07	-2.656187486338e-17	-4.729898181872e-17	4.253691134518e-17
6.170000000000e-07	-6.727730140159e-17	-6.004777004930e-17	1.013468258782e-16
6.180000000000e-07	-2.779424087866e-17	4.014830046480e-16	-9.698421080326e-18
6.190000000000e-07	6.952239203730e-17	1.815556309405e-17	-1.007677237356e-16
6.200000000000e-07	2.970492494433e-17	-4.420600262288e-17	-3.531566590052e-17
6.210000000000e-07	-1.079193748275e-17	2.870361626155e-17	1.259604528815e-17
6.220000000000e-07	1.951862880160e-18	5.573914543055e-17	-1.016560608456e-17
6.230000000000e-07	2.800443013344e-17	1.972057523031e-15	-2.672054701614e-16
6.240000000000e-07	3.597885991241e-16	1.885714640672e-15	-7.384204434401e-16
6.250000000000e-07	4.559197902189e-16	-5.174944351312e-16	-6.290943910048e-16
6.260000000000e-07	-6.611094630045e-16	-7.371483550761e-16	1.052887311794e-15
6.270000000000e-07	2.791049339105e-16	-5.399241027955e-17	-3.880861508518e-16
6.280000000000e-07	-7.758471503188e-17	-7.728168925280e-16	2.049280213223e-16
6.290000000000e-07	1.332797953268e-17	-7.562031670218e-17	-9.568960507562e-18
6.300000000000e-07	-2.363384433032e-17	-1.602558713980e-16	5.462796025820e-17
6.310000000000e-07	-2.965493229941e-16	1.123792002117e-15	3.051852438041e-16
6.320000000000e-07	8.230381511985e-18	-3.964792712172e-17	-7.248132324610e-18
6.330000000000e-07	2.520634971020e-16	-5.786089980724e-16	-3.008625384356e-16
6.340000000000e-07	6.115912257640e-18	-7.319335715316e-18	-7.897022156914e-18
6.350000000000e-07	-1.114856894925e-15	3.538928162293e-16	1.584118697415e-15
6.360000000000e-07	-7.339460156086e-18	-9.578771544501e-17	2.564765252400e-17
6.370000000000e-07	-9.751039767045e-18	4.135107026824e-17	8.687774135857e-18
6.380000000000e-07	8.625347495693e-19	-5.312059593211e-18	-5.236209712189e-19
6.390000000000e-07	3.066382884638e-19	2.787477149452e-18	-7.772286251758e-19
6.400000000000e-07	5.050758460045e-17	-4.268208207147e-16	-2.377584625480e-17
6.410000000000e-07	-1.028409529362e-16	-3.135742469729e-16	1.859631607839e-16
6.420000000000e-07	-2.028506940319e-18	-2.986941764037e-17	7.059086585100e-18
6.430000000000e-07	1.710423348561e-18	-7.101079953187e-18	-1.657173593560e-18
6.440000000000e-07	9.328745209209e-17	1.694214638806e-16	-1.556334111702e-16
6.450000000000e-07	4.486830305545e-17	-4.671141220075e-17	-5.844719452159e-17
6.460000000000e-07	2.580159212678e-17	-1.382660132557e-16	-2.158108239550e-17
6.470000000000e-07	1.437658559138e-16	-1.034356510956e-16	-1.983789002811e-16
6.480000000000e-07	-1.033286493712e-18	-1.254620864976e-17	3.760934533258e-18
6.490000000000e-07	3.247911644363e-17	1.169535404863e-17	-4.791640230671e-17
6.500000000000e-07	1.381105755639e-18	-2.470319258565e-18	-1.682710193354e-18
6.510000000000e-07	1.734805216778e-17	-1.527783864182e-16	-6.094645570443e-18
6.520000000000e-07	-8.739819902987e-17	1.997369860213e-16	1.086512809094e-16
6.530000000000e-07	-6.938578225762e-18	6.512313772228e-17	2.041895779162e-18
6.540000000000e-07	6.944957726736e-17	1.281143220465e-17	-1.028343563965e-16
6.550000000000e-07	-3.597662251095e-18	4.661062837246e-17	-4.486991504424e-19
6.560000000000e-07	-1.452507508554e-17	7.150872180552e-17	1.201712381801e-17
6.570000000000e-07	1.672371950236e-18	-7.584691743974e-18	-1.380262248694e-18
6.580000000000e-07	1.196044268123e-17	-2.269016251566e-17	-1.478975609518e-17
6.590000000000e-07	-3.466519745663e-17	8.416275768255e-17	4.309244549498e-17
6.600000000000e-07	-6.153643115499e-18	3.660662918099e-17	4.502772994070e-18
6.610000000000e-07	9.283071204392e-17	1.491296210035e-16	-1.504479276209e-16
6.620000000000e-07	-1.000063823561e-18	3.716919111705e-16	-4.174489164460e-17
6.630000000000e-07	-2.101594139200e-17	1.474952258720e-16	1.244941426373e-17
6.640000000000e-07	-7.870065445309e-17	1.949662953394e-17	1.117765039881e-16
6.650000000000e-07	-3.815863598494e-17	6.020354828608e-17	4.794863922311e-17
6.660000000000e-07	8.081499650086e-18	8.390930128383e-19	-1.184412421439e-17
6.670000000000e-07	2.598436639429e-17	-1.903727279053e-16	-1.460321219728e-17
6.680000000000e-07	-7.086730689720e-18	5.709648088217e-18	9.270853956044e-18
6.690000000000e-07	4.725502546771e-17	-8.765265268188e-17	-5.747083828101e-17
6.700000000000e-07	7.184938278207e-17	-3.350454467521e-16	-6.793503807418e-17
6.710000000000e-07	-1.613917558938e-18	7.038969198158e-17	-6.242302061884e-18
6.720000000000e-07	4.357640759955e-17	-6.822331181719e-17	-5.472759674025e-17
6.730000000000e-07	1.201116524690e-16	4.173189775037e-16	-2.207633887650e-16
6.740000000000e-07	-1.207050467499e-16	2.091785709938e-16	1.490147940760e-16
6.750000000000e-07	-1.173389478294e-16	-7.794964418443e-17	1.790114457644e-16
6.760000000000e-07	-8.697638025045e-18	-1.351482262816e-16	2.837691776180e-17
6.770000000000e-07	-9.060440870497e-17	4.401921231189e-17	1.236673944457e-16
6.780000000000e-07	8.584234202622e-18	-2.003755818553e-17	-9.967723983332e-18
6.790000000000e-07	1.436506273770e-16	-2.316697718366e-16	-1.814109505752e-16
6.800000000000e-07	1.269336951006e-17	-8.958999743331e-17	-7.760888042075e-18
6.810000000000e-07	4.756669189323e-19	-2.391310080765e-17	2.184924995448e-18
6.820000000000e-07	-2.270892876822e-17	9.363956544691e-17	2.233952624210e-17
6.830000000000e-07	-1.488835521307e-17	1.671474977626e-16	3.652091360257e-18
6.840000000000e-07	5.227397452162e-18	1.297071762185e-17	-8.967666245758e-18
6.850000000000e-07	2.426007316616e-17	2.714558526519e-17	-3.752263061341e-17
6.860000000000e-07	1.029307617134e-17	-9.081161968368e-18	-1.358700338407e-17
6.870000000000e-07	4.372835396105e-18	1.826643656548e-17	-8.579493410778e-18
6.880000000000e-07	1.354642172944e-16	-9.001707218535e-16	-9.052470115040e-17
6.890000000000e-07	4.033189809631e-17	6.041501092767e-17	-6.550317544934e-17
6.900000000000e-07	1.207684812639e-16	-3.628086356270e-16	-1.338937034668e-16
6.910000000000e-07	1.026513139444e-16	8.997983350661e-17	-1.575038142638e-16
6.920000000000e-07	-2.562408724687e-17	1.502095611016e-16	6.768397662677e-18
6.930000000000e-07	-1.324834136177e-16	4.580211018172e-17	1.939542431930e-16
6.940000000000e-07	-7.556354334810e-18	-1.104626561254e-17	1.193629061818e-17
6.950000000000e-07	1.060488505707e-16	-6.184754758474e-16	-8.270501369098e-17
6.960000000000e-07	4.453509715875e-17	7.977052507985e-17	-7.428955034542e-17
6.970000000000e-07	1.811089656884e-17	-1.003142776862e-16	-1.409609468840e-17
6.980000000000e-07	-7.571632463894e-19	2.156838859667e-17	-9.629888013797e-19
6.990000000000e-07	2.964256386829e-16	3.141335835689e-16	-4.831554687225e-16
7.000000000000e-07	7.301802970407e-16	1.581973554662e-15	-1.249784405187e-15
7.010000000000e-07	-2.340376977645e-15	-3.374904701680e-15	3.882817211756e-15
7.020000000000e-07	4.066595335747e-18	4.201406424210e-16	-4.196822064768e-17
7.030000000000e-07	6.460459589133e-17	2.732290472342e-16	-1.151440725123e-16
7.040000000000e-07	-4.996526048792e-17	-1.318930871895e-17	7.710412120019e-17
7.050000000000e-07	2.737098712235e-16	-6.812824575256e-17	-4.074447788430e-16
7.060000000000e-07	-2.567359733697e-17	8.612768678211e-17	3.068218320414e-17
7.070000000000e-07	-1.755512614730e-16	6.204714607121e-17	2.638802865856e-16
7.080000000000e-07	-2.881844273994e-16	3.972277487907e-16	3.785079625261e-16
7.090000000000e-07	-1.868158910955e-16	4.186629468663e-17	2.800951595342e-16
7.100000000000e-07	-1.415654347068e-16	1.991362059146e-16	2.017285835702e-16
7.110000000000e-07	2.031332984537e-16	-3.762099032217e-17	-3.063296133035e-16
7.120000000000e-07	2.974329716957e-16	-2.076037779144e-16	-4.277273260813e-16
7.130000000000e-07	-1.897836399054e-17	8.134399591852e-17	1.851940696556e-17
7.140000000000e-07	1.638076002514e-16	-1.603648601529e-16	-2.299600318518e-16
7.150000000000e-07	4.812742794781e-17	-6.257141998036e-17	-6.251184296141e-17
7.160000000000e-07	-6.104820883874e-17	1.648620889100e-16	7.641105094727e-17
7.170000000000e-07	-3.208257759784e-16	8.616771713340e-16	3.698983711900e-16
7.180000000000e-07	1.653552626040e-16	1.024357984659e-17	-2.398831225952e-16
7.190000000000e-07	-7.840243098712e-18	7.505882999958e-17	4.608076945410e-18
7.200000000000e-07	5.049084815031e-17	-1.578154678650e-16	-5.817263878622e-17
7.210000000000e-07	2.048620927119e-16	4.468741086053e-17	-3.140436814562e-16
7.220000000000e-07	-1.714929090493e-16	5.021864067447e-16	1.910623914508e-16
7.230000000000e-07	1.277477595302e-17	-7.891849375942e-17	-1.341286727750e-17
7.240000000000e-07	-1.495974139791e-16	2.040824331399e-16	2.042492401908e-16
7.250000000000e-07	-4.651389185205e-17	-2.622238040835e-16	1.048405447627e-16
7.260000000000e-07	-3.436579071124e-17	-5.973363292197e-17	5.581721099038e-17
7.270000000000e-07	2.777781927465e-16	-3.823753158211e-16	-3.760712782593e-16
7.280000000000e-07	-9.200237179949e-17	2.857370733211e-16	1.013504393555e-16
7.290000000000e-07	-2.737156484918e-16	1.745052852827e-16	4.001119160473e-16
7.300000000000e-07	1.123914897428e-16	8.198614706452e-16	-2.428939235296e-16
7.310000000000e-07	5.304914926754e-16	5.524859356033e-16	-8.501019077563e-16
7.320000000000e-07	-4.043877137061e-17	-5.697881172833e-16	1.187240565522e-16
7.330000000000e-07	5.746847571617e-16	3.209679563824e-15	-1.174099280289e-15
7.340000000000e-07	-5.756283158759e-16	-9.471869406011e-16	9.512811617670e-16
7.350000000000e-07	5.450015848457e-16	-4.352655737899e-16	-7.733637133753e-16
7.360000000000e-07	3.899156884288e-16	2.662318107330e-16	-6.169522183730e-16
7.370000000000e-07	-3.763280844882e-16	6.521772386861e-16	4.949344578145e-16
7.380000000000e-07	-2.851584537436e-16	-1.288189875620e-16	4.412079572203e-16
7.390000000000e-07	1.796042094998e-16	-1.491421474747e-15	-1.268032352052e-16
7.400000000000e-07	-3.068681131798e-17	-4.477459089248e-17	4.812832435948e-17
7.410000000000e-07	-5.308824326498e-17	-6.197750612555e-16	1.325149330470e-16
7.420000000000e-07	1.569762121514e-16	3.524150759360e-16	-2.683994813312e-16
7.430000000000e-07	-4.407563365744e-17	-1.195269622450e-16	7.286535246257e-17
7.440000000000e-07	1.309980709540e-16	-2.093260002461e-16	-1.609584234014e-16
7.450000000000e-07	2.554717307303e-17	-4.687542676458e-17	-3.165242001033e-17
7.460000000000e-07	1.601879407770e-16	-2.359706840281e-16	-2.058176307968e-16
7.470000000000e-07	-5.077165055675e-17	-1.568504681428e-16	8.934193395973e-17
7.480000000000e-07	8.465390219497e-18	-1.345884300133e-16	2.368785639416e-18
7.490000000000e-07	-9.090800056774e-18	-4.475788840323e-18	1.516404487350e-17
7.500000000000e-07	-3.697682834843e-18	8.209797809776e-17	-3.934691560541e-18
7.510000000000e-07	-1.334302061895e-17	1.417604929039e-16	4.077408438648e-18
7.520000000000e-07	1.034823440507e-17	1.980082773369e-17	-1.637562070108e-17
7.530000000000e-07	5.543066117129e-17	-2.646122165223e-16	-5.735409132704e-17
7.540000000000e-07	1.420106823397e-17	-3.822068039669e-17	-1.643075084377e-17
7.550000000000e-07	5.211161174032e-17	6.122872504839e-16	-1.528890583055e-16
7.560000000000e-07	-4.878957533599e-18	5.156465862435e-17	1.536638375894e-18
7.570000000000e-07	2.790441675356e-17	-1.285193156506e-16	-3.033330849103e-17
7.580000000000e-07	-1.298552255211e-17	-1.461989708958e-17	2.041875212348e-17
7.590000000000e-07	-5.515424217229e-18	-5.141672669243e-17	1.358626167681e-17
7.600000000000e-07	5.407736048377e-19	9.847170374765e-17	-1.047543393060e-17
7.610000000000e-07	1.143232286153e-17	-1.295076314125e-16	-2.704733549702e-18
7.620000000000e-07	-8.623261969678e-17	-9.754805525701e-18	1.297050039427e-16
7.630000000000e-07	-5.995074148466e-18	5.083995571238e-17	3.280598957857e-18
7.640000000000e-07	8.115032874294e-18	-3.810823638058e-17	-7.641092274834e-18
7.650000000000e-07	-5.082363618957e-17	3.462653856686e-17	6.980831854463e-17
7.660000000000e-07	6.631843706905e-18	-9.044554165094e-17	1.665796601297e-18
7.670000000000e-07	-7.361099379835e-18	-2.172759995826e-17	1.267297990430e-17
7.680000000000e-07	-2.183845702456e-17	-2.373157225017e-17	3.110428977406e-17
7.690000000000e-07	6.543725400180e-18	-6.143949289357e-17	-2.934781899372e-18
7.700000000000e-07	-6.110544682833e-18	7.161198077187e-17	1.815966595470e-18
7.710000000000e-07	-4.182208076703e-17	1.424292973491e-16	4.471441041817e-17
7.720000000000e-07	-2.404134009203e-17	1.254265200390e-16	1.917520271191e-17
7.730000000000e-07	-3.948467326122e-17	1.882060503304e-17	5.406750390432e-17
7.740000000000e-07	1.879756113461e-16	-1.918486405448e-16	-2.411311277243e-16
7.750000000000e-07	-1.838194036966e-17	6.739483979901e-17	1.954938052576e-17
7.760000000000e-07	8.879466677250e-18	1.075561093215e-17	-1.224002200099e-17
7.770000000000e-07	-2.200724220421e-17	3.487986575743e-17	2.900902174573e-17
7.780000000000e-07	-2.711713789053e-17	1.040819689111e-16	3.093260877714e-17
7.790000000000e-07	-6.748259082415e-18	-1.694434156499e-16	2.597414932009e-17
7.800000000000e-07	2.832153750561e-17	1.942917005504e-17	-4.205303849132e-17
7.810000000000e-07	-5.543903284764e-17	3.536879603715e-16	4.747236751970e-17
7.820000000000e-07	1.507495815261e-17	2.765427295178e-17	-2.582945180989e-17
7.830000000000e-07	-3.651541842886e-17	-1.038378500063e-17	5.375526617304e-17
7.840000000000e-07	1.236488059704e-17	-3.634262117758e-16	1.886076153802e-17
7.850000000000e-07	-9.921951214000e-18	2.829395472728e-16	-1.189747594574e-17
7.860000000000e-07	-1.272299519495e-16	-1.598200855792e-17	1.891335460571e-16
7.870000000000e-07	7.730877085895e-17	-2.986908342272e-17	-1.149501401717e-16
7.880000000000e-07	1.536699781547e-16	-1.879147119096e-16	-2.006694994462e-16
7.890000000000e-07	4.420889581145e-17	1.659764072447e-16	-7.995173961301e-17
7.900000000000e-07	1.580377586992e-16	-3.246782782097e-16	-1.905143141794e-16
7.910000000000e-07	4.071838186735e-18	-5.813093442504e-17	-7.115150887174e-19
7.920000000000e-07	-6.836347823409e-16	4.013333798662e-16	9.456297873451e-16
7.930000000000e-07	2.589825434073e-17	-3.471716365557e-16	-1.894400295694e-18
7.940000000000e-07	-5.448230562573e-16	2.847182232734e-16	7.580583657208e-16
7.950000000000e-07	1.244316590771e-15	3.847776319731e-15	-2.197865024384e-15
7.960000000000e-07	2.262178503749e-16	-1.770234690446e-15	-1.502238157451e-16
7.970000000000e-07	-4.981780597902e-16	-7.831836238423e-16	7.828929067581e-16
7.980000000000e-07	-2.393084793934e-16	1.546484203331e-15	1.963698190313e-16
