-3.646000000000e-06	0.000000000000e+00	0.000000000000e+00	0.000000000000e+00
-3.645000000000e-06	0.000000000000e+00	0.000000000000e+00	0.000000000000e+00
-3.644000000000e-06	0.000000000000e+00	0.000000000000e+00	0.000000000000e+00
-3.643000000000e-06	0.000000000000e+00	0.000000000000e+00	0.000000000000e+00
-3.642000000000e-06	0.000000000000e+00	0.000000000000e+00	0.000000000000e+00
-3.641000000000e-06	0.000000000000e+00	0.000000000000e+00	0.000000000000e+00
-3.640000000000e-06	0.000000000000e+00	0.000000000000e+00	0.000000000000e+00
-3.639000000000e-06	0.000000000000e+00	0.000000000000e+00	0.000000000000e+00
-3.638000000000e-06	0.000000000000e+00	0.000000000000e+00	0.000000000000e+00
-3.637000000000e-06	0.000000000000e+00	0.000000000000e+00	0.000000000000e+00
-3.636000000000e-06	0.000000000000e+00	0.000000000000e+00	0.000000000000e+00
-3.635000000000e-06	0.000000000000e+00	0.000000000000e+00	0.000000000000e+00
-3.634000000000e-06	0.000000000000e+00	0.000000000000e+00	0.000000000000e+00
-3.633000000000e-06	0.000000000000e+00	0.000000000000e+00	0.000000000000e+00
-3.632000000000e-06	0.000000000000e+00	0.000000000000e+00	0.000000000000e+00
-3.631000000000e-06	0.000000000000e+00	0.000000000000e+00	0.000000000000e+00
-3.630000000000e-06	0.000000000000e+00	0.000000000000e+00	0.000000000000e+00
-3.629000000000e-06	0.000000000000e+00	0.000000000000e+00	0.000000000000e+00
-3.628000000000e-06	0.000000000000e+00	0.000000000000e+00	0.000000000000e+00
-3.627000000000e-06	0.000000000000e+00	0.000000000000e+00	0.000000000000e+00
-3.626000000000e-06	0.000000000000e+00	0.000000000000e+00	0.000000000000e+00
-3.625000000000e-06	0.000000000000e+00	0.000000000000e+00	0.000000000000e+00
-3.624000000000e-06	0.000000000000e+00	0.000000000000e+00	0.000000000000e+00
-3.623000000000e-06	0.000000000000e+00	0.000000000000e+00	0.000000000000e+00
-3.622000000000e-06	0.000000000000e+00	0.000000000000e+00	0.000000000000e+00
-3.621000000000e-06	0.000000000000e+00	0.000000000000e+00	0.000000000000e+00
-3.620000000000e-06	0.000000000000e+00	0.000000000000e+00	0.000000000000e+00
-3.619000000000e-06	0.000000000000e+00	0.000000000000e+00	0.000000000000e+00
-3.618000000000e-06	0.000000000000e+00	0.000000000000e+00	0.000000000000e+00
-3.617000000000e-06	0.000000000000e+00	0.000000000000e+00	0.000000000000e+00
-3.616000000000e-06	0.000000000000e+00	0.000000000000e+00	0.000000000000e+00
-3.615000000000e-06	0.000000000000e+00	0.000000000000e+00	0.000000000000e+00
-3.614000000000e-06	0.000000000000e+00	0.000000000000e+00	0.000000000000e+00
-3.613000000000e-06	0.000000000000e+00	0.000000000000e+00	0.000000000000e+00
-3.612000000000e-06	0.000000000000e+00	0.000000000000e+00	0.000000000000e+00
-3.611000000000e-06	0.000000000000e+00	0.000000000000e+00	0.000000000000e+00
-3.610000000000e-06	0.000000000000e+00	0.000000000000e+00	0.000000000000e+00
-3.609000000000e-06	0.000000000000e+00	0.000000000000e+00	0.000000000000e+00
-3.608000000000e-06	0.000000000000e+00	0.000000000000e+00	0.000000000000e+00
-3.607000000000e-06	0.000000000000e+00	0.000000000000e+00	0.000000000000e+00
-3.606000000000e-06	0.000000000000e+00	0.000000000000e+00	0.000000000000e+00
-3.605000000000e-06	0.000000000000e+00	0.000000000000e+00	0.000000000000e+00
-3.604000000000e-06	0.000000000000e+00	0.000000000000e+00	0.000000000000e+00
-3.603000000000e-06	0.000000000000e+00	0.000000000000e+00	0.000000000000e+00
-3.602000000000e-06	0.000000000000e+00	0.000000000000e+00	0.000000000000e+00
-3.601000000000e-06	0.000000000000e+00	0.000000000000e+00	0.000000000000e+00
-3.600000000000e-06	0.000000000000e+00	0.000000000000e+00	0.000000000000e+00
-3.599000000000e-06	0.000000000000e+00	0.000000000000e+00	0.000000000000e+00
-3.598000000000e-06	0.000000000000e+00	0.000000000000e+00	0.000000000000e+00
-3.597000000000e-06	0.000000000000e+00	0.000000000000e+00	0.000000000000e+00
-3.596000000000e-06	0.000000000000e+00	0.000000000000e+00	0.000000000000e+00
-3.595000000000e-06	0.000000000000e+00	0.000000000000e+00	0.000000000000e+00
-3.594000000000e-06	0.000000000000e+00	0.000000000000e+00	0.000000000000e+00
-3.593000000000e-06	0.000000000000e+00	0.000000000000e+00	0.000000000000e+00
-3.592000000000e-06	0.000000000000e+00	0.000000000000e+00	0.000000000000e+00
-3.591000000000e-06	0.000000000000e+00	0.000000000000e+00	0.000000000000e+00
-3.590000000000e-06	0.000000000000e+00	0.000000000000e+00	0.000000000000e+00
-3.589000000000e-06	0.000000000000e+00	0.000000000000e+00	0.000000000000e+00
-3.588000000000e-06	0.000000000000e+00	0.000000000000e+00	0.000000000000e+00
-3.587000000000e-06	0.000000000000e+00	0.000000000000e+00	0.000000000000e+00
-3.586000000000e-06	0.000000000000e+00	0.000000000000e+00	0.000000000000e+00
-3.585000000000e-06	0.000000000000e+00	0.000000000000e+00	0.000000000000e+00
-3.584000000000e-06	-4.934439877459e-21	-3.699473930627e-21	7.581285286066e-21
-3.583000000000e-06	0.000000000000e+00	0.000000000000e+00	0.000000000000e+00
-3.582000000000e-06	-4.554598405594e-18	6.443406902288e-17	-7.211424476109e-18
-3.581000000000e-06	7.574969815294e-22	-3.709916518127e-21	-2.692420351189e-22
-3.580000000000e-06	-4.396290429558e-22	-1.940277851145e-21	1.011406289352e-21
-3.579000000000e-06	0.000000000000e+00	0.000000000000e+00	0.000000000000e+00
-3.578000000000e-06	4.757499500533e-22	-8.944737685054e-21	1.208946738949e-21
-3.577000000000e-06	0.000000000000e+00	0.000000000000e+00	0.000000000000e+00
-3.576000000000e-06	0.000000000000e+00	0.000000000000e+00	0.000000000000e+00
-3.575000000000e-06	0.000000000000e+00	0.000000000000e+00	0.000000000000e+00
-3.574000000000e-06	-1.517875062076e-22	-2.859465547410e-21	8.031073647055e-22
-3.573000000000e-06	8.237264919389e-19	1.749531224230e-18	-1.498527565735e-18
-3.572000000000e-06	1.062057129461e-22	-1.006452443765e-21	6.199926555975e-23
-3.571000000000e-06	0.000000000000e+00	0.000000000000e+00	0.000000000000e+00
-3.570000000000e-06	2.034563849597e-24	-1.817835282087e-22	3.478676668810e-23
-3.569000000000e-06	-3.918148234943e-17	1.869738371499e-17	5.022476633638e-17
-3.568000000000e-06	3.869062600868e-18	-6.677613905135e-17	8.442763102740e-18
-3.567000000000e-06	0.000000000000e+00	0.000000000000e+00	0.000000000000e+00
-3.566000000000e-06	0.000000000000e+00	0.000000000000e+00	0.000000000000e+00
-3.565000000000e-06	1.286008849619e-22	-1.616206627424e-21	1.550873630639e-22
-3.564000000000e-06	4.232060810875e-22	-4.743018039725e-21	3.906231851817e-22
-3.563000000000e-06	-2.551721105022e-23	-3.035618043928e-20	6.269367901832e-21
-3.562000000000e-06	0.000000000000e+00	0.000000000000e+00	0.000000000000e+00
-3.561000000000e-06	-2.050062724244e-17	3.535521743511e-16	-4.415417025915e-17
-3.560000000000e-06	5.281481091951e-21	-1.501222697421e-19	2.341831566290e-20
-3.559000000000e-06	2.807296927419e-17	1.317463388624e-17	-4.169231438824e-17
-3.558000000000e-06	4.124834022547e-22	-1.195500702699e-20	1.872517150661e-21
-3.557000000000e-06	5.235493510718e-19	2.026370944097e-18	-1.135156893680e-18
-3.556000000000e-06	3.627577170990e-18	-7.554924742107e-18	-3.462244695513e-18
-3.555000000000e-06	-9.043670382050e-23	-4.173586872118e-21	9.741796737185e-22
-3.554000000000e-06	0.000000000000e+00	0.000000000000e+00	0.000000000000e+00
-3.553000000000e-06	-6.116334679113e-18	6.690279268704e-17	-5.158143388137e-18
-3.552000000000e-06	6.738900115844e-18	-6.852825150163e-17	4.605602453672e-18
-3.551000000000e-06	0.000000000000e+00	0.000000000000e+00	0.000000000000e+00
-3.550000000000e-06	-6.754236808108e-22	-1.133399625476e-20	3.225485091433e-21
-3.549000000000e-06	1.395328240892e-18	-9.026310319282e-19	-1.741029236120e-18
-3.548000000000e-06	-1.017010042081e-23	-6.448286792761e-21	1.316820089116e-21
-3.547000000000e-06	-1.893423564360e-18	7.888577775031e-19	2.451661170499e-18
-3.546000000000e-06	1.406922246045e-23	-3.379916193459e-22	4.873387264743e-23
-3.545000000000e-06	0.000000000000e+00	0.000000000000e+00	0.000000000000e+00
-3.544000000000e-06	7.025969676985e-21	-1.372548217239e-19	1.791499601720e-20
-3.543000000000e-06	-1.940962977641e-19	-6.843770782292e-21	2.689818052972e-19
-3.542000000000e-06	1.214022175713e-17	1.486364832797e-18	-1.703059813233e-17
-3.541000000000e-06	-2.325992254265e-21	-1.221996290731e-20	5.656661569315e-21
-3.540000000000e-06	2.833217029232e-17	-1.656977168177e-16	-7.430953217767e-18
-3.539000000000e-06	6.007355964516e-19	-6.104238326238e-19	-7.504438903354e-19
-3.538000000000e-06	-2.094693514939e-17	7.922485509930e-17	1.444488331880e-17
-3.537000000000e-06	1.120450168450e-18	3.304166714601e-17	-7.915240413092e-18
-3.536000000000e-06	2.962700375435e-22	-1.911331911560e-20	3.402387493748e-21
-3.535000000000e-06	3.910180444287e-22	-5.942705447134e-21	6.452507528965e-22
-3.534000000000e-06	1.632630641912e-16	-2.893670272311e-15	3.201829453038e-16
-3.533000000000e-06	-3.579971438467e-16	2.887418287273e-15	-4.963369435795e-17
-3.532000000000e-06	1.510797489105e-16	8.629020644036e-16	-3.702975641083e-16
-3.531000000000e-06	-2.826609892017e-16	4.220782544734e-16	3.198069162625e-16
-3.530000000000e-06	-7.380238906006e-17	-1.614074125609e-16	1.299150851529e-16
-3.529000000000e-06	-6.507799658403e-17	1.551429554767e-16	6.265312826214e-17
-3.528000000000e-06	-6.989950579271e-16	1.580600969968e-15	6.527629518654e-16
-3.527000000000e-06	4.416207026975e-16	1.412706543351e-15	-8.856517322263e-16
-3.526000000000e-06	2.258740504946e-17	-4.423899285621e-16	5.498373488301e-17
-3.525000000000e-06	1.293423621871e-16	-3.741364443917e-16	-1.054550308467e-16
-3.524000000000e-06	-1.220827334456e-16	1.333409838891e-16	1.414294862262e-16
-3.523000000000e-06	2.388712564095e-16	-4.078576544228e-16	-2.543169222908e-16
-3.522000000000e-06	1.474563501319e-17	-3.618922545854e-16	5.109709101628e-17
-3.521000000000e-06	-4.213339464441e-18	1.043945638360e-16	-1.470843387315e-17
-3.520000000000e-06	2.976615792663e-16	-1.488844687148e-15	-1.162092368913e-16
-3.519000000000e-06	5.542650297130e-17	4.115031336052e-17	-8.417664906782e-17
-3.518000000000e-06	8.734058507074e-18	-7.860287305353e-17	2.945382533140e-18
-3.517000000000e-06	6.232124473198e-18	1.612739130219e-18	-9.119544782864e-18
-3.516000000000e-06	6.641169193206e-18	-4.040335845191e-18	-8.619588466667e-18
-3.515000000000e-06	1.056986713767e-17	-6.482159072745e-17	-1.956320527707e-18
-3.514000000000e-06	5.071399692250e-18	-2.121652990946e-17	-3.466896704421e-18
-3.513000000000e-06	-6.003659574501e-18	-5.377031726578e-18	9.181424235585e-18
-3.512000000000e-06	5.219081199727e-18	-2.175621607521e-17	-2.964601157949e-18
-3.511000000000e-06	-9.343069885376e-17	-2.605923594086e-16	1.792522802434e-16
-3.510000000000e-06	-7.307717942889e-18	4.255844445911e-17	1.679427562790e-18
-3.509000000000e-06	1.027384669902e-17	-3.674195926469e-17	-6.972656364108e-18
-3.508000000000e-06	-2.096008276193e-17	2.222375782346e-16	-1.387695777343e-17
-3.507000000000e-06	2.420471892505e-18	-1.665667186950e-18	-3.012204229389e-18
-3.506000000000e-06	-2.441244774013e-18	-7.057175889159e-18	4.779647478829e-18
-3.505000000000e-06	1.725125273992e-18	-4.191714674273e-18	-1.653874885560e-18
-3.504000000000e-06	2.060650050426e-17	1.009195803024e-16	-4.722688930713e-17
-3.503000000000e-06	2.859889537846e-18	7.931557039678e-17	-1.962622157347e-17
-3.502000000000e-06	4.364058631237e-18	-6.080735626788e-19	-5.896944763994e-18
-3.501000000000e-06	8.628454135061e-18	-4.409818027029e-17	-4.056540628305e-18
-3.500000000000e-06	6.062251337038e-19	-1.955414843627e-18	-4.484246958451e-19
-3.499000000000e-06	-9.369393664339e-19	-1.284936101038e-18	1.519250328450e-18
-3.498000000000e-06	1.030693928482e-17	-8.475545739816e-19	-1.439632669166e-17
-3.497000000000e-06	2.950621413268e-18	-8.673093864766e-19	-3.883551120181e-18
-3.496000000000e-06	-6.671388777993e-18	1.152415887504e-16	-1.285631150234e-17
-3.495000000000e-06	3.197670056327e-18	-1.415900819474e-18	-4.512432430900e-18
-3.494000000000e-06	-8.083223365341e-18	9.291065523292e-17	-6.576810822787e-18
-3.493000000000e-06	-5.060518990032e-17	4.117153730899e-17	6.191392493174e-17
-3.492000000000e-06	7.112079418272e-18	1.245050881421e-18	-1.043299379372e-17
-3.491000000000e-06	4.430269324902e-19	-3.063681846466e-17	5.007787993357e-18
-3.490000000000e-06	-9.604375760909e-18	1.863255287644e-17	9.857194303915e-18
-3.489000000000e-06	1.486679050095e-18	-3.176524726357e-18	-1.567656476718e-18
-3.488000000000e-06	1.487841793572e-18	2.091093720411e-18	-2.445605858685e-18
-3.487000000000e-06	5.482106937436e-18	1.340510169062e-17	-1.017504091099e-17
-3.486000000000e-06	-2.330744791238e-18	-1.925563070107e-18	3.523910922391e-18
-3.485000000000e-06	-5.730248039584e-19	2.752911070218e-18	2.432701022276e-19
-3.484000000000e-06	-4.579595370352e-18	7.776762850745e-17	-8.299824823609e-18
-3.483000000000e-06	-1.439923025654e-18	6.296754058157e-18	7.954251844974e-19
-3.482000000000e-06	6.632056436428e-18	-1.077070875545e-17	-7.359727553847e-18
-3.481000000000e-06	1.163053731051e-18	-2.129992835600e-18	-1.215506094059e-18
-3.480000000000e-06	-7.898437632795e-18	-2.677018300058e-17	1.617093281035e-17
-3.479000000000e-06	2.676395153931e-18	-7.596660003162e-19	-3.671160736145e-18
-3.478000000000e-06	3.730597941370e-18	-8.803166391417e-18	-3.388348186764e-18
-3.477000000000e-06	1.730912819545e-19	3.052078634185e-18	-7.346991631013e-19
-3.476000000000e-06	1.891322385545e-18	-6.067738435330e-19	-2.503925845091e-18
-3.475000000000e-06	3.726448884764e-18	-7.268555121568e-17	8.177499876840e-18
-3.474000000000e-06	4.186868831827e-18	-1.218231993172e-16	1.690213367441e-17
-3.473000000000e-06	5.177354329845e-17	3.023501645476e-16	-1.273484825641e-16
-3.472000000000e-06	6.659067160324e-17	1.978445582872e-16	-1.492710036008e-16
-3.471000000000e-06	-8.563671430852e-18	-2.243238647694e-16	5.503620745945e-17
-3.470000000000e-06	-9.724498642339e-18	1.267118240418e-17	1.365707188056e-17
-3.469000000000e-06	-6.168446483850e-18	5.771373212793e-19	8.955798773524e-18
-3.468000000000e-06	1.635871307671e-17	-1.807085315203e-16	1.101038063163e-17
-3.467000000000e-06	-6.352937976874e-18	6.396751134662e-17	-1.811936769858e-18
-3.466000000000e-06	-1.303650522913e-17	-6.386163976456e-19	1.861089037506e-17
-3.465000000000e-06	-2.358595106165e-18	6.195792798686e-18	1.567797761124e-18
-3.464000000000e-06	5.671674823874e-17	-2.908824343703e-16	-2.954673480791e-17
-3.463000000000e-06	3.002928351224e-17	3.224267534545e-16	-1.212898896387e-16
-3.462000000000e-06	-7.323981704877e-17	-1.736295099882e-16	1.393148316162e-16
-3.461000000000e-06	1.859683832376e-17	-1.865606913570e-16	8.608401979187e-18
-3.460000000000e-06	-7.389050861666e-17	-6.916416107897e-17	1.249099738877e-16
-3.459000000000e-06	2.128764663360e-17	-8.024767446350e-17	-1.466520576648e-17
-3.458000000000e-06	9.815326543803e-17	-1.671244235823e-16	-1.054050623781e-16
-3.457000000000e-06	-8.676788760172e-17	-9.619409695458e-16	2.885409809857e-16
-3.456000000000e-06	-6.265337761175e-17	2.209853294811e-15	-3.062360843199e-16
-3.455000000000e-06	-1.662846252759e-16	2.274721588056e-16	1.878493588847e-16
-3.454000000000e-06	7.036715538559e-17	-8.525294052840e-17	-8.007737269932e-17
-3.453000000000e-06	-8.616612394364e-17	-1.519283731014e-16	1.489123197125e-16
-3.452000000000e-06	4.122955814589e-17	3.296148861805e-16	-1.160273213084e-16
-3.451000000000e-06	4.623601422509e-17	2.188975314512e-18	-6.387406465053e-17
-3.450000000000e-06	-1.924158569175e-18	-1.063524556435e-17	4.456983003257e-18
-3.449000000000e-06	-2.322392162372e-17	6.162605161243e-17	2.101942212199e-17
-3.448000000000e-06	1.294154299248e-17	-7.043063071129e-17	-5.312002534811e-18
-3.447000000000e-06	1.333307562744e-17	-1.303998330878e-16	5.211413703761e-18
-3.446000000000e-06	1.451275322453e-16	-2.587081371052e-16	-1.535392440282e-16
-3.445000000000e-06	5.371776162992e-17	1.184471561561e-16	-9.550193101256e-17
-3.444000000000e-06	6.285233646203e-18	6.297590911216e-17	-1.986579932667e-17
-3.443000000000e-06	-7.673415581495e-17	1.766683950009e-16	7.404095382454e-17
-3.442000000000e-06	-8.309108563747e-17	4.091217639991e-16	2.720591971281e-17
-3.441000000000e-06	-3.837828376665e-18	3.867517161488e-17	-1.716626515150e-18
-3.440000000000e-06	7.463921422581e-16	4.220801011379e-16	-1.114049940858e-15
-3.439000000000e-06	1.814804006464e-17	-3.605719199836e-16	3.982052910228e-17
-3.438000000000e-06	-2.657114364970e-16	1.447865600637e-16	3.333058990968e-16
-3.437000000000e-06	7.751592478436e-17	-4.025221414392e-16	-2.387912455310e-17
-3.436000000000e-06	9.114416722095e-17	-1.289824523614e-15	1.039778653044e-16
-3.435000000000e-06	-1.815772071810e-16	-3.528161052616e-16	3.153061067713e-16
-3.434000000000e-06	1.229094470831e-17	9.937367792367e-17	-3.252949576454e-17
-3.433000000000e-06	2.150897106293e-16	1.184459368737e-16	-3.120638348504e-16
-3.432000000000e-06	4.565302556847e-17	-7.698353849169e-16	7.370818080615e-17
-3.431000000000e-06	-3.694408263111e-17	-3.451580268448e-17	5.565388475111e-17
-3.430000000000e-06	1.630787866553e-17	9.387395497883e-16	-2.246844901391e-16
-3.429000000000e-06	1.016960806869e-17	-8.866077653610e-17	1.636285149164e-18
-3.428000000000e-06	3.541286246329e-17	-6.212345254679e-16	6.805555505133e-17
-3.427000000000e-06	-9.055871983622e-20	1.840282271471e-16	-3.236763226183e-17
-3.426000000000e-06	-1.436437979234e-15	1.073959329211e-15	1.721018768315e-15
-3.425000000000e-06	1.280220321560e-16	7.845911296859e-17	-1.899399278691e-16
-3.424000000000e-06	7.961354163639e-17	1.049412559935e-15	-2.958566244559e-16
-3.423000000000e-06	-2.334424989043e-16	-2.597568993871e-16	3.829547912299e-16
-3.422000000000e-06	-2.206124926872e-16	3.827986182409e-16	2.374633999274e-16
-3.421000000000e-06	1.406000444041e-16	-1.142090131014e-16	-1.588099672176e-16
-3.420000000000e-06	8.773149031298e-17	4.062025863580e-16	-1.944525085324e-16
-3.419000000000e-06	2.265171955862e-16	-1.684222461975e-17	-2.981169010774e-16
-3.418000000000e-06	-4.594780361783e-17	-1.154616943244e-16	8.349289805125e-17
-3.417000000000e-06	-1.506185474131e-17	-2.705517953093e-17	2.549174288608e-17
-3.416000000000e-06	9.530011503676e-17	-9.269444770278e-17	-1.157819323493e-16
-3.415000000000e-06	9.247965339355e-17	-2.341100601700e-16	-8.617868168538e-17
-3.414000000000e-06	-1.044783265960e-16	-1.812945645668e-16	1.751295727903e-16
-3.413000000000e-06	5.762854397412e-18	4.995300766319e-16	-9.584077135035e-17
-3.412000000000e-06	3.799479066872e-17	-6.192188278721e-18	-5.225029980007e-17
-3.411000000000e-06	-7.559899200683e-18	-9.351753108155e-17	2.745320821415e-17
-3.410000000000e-06	1.368263569456e-17	2.907404363138e-16	-6.961978261418e-17
-3.409000000000e-06	1.522605081948e-17	-2.635521361889e-17	-1.358980097978e-17
-3.408000000000e-06	3.815930080517e-17	-2.996155314242e-17	-4.796447781350e-17
-3.407000000000e-06	8.720970865884e-19	-2.807697863315e-16	4.638657016157e-17
-3.406000000000e-06	-6.317152255268e-18	-3.271476225678e-16	6.490262138970e-17
-3.405000000000e-06	-1.412610078821e-17	6.885398198888e-17	7.465525963749e-18
-3.404000000000e-06	-1.757342146678e-16	2.341332748986e-16	1.996593545016e-16
-3.403000000000e-06	2.349274004687e-16	-6.342699443946e-16	-1.957146190147e-16
-3.402000000000e-06	1.348759352656e-16	-2.216153168469e-16	-1.483435185176e-16
-3.401000000000e-06	-1.072064280484e-17	-1.275511964887e-17	1.577549338098e-17
-3.400000000000e-06	-1.573668308054e-17	5.392849806580e-17	1.362726745620e-17
-3.399000000000e-06	2.172685839318e-17	-8.655608373291e-17	-1.617995861365e-17
-3.398000000000e-06	-5.493737444411e-17	4.427302909370e-16	7.082979139046e-19
-3.397000000000e-06	-3.065447008376e-17	3.759587288194e-17	3.544468630365e-17
-3.396000000000e-06	1.363853585859e-16	6.143850358457e-16	-2.921589878479e-16
-3.395000000000e-06	2.515740481469e-16	-7.499969089443e-16	-2.257438108684e-16
-3.394000000000e-06	3.409477987786e-17	-2.632377185590e-16	-5.913379945796e-18
-3.393000000000e-06	-1.711308049375e-16	2.336351294353e-16	2.008185375156e-16
-3.392000000000e-06	-8.418594703227e-17	2.114862495327e-16	7.901506586637e-17
-3.391000000000e-06	-4.555106644057e-18	-4.743159930238e-16	8.393025825478e-17
-3.390000000000e-06	3.785158703858e-16	-3.039277271800e-16	-4.769561053019e-16
-3.389000000000e-06	-1.325854310082e-16	-1.481487237422e-16	2.069310346943e-16
-3.388000000000e-06	5.497747661194e-16	1.377770375009e-15	-9.666843296582e-16
-3.387000000000e-06	-4.382364666062e-16	1.752402615601e-15	3.291437221576e-16
-3.386000000000e-06	-3.935039167714e-16	-1.259658328832e-15	7.508918537795e-16
-3.385000000000e-06	-2.145381944145e-16	2.840534695501e-16	2.489006763712e-16
-3.384000000000e-06	-9.394701558542e-17	5.948369072199e-16	3.508641392179e-17
-3.383000000000e-06	-1.897740911056e-17	2.711813121320e-16	-1.817693519428e-17
-3.382000000000e-06	-6.621837241950e-17	-1.504888878008e-16	1.092965389652e-16
-3.381000000000e-06	5.321137471288e-17	-2.381129617891e-16	-3.446535599272e-17
-3.380000000000e-06	-3.565103148935e-17	2.188626928875e-16	2.977787406690e-18
-3.379000000000e-06	-5.270444911719e-17	-4.627026366219e-16	1.382243535038e-16
-3.378000000000e-06	-6.026655141048e-17	-1.434397827466e-16	1.024331817648e-16
-3.377000000000e-06	-7.674535519647e-16	1.858259354977e-15	7.796319994437e-16
-3.376000000000e-06	1.621705641374e-15	5.100585458701e-15	-2.991286824114e-15
-3.375000000000e-06	7.468477053983e-19	4.502915534260e-16	-8.774301342504e-17
-3.374000000000e-06	-5.036051935303e-16	-2.150158617364e-15	1.019566313527e-15
-3.373000000000e-06	1.441920934681e-16	1.818589577749e-15	-4.929221982481e-16
-3.372000000000e-06	-4.919534759275e-16	7.009648071594e-16	5.718024734064e-16
-3.371000000000e-06	2.475626044481e-16	-6.340400924877e-16	-2.332642951861e-16
-3.370000000000e-06	-7.927295937965e-17	8.683430143061e-16	-7.055581740645e-17
-3.369000000000e-06	-1.908555799238e-17	1.504939998521e-16	2.027186065347e-17
-3.368000000000e-06	-1.080733446938e-16	4.745979466039e-16	6.436947919689e-17
-3.367000000000e-06	-5.627803691085e-17	1.630851093150e-15	-1.682369412357e-16
-3.366000000000e-06	4.987777113714e-17	-2.178191140957e-15	2.618080970389e-16
-3.365000000000e-06	2.744326830068e-16	-1.057803836291e-15	-2.073097740444e-16
-3.364000000000e-06	-3.073068998296e-16	2.122611324790e-15	8.915461921484e-17
-3.363000000000e-06	3.224774037388e-15	7.208287034421e-15	-5.325418187657e-15
-3.362000000000e-06	2.786290426804e-15	-9.252825501445e-15	-2.278459231630e-15
-3.361000000000e-06	-1.001122654283e-15	-5.928082981999e-16	1.407164124007e-15
-3.360000000000e-06	-3.282645350748e-15	-2.728767791294e-15	4.779227509163e-15
-3.359000000000e-06	2.054782762790e-15	2.762996314388e-15	-3.101722548522e-15
-3.358000000000e-06	-8.359044931869e-16	1.504127482761e-16	1.066387515045e-15
-3.357000000000e-06	1.800653149540e-16	1.711775806634e-15	-5.323421199689e-16
-3.356000000000e-06	-8.760911257302e-16	1.097529808545e-15	1.009048843776e-15
-3.355000000000e-06	-2.578241507062e-17	-5.114616209739e-16	1.013573429331e-16
-3.354000000000e-06	7.588607303770e-16	3.265538683149e-15	-1.563891266143e-15
-3.353000000000e-06	-7.398019597079e-16	-1.119214818906e-15	1.205604358363e-15
-3.352000000000e-06	2.222251241512e-16	-2.647651500762e-16	-2.547268666503e-16
-3.351000000000e-06	3.218157597109e-16	3.044151682018e-16	-5.051071216818e-16
-3.350000000000e-06	3.709816102009e-17	9.732392890155e-16	-2.082145182475e-16
-3.349000000000e-06	1.435060256455e-16	-1.903945185709e-15	9.175383569598e-17
-3.348000000000e-06	-7.601098690198e-16	1.529202928617e-15	7.851455469263e-16
-3.347000000000e-06	-9.764795949261e-16	1.799785178509e-15	1.048565522895e-15
-3.346000000000e-06	-1.031151764848e-15	-2.937518070163e-16	1.493871445016e-15
-3.345000000000e-06	-6.092671550571e-16	-6.807564060059e-16	9.337525154445e-16
-3.344000000000e-06	7.790845516502e-17	6.624043101528e-16	-2.119543972302e-16
-3.343000000000e-06	-2.864952381821e-16	4.717507780014e-15	-3.531680874113e-16
-3.342000000000e-06	2.529935217024e-16	-2.938662184271e-15	6.485551870392e-17
-3.341000000000e-06	3.111238902014e-15	2.491934360561e-14	-8.075530454953e-15
-3.340000000000e-06	9.295262492648e-16	-6.276525857039e-15	-3.002223326561e-16
-3.339000000000e-06	-1.887624177023e-15	1.371481999826e-15	2.409328827764e-15
-3.338000000000e-06	-9.507457282092e-16	3.606057108285e-15	2.533750840632e-16
-3.337000000000e-06	2.047810854918e-16	-1.787785960840e-15	1.105307133790e-16
-3.336000000000e-06	-3.861469630191e-16	1.391691054260e-16	4.637868782135e-16
-3.335000000000e-06	-1.881640590965e-15	9.599385525828e-16	2.464375026917e-15
-3.334000000000e-06	-1.833456868576e-16	-6.899138290124e-16	3.951058677348e-16
-3.333000000000e-06	-5.229974291130e-16	5.028034814142e-15	-3.142791108289e-16
-3.332000000000e-06	2.246025217505e-16	-3.393358944044e-15	3.993952023535e-16
-3.331000000000e-06	5.728819897359e-16	-1.406334415603e-15	-5.259512804369e-16
-3.330000000000e-06	-1.787660121097e-16	3.255051194166e-16	2.049422429998e-16
-3.329000000000e-06	-1.093380436096e-16	-4.541473043282e-16	1.566077839817e-16
-3.328000000000e-06	-6.935629086816e-16	1.920950649719e-16	1.316705249787e-15
-3.327000000000e-06	5.321676013633e-16	-1.170053136635e-15	-5.565878902146e-16
-3.326000000000e-06	3.306348213840e-17	-7.973955713208e-16	6.727632178711e-17
-3.325000000000e-06	1.141552103524e-16	-7.930680860952e-17	-1.438493774189e-16
-3.324000000000e-06	-2.153593517529e-16	1.360516216122e-15	6.202573621998e-17
-3.323000000000e-06	-1.813927967068e-15	2.226585349386e-15	2.011474206289e-15
-3.322000000000e-06	-1.964138559864e-16	-1.276229831022e-15	4.942510603321e-16
-3.321000000000e-06	-3.263794209691e-16	6.757586387309e-16	4.080919337439e-16
-3.320000000000e-06	5.548461163018e-16	-7.010963358326e-16	-6.691633227723e-16
-3.319000000000e-06	3.301566463587e-16	2.817274503005e-16	-5.736249976500e-16
-3.318000000000e-06	-3.361651197926e-16	1.990460696014e-15	1.106632789940e-16
-3.317000000000e-06	2.854916088552e-16	2.448222245416e-15	-7.870523970621e-16
-3.316000000000e-06	3.569145436224e-17	8.651929217823e-16	-1.849467272494e-16
-3.315000000000e-06	-1.176198243105e-15	2.776992312147e-15	1.209127143441e-15
-3.314000000000e-06	8.664310138975e-16	1.231934846153e-15	-1.377815535513e-15
-3.313000000000e-06	-1.804067039991e-16	-1.373491988005e-15	4.290809854813e-16
-3.312000000000e-06	-9.844897087544e-16	1.852812266377e-15	1.072074748336e-15
-3.311000000000e-06	1.366774178161e-16	5.314520165851e-16	-2.551665867350e-16
-3.310000000000e-06	-2.562205257999e-16	-3.478397756369e-16	3.687415623666e-16
-3.309000000000e-06	-3.384951617565e-16	-1.161989372561e-16	5.419986088823e-16
-3.308000000000e-06	6.049006295573e-16	-2.771030525750e-15	-3.770808474284e-16
-3.307000000000e-06	3.682901714291e-16	-2.222707736028e-15	-1.806039922316e-16
-3.306000000000e-06	2.309371446554e-15	4.617663204771e-17	-3.000493587850e-15
-3.305000000000e-06	-3.085058880748e-15	1.242469040883e-14	2.326557024969e-15
-3.304000000000e-06	2.448729458944e-15	1.218641087396e-15	-3.533496057175e-15
-3.303000000000e-06	1.701308523580e-15	-1.011540523135e-15	-2.189374061847e-15
-3.302000000000e-06	-1.065853261776e-15	-9.595228181215e-16	1.541309018780e-15
-3.301000000000e-06	-2.634535249587e-16	-3.200433920195e-15	7.782198944591e-16
-3.300000000000e-06	-1.862580068263e-15	1.431896921884e-14	8.747605229607e-16
-3.299000000000e-06	5.813009551673e-16	-3.484539712778e-15	-2.966257023309e-16
-3.298000000000e-06	5.904402473446e-15	2.896264557309e-15	-8.489207880051e-15
-3.297000000000e-06	-4.226776111950e-15	4.629354058796e-15	5.156189946359e-15
-3.296000000000e-06	1.428912254174e-15	-3.126443061434e-15	-1.607254244243e-15
-3.295000000000e-06	7.276087541573e-16	-8.710316932863e-16	-9.247543033604e-16
-3.294000000000e-06	1.122710986397e-15	3.939023551932e-15	-2.059052611142e-15
-3.293000000000e-06	-5.938517930140e-16	2.190818643244e-15	5.530266967185e-16
-3.292000000000e-06	-1.427867758809e-16	1.122398378951e-15	4.790899947912e-17
-3.291000000000e-06	8.352087471575e-16	-1.884441409962e-15	-8.309940467348e-16
-3.290000000000e-06	-4.828138515509e-16	-1.351118210672e-15	8.744823939613e-16
-3.289000000000e-06	-1.748365954721e-16	9.979604363981e-16	1.011566403836e-16
-3.288000000000e-06	-7.703324373249e-16	-2.482307013528e-15	1.397785317232e-15
-3.287000000000e-06	1.044574269432e-15	-4.374591366811e-15	-8.946657642158e-16
-3.286000000000e-06	2.144343254453e-16	3.687319853036e-15	-8.436089822345e-16
-3.285000000000e-06	3.301151965596e-15	1.531011325719e-15	-4.778774448943e-15
-3.284000000000e-06	-3.154519101205e-15	8.370778963942e-15	3.132557502710e-15
-3.283000000000e-06	-4.800398202944e-17	-2.227585306397e-15	3.838714859963e-16
-3.282000000000e-06	-8.590880324837e-16	-7.403614189779e-16	1.234828816472e-15
-3.281000000000e-06	-1.853545247217e-17	2.850322378769e-15	-3.649738494947e-16
-3.280000000000e-06	4.627341330802e-16	3.278852479888e-15	-1.129801626770e-15
-3.279000000000e-06	8.605801094818e-16	6.257138386653e-16	-1.324322074714e-15
-3.278000000000e-06	3.542245429155e-15	-5.384665195536e-17	-4.922143805274e-15
-3.277000000000e-06	-4.429907624594e-16	7.797688502835e-15	-5.237247268609e-16
-3.276000000000e-06	-3.975774247196e-15	1.200086914103e-14	3.754581670046e-15
-3.275000000000e-06	-1.477957675060e-15	-4.971256763623e-16	2.105112806144e-15
-3.274000000000e-06	-2.290610041291e-15	-8.520212321592e-15	4.470121002759e-15
-3.273000000000e-06	6.196250589608e-16	1.313941714053e-15	-1.036978184446e-15
-3.272000000000e-06	1.949793626720e-17	-4.291816627243e-16	-2.609890340765e-17
-3.271000000000e-06	1.802827440832e-15	2.572414029969e-15	-2.874060969120e-15
-3.270000000000e-06	-1.292396351099e-15	1.355773455897e-15	1.579704511922e-15
-3.269000000000e-06	4.313122863575e-16	8.806497473723e-16	-7.049291202815e-16
-3.268000000000e-06	1.018139219394e-15	-7.104076860520e-16	-1.317199797594e-15
-3.267000000000e-06	-3.561404419764e-16	-3.591167502767e-15	1.020256110280e-15
-3.266000000000e-06	-4.777247427829e-16	-3.666346053534e-16	7.439643333011e-16
-3.265000000000e-06	5.538843496191e-16	-1.492518567178e-15	-5.734010730764e-16
-3.264000000000e-06	-1.790484551258e-15	1.222936783112e-14	7.721794707361e-16
-3.263000000000e-06	-2.353750175448e-15	1.562139346700e-14	1.058742776675e-15
-3.262000000000e-06	6.913678332025e-16	1.661084253864e-15	-1.324714677488e-15
-3.261000000000e-06	-4.266478167170e-15	1.173533994429e-16	5.672934023459e-15
-3.260000000000e-06	3.140307558474e-15	4.439072814112e-15	-4.658957371248e-15
-3.259000000000e-06	3.287947178579e-16	-2.433618307926e-15	-1.220314472001e-16
-3.258000000000e-06	2.897709434670e-15	-5.201869259098e-15	-3.296063301222e-15
-3.257000000000e-06	1.013237953076e-16	3.329026770781e-15	-5.560324690115e-16
-3.256000000000e-06	-4.234138411110e-16	1.115025552346e-15	4.077892533153e-16
-3.255000000000e-06	-3.818462048698e-15	1.019958581241e-15	5.362455897772e-15
-3.254000000000e-06	5.219178020004e-15	3.074725668119e-16	-7.145234333121e-15
-3.253000000000e-06	2.259629994930e-15	-8.052944125705e-15	-2.183742615184e-15
-3.252000000000e-06	-3.649201923046e-15	-3.495024421851e-15	5.431502551497e-15
-3.251000000000e-06	3.186535496022e-15	5.448666698925e-15	-5.066978854449e-15
-3.250000000000e-06	7.801179484097e-15	-6.216098133498e-15	-9.934405329746e-15
-3.249000000000e-06	-3.818861361719e-15	4.816282033719e-14	-1.281324933180e-15
-3.248000000000e-06	-4.006473256450e-15	7.267031935077e-15	4.538368327883e-15
-3.247000000000e-06	4.156252447061e-15	-9.780404543410e-15	-4.383511792059e-15
-3.246000000000e-06	-2.225784201827e-15	-9.898711259452e-16	3.163803382187e-15
-3.245000000000e-06	-2.064571966058e-15	-7.928614723107e-15	3.896666885441e-15
-3.244000000000e-06	-2.585133629240e-15	7.558745388743e-15	2.466757875639e-15
-3.243000000000e-06	5.117598716845e-16	-5.447496486408e-15	3.050398865725e-17
-3.242000000000e-06	-1.239461480184e-15	-1.621616413602e-15	2.043142307497e-15
-3.241000000000e-06	-3.672972677127e-15	1.176517126913e-14	3.428711486308e-15
-3.240000000000e-06	1.058663434999e-15	1.150817167633e-14	-3.018300050170e-15
-3.239000000000e-06	1.446086905390e-15	9.138124301007e-16	-2.125920110106e-15
-3.238000000000e-06	3.244270637734e-16	-4.911168642911e-16	-4.229636737380e-16
-3.237000000000e-06	3.143294352785e-15	-2.560351727346e-15	-3.925195630878e-15
-3.236000000000e-06	-4.554046267812e-15	8.015071330132e-15	5.439948494973e-15
-3.235000000000e-06	1.480215649781e-15	6.211750052386e-15	-2.812285203719e-15
-3.234000000000e-06	-3.018064205346e-15	6.371578861786e-15	3.092459572637e-15
-3.233000000000e-06	-2.319398054095e-15	-5.269245726858e-16	3.367982384950e-15
-3.232000000000e-06	-1.015979979447e-15	-1.357047550923e-15	1.533210723962e-15
-3.231000000000e-06	1.646337215013e-15	-1.758392090026e-15	-2.048470646873e-15
-3.230000000000e-06	-7.898093168075e-16	8.725680545028e-15	-1.826440976108e-16
-3.229000000000e-06	1.295241427434e-15	-4.346526071015e-15	-1.226946368049e-15
-3.228000000000e-06	-3.132365282878e-16	3.956801646843e-15	-5.809650064465e-17
-3.227000000000e-06	1.216588096044e-15	-1.880125816853e-15	-1.491401827318e-15
-3.226000000000e-06	2.405232252183e-15	-3.185099378945e-15	-2.845730587312e-15
-3.225000000000e-06	3.262608803520e-15	-7.289986380491e-15	-3.633459356247e-15
-3.224000000000e-06	3.123887764372e-15	7.383257579082e-15	-4.959409506626e-15
-3.223000000000e-06	-5.175542316075e-15	-1.751771568893e-15	7.234441039588e-15
-3.222000000000e-06	-3.126894417044e-15	1.000801541206e-14	3.164748567862e-15
-3.221000000000e-06	3.478680144833e-15	-3.264085104668e-15	-4.395036373044e-15
-3.220000000000e-06	1.180769596799e-15	-1.924776457070e-15	-1.268234326663e-15
-3.219000000000e-06	-1.125532003600e-15	-2.397262687065e-15	1.807954592619e-15
-3.218000000000e-06	-2.255982788008e-15	3.783984500413e-15	2.724246610011e-15
-3.217000000000e-06	-1.045930672829e-16	-5.148023950130e-16	2.758172969635e-16
-3.216000000000e-06	-2.537039291374e-15	1.206638292354e-14	1.864825764470e-15
-3.215000000000e-06	-1.908435598774e-15	-1.178472321800e-15	2.793816585439e-15
-3.214000000000e-06	-3.256860118823e-15	-3.093750619392e-15	4.893413448673e-15
-3.213000000000e-06	-4.984241693425e-15	2.852337549481e-14	3.338281345364e-15
-3.212000000000e-06	5.096865268540e-15	-4.736320097577e-16	-7.051128166677e-15
-3.211000000000e-06	5.067360528628e-15	1.119503016702e-15	-7.002032476765e-15
-3.210000000000e-06	1.228620505763e-15	2.553576494406e-15	-2.184137437541e-15
-3.209000000000e-06	-1.403088329289e-15	-8.315074017073e-15	2.878241953824e-15
-3.208000000000e-06	-1.609027367166e-15	2.531871112002e-15	1.916898620543e-15
-3.207000000000e-06	-1.907889165604e-15	-7.800808476936e-16	2.704546267096e-15
-3.206000000000e-06	-8.252912314594e-16	3.894077947424e-15	6.671492862149e-16
-3.205000000000e-06	5.348988720145e-15	-3.740727408250e-17	-7.250985762270e-15
-3.204000000000e-06	-8.798468572677e-15	5.772591774434e-15	1.100913574680e-14
-3.203000000000e-06	7.486110732682e-15	6.592761381818e-15	-1.117226640725e-14
-3.202000000000e-06	5.531242962808e-15	7.648975368694e-15	-8.711394282935e-15
-3.201000000000e-06	2.061473572887e-15	1.487331842546e-14	-4.554920156886e-15
-3.200000000000e-06	-1.424030727537e-15	4.245849796140e-15	1.432525948406e-15
-3.199000000000e-06	-7.421049729173e-16	4.533862528390e-16	1.019230697745e-15
-3.198000000000e-06	6.606332043834e-16	4.951318371053e-16	-7.902271168798e-16
-3.197000000000e-06	-2.461302732904e-15	-5.256707734221e-15	4.050664379083e-15
-3.196000000000e-06	-1.844675351453e-16	-3.104864031792e-15	6.730891945636e-16
-3.195000000000e-06	1.832250478466e-15	-4.346634473337e-15	-2.117289645391e-15
-3.194000000000e-06	2.339228583480e-15	-1.274053224601e-14	-1.926005708411e-15
-3.193000000000e-06	-7.518301855792e-15	1.581388859073e-14	9.084815892111e-15
-3.192000000000e-06	9.253419660798e-16	4.599079284590e-15	-1.897817944020e-15
-3.191000000000e-06	-6.022193915355e-16	1.157373214635e-14	-5.746855882105e-16
-3.190000000000e-06	3.944508082827e-15	-1.344318289608e-15	-5.300126897567e-15
-3.189000000000e-06	-4.759978490469e-16	3.797318081862e-15	3.593277471747e-16
-3.188000000000e-06	2.650036854675e-15	3.533410212870e-15	-3.967928800612e-15
-3.187000000000e-06	-6.736838313351e-16	1.652622103831e-15	5.989554409690e-16
-3.186000000000e-06	-3.378590129796e-15	2.092519217091e-14	2.278059002149e-15
-3.185000000000e-06	3.406075037424e-15	8.754771912338e-15	-5.801462645780e-15
-3.184000000000e-06	7.415709215211e-16	-5.084548953614e-15	-1.067220447293e-16
-3.183000000000e-06	4.510834716980e-15	2.515683417148e-14	-8.362481149764e-15
-3.182000000000e-06	-1.371770489468e-15	-1.702192790340e-14	3.600934110886e-15
-3.181000000000e-06	2.089818633309e-15	-3.674802644778e-15	-2.666923615333e-15
-3.180000000000e-06	-2.670676014950e-16	2.952211104152e-15	-7.612615627050e-17
-3.179000000000e-06	-1.339277760488e-15	2.390498279363e-15	1.987226244956e-15
-3.178000000000e-06	1.423231146477e-15	-6.899239520206e-15	-1.301959059205e-15
-3.177000000000e-06	-7.816650974358e-15	7.667089062563e-15	9.915763207762e-15
-3.176000000000e-06	-3.240723144740e-15	4.629350452170e-15	3.683515610240e-15
-3.175000000000e-06	-2.538909560233e-15	1.028590431948e-14	2.006285202104e-15
-3.174000000000e-06	-2.136216431719e-15	4.421708659769e-15	2.383507838400e-15
-3.173000000000e-06	-1.478273772050e-14	2.334765189638e-14	1.743820573435e-14
-3.172000000000e-06	-1.940924740873e-14	4.692809747148e-14	2.146492345859e-14
-3.171000000000e-06	4.786981822470e-15	6.698677688726e-15	-7.735095087499e-15
-3.170000000000e-06	6.429390928993e-15	1.315684853935e-14	-9.996803564014e-15
-3.169000000000e-06	1.258051315263e-14	2.796952700025e-14	-1.988077061353e-14
-3.168000000000e-06	-2.489506594902e-16	-6.813503497135e-15	1.229478012485e-15
-3.167000000000e-06	5.796794834175e-15	1.459826575888e-15	-7.991756375332e-15
-3.166000000000e-06	-5.455126185855e-15	2.792833826605e-15	6.927200595552e-15
-3.165000000000e-06	3.834423559585e-16	9.897472637594e-15	-1.730577205672e-15
