-1.635000000000e-06	0.000000000000e+00	0.000000000000e+00	0.000000000000e+00
-1.634000000000e-06	0.000000000000e+00	0.000000000000e+00	0.000000000000e+00
-1.633000000000e-06	0.000000000000e+00	0.000000000000e+00	0.000000000000e+00
-1.632000000000e-06	0.000000000000e+00	0.000000000000e+00	0.000000000000e+00
-1.631000000000e-06	0.000000000000e+00	0.000000000000e+00	0.000000000000e+00
-1.630000000000e-06	0.000000000000e+00	0.000000000000e+00	0.000000000000e+00
-1.629000000000e-06	0.000000000000e+00	0.000000000000e+00	0.000000000000e+00
-1.628000000000e-06	0.000000000000e+00	0.000000000000e+00	0.000000000000e+00
-1.627000000000e-06	0.000000000000e+00	0.000000000000e+00	0.000000000000e+00
-1.626000000000e-06	0.000000000000e+00	0.000000000000e+00	0.000000000000e+00
-1.625000000000e-06	0.000000000000e+00	0.000000000000e+00	0.000000000000e+00
-1.624000000000e-06	0.000000000000e+00	0.000000000000e+00	0.000000000000e+00
-1.623000000000e-06	0.000000000000e+00	0.000000000000e+00	0.000000000000e+00
-1.622000000000e-06	0.000000000000e+00	0.000000000000e+00	0.000000000000e+00
-1.621000000000e-06	0.000000000000e+00	0.000000000000e+00	0.000000000000e+00
-1.620000000000e-06	0.000000000000e+00	0.000000000000e+00	0.000000000000e+00
-1.619000000000e-06	0.000000000000e+00	0.000000000000e+00	0.000000000000e+00
-1.618000000000e-06	0.000000000000e+00	0.000000000000e+00	0.000000000000e+00
-1.617000000000e-06	0.000000000000e+00	0.000000000000e+00	0.000000000000e+00
-1.616000000000e-06	0.000000000000e+00	0.000000000000e+00	0.000000000000e+00
-1.615000000000e-06	0.000000000000e+00	0.000000000000e+00	0.000000000000e+00
-1.614000000000e-06	0.000000000000e+00	0.000000000000e+00	0.000000000000e+00
-1.613000000000e-06	0.000000000000e+00	0.000000000000e+00	0.000000000000e+00
-1.612000000000e-06	0.000000000000e+00	0.000000000000e+00	0.000000000000e+00
-1.611000000000e-06	0.000000000000e+00	0.000000000000e+00	0.000000000000e+00
-1.610000000000e-06	0.000000000000e+00	0.000000000000e+00	0.000000000000e+00
-1.609000000000e-06	0.000000000000e+00	0.000000000000e+00	0.000000000000e+00
-1.608000000000e-06	0.000000000000e+00	0.000000000000e+00	0.000000000000e+00
-1.607000000000e-06	0.000000000000e+00	0.000000000000e+00	0.000000000000e+00
-1.606000000000e-06	0.000000000000e+00	0.000000000000e+00	0.000000000000e+00
-1.605000000000e-06	0.000000000000e+00	0.000000000000e+00	0.000000000000e+00
-1.604000000000e-06	0.000000000000e+00	0.000000000000e+00	0.000000000000e+00
-1.603000000000e-06	0.000000000000e+00	0.000000000000e+00	0.000000000000e+00
-1.602000000000e-06	0.000000000000e+00	0.000000000000e+00	0.000000000000e+00
-1.601000000000e-06	0.000000000000e+00	0.000000000000e+00	0.000000000000e+00
-1.600000000000e-06	0.000000000000e+00	0.000000000000e+00	0.000000000000e+00
-1.599000000000e-06	0.000000000000e+00	0.000000000000e+00	0.000000000000e+00
-1.598000000000e-06	0.000000000000e+00	0.000000000000e+00	0.000000000000e+00
-1.597000000000e-06	0.000000000000e+00	0.000000000000e+00	0.000000000000e+00
-1.596000000000e-06	0.000000000000e+00	0.000000000000e+00	0.000000000000e+00
-1.595000000000e-06	0.000000000000e+00	0.000000000000e+00	0.000000000000e+00
-1.594000000000e-06	0.000000000000e+00	0.000000000000e+00	0.000000000000e+00
-1.593000000000e-06	0.000000000000e+00	0.000000000000e+00	0.000000000000e+00
-1.592000000000e-06	0.000000000000e+00	0.000000000000e+00	0.000000000000e+00
-1.591000000000e-06	0.000000000000e+00	0.000000000000e+00	0.000000000000e+00
-1.590000000000e-06	0.000000000000e+00	0.000000000000e+00	0.000000000000e+00
-1.589000000000e-06	0.000000000000e+00	0.000000000000e+00	0.000000000000e+00
-1.588000000000e-06	0.000000000000e+00	0.000000000000e+00	0.000000000000e+00
-1.587000000000e-06	0.000000000000e+00	0.000000000000e+00	0.000000000000e+00
-1.586000000000e-06	0.000000000000e+00	0.000000000000e+00	0.000000000000e+00
-1.585000000000e-06	0.000000000000e+00	0.000000000000e+00	0.000000000000e+00
-1.584000000000e-06	0.000000000000e+00	0.000000000000e+00	0.000000000000e+00
-1.583000000000e-06	0.000000000000e+00	0.000000000000e+00	0.000000000000e+00
-1.582000000000e-06	0.000000000000e+00	0.000000000000e+00	0.000000000000e+00
-1.581000000000e-06	0.000000000000e+00	0.000000000000e+00	0.000000000000e+00
-1.580000000000e-06	0.000000000000e+00	0.000000000000e+00	0.000000000000e+00
-1.579000000000e-06	0.000000000000e+00	0.000000000000e+00	0.000000000000e+00
-1.578000000000e-06	0.000000000000e+00	0.000000000000e+00	0.000000000000e+00
-1.577000000000e-06	0.000000000000e+00	0.000000000000e+00	0.000000000000e+00
-1.576000000000e-06	0.000000000000e+00	0.000000000000e+00	0.000000000000e+00
-1.575000000000e-06	0.000000000000e+00	0.000000000000e+00	0.000000000000e+00
-1.574000000000e-06	0.000000000000e+00	0.000000000000e+00	0.000000000000e+00
-1.573000000000e-06	-5.985983155366e-19	1.470395771635e-16	-4.471042938804e-17
-1.572000000000e-06	-3.908676633764e-17	9.523578123326e-16	-2.404073962870e-16
-1.571000000000e-06	-5.047199696479e-17	8.972142946603e-16	-2.059407937599e-16
-1.570000000000e-06	5.205341601387e-15	-1.306967544548e-15	-6.695875607954e-15
-1.569000000000e-06	-6.345404323280e-15	1.022157309539e-14	5.551703159299e-15
-1.568000000000e-06	6.152551231648e-16	1.933681089481e-14	-6.670100367714e-15
-1.567000000000e-06	-6.836919054040e-15	1.024005499228e-14	6.343848050276e-15
-1.566000000000e-06	-1.430003864992e-15	2.160955797710e-14	-4.701237927288e-15
-1.565000000000e-06	1.722087266888e-15	5.856900742327e-15	-4.102286252827e-15
-1.564000000000e-06	-1.727906113137e-14	8.227868052558e-14	-6.586495556337e-16
-1.563000000000e-06	-3.342321954416e-14	1.955790439694e-13	-1.217037684982e-14
-1.562000000000e-06	-1.000685878351e-14	1.442510391854e-13	-2.919267683961e-14
-1.561000000000e-06	-4.554642062668e-14	2.688495167810e-13	-1.686411375772e-14
-1.560000000000e-06	-4.695491646035e-14	1.988022771089e-13	6.407420568684e-15
-1.559000000000e-06	-1.019620093192e-13	4.926057606918e-13	-5.561532840593e-15
-1.558000000000e-06	-1.597217510262e-13	6.926480034847e-13	1.633307659937e-14
-1.557000000000e-06	-1.250793486377e-13	7.817147816707e-13	-5.395614682798e-14
-1.556000000000e-06	-8.427748380175e-14	1.076671671736e-12	-1.940245896499e-13
-1.555000000000e-06	-2.795103185512e-13	1.210809165365e-12	3.659196996519e-14
-1.554000000000e-06	-3.209999117703e-13	1.755319700487e-12	-6.467041661258e-14
-1.553000000000e-06	-2.747163520089e-13	2.339171469272e-12	-2.948232477195e-13
-1.552000000000e-06	-5.021020296015e-13	2.519382003945e-12	-3.049589866957e-14
-1.551000000000e-06	-4.714707059496e-13	3.006122043675e-12	-1.976897794352e-13
-1.550000000000e-06	-5.926854957127e-13	4.965009500125e-12	-5.946508290291e-13
-1.549000000000e-06	-7.343543675280e-13	5.147477175278e-12	-4.372233646249e-13
-1.548000000000e-06	-1.190332936675e-12	7.525846538818e-12	-5.035581106728e-13
-1.547000000000e-06	-1.430332144687e-12	7.188130169190e-12	-5.154547834468e-14
-1.546000000000e-06	-1.547631009750e-12	8.848217703891e-12	-3.918938359737e-13
-1.545000000000e-06	-1.269832477379e-12	1.233597801455e-11	-1.641541904903e-12
-1.544000000000e-06	-1.269515260061e-12	1.293130528876e-11	-1.807239416371e-12
-1.543000000000e-06	-2.912198449552e-12	1.572363620653e-11	-2.752187073602e-13
-1.542000000000e-06	-2.383918108287e-12	1.824450066222e-11	-1.719940711589e-12
-1.541000000000e-06	-2.820694044483e-12	2.330383978978e-11	-2.461245540380e-12
-1.540000000000e-06	-3.879584494907e-12	2.679482749226e-11	-1.980082914562e-12
-1.539000000000e-06	-3.335276288884e-12	2.896406753420e-11	-3.241077383803e-12
-1.538000000000e-06	-4.361915649544e-12	3.230762083479e-11	-2.735828797333e-12
-1.537000000000e-06	-4.718363537278e-12	3.975956518553e-11	-4.179436670533e-12
-1.536000000000e-06	-5.217868627585e-12	4.346600008643e-11	-4.446040670569e-12
-1.535000000000e-06	-4.333389592849e-12	4.934704421998e-11	-7.129136345200e-12
-1.534000000000e-06	-6.718475052917e-12	5.624361786155e-11	-5.640304425225e-12
-1.533000000000e-06	-6.135518717692e-12	6.059208776692e-11	-7.528600307987e-12
-1.532000000000e-06	-8.340309091747e-12	6.995107767611e-11	-6.916703521075e-12
-1.531000000000e-06	-6.936895198020e-12	7.659078329150e-11	-1.045467097408e-11
-1.530000000000e-06	-1.034296325698e-11	8.450634964615e-11	-7.787990565283e-12
-1.529000000000e-06	-6.969466683402e-12	8.300261825690e-11	-1.190546690537e-11
-1.528000000000e-06	-8.248778622904e-12	9.153795663881e-11	-1.228275218717e-11
-1.527000000000e-06	-8.315192302840e-12	1.021620908023e-10	-1.476902744071e-11
-1.526000000000e-06	-1.053753543767e-11	1.111595413108e-10	-1.392129591369e-11
-1.525000000000e-06	-8.543695544607e-12	1.154032062475e-10	-1.758718039221e-11
-1.524000000000e-06	-9.158803736661e-12	1.216225499977e-10	-1.815443937039e-11
-1.523000000000e-06	-9.148227545435e-12	1.265405420930e-10	-1.930618475526e-11
-1.522000000000e-06	-1.057019548665e-11	1.383251578180e-10	-2.012238256777e-11
-1.521000000000e-06	-9.484238075525e-12	1.415249542995e-10	-2.218513520442e-11
-1.520000000000e-06	-1.106648170395e-11	1.517166943045e-10	-2.239995686821e-11
-1.519000000000e-06	-1.009120084059e-11	1.534646110479e-10	-2.395617671281e-11
-1.518000000000e-06	-9.861429489399e-12	1.603781606290e-10	-2.572054741392e-11
-1.517000000000e-06	-1.078881225433e-11	1.651008857203e-10	-2.543345560189e-11
-1.516000000000e-06	-7.004616948108e-12	1.688964030173e-10	-3.119542514314e-11
-1.515000000000e-06	-4.283765643204e-12	1.720581301791e-10	-3.542988116646e-11
-1.514000000000e-06	-9.644542646695e-12	1.860914384979e-10	-3.132897010563e-11
-1.513000000000e-06	-7.852094333678e-12	1.972851613390e-10	-3.609169692941e-11
-1.512000000000e-06	-8.450853980124e-12	2.007514247561e-10	-3.579956938847e-11
-1.511000000000e-06	-7.750041890127e-12	1.879799625236e-10	-3.352036164660e-11
-1.510000000000e-06	-5.718812526554e-12	1.992097229895e-10	-3.864948712571e-11
-1.509000000000e-06	-3.872974844445e-12	2.023031534210e-10	-4.155408840059e-11
-1.508000000000e-06	-2.841553975631e-12	2.030549775752e-10	-4.283223034117e-11
-1.507000000000e-06	-5.428586927907e-12	2.138426211764e-10	-4.132491211297e-11
-1.506000000000e-06	-1.685419106240e-12	2.019908302915e-10	-4.369278353211e-11
-1.505000000000e-06	-3.455749371629e-13	2.121907190676e-10	-4.707962873507e-11
-1.504000000000e-06	-4.564560684854e-12	2.050715562326e-10	-3.990180383681e-11
-1.503000000000e-06	1.088985493250e-12	2.089822461358e-10	-4.795044628799e-11
-1.502000000000e-06	-3.880659343104e-12	2.152602427714e-10	-4.238819106133e-11
-1.501000000000e-06	2.822267381305e-12	1.962310724733e-10	-4.651073195368e-11
-1.500000000000e-06	4.809871303209e-12	2.029976156152e-10	-5.061157231869e-11
-1.499000000000e-06	1.515511319352e-12	1.954184317160e-10	-4.418013358221e-11
-1.498000000000e-06	7.300990181045e-12	2.061152135655e-10	-5.400250756293e-11
-1.497000000000e-06	2.147620195708e-12	2.002666964729e-10	-4.547750195716e-11
-1.496000000000e-06	7.314240978705e-12	1.940496094291e-10	-5.072894767700e-11
-1.495000000000e-06	7.002696787046e-12	2.004144786602e-10	-5.136609323666e-11
-1.494000000000e-06	1.140592779094e-11	1.841656643962e-10	-5.357696196919e-11
-1.493000000000e-06	9.477077279831e-12	1.941244785507e-10	-5.285259783705e-11
-1.492000000000e-06	1.004218708818e-11	1.775544402678e-10	-4.960371661570e-11
-1.491000000000e-06	1.617139856051e-11	1.803464156194e-10	-5.814326047103e-11
-1.490000000000e-06	1.170007133867e-11	1.793429094285e-10	-5.164957555156e-11
-1.489000000000e-06	1.396957099641e-11	1.679741028967e-10	-5.191473377665e-11
-1.488000000000e-06	2.143483139406e-11	1.619842423708e-10	-6.047820062633e-11
-1.487000000000e-06	1.104987690934e-11	1.658825504868e-10	-4.695703721925e-11
-1.486000000000e-06	1.391369426558e-11	1.768275647585e-10	-5.283703330375e-11
-1.485000000000e-06	2.181210188679e-11	1.444532761599e-10	-5.647179791739e-11
-1.484000000000e-06	1.671828491916e-11	1.493631795666e-10	-5.029260289436e-11
-1.483000000000e-06	2.173636414928e-11	1.360547648558e-10	-5.398594049535e-11
-1.482000000000e-06	2.329096728794e-11	1.431444078560e-10	-5.746181450785e-11
-1.481000000000e-06	2.906122054421e-11	1.316803210333e-10	-6.231204101342e-11
-1.480000000000e-06	2.411081103744e-11	1.222304118205e-10	-5.347813679243e-11
-1.479000000000e-06	1.625541062317e-11	1.336976918008e-10	-4.509451771583e-11
-1.478000000000e-06	2.811011587929e-11	1.243364590394e-10	-5.883752848803e-11
-1.477000000000e-06	2.985583046934e-11	1.150866359811e-10	-5.909400930223e-11
-1.476000000000e-06	2.423572229299e-11	9.990487939943e-11	-4.832583164438e-11
-1.475000000000e-06	2.915902289561e-11	1.094275955230e-10	-5.642484438008e-11
-1.474000000000e-06	2.545446653376e-11	9.975478587431e-11	-4.957666887100e-11
-1.473000000000e-06	3.063328474163e-11	1.011775235335e-10	-5.657452436866e-11
-1.472000000000e-06	2.562234339226e-11	9.872475148603e-11	-4.890576301168e-11
-1.471000000000e-06	2.907934015696e-11	7.257390475644e-11	-4.831056594774e-11
-1.470000000000e-06	2.168808835788e-11	7.463453666599e-11	-3.858447640652e-11
-1.469000000000e-06	3.286440344609e-11	8.088054437748e-11	-5.449889774424e-11
-1.468000000000e-06	2.887043110121e-11	6.807101751319e-11	-4.698856914533e-11
-1.467000000000e-06	2.833722153854e-11	6.727869186882e-11	-4.550706174398e-11
-1.466000000000e-06	3.116614652698e-11	5.423966350400e-11	-4.682695148710e-11
-1.465000000000e-06	2.484244051095e-11	5.247817524451e-11	-3.761324690267e-11
-1.464000000000e-06	2.452732297363e-11	4.035602347508e-11	-3.470989841539e-11
-1.463000000000e-06	3.396124944949e-11	5.150753819351e-11	-4.937207691569e-11
-1.462000000000e-06	2.740138486732e-11	2.883167434603e-11	-3.628154137197e-11
-1.461000000000e-06	3.300652017734e-11	3.098052260097e-11	-4.382211650543e-11
-1.460000000000e-06	2.835109118814e-11	2.326979302228e-11	-3.606338965329e-11
-1.459000000000e-06	2.393237713618e-11	2.207690866169e-11	-2.975513057007e-11
-1.458000000000e-06	2.994001343782e-11	2.339103796723e-11	-3.811615103011e-11
-1.457000000000e-06	2.521229619991e-11	2.548697731156e-11	-3.194124706065e-11
-1.456000000000e-06	3.344517267442e-11	1.053942089176e-11	-4.007856091611e-11
-1.455000000000e-06	2.310772186423e-11	8.738313347550e-12	-2.592086273167e-11
-1.454000000000e-06	2.777213975778e-11	1.401803847549e-11	-3.305593091657e-11
-1.453000000000e-06	2.025742558394e-11	1.318716463448e-11	-2.249105508514e-11
-1.452000000000e-06	2.069340601151e-11	5.104180823332e-12	-2.154358780132e-11
-1.451000000000e-06	2.385541019878e-11	-9.254691915730e-12	-2.333255778507e-11
-1.450000000000e-06	2.663170687735e-11	-1.528370134523e-11	-2.580569578937e-11
-1.449000000000e-06	2.777963798986e-11	-5.187380911499e-12	-2.883433978697e-11
-1.448000000000e-06	2.238467491350e-11	-5.448518855143e-12	-2.182744271081e-11
-1.447000000000e-06	2.903157045949e-11	-1.573740420515e-11	-2.851014702116e-11
-1.446000000000e-06	1.799075182229e-11	-1.770156558178e-11	-1.354640889409e-11
-1.445000000000e-06	2.389853840243e-11	-2.271529284004e-11	-2.045721924054e-11
-1.444000000000e-06	2.168606839233e-11	-1.367380635987e-11	-1.901187545953e-11
-1.443000000000e-06	1.752364262655e-11	-2.651271173078e-11	-1.106266877695e-11
-1.442000000000e-06	2.187499427446e-11	-3.075832724182e-11	-1.621619209823e-11
-1.441000000000e-06	2.179135244947e-11	-3.072857724229e-11	-1.619831200573e-11
-1.440000000000e-06	1.701955470044e-11	-3.967432714429e-11	-8.139994550251e-12
-1.439000000000e-06	1.771913156104e-11	-3.821116699307e-11	-8.970809998877e-12
-1.438000000000e-06	1.901404965277e-11	-3.721307437316e-11	-1.118911841976e-11
-1.437000000000e-06	1.453066156377e-11	-4.326868261750e-11	-4.154188223950e-12
-1.436000000000e-06	2.693311107973e-11	-4.574543306354e-11	-2.029372525105e-11
-1.435000000000e-06	1.649755089002e-11	-5.038497232844e-11	-5.687037761172e-12
-1.434000000000e-06	1.974240104644e-11	-4.718880310394e-11	-1.052673388365e-11
-1.433000000000e-06	8.780121650817e-12	-4.175024530251e-11	3.216814950941e-12
-1.432000000000e-06	1.557768574705e-11	-3.908650149031e-11	-6.001093241446e-12
-1.431000000000e-06	1.517061805559e-11	-5.907046181159e-11	-2.402391889846e-12
-1.430000000000e-06	1.418190721703e-11	-4.953518636986e-11	-2.878792737100e-12
-1.429000000000e-06	1.069304901738e-11	-5.850462508601e-11	3.606804521677e-12
-1.428000000000e-06	9.951999968193e-12	-6.028007231503e-11	4.668533549323e-12
-1.427000000000e-06	9.579165550935e-12	-6.034693169156e-11	5.130893957957e-12
-1.426000000000e-06	1.429316907600e-11	-5.816835336347e-11	-1.173305283337e-12
-1.425000000000e-06	1.356887727714e-11	-6.381954342779e-11	6.818560378129e-13
-1.424000000000e-06	6.259735963763e-12	-7.170286935840e-11	1.134614100867e-11
-1.423000000000e-06	1.073948145779e-11	-6.983398439935e-11	5.064780708146e-12
-1.422000000000e-06	6.552395314248e-12	-5.059542365894e-11	7.718253001011e-12
-1.421000000000e-06	-4.568695427656e-13	-6.537258481871e-11	1.910588397303e-11
-1.420000000000e-06	1.364272865117e-11	-6.622413696832e-11	6.420593139544e-13
-1.419000000000e-06	1.147210341116e-11	-6.176818061738e-11	2.959017448250e-12
-1.418000000000e-06	5.937230602577e-12	-7.874559836810e-11	1.236267740509e-11
-1.417000000000e-06	6.257815901628e-12	-5.871349023566e-11	9.082892241149e-12
-1.416000000000e-06	9.791600525401e-12	-7.612424912410e-11	6.948316383764e-12
-1.415000000000e-06	4.600408005460e-12	-6.708445925480e-11	1.237479784634e-11
-1.414000000000e-06	3.646002456262e-12	-6.033754324370e-11	1.275932248907e-11
-1.413000000000e-06	5.682792087856e-12	-6.986307228890e-11	1.150438220940e-11
-1.412000000000e-06	5.409423157504e-12	-6.745500753440e-11	1.151595412167e-11
-1.411000000000e-06	9.529825052603e-12	-7.422111627556e-11	6.928636375798e-12
-1.410000000000e-06	-2.077138136041e-12	-7.217673544113e-11	2.155209502242e-11
-1.409000000000e-06	4.484521896211e-12	-6.887812817723e-11	1.254421153635e-11
-1.408000000000e-06	3.899381683930e-12	-7.175754252221e-11	1.393150038122e-11
-1.407000000000e-06	-2.230261806318e-12	-7.564393659768e-11	2.187452380624e-11
-1.406000000000e-06	5.196898704397e-12	-6.965977459473e-11	1.168201681522e-11
-1.405000000000e-06	-2.902348484523e-13	-7.370839688123e-11	1.931572866620e-11
-1.404000000000e-06	3.700366906484e-13	-7.207231763605e-11	1.860581161115e-11
-1.403000000000e-06	7.919726202554e-12	-7.608112850551e-11	8.893113184448e-12
-1.402000000000e-06	-5.486144390891e-12	-7.371283573997e-11	2.598869787754e-11
-1.401000000000e-06	2.317648978601e-12	-6.668250070402e-11	1.489046452791e-11
-1.400000000000e-06	1.367536035873e-12	-6.868617949249e-11	1.601003821183e-11
-1.399000000000e-06	-7.319200438230e-13	-7.199592997635e-11	1.951197696644e-11
-1.398000000000e-06	-2.549127169595e-12	-6.981202499757e-11	2.145620095478e-11
-1.397000000000e-06	-1.214443204347e-12	-6.909940002086e-11	1.929665989509e-11
-1.396000000000e-06	1.105809611197e-12	-7.285787981536e-11	1.681089503840e-11
-1.395000000000e-06	9.977284746079e-13	-7.497455602400e-11	1.706885932134e-11
-1.394000000000e-06	-1.910470674754e-12	-7.649251200798e-11	2.113967367207e-11
-1.393000000000e-06	-2.582801681235e-12	-6.936367605959e-11	2.089240476154e-11
-1.392000000000e-06	-4.681590067105e-12	-6.850059874465e-11	2.336584625121e-11
-1.391000000000e-06	1.417304435703e-12	-7.725920422125e-11	1.659108565295e-11
-1.390000000000e-06	-5.149760282414e-12	-6.368320278948e-11	2.315265766088e-11
-1.389000000000e-06	2.442706259870e-12	-7.998263474312e-11	1.562016887894e-11
-1.388000000000e-06	-2.289099384305e-12	-7.442995926946e-11	2.080563406770e-11
-1.387000000000e-06	-6.873758831327e-12	-7.092779967601e-11	2.657154503934e-11
-1.386000000000e-06	-3.283977812887e-12	-7.616364201301e-11	2.232290789013e-11
-1.385000000000e-06	-3.394582067397e-12	-6.937344330393e-11	2.163861543340e-11
-1.384000000000e-06	-2.172259999572e-12	-6.991854866746e-11	2.008013255620e-11
-1.383000000000e-06	-5.345367830405e-12	-7.027234235061e-11	2.378646823967e-11
-1.382000000000e-06	-5.436498065136e-12	-7.003132145178e-11	2.382086423597e-11
-1.381000000000e-06	-1.045968655157e-12	-7.606888509869e-11	1.903425728669e-11
-1.380000000000e-06	-6.133155586729e-12	-7.323724744761e-11	2.466852303425e-11
-1.379000000000e-06	-5.537716447041e-12	-6.500284671671e-11	2.349928813648e-11
-1.378000000000e-06	-3.808768095594e-12	-6.864158653200e-11	2.139572601947e-11
-1.377000000000e-06	-3.688740568920e-12	-6.975909709997e-11	2.142652103171e-11
-1.376000000000e-06	6.929467534017e-13	-6.540558470799e-11	1.516679711037e-11
-1.375000000000e-06	-3.753393857235e-12	-6.523378227588e-11	2.057419478879e-11
-1.374000000000e-06	-8.524754022606e-12	-6.779531895490e-11	2.712548963689e-11
-1.373000000000e-06	-2.761768704296e-12	-5.764267261699e-11	1.831448628170e-11
-1.372000000000e-06	-7.404639374119e-12	-6.396970486186e-11	2.509973540427e-11
-1.371000000000e-06	-6.822143300947e-12	-6.617463227120e-11	2.428727321047e-11
-1.370000000000e-06	-3.408686719117e-12	-7.172746179762e-11	2.036748783406e-11
-1.369000000000e-06	-3.831376389871e-12	-6.035465006337e-11	1.979508077858e-11
-1.368000000000e-06	-1.123891541930e-11	-7.023825810511e-11	3.015673304485e-11
-1.367000000000e-06	-4.966102059665e-12	-6.107685183813e-11	2.133118055534e-11
-1.366000000000e-06	-5.310574841566e-12	-7.063528627192e-11	2.245031874626e-11
-1.365000000000e-06	-6.598251554668e-12	-7.453366853302e-11	2.425737667832e-11
-1.364000000000e-06	-1.142361862833e-12	-5.977965619284e-11	1.580499858840e-11
-1.363000000000e-06	-1.280224341213e-11	-6.181630399815e-11	3.044250657881e-11
-1.362000000000e-06	-7.596072854047e-12	-5.927185760797e-11	2.363817764383e-11
-1.361000000000e-06	-3.932021615394e-12	-6.535102614746e-11	1.921773104870e-11
-1.360000000000e-06	-8.370353391429e-12	-6.129562073535e-11	2.476019161726e-11
-1.359000000000e-06	-7.623846658251e-12	-5.107849256911e-11	2.289416324902e-11
-1.358000000000e-06	-5.969233568110e-12	-6.310874465794e-11	2.141344313697e-11
-1.357000000000e-06	-6.295541983964e-12	-5.944344527241e-11	2.178559536779e-11
-1.356000000000e-06	-9.405236841511e-12	-5.661743665070e-11	2.541900994236e-11
-1.355000000000e-06	-6.817732924922e-12	-5.900926489267e-11	2.200231493558e-11
-1.354000000000e-06	-4.471001379420e-12	-5.821205626058e-11	1.870810371174e-11
-1.353000000000e-06	-7.576136811516e-12	-5.292368979930e-11	2.235869576778e-11
-1.352000000000e-06	-7.103469365333e-12	-6.168062262114e-11	2.245960878264e-11
-1.351000000000e-06	-7.197887066635e-12	-5.088890077686e-11	2.138050671453e-11
-1.350000000000e-06	-5.486634916262e-12	-6.068770712345e-11	1.999496930633e-11
-1.349000000000e-06	-5.253195253875e-12	-4.731647845243e-11	1.844638641469e-11
-1.348000000000e-06	-5.706425513180e-12	-5.620291334429e-11	1.992009027786e-11
-1.347000000000e-06	-5.119366070376e-12	-5.290701134208e-11	1.862410615437e-11
-1.346000000000e-06	-7.217801293506e-12	-5.351385878952e-11	2.144512526213e-11
-1.345000000000e-06	-9.517474914268e-12	-5.188421533414e-11	2.396440134460e-11
-1.344000000000e-06	-6.732951068621e-12	-5.106143105582e-11	2.023126940950e-11
-1.343000000000e-06	-3.626984029684e-12	-5.465194015500e-11	1.678298168989e-11
-1.342000000000e-06	-1.076218244825e-11	-5.174194665638e-11	2.487575843735e-11
-1.341000000000e-06	-3.321756790531e-12	-4.484776303078e-11	1.532921455194e-11
-1.340000000000e-06	-6.670174851501e-12	-4.718140658185e-11	1.982752795964e-11
-1.339000000000e-06	-4.600643200254e-12	-5.567044937801e-11	1.717963884790e-11
-1.338000000000e-06	-7.680936833003e-12	-4.611314399308e-11	2.068059696189e-11
-1.337000000000e-06	-6.402675959539e-12	-4.373635776297e-11	1.852524505611e-11
-1.336000000000e-06	-4.065331002009e-12	-5.165648410970e-11	1.599744291363e-11
-1.335000000000e-06	-9.782466252795e-12	-4.956398263443e-11	2.367854681690e-11
-1.334000000000e-06	-9.553889409341e-12	-5.028034140639e-11	2.317809084178e-11
-1.333000000000e-06	-3.706301800331e-12	-5.217287474903e-11	1.563460750021e-11
-1.332000000000e-06	-2.293234058850e-12	-4.474319501010e-11	1.288602193340e-11
-1.331000000000e-06	-9.447937742805e-12	-4.910809566256e-11	2.249434572340e-11
-1.330000000000e-06	-5.373045897223e-12	-4.562880186464e-11	1.699013752703e-11
-1.329000000000e-06	-9.541688678875e-12	-4.006950611115e-11	2.199225360327e-11
-1.328000000000e-06	-8.407192047270e-12	-4.517600031722e-11	2.075595128566e-11
-1.327000000000e-06	-2.773142599166e-12	-4.999673351942e-11	1.345957666280e-11
-1.326000000000e-06	-5.538304937205e-12	-4.051474277942e-11	1.656827919821e-11
-1.325000000000e-06	-4.021449039409e-12	-3.526077074990e-11	1.394802924992e-11
-1.324000000000e-06	-7.016126175019e-12	-4.251071651206e-11	1.854795915753e-11
-1.323000000000e-06	-7.005625054978e-12	-4.300422627550e-11	1.844349858858e-11
-1.322000000000e-06	-9.006757658020e-12	-3.918338419088e-11	1.995309472851e-11
-1.321000000000e-06	-4.151170191497e-12	-4.592612302494e-11	1.480309102292e-11
-1.320000000000e-06	-6.005698311105e-12	-4.392837455325e-11	1.651178313871e-11
-1.319000000000e-06	-6.774714967636e-12	-3.945358840445e-11	1.756845091345e-11
-1.318000000000e-06	-5.292875191252e-12	-3.521732915709e-11	1.484013480715e-11
-1.317000000000e-06	-7.349651146747e-12	-4.059433454398e-11	1.793602894901e-11
-1.316000000000e-06	-5.202535969112e-12	-3.915564946846e-11	1.480265004259e-11
-1.315000000000e-06	-7.489712406462e-12	-3.790455274665e-11	1.796855813587e-11
-1.314000000000e-06	-5.859952697116e-12	-3.666547926467e-11	1.590261345337e-11
-1.313000000000e-06	-8.018923829179e-12	-4.111487976015e-11	1.868733101168e-11
-1.312000000000e-06	-9.128860209435e-12	-3.842393322554e-11	1.973597756176e-11
-1.311000000000e-06	-4.017243889196e-12	-4.008470937029e-11	1.332265386723e-11
-1.310000000000e-06	-6.267674859741e-12	-3.595422806919e-11	1.580330439526e-11
-1.309000000000e-06	-4.543868544093e-12	-3.139664323954e-11	1.319215128558e-11
-1.308000000000e-06	-7.252047110444e-12	-3.702365993200e-11	1.699296160616e-11
-1.307000000000e-06	-5.458964294689e-12	-3.256920976365e-11	1.439738499441e-11
-1.306000000000e-06	-4.445813065476e-12	-3.586717091725e-11	1.285601647118e-11
-1.305000000000e-06	-7.450890662893e-12	-3.931757749769e-11	1.732845526598e-11
-1.304000000000e-06	-5.815313610364e-12	-3.292160393162e-11	1.431635383313e-11
-1.303000000000e-06	-1.835995683212e-12	-3.022035618163e-11	9.404146213350e-12
-1.302000000000e-06	-3.288654546317e-12	-3.512152274650e-11	1.177226123706e-11
-1.301000000000e-06	-5.192187012226e-12	-2.950406813509e-11	1.342795976627e-11
-1.300000000000e-06	-2.408768380089e-12	-3.419350089730e-11	1.019346211611e-11
-1.299000000000e-06	-5.585368286254e-12	-3.430073031987e-11	1.371791637523e-11
-1.298000000000e-06	-5.777032741590e-12	-2.725706544576e-11	1.399622825986e-11
-1.297000000000e-06	-7.710502263265e-12	-2.827059171721e-11	1.670196561221e-11
-1.296000000000e-06	-5.091112212949e-12	-3.123593917713e-11	1.316233248152e-11
-1.295000000000e-06	-3.683324452375e-12	-3.108462435119e-11	1.112043634725e-11
-1.294000000000e-06	-6.248267710497e-12	-2.965141780718e-11	1.436350952898e-11
-1.293000000000e-06	-5.468810884625e-12	-2.821432740635e-11	1.349422784905e-11
-1.292000000000e-06	-3.477913505208e-12	-2.818698143276e-11	1.056566764653e-11
-1.291000000000e-06	-6.582878082112e-12	-3.235493146716e-11	1.497932278938e-11
-1.290000000000e-06	-4.083466728793e-12	-3.068259184506e-11	1.152255565202e-11
-1.289000000000e-06	-4.806027151822e-12	-3.420579260335e-11	1.252987764531e-11
-1.288000000000e-06	-4.410640140774e-12	-2.514638043469e-11	1.115360352087e-11
-1.287000000000e-06	-1.503279534755e-12	-2.704302322859e-11	7.880645054439e-12
-1.286000000000e-06	-4.069621722750e-12	-3.218160400907e-11	1.155402875004e-11
-1.285000000000e-06	-5.485600222593e-12	-2.847948582898e-11	1.272949174901e-11
-1.284000000000e-06	-2.344465650252e-12	-2.596079654357e-11	9.368798169869e-12
-1.283000000000e-06	-4.227875161018e-12	-2.510809888381e-11	1.063159386131e-11
-1.282000000000e-06	-3.423493768629e-12	-2.740742814683e-11	9.988475583088e-12
-1.281000000000e-06	-2.060550432532e-12	-2.611253350523e-11	8.074892049949e-12
-1.280000000000e-06	-6.971875668381e-12	-2.247770483141e-11	1.419235784070e-11
-1.279000000000e-06	-4.855172190067e-12	-2.273124584255e-11	1.162210736772e-11
-1.278000000000e-06	-5.357378609235e-12	-2.729990038304e-11	1.145157156877e-11
-1.277000000000e-06	-4.715681968456e-12	-2.614236593686e-11	1.089502073074e-11
-1.276000000000e-06	-2.752313459594e-12	-2.318422393120e-11	8.704315175058e-12
-1.275000000000e-06	-4.979723632688e-12	-2.175369403978e-11	1.160162742397e-11
-1.274000000000e-06	-4.317128681627e-12	-2.638764583672e-11	1.061793788129e-11
-1.273000000000e-06	-6.752632766435e-12	-2.094471895189e-11	1.341923251615e-11
-1.272000000000e-06	-2.406801610217e-12	-2.352968582873e-11	7.911049136539e-12
-1.271000000000e-06	-6.005619727429e-12	-2.367489369372e-11	1.248526936385e-11
-1.270000000000e-06	-5.403125281062e-12	-1.991355197379e-11	1.125911974285e-11
-1.269000000000e-06	-2.681458884627e-12	-1.674347831403e-11	8.327869592750e-12
-1.268000000000e-06	-5.287484057637e-12	-2.303696019447e-11	1.148619765372e-11
-1.267000000000e-06	-4.071591343857e-12	-2.217281164003e-11	9.870617322957e-12
-1.266000000000e-06	-1.417683872656e-12	-2.044967521235e-11	6.225403200752e-12
-1.265000000000e-06	-6.610204265259e-12	-2.905140644830e-11	1.270067635309e-11
-1.264000000000e-06	-2.566992021138e-12	-2.136568205795e-11	7.616097001162e-12
-1.263000000000e-06	-5.376529964384e-12	-1.802640654948e-11	1.110668799012e-11
-1.262000000000e-06	-2.643926743781e-12	-2.140216627640e-11	7.739468487520e-12
-1.261000000000e-06	-3.993807141631e-12	-1.978134815529e-11	9.349991071661e-12
-1.260000000000e-06	-4.476792436304e-12	-1.662557854101e-11	9.902776449002e-12
-1.259000000000e-06	-2.345236578395e-12	-2.276972986816e-11	7.329680809411e-12
-1.258000000000e-06	-3.181871749433e-12	-2.043379614351e-11	7.941576115839e-12
-1.257000000000e-06	-3.031326948390e-12	-1.941542211240e-11	7.962572478155e-12
-1.256000000000e-06	-4.152474942959e-12	-1.941997861016e-11	9.087751623780e-12
-1.255000000000e-06	-1.796972674054e-12	-1.859499211254e-11	6.024605328794e-12
-1.254000000000e-06	-4.097968210970e-12	-1.428053260345e-11	9.431938639580e-12
-1.253000000000e-06	-2.109093214942e-12	-1.990080821693e-11	6.474800529411e-12
-1.252000000000e-06	-3.171074041375e-12	-1.894207318818e-11	7.919822701156e-12
-1.251000000000e-06	-2.423762523215e-12	-2.291346788128e-11	6.642191954812e-12
-1.250000000000e-06	-3.880304838282e-12	-1.836567830471e-11	8.910921482415e-12
-1.249000000000e-06	-3.976467865676e-12	-1.512073867785e-11	8.493621592309e-12
-1.248000000000e-06	-5.735729625255e-12	-1.548127447936e-11	1.121958194762e-11
-1.247000000000e-06	-3.332785963377e-12	-1.609856341213e-11	7.850753901381e-12
-1.246000000000e-06	-1.819051912425e-12	-2.334355931644e-11	5.853821937635e-12
-1.245000000000e-06	-3.216347590575e-12	-1.528849030234e-11	7.837959591701e-12
-1.244000000000e-06	-2.323176540543e-12	-1.786751235359e-11	6.209626456401e-12
-1.243000000000e-06	-1.999802677574e-12	-1.656227174220e-11	5.825889739611e-12
-1.242000000000e-06	-4.410900558785e-12	-1.439940897438e-11	8.726632687775e-12
-1.241000000000e-06	-1.085207153962e-12	-1.656494033874e-11	4.760915836589e-12
-1.240000000000e-06	-4.775865050866e-12	-1.524700412852e-11	9.183923707487e-12
-1.239000000000e-06	3.019791695692e-13	-1.429424191598e-11	2.656547872574e-12
-1.238000000000e-06	-2.245855302981e-12	-1.251714280248e-11	5.428469066376e-12
-1.237000000000e-06	-1.660450707659e-12	-1.317620604387e-11	5.708475514171e-12
-1.236000000000e-06	-4.016928806411e-12	-1.442996629493e-11	8.228046400125e-12
-1.235000000000e-06	-4.115272121335e-12	-1.541908691688e-11	7.819917828139e-12
-1.234000000000e-06	-3.928627490270e-12	-1.233416266120e-11	8.304825741748e-12
-1.233000000000e-06	-3.301414899873e-12	-1.812999458126e-11	7.164270218305e-12
-1.232000000000e-06	-1.969557714105e-12	-1.625410933995e-11	5.280766304277e-12
-1.231000000000e-06	-2.844752408533e-12	-1.571546650586e-11	6.879908172009e-12
-1.230000000000e-06	-1.695152053171e-12	-1.320209760380e-11	5.473884229974e-12
-1.229000000000e-06	-2.642799843527e-12	-1.769769720105e-11	6.430091358571e-12
-1.228000000000e-06	-2.447690686853e-12	-1.384981230101e-11	6.085656506932e-12
-1.227000000000e-06	-3.769275290289e-12	-1.547929713611e-11	7.556035285871e-12
-1.226000000000e-06	-3.798551081052e-12	-7.962076914398e-12	7.711017654843e-12
-1.225000000000e-06	-3.374665042084e-12	-1.511757944605e-11	7.226617786875e-12
-1.224000000000e-06	-1.378620630787e-12	-1.325409407705e-11	4.327661626248e-12
-1.223000000000e-06	-1.512016658684e-12	-1.581310262532e-11	4.490724991718e-12
-1.222000000000e-06	-2.923163063397e-12	-1.751704447183e-11	6.089762441792e-12
-1.221000000000e-06	-4.016889874198e-12	-1.028147272902e-11	7.871390406631e-12
-1.220000000000e-06	-3.324224729295e-12	-1.017810599419e-11	6.690804969720e-12
-1.219000000000e-06	-3.605635126602e-12	-1.357963940400e-11	7.334384430347e-12
-1.218000000000e-06	-2.825321667141e-12	-1.274386288690e-11	6.288762646515e-12
-1.217000000000e-06	-3.054801084354e-12	-1.206021594267e-11	6.152146385285e-12
-1.216000000000e-06	2.078793747831e-13	-1.705816845343e-11	2.122638743862e-12
-1.215000000000e-06	-3.220459148727e-12	-4.722057566065e-12	6.819624478755e-12
-1.214000000000e-06	-1.234743610394e-12	-9.010497196517e-12	3.910236449239e-12
-1.213000000000e-06	-3.874150563561e-13	-1.667083042267e-11	2.629299852578e-12
-1.212000000000e-06	-2.722257164866e-12	-1.409255694462e-11	6.108084889417e-12
-1.211000000000e-06	-4.085220427436e-13	-1.052721405762e-11	2.548183646269e-12
-1.210000000000e-06	-3.152336452351e-12	-5.614825928642e-12	6.193908665010e-12
-1.209000000000e-06	-3.199862961221e-12	-1.101737012848e-11	6.639788687853e-12
-1.208000000000e-06	-3.826839967893e-13	-1.054566824441e-11	2.893081595862e-12
-1.207000000000e-06	-4.462872952229e-12	-1.477888958886e-11	7.696757618451e-12
-1.206000000000e-06	-3.105307679566e-13	-1.121225378073e-11	2.593099528766e-12
-1.205000000000e-06	-2.471678905797e-12	-1.040203102440e-11	5.587827409388e-12
-1.204000000000e-06	-1.206203922485e-12	-8.974550035384e-12	3.712754526467e-12
-1.203000000000e-06	-1.830630223935e-12	-1.555117601436e-11	4.292743312890e-12
-1.202000000000e-06	-2.276976036664e-12	-1.450212653228e-11	4.884094922733e-12
-1.201000000000e-06	-9.724690978563e-13	-9.769276832269e-12	3.129508700952e-12
-1.200000000000e-06	-2.378813775461e-12	-6.842276206142e-12	4.923702193131e-12
-1.199000000000e-06	-3.802267482861e-12	-9.638547037365e-12	6.617603551321e-12
-1.198000000000e-06	-2.718758304456e-12	-8.566224881259e-12	5.582248061147e-12
-1.197000000000e-06	1.277268686114e-12	-7.332159484827e-12	5.706596608288e-13
-1.196000000000e-06	-1.433827485993e-12	-1.152348768509e-11	3.978052732273e-12
-1.195000000000e-06	-2.377160520005e-12	-5.042281361575e-12	5.168910212270e-12
-1.194000000000e-06	-3.339871300901e-13	-9.295030504060e-12	2.263194022963e-12
-1.193000000000e-06	-3.381918054740e-12	-1.039784019763e-11	6.247004387289e-12
-1.192000000000e-06	-1.305009265788e-12	-1.064331075258e-11	3.375114831800e-12
-1.191000000000e-06	-2.649520896813e-12	-8.170335571685e-12	5.315470065627e-12
-1.190000000000e-06	-8.173909934056e-13	-1.068610223924e-11	2.800482237995e-12
-1.189000000000e-06	-4.250180492480e-12	-1.037950280299e-11	7.163468617709e-12
-1.188000000000e-06	-9.828063927069e-13	-1.029788018469e-11	3.171602732504e-12
-1.187000000000e-06	3.469278585584e-13	-6.781170005838e-12	1.254886833596e-12
-1.186000000000e-06	-9.701692206931e-13	-8.846939419636e-12	2.895120834894e-12
-1.185000000000e-06	-2.475761506309e-12	-7.606658373125e-12	4.638625701231e-12
-1.184000000000e-06	-1.929131041735e-12	-6.793072237606e-12	4.142037235788e-12
-1.183000000000e-06	-3.679318233930e-13	-7.403114841036e-12	2.073142195708e-12
-1.182000000000e-06	-2.609860727570e-12	-1.080130256494e-11	4.796086399072e-12
-1.181000000000e-06	-1.292429146261e-12	-6.575246895153e-12	3.519594769014e-12
-1.180000000000e-06	-2.902979144857e-12	-6.180019867407e-12	5.222146939887e-12
-1.179000000000e-06	-8.123543470237e-13	-1.033698172523e-11	2.625175686596e-12
-1.178000000000e-06	-1.671793905117e-12	-6.090294647280e-12	3.835453689480e-12
-1.177000000000e-06	-1.155660254245e-12	-9.203526397401e-12	3.287027798928e-12
-1.176000000000e-06	5.514293650631e-15	-4.362884327429e-12	2.203974255983e-12
-1.175000000000e-06	-2.662102566999e-12	-1.003386125335e-11	4.062817107848e-12
-1.174000000000e-06	-1.403368708440e-12	-7.490763863007e-12	3.375270326995e-12
-1.173000000000e-06	-6.288797744936e-13	-4.585108076392e-12	2.571420796155e-12
-1.172000000000e-06	7.177561135957e-13	-4.402358637165e-12	1.241787306863e-12
-1.171000000000e-06	-1.565190127056e-12	-6.823072983630e-12	3.620483687875e-12
-1.170000000000e-06	-3.212281446015e-12	-9.322288147906e-12	5.331177731070e-12
-1.169000000000e-06	-3.001665677456e-13	-3.406331036164e-12	2.434794305896e-12
-1.168000000000e-06	-2.269293852205e-12	-4.843167571109e-12	4.457378683740e-12
-1.167000000000e-06	-3.179078942474e-12	-7.501793986041e-12	5.038772367861e-12
-1.166000000000e-06	-2.228075114755e-12	-7.550918876755e-12	4.054552687791e-12
-1.165000000000e-06	1.135156635395e-13	-8.574098990840e-12	1.433806242833e-12
-1.164000000000e-06	-2.189001585361e-12	-6.175842877992e-12	4.411898495529e-12
-1.163000000000e-06	-1.080907641573e-12	-3.459456373684e-12	2.811902447771e-12
-1.162000000000e-06	-1.743864715035e-12	-8.237971040267e-12	3.133564040721e-12
-1.161000000000e-06	-7.835590495422e-13	-5.768983746020e-12	2.113572327114e-12
-1.160000000000e-06	-6.906574032342e-13	-6.041398387584e-12	2.083755852490e-12
-1.159000000000e-06	-2.205909982626e-12	-8.644369984742e-12	3.774150624201e-12
-1.158000000000e-06	-2.149816380748e-12	-9.266510450705e-12	3.890495925241e-12
-1.157000000000e-06	-4.735044026839e-13	-6.580728107158e-12	2.357886076771e-12
-1.156000000000e-06	-2.699235598774e-13	-3.727283016214e-12	1.518933506374e-12
-1.155000000000e-06	-2.565840117424e-12	-3.470435396545e-12	4.883072014296e-12
-1.154000000000e-06	-2.068217659688e-12	-4.888858175551e-12	3.945053800603e-12
