3.650000000000e-07	0.000000000000e+00	0.000000000000e+00	0.000000000000e+00
3.660000000000e-07	0.000000000000e+00	0.000000000000e+00	0.000000000000e+00
3.670000000000e-07	0.000000000000e+00	0.000000000000e+00	0.000000000000e+00
3.680000000000e-07	0.000000000000e+00	0.000000000000e+00	0.000000000000e+00
3.690000000000e-07	0.000000000000e+00	0.000000000000e+00	0.000000000000e+00
3.700000000000e-07	0.000000000000e+00	0.000000000000e+00	0.000000000000e+00
3.710000000000e-07	0.000000000000e+00	0.000000000000e+00	0.000000000000e+00
3.720000000000e-07	0.000000000000e+00	0.000000000000e+00	0.000000000000e+00
3.730000000000e-07	0.000000000000e+00	0.000000000000e+00	0.000000000000e+00
3.740000000000e-07	0.000000000000e+00	0.000000000000e+00	0.000000000000e+00
3.750000000000e-07	0.000000000000e+00	0.000000000000e+00	0.000000000000e+00
3.760000000000e-07	0.000000000000e+00	0.000000000000e+00	0.000000000000e+00
3.770000000000e-07	0.000000000000e+00	0.000000000000e+00	0.000000000000e+00
3.780000000000e-07	0.000000000000e+00	0.000000000000e+00	0.000000000000e+00
3.790000000000e-07	0.000000000000e+00	0.000000000000e+00	0.000000000000e+00
3.800000000000e-07	0.000000000000e+00	0.000000000000e+00	0.000000000000e+00
3.810000000000e-07	0.000000000000e+00	0.000000000000e+00	0.000000000000e+00
3.820000000000e-07	0.000000000000e+00	0.000000000000e+00	0.000000000000e+00
3.830000000000e-07	0.000000000000e+00	0.000000000000e+00	0.000000000000e+00
3.840000000000e-07	0.000000000000e+00	0.000000000000e+00	0.000000000000e+00
3.850000000000e-07	0.000000000000e+00	0.000000000000e+00	0.000000000000e+00
3.860000000000e-07	0.000000000000e+00	0.000000000000e+00	0.000000000000e+00
3.870000000000e-07	0.000000000000e+00	0.000000000000e+00	0.000000000000e+00
3.880000000000e-07	0.000000000000e+00	0.000000000000e+00	0.000000000000e+00
3.890000000000e-07	0.000000000000e+00	0.000000000000e+00	0.000000000000e+00
3.900000000000e-07	0.000000000000e+00	0.000000000000e+00	0.000000000000e+00
3.910000000000e-07	0.000000000000e+00	0.000000000000e+00	0.000000000000e+00
3.920000000000e-07	0.000000000000e+00	0.000000000000e+00	0.000000000000e+00
3.930000000000e-07	0.000000000000e+00	0.000000000000e+00	0.000000000000e+00
3.940000000000e-07	0.000000000000e+00	0.000000000000e+00	0.000000000000e+00
3.950000000000e-07	0.000000000000e+00	0.000000000000e+00	0.000000000000e+00
3.960000000000e-07	0.000000000000e+00	0.000000000000e+00	0.000000000000e+00
3.970000000000e-07	0.000000000000e+00	0.000000000000e+00	0.000000000000e+00
3.980000000000e-07	0.000000000000e+00	0.000000000000e+00	0.000000000000e+00
3.990000000000e-07	0.000000000000e+00	0.000000000000e+00	0.000000000000e+00
4.000000000000e-07	0.000000000000e+00	0.000000000000e+00	0.000000000000e+00
4.010000000000e-07	0.000000000000e+00	0.000000000000e+00	0.000000000000e+00
4.020000000000e-07	0.000000000000e+00	0.000000000000e+00	0.000000000000e+00
4.030000000000e-07	0.000000000000e+00	0.000000000000e+00	0.000000000000e+00
4.040000000000e-07	0.000000000000e+00	0.000000000000e+00	0.000000000000e+00
4.050000000000e-07	0.000000000000e+00	0.000000000000e+00	0.000000000000e+00
4.060000000000e-07	0.000000000000e+00	0.000000000000e+00	0.000000000000e+00
4.070000000000e-07	0.000000000000e+00	0.000000000000e+00	0.000000000000e+00
4.080000000000e-07	0.000000000000e+00	0.000000000000e+00	0.000000000000e+00
4.090000000000e-07	0.000000000000e+00	0.000000000000e+00	0.000000000000e+00
4.100000000000e-07	0.000000000000e+00	0.000000000000e+00	0.000000000000e+00
4.110000000000e-07	0.000000000000e+00	0.000000000000e+00	0.000000000000e+00
4.120000000000e-07	0.000000000000e+00	0.000000000000e+00	0.000000000000e+00
4.130000000000e-07	0.000000000000e+00	0.000000000000e+00	0.000000000000e+00
4.140000000000e-07	0.000000000000e+00	0.000000000000e+00	0.000000000000e+00
4.150000000000e-07	0.000000000000e+00	0.000000000000e+00	0.000000000000e+00
4.160000000000e-07	0.000000000000e+00	0.000000000000e+00	0.000000000000e+00
4.170000000000e-07	0.000000000000e+00	0.000000000000e+00	0.000000000000e+00
4.180000000000e-07	0.000000000000e+00	0.000000000000e+00	0.000000000000e+00
4.190000000000e-07	0.000000000000e+00	0.000000000000e+00	0.000000000000e+00
4.200000000000e-07	0.000000000000e+00	0.000000000000e+00	0.000000000000e+00
4.210000000000e-07	0.000000000000e+00	0.000000000000e+00	0.000000000000e+00
4.220000000000e-07	0.000000000000e+00	0.000000000000e+00	0.000000000000e+00
4.230000000000e-07	0.000000000000e+00	0.000000000000e+00	0.000000000000e+00
4.240000000000e-07	0.000000000000e+00	0.000000000000e+00	0.000000000000e+00
4.250000000000e-07	0.000000000000e+00	0.000000000000e+00	0.000000000000e+00
4.260000000000e-07	0.000000000000e+00	0.000000000000e+00	0.000000000000e+00
4.270000000000e-07	0.000000000000e+00	0.000000000000e+00	0.000000000000e+00
4.280000000000e-07	4.148847300707e-17	-1.605895363911e-16	4.731908139205e-18
4.290000000000e-07	-3.073447977357e-17	1.243719971390e-16	-5.643052028664e-18
4.300000000000e-07	3.598134797549e-17	-1.410743886860e-16	4.970323092853e-18
4.310000000000e-07	2.201707756862e-16	-7.422794112906e-16	-1.578296357366e-17
4.320000000000e-07	1.904395277057e-16	-6.458707193853e-16	-1.208224938483e-17
4.330000000000e-07	-2.617864665385e-16	9.191029297775e-16	5.265718206602e-18
4.340000000000e-07	2.547187865620e-16	-7.444907554961e-16	-6.116794622254e-17
4.350000000000e-07	-2.429164901115e-16	8.597565469413e-16	1.096223167745e-18
4.360000000000e-07	1.704162019263e-18	-1.586328719209e-17	3.863965231490e-18
4.370000000000e-07	2.991791083970e-16	-9.176869182861e-16	-5.334717852326e-17
4.380000000000e-07	-4.854110779138e-17	2.664135450687e-16	-3.616758424527e-17
4.390000000000e-07	2.297946757747e-16	-7.268679965835e-16	-3.026661136407e-17
4.400000000000e-07	-2.097173417760e-16	7.551448088778e-16	-6.314958535725e-18
4.410000000000e-07	3.803197668018e-16	-1.011362842252e-15	-1.248524527601e-16
4.420000000000e-07	7.462351359018e-17	-4.093143479938e-16	6.012612907862e-17
4.430000000000e-07	2.197845197885e-16	-1.469423254960e-16	-2.409444936496e-16
4.440000000000e-07	8.389884495543e-16	-1.368624664670e-15	-6.080347719517e-16
4.450000000000e-07	-6.479920667525e-17	2.098550958137e-15	-7.375490558552e-16
4.460000000000e-07	-4.445465855316e-15	6.447011461959e-15	3.521217945864e-15
4.470000000000e-07	1.939338657119e-15	1.084705945015e-15	-3.090655195239e-15
4.480000000000e-07	4.228632983930e-16	3.917561472982e-15	-2.145513475145e-15
4.490000000000e-07	-3.644881728165e-15	5.083766798604e-15	2.930270326140e-15
4.500000000000e-07	9.086264229440e-15	-1.433803038788e-14	-6.479919731358e-15
4.510000000000e-07	1.338694353270e-15	6.101055957582e-15	-4.309335609565e-15
4.520000000000e-07	-5.867611080804e-15	2.300328226844e-14	-1.430131571222e-15
4.530000000000e-07	-4.892032292539e-15	2.791307599093e-14	-4.505710218372e-15
4.540000000000e-07	-5.695253470232e-15	-1.194194356055e-15	8.333023958622e-15
4.550000000000e-07	-1.557383186533e-14	2.819485501468e-14	9.924484371567e-15
4.560000000000e-07	-2.029769109920e-15	4.837421645287e-15	5.967027066524e-16
4.570000000000e-07	4.618903087224e-15	-1.155534836283e-14	-1.533598519978e-15
4.580000000000e-07	2.106104918856e-15	-2.774700041623e-14	8.556833125503e-15
4.590000000000e-07	-6.144534795676e-15	1.880453964318e-14	3.897921971693e-16
4.600000000000e-07	1.211894543815e-14	-6.915942591856e-15	-1.347239267285e-14
4.610000000000e-07	8.379033060959e-16	-1.154245410090e-15	-6.654191755274e-16
4.620000000000e-07	-2.831753626276e-16	-3.578678828968e-15	1.811314923573e-15
4.630000000000e-07	5.057732430162e-15	6.664213928367e-15	-9.572392652670e-15
4.640000000000e-07	-2.394826194942e-15	-3.843025268921e-15	4.928818346625e-15
4.650000000000e-07	-1.343964450941e-15	-6.833016703100e-15	4.461393663029e-15
4.660000000000e-07	-5.557389015996e-16	-5.613868426669e-15	3.016206784299e-15
4.670000000000e-07	-3.101709573475e-15	3.117864109208e-15	2.959946614009e-15
4.680000000000e-07	2.697437483060e-15	4.626128101492e-15	-5.640104401197e-15
4.690000000000e-07	-8.521778634434e-15	4.549674216610e-14	-6.694580497949e-15
4.700000000000e-07	-3.360542842107e-15	1.139639960657e-15	3.997573311846e-15
4.710000000000e-07	-8.696040806035e-15	2.305624539295e-14	2.594359435969e-15
4.720000000000e-07	1.082214499382e-14	-1.032387042982e-14	-1.028066450835e-14
4.730000000000e-07	-7.517294164450e-15	1.172475742507e-14	5.559765723558e-15
4.740000000000e-07	-2.966844167504e-15	3.274189766030e-14	-9.638099690053e-15
4.750000000000e-07	3.682544189158e-15	-1.843184372360e-14	2.519668255945e-15
4.760000000000e-07	3.141285160104e-15	2.658793181327e-15	-5.364292531756e-15
4.770000000000e-07	8.944417179092e-16	2.006637718302e-14	-9.626692342606e-15
4.780000000000e-07	-1.189346725687e-14	6.727038202203e-14	-1.180144357468e-14
4.790000000000e-07	-8.319453725612e-15	1.284288327648e-14	6.360248595173e-15
4.800000000000e-07	-5.689753558554e-15	5.810273209029e-14	-1.615416548780e-14
4.810000000000e-07	-3.944917188908e-15	2.789615924737e-14	-6.022421022415e-15
4.820000000000e-07	-1.828692851691e-14	2.123537316321e-14	1.642924145689e-14
4.830000000000e-07	1.860466095552e-14	-4.353500067109e-14	-7.998259512766e-15
4.840000000000e-07	-1.502896311845e-14	4.153834722650e-14	3.324943800719e-15
4.850000000000e-07	-9.861794308264e-15	5.479658026595e-14	-8.960677193138e-15
4.860000000000e-07	3.776497490189e-15	5.651999037854e-14	-2.842402765565e-14
4.870000000000e-07	2.492005894827e-15	5.751487049300e-14	-2.740505876761e-14
4.880000000000e-07	-1.605490928020e-14	7.624860176239e-14	-9.996562421530e-15
4.890000000000e-07	1.374804699803e-15	2.051594703947e-14	-9.946746349125e-15
4.900000000000e-07	-1.366138968702e-14	7.362514876114e-14	-1.216960246922e-14
4.910000000000e-07	-2.316661391599e-14	7.226688588782e-14	1.525129868052e-15
4.920000000000e-07	-2.538438460345e-14	4.897655138394e-14	1.395936128323e-14
4.930000000000e-07	1.238224524749e-14	2.709830243360e-14	-2.867463494912e-14
4.940000000000e-07	1.619755379043e-16	8.232831739623e-14	-3.453293743012e-14
4.950000000000e-07	1.953329158813e-14	6.170088517258e-14	-5.308391073716e-14
4.960000000000e-07	7.978451929066e-15	5.655640160997e-14	-3.493822551961e-14
4.970000000000e-07	-6.145033516270e-14	1.173678197818e-13	3.552069097864e-14
4.980000000000e-07	-1.942253748768e-14	3.754682714139e-14	1.050925135842e-14
4.990000000000e-07	-1.382358505687e-14	7.135475532390e-14	-1.086451499131e-14
5.000000000000e-07	1.866791728255e-16	4.438848266540e-14	-1.928924264594e-14
5.010000000000e-07	-6.970839583113e-15	8.282851232912e-14	-2.500720850721e-14
5.020000000000e-07	-9.333037287720e-14	2.198662712543e-13	3.405901845010e-14
5.030000000000e-07	-6.529340683248e-15	2.754843502109e-14	-1.999329894777e-15
5.040000000000e-07	-1.913714767477e-14	8.789854526480e-14	-1.134702516502e-14
5.050000000000e-07	-1.156028259939e-14	1.724696705401e-13	-5.753753617632e-14
5.060000000000e-07	-6.915761496435e-14	1.419781995918e-13	3.452538815312e-14
5.070000000000e-07	3.737461341838e-14	9.016261324975e-14	-8.969499722184e-14
5.080000000000e-07	-4.161521263636e-14	1.414314904861e-13	-3.910313960541e-15
5.090000000000e-07	-8.068451087356e-15	1.853075889354e-13	-6.764356984625e-14
5.100000000000e-07	-9.023373552670e-14	1.379214091538e-13	6.322781990571e-14
5.110000000000e-07	-6.583304284224e-15	3.149221111601e-14	-3.937461067083e-15
5.120000000000e-07	-2.960187655465e-14	1.286339713517e-13	-1.571937036652e-14
5.130000000000e-07	-1.748653517175e-14	1.775968312514e-13	-5.110330695076e-14
5.140000000000e-07	4.912247251109e-14	1.540143004574e-13	-1.334721325647e-13
5.150000000000e-07	-1.662241764579e-13	4.154446173062e-13	4.881483417627e-14
5.160000000000e-07	-3.792352323048e-15	2.521246278456e-13	-1.032395523682e-13
5.170000000000e-07	-6.584502679341e-14	2.495468542709e-13	-1.713679838901e-14
5.180000000000e-07	-4.900684394184e-14	2.656110701046e-13	-4.799129563226e-14
5.190000000000e-07	-8.663156671470e-14	2.830105677301e-13	-3.501886826416e-15
5.200000000000e-07	-3.823407732504e-14	2.066075771547e-13	-3.890577155050e-14
5.210000000000e-07	-4.669991045727e-14	2.353955887283e-13	-3.863184586696e-14
5.220000000000e-07	3.076590576308e-14	4.405027860841e-13	-2.325706025626e-13
5.230000000000e-07	-1.398164126472e-13	4.839155995545e-13	-1.704698928062e-14
5.240000000000e-07	-4.533509879881e-15	1.495255513256e-13	-6.026630538704e-14
5.250000000000e-07	-5.802482612858e-14	1.601605677709e-13	8.083216418624e-15
5.260000000000e-07	-2.460128141900e-14	4.072393608707e-13	-1.439290796920e-13
5.270000000000e-07	-3.380568102755e-14	4.676163151809e-13	-1.600927156231e-13
5.280000000000e-07	-3.256824555618e-14	2.822906414085e-13	-7.874859675024e-14
5.290000000000e-07	-1.367980378503e-13	5.332543036624e-13	-4.639862050555e-14
5.300000000000e-07	-2.612715989622e-14	4.767372613661e-13	-1.733443399134e-13
5.310000000000e-07	-9.937297299767e-15	3.055359876549e-13	-1.190575285182e-13
5.320000000000e-07	-2.145206194048e-13	6.238676821010e-13	1.834477422128e-14
5.330000000000e-07	4.490885701477e-14	4.601565196664e-13	-2.651121417306e-13
5.340000000000e-07	-2.395495903545e-13	8.805129155354e-13	-6.101882155302e-14
5.350000000000e-07	-1.982045898330e-13	5.795831838434e-13	1.161149248548e-14
5.360000000000e-07	4.598712092994e-16	5.697860557617e-13	-2.538594615193e-13
5.370000000000e-07	-2.578930195473e-13	9.464538392428e-13	-6.373612299063e-14
5.380000000000e-07	-1.470417937335e-13	9.225284655077e-13	-2.069376693323e-13
5.390000000000e-07	-5.604066575899e-14	7.389700483566e-13	-2.535220672942e-13
5.400000000000e-07	-3.066851432882e-14	9.143795510347e-13	-3.666793162983e-13
5.410000000000e-07	-1.127149186818e-13	6.255519896681e-13	-1.226654955112e-13
5.420000000000e-07	-1.152209732281e-13	6.201365691623e-13	-1.212051996632e-13
5.430000000000e-07	-5.759067257774e-15	8.404538757701e-13	-3.676687398569e-13
5.440000000000e-07	-3.594831626919e-13	9.043816125332e-13	8.760285243213e-14
5.450000000000e-07	-2.128289733080e-13	1.263513256741e-12	-2.751284936838e-13
5.460000000000e-07	-1.041105769241e-13	1.178156214259e-12	-3.882650571268e-13
5.470000000000e-07	-1.423962837068e-13	9.862907981611e-13	-2.470519781481e-13
5.480000000000e-07	-2.755159778118e-13	8.832894180290e-13	-1.636677825354e-14
5.490000000000e-07	-2.600704318438e-13	1.327851011719e-12	-2.411882986972e-13
5.500000000000e-07	-2.690621435561e-13	1.516812066458e-12	-3.137442348897e-13
5.510000000000e-07	-1.263366586628e-13	1.211589570762e-12	-3.744311037557e-13
5.520000000000e-07	-1.125575085894e-13	9.401239721431e-13	-2.721810919143e-13
5.530000000000e-07	-8.882050398368e-14	1.696199332825e-12	-6.449406494431e-13
5.540000000000e-07	-2.273278330553e-13	1.432544466170e-12	-3.394912263399e-13
5.550000000000e-07	-3.160840408264e-13	1.334448715629e-12	-1.668119835413e-13
5.560000000000e-07	-3.808013577281e-13	1.701394221697e-12	-2.535918511772e-13
5.570000000000e-07	-4.371563943884e-13	1.776900061859e-12	-2.063411118789e-13
5.580000000000e-07	-3.496288848692e-13	1.621793628623e-12	-2.603249401319e-13
5.590000000000e-07	-2.444513866534e-13	1.883773298712e-12	-5.252549910490e-13
5.600000000000e-07	-9.714605408914e-14	1.199663001166e-12	-4.140381980291e-13
5.610000000000e-07	-2.606601825268e-13	1.939621697262e-12	-5.288431540634e-13
5.620000000000e-07	-4.687865385972e-13	2.384094820735e-12	-4.540360857754e-13
5.630000000000e-07	-3.948574144355e-13	2.012864354824e-12	-3.808401524194e-13
5.640000000000e-07	-2.771154929578e-13	2.204039731189e-12	-6.254341845904e-13
5.650000000000e-07	-1.845381402851e-13	1.880253713843e-12	-6.150889840769e-13
5.660000000000e-07	-5.091072774863e-13	2.712391214711e-12	-5.469348816522e-13
5.670000000000e-07	-6.032611120870e-13	2.656298103512e-12	-3.991348687978e-13
5.680000000000e-07	-3.392755726687e-13	3.006815601932e-12	-9.252226859335e-13
5.690000000000e-07	-3.811833624040e-13	2.481826667229e-12	-6.233515398473e-13
5.700000000000e-07	-5.016658225178e-13	2.914501826478e-12	-6.628651574269e-13
5.710000000000e-07	-5.043939257823e-13	2.516864362997e-12	-4.698172090708e-13
5.720000000000e-07	-7.995242202336e-13	2.951669442778e-12	-2.750008399490e-13
5.730000000000e-07	-3.628114742948e-13	2.701999097789e-12	-7.574921127064e-13
5.740000000000e-07	-5.134637552916e-13	3.435419722445e-12	-8.857930999044e-13
5.750000000000e-07	-8.593568886639e-13	3.567414158616e-12	-4.903263033669e-13
5.760000000000e-07	-5.404725189977e-13	3.724439262249e-12	-9.923639094427e-13
5.770000000000e-07	-8.356326601697e-13	3.618533016296e-12	-5.392413231287e-13
5.780000000000e-07	-6.510617477212e-13	3.506475776546e-12	-7.411463409737e-13
5.790000000000e-07	-4.251903105159e-13	3.551414163032e-12	-1.076679981824e-12
5.800000000000e-07	-5.222418352856e-13	3.797961598715e-12	-1.068193262750e-12
5.810000000000e-07	-6.723366480903e-13	3.724275165093e-12	-8.205995039578e-13
5.820000000000e-07	-7.830804102017e-13	4.018735331475e-12	-8.108066217796e-13
5.830000000000e-07	-6.137028409213e-13	3.520595197641e-12	-8.144249294286e-13
5.840000000000e-07	-5.877715897413e-13	4.357128671817e-12	-1.239475288706e-12
5.850000000000e-07	-7.406789245665e-13	4.577160944310e-12	-1.136894729145e-12
5.860000000000e-07	-4.954542019025e-13	4.093456233353e-12	-1.257218581065e-12
5.870000000000e-07	-3.268915521488e-13	4.478403956666e-12	-1.667406950167e-12
5.880000000000e-07	-1.054484237286e-12	5.748578096730e-12	-1.267991593352e-12
5.890000000000e-07	-6.612553151780e-13	4.808750048664e-12	-1.368468999885e-12
5.900000000000e-07	-1.458445929415e-12	5.707334179868e-12	-7.117315828258e-13
5.910000000000e-07	-8.130846514962e-13	5.502370147440e-12	-1.490458175150e-12
5.920000000000e-07	-1.268173945206e-12	5.777301685280e-12	-1.005900190312e-12
5.930000000000e-07	-4.372913187757e-13	5.342357583949e-12	-1.942733063821e-12
5.940000000000e-07	-9.663613797344e-13	5.325596205890e-12	-1.220165156932e-12
5.950000000000e-07	-1.267555580572e-12	6.936226740434e-12	-1.558031790026e-12
5.960000000000e-07	-7.447702203041e-13	5.617266174492e-12	-1.670375675275e-12
5.970000000000e-07	-1.064043664308e-12	6.558710945020e-12	-1.671199636007e-12
5.980000000000e-07	-1.532865155528e-12	6.694373828493e-12	-1.109066003375e-12
5.990000000000e-07	-8.385082152186e-13	7.182374665375e-12	-2.278970919811e-12
6.000000000000e-07	-1.413636353675e-12	6.811907992986e-12	-1.323345843729e-12
6.010000000000e-07	-7.659520354261e-13	5.423493105680e-12	-1.560028052466e-12
6.020000000000e-07	-1.704611868092e-12	7.526008466723e-12	-1.280081511285e-12
6.030000000000e-07	-8.654877621418e-13	8.087962345862e-12	-2.701845778375e-12
6.040000000000e-07	-8.218430647084e-13	7.631143279278e-12	-2.549982749993e-12
6.050000000000e-07	-1.539234928251e-12	8.340840186759e-12	-1.915238035051e-12
6.060000000000e-07	-1.867782573645e-12	8.574129237018e-12	-1.571282691668e-12
6.070000000000e-07	-1.597687054898e-12	7.711287122179e-12	-1.537285157776e-12
6.080000000000e-07	-1.349731761310e-12	9.087798427652e-12	-2.547302565745e-12
6.090000000000e-07	-2.040898519169e-12	9.552598420836e-12	-1.841213127924e-12
6.100000000000e-07	-1.434994485420e-12	9.093952953822e-12	-2.454769350269e-12
6.110000000000e-07	-1.364166724013e-12	8.613630621378e-12	-2.311040104250e-12
6.120000000000e-07	-1.970188018729e-12	8.917234586764e-12	-1.635703908230e-12
6.130000000000e-07	-1.517545097545e-12	9.372210801999e-12	-2.495983083959e-12
6.140000000000e-07	-2.104779182411e-12	1.012138867712e-11	-2.050463597524e-12
6.150000000000e-07	-1.497628113998e-12	1.038650106163e-11	-3.014782155969e-12
6.160000000000e-07	-2.297599273211e-12	1.064726630267e-11	-2.072340121561e-12
6.170000000000e-07	-1.898809947564e-12	1.057873862551e-11	-2.580438369920e-12
6.180000000000e-07	-1.873961244088e-12	1.143038270384e-11	-3.024174467144e-12
6.190000000000e-07	-1.855769398830e-12	1.132102993728e-11	-3.010488423310e-12
6.200000000000e-07	-2.088644285670e-12	1.164958375569e-11	-2.870973432620e-12
6.210000000000e-07	-2.194505993460e-12	1.129416667543e-11	-2.546728896786e-12
6.220000000000e-07	-1.568633618980e-12	1.201832304040e-11	-3.764208097979e-12
6.230000000000e-07	-1.988418114171e-12	1.277446240699e-11	-3.561446470936e-12
6.240000000000e-07	-1.400834228009e-12	1.076072232216e-11	-3.384287303459e-12
6.250000000000e-07	-1.371551476608e-12	1.166362967981e-11	-3.885932006458e-12
6.260000000000e-07	-2.824474137011e-12	1.294309223118e-11	-2.530849567016e-12
6.270000000000e-07	-2.337515374651e-12	1.352783992508e-11	-3.504652175350e-12
6.280000000000e-07	-3.123286432055e-12	1.393837211816e-11	-2.636408502656e-12
6.290000000000e-07	-1.828659363273e-12	1.304317744895e-11	-3.960513380570e-12
6.300000000000e-07	-1.940416762286e-12	1.461522135788e-11	-4.603769880553e-12
6.310000000000e-07	-3.410491445793e-12	1.598888461043e-11	-3.286740828547e-12
6.320000000000e-07	-1.730035607693e-12	1.415030986641e-11	-4.678912973826e-12
6.330000000000e-07	-2.138139490289e-12	1.401649125514e-11	-4.053034414891e-12
6.340000000000e-07	-2.142503441445e-12	1.668331554013e-11	-5.380948567592e-12
6.350000000000e-07	-3.549313532842e-12	1.624105789319e-11	-3.279369146838e-12
6.360000000000e-07	-3.908349122216e-12	1.583430644854e-11	-2.591808273867e-12
6.370000000000e-07	-1.714000266048e-12	1.470611113123e-11	-4.992096700300e-12
6.380000000000e-07	-3.276927470646e-12	1.675302481757e-11	-3.919321833322e-12
6.390000000000e-07	-2.649692562056e-12	1.742297244178e-11	-5.103533959884e-12
6.400000000000e-07	-2.672641270543e-12	1.694866621735e-11	-4.865225677580e-12
6.410000000000e-07	-3.521049996633e-12	1.609766305838e-11	-3.306653760152e-12
6.420000000000e-07	-4.163150869056e-12	1.761471056253e-11	-3.181169982798e-12
6.430000000000e-07	-3.186648757382e-12	1.936385944113e-11	-5.405796717465e-12
6.440000000000e-07	-3.231389676027e-12	1.934129232821e-11	-5.342600918892e-12
6.450000000000e-07	-1.981301680236e-12	1.677270157244e-11	-5.774150995583e-12
6.460000000000e-07	-3.287004397382e-12	2.016625128858e-11	-5.706383822699e-12
6.470000000000e-07	-2.044074269721e-12	1.680170930336e-11	-5.747459628132e-12
6.480000000000e-07	-2.842763990335e-12	1.895042122513e-11	-5.715936144700e-12
6.490000000000e-07	-3.049262842184e-12	2.059784113410e-11	-6.298235480707e-12
6.500000000000e-07	-4.723296187672e-12	2.120438595347e-11	-4.327097043425e-12
6.510000000000e-07	-2.873890969372e-12	1.977930685186e-11	-6.140270783486e-12
6.520000000000e-07	-3.532399425114e-12	2.015143905545e-11	-5.451197135391e-12
6.530000000000e-07	-3.712864865923e-12	2.091083958175e-11	-5.618969149653e-12
6.540000000000e-07	-2.613352062690e-12	2.020448038616e-11	-6.741549448310e-12
6.550000000000e-07	-4.105896885795e-12	2.210186369976e-11	-5.691178599574e-12
6.560000000000e-07	-3.988132487699e-12	2.074266955216e-11	-5.167911972797e-12
6.570000000000e-07	-3.932712091205e-12	2.172707189317e-11	-5.752874110575e-12
6.580000000000e-07	-3.642243161700e-12	2.271130741074e-11	-6.673156797131e-12
6.590000000000e-07	-4.056626057900e-12	2.391120232589e-11	-6.746414378706e-12
6.600000000000e-07	-3.785194635346e-12	2.305644327303e-11	-6.680456040707e-12
6.610000000000e-07	-3.378016890972e-12	2.168044973471e-11	-6.591239785111e-12
6.620000000000e-07	-4.064323404237e-12	2.168738076614e-11	-5.650819539884e-12
6.630000000000e-07	-4.149573406151e-12	2.399537755149e-11	-6.745466612781e-12
6.640000000000e-07	-3.919914772741e-12	2.499058113924e-11	-7.557291620125e-12
6.650000000000e-07	-3.275776649169e-12	2.291790674160e-11	-7.405622245972e-12
6.660000000000e-07	-3.985195649057e-12	2.588375107180e-11	-7.954419438078e-12
6.670000000000e-07	-3.918879140467e-12	2.332637617523e-11	-6.764968123534e-12
6.680000000000e-07	-4.992513180621e-12	2.468062199058e-11	-6.045561409604e-12
6.690000000000e-07	-2.441840908778e-12	2.395514870934e-11	-9.110978497116e-12
6.700000000000e-07	-4.476088880326e-12	2.523593023387e-11	-7.019314813735e-12
6.710000000000e-07	-4.809930437392e-12	2.532790630010e-11	-6.653673112356e-12
6.720000000000e-07	-4.569454419752e-12	2.567988948222e-11	-7.160123854379e-12
6.730000000000e-07	-4.960324929212e-12	2.683130303159e-11	-7.236181790799e-12
6.740000000000e-07	-3.992210120132e-12	2.573263413649e-11	-8.016442403997e-12
6.750000000000e-07	-4.154978620973e-12	2.579678373921e-11	-7.872259120157e-12
6.760000000000e-07	-4.029950214494e-12	2.682023129759e-11	-8.569029772988e-12
6.770000000000e-07	-4.587734766502e-12	2.932447549664e-11	-9.105308955024e-12
6.780000000000e-07	-4.898536895075e-12	2.514794055584e-11	-6.601696431078e-12
6.790000000000e-07	-3.684591416571e-12	2.743657465911e-11	-9.386313629790e-12
6.800000000000e-07	-5.276373295951e-12	2.753438455358e-11	-7.348566978206e-12
6.810000000000e-07	-4.497907722181e-12	2.977150119672e-11	-9.550707487894e-12
6.820000000000e-07	-4.596843807533e-12	2.725389719672e-11	-8.132901099797e-12
6.830000000000e-07	-4.526592786753e-12	2.916322162203e-11	-9.256220981003e-12
6.840000000000e-07	-4.457835052507e-12	2.847573182631e-11	-8.993058402812e-12
6.850000000000e-07	-4.392967086352e-12	2.942631376370e-11	-9.620764532989e-12
6.860000000000e-07	-3.722404021203e-12	2.854755748871e-11	-1.006290751049e-11
6.870000000000e-07	-5.250130182140e-12	2.844820924930e-11	-7.994180555610e-12
6.880000000000e-07	-6.202088659438e-12	3.253392157601e-11	-8.873956834413e-12
6.890000000000e-07	-5.154004237830e-12	3.201542704821e-11	-9.990479687130e-12
6.900000000000e-07	-4.974038724226e-12	2.961375763107e-11	-9.031051749680e-12
6.910000000000e-07	-6.385284814794e-12	3.248058349403e-11	-8.664959054430e-12
6.920000000000e-07	-4.223767503593e-12	2.835082562472e-11	-9.437287208212e-12
6.930000000000e-07	-4.709939699520e-12	2.808997141915e-11	-8.636544311688e-12
6.940000000000e-07	-5.497247276684e-12	3.376050370797e-11	-1.057835853215e-11
6.950000000000e-07	-4.859565929854e-12	3.113761831351e-11	-1.011401641458e-11
6.960000000000e-07	-5.073511917075e-12	3.292009554880e-11	-1.077294254068e-11
6.970000000000e-07	-5.455190474812e-12	3.245822074651e-11	-1.002788900197e-11
6.980000000000e-07	-4.964590430064e-12	3.052170328887e-11	-9.700986662077e-12
6.990000000000e-07	-4.939863638990e-12	3.317827944054e-11	-1.114383034335e-11
7.000000000000e-07	-5.343101657006e-12	3.253736410608e-11	-1.030686852944e-11
7.010000000000e-07	-4.960776923626e-12	3.172344505630e-11	-1.038322156478e-11
7.020000000000e-07	-5.357895751601e-12	3.078587511840e-11	-9.414846701543e-12
7.030000000000e-07	-5.229118726097e-12	3.167455915245e-11	-1.007005674407e-11
7.040000000000e-07	-5.359208307424e-12	3.429588559546e-11	-1.133903079104e-11
7.050000000000e-07	-6.286890456090e-12	3.272308462552e-11	-9.273822611241e-12
7.060000000000e-07	-6.442225990620e-12	3.163934299854e-11	-8.447463599051e-12
7.070000000000e-07	-6.041664547983e-12	3.344317527387e-11	-1.000046030513e-11
7.080000000000e-07	-4.433902345387e-12	3.528102427508e-11	-1.320541298593e-11
7.090000000000e-07	-5.950358784134e-12	3.070979093267e-11	-8.760287870118e-12
7.100000000000e-07	-4.893349215695e-12	3.560812125469e-11	-1.281009882685e-11
7.110000000000e-07	-6.166482387930e-12	3.499307911561e-11	-1.076721179496e-11
7.120000000000e-07	-6.850284448032e-12	3.618761092576e-11	-1.050979681474e-11
7.130000000000e-07	-2.933164590655e-12	3.080051424645e-11	-1.297507267156e-11
7.140000000000e-07	-4.411011851281e-12	3.172328011419e-11	-1.147668425140e-11
7.150000000000e-07	-8.019887483697e-12	3.436552274147e-11	-8.037153051336e-12
7.160000000000e-07	-5.001204380667e-12	3.643030523258e-11	-1.321239210274e-11
7.170000000000e-07	-5.730181556835e-12	3.382983625056e-11	-1.091422310539e-11
7.180000000000e-07	-5.555170171210e-12	3.425407764026e-11	-1.137728570658e-11
7.190000000000e-07	-7.047790011566e-12	3.548386981708e-11	-1.009597461364e-11
7.200000000000e-07	-1.395685714469e-12	3.002632999017e-11	-1.473811694048e-11
7.210000000000e-07	-8.205044726224e-12	3.537435297153e-11	-8.519488220449e-12
7.220000000000e-07	-5.214912774445e-12	3.616705015061e-11	-1.300652033347e-11
7.230000000000e-07	-5.541980854819e-12	3.193843637381e-11	-1.033766981270e-11
7.240000000000e-07	-5.900003665806e-12	3.251469744746e-11	-1.014718951625e-11
7.250000000000e-07	-5.021120987856e-12	3.753114556315e-11	-1.407933399637e-11
7.260000000000e-07	-6.226921564454e-12	3.585504939745e-11	-1.154599359990e-11
7.270000000000e-07	-3.950100257766e-12	3.178048313453e-11	-1.247532239351e-11
7.280000000000e-07	-3.902906513275e-12	3.448241374923e-11	-1.403692606575e-11
7.290000000000e-07	-7.874312116196e-12	3.764041499331e-11	-1.040832598633e-11
7.300000000000e-07	-5.830626963124e-12	3.569076045701e-11	-1.215238301807e-11
7.310000000000e-07	-5.300717841792e-12	3.524217756612e-11	-1.262096084055e-11
7.320000000000e-07	-6.220408962585e-12	3.284210630890e-11	-1.015353146693e-11
7.330000000000e-07	-5.691673826811e-12	3.422761371470e-11	-1.162946608847e-11
7.340000000000e-07	-4.814855354632e-12	3.461055306355e-11	-1.299891501515e-11
7.350000000000e-07	-6.323286715117e-12	3.440598855957e-11	-1.092307151429e-11
7.360000000000e-07	-5.493171718784e-12	3.397262451246e-11	-1.185058996466e-11
7.370000000000e-07	-6.204587153382e-12	3.560328543730e-11	-1.176592714772e-11
7.380000000000e-07	-4.609911372499e-12	3.376568502926e-11	-1.294629527681e-11
7.390000000000e-07	-6.100228450593e-12	3.622732032627e-11	-1.233777295592e-11
7.400000000000e-07	-3.964864183523e-12	3.083125136743e-11	-1.230850345508e-11
7.410000000000e-07	-5.846572038913e-12	3.189836029959e-11	-1.031990300965e-11
7.420000000000e-07	-5.947245265398e-12	3.357636334363e-11	-1.118169785937e-11
7.430000000000e-07	-7.993174410736e-12	3.196315990021e-11	-7.495910488605e-12
7.440000000000e-07	-6.413848326120e-12	3.508952756022e-11	-1.147112983414e-11
7.450000000000e-07	-6.038653531607e-12	3.413287312664e-11	-1.140015262057e-11
7.460000000000e-07	-5.716818451856e-12	3.304267569058e-11	-1.132105228204e-11
7.470000000000e-07	-2.470302355033e-12	3.432833570839e-11	-1.646197532939e-11
7.480000000000e-07	-6.718336983014e-12	3.143861404192e-11	-9.121854139194e-12
7.490000000000e-07	-6.451269135253e-12	3.555501993353e-11	-1.180959560975e-11
7.500000000000e-07	-4.637994871638e-12	3.185629305122e-11	-1.215689523695e-11
7.510000000000e-07	-6.440153870876e-12	3.286694370182e-11	-1.036736026523e-11
7.520000000000e-07	-3.390197314992e-12	3.373449398240e-11	-1.493238201218e-11
7.530000000000e-07	-7.800793394677e-12	3.512497226780e-11	-9.883992080440e-12
7.540000000000e-07	-4.297449887558e-12	3.442384290976e-11	-1.422948442691e-11
7.550000000000e-07	-6.492790323601e-12	3.269651674067e-11	-1.035506947779e-11
7.560000000000e-07	-6.074530599747e-12	3.289262769635e-11	-1.101406745592e-11
7.570000000000e-07	-3.968284200548e-12	2.953895081822e-11	-1.195897809483e-11
7.580000000000e-07	-6.449526125540e-12	3.288772780872e-11	-1.062326766031e-11
7.590000000000e-07	-5.149782558844e-12	3.252236852508e-11	-1.214466723842e-11
7.600000000000e-07	-4.939196641895e-12	3.114208027229e-11	-1.170913557407e-11
7.610000000000e-07	-4.793302897583e-12	3.202508958611e-11	-1.242937680288e-11
7.620000000000e-07	-6.374120917236e-12	3.106136598939e-11	-9.793374866074e-12
7.630000000000e-07	-4.744139935093e-12	3.202981302069e-11	-1.254242801334e-11
7.640000000000e-07	-8.321266418446e-12	3.517038512996e-11	-9.469630762823e-12
7.650000000000e-07	-4.131740547228e-12	3.116567269556e-11	-1.296747384830e-11
7.660000000000e-07	-5.491600507133e-12	3.468234830619e-11	-1.308945422398e-11
7.670000000000e-07	-6.010717809835e-12	3.356004780983e-11	-1.185774545097e-11
7.680000000000e-07	-2.796816864090e-12	2.909605168368e-11	-1.362291523969e-11
7.690000000000e-07	-5.771932194835e-12	3.095466497070e-11	-1.071104782902e-11
7.700000000000e-07	-3.951078468627e-12	2.880273947090e-11	-1.193219164504e-11
7.710000000000e-07	-6.440744302262e-12	2.856419122681e-11	-8.591184047307e-12
7.720000000000e-07	-4.489992590828e-12	2.857011239301e-11	-1.111068632813e-11
7.730000000000e-07	-6.094847339970e-12	2.798777012908e-11	-8.700398850031e-12
7.740000000000e-07	-3.824321396393e-12	3.225320274836e-11	-1.418832928014e-11
7.750000000000e-07	-3.079795988253e-12	2.607403470840e-11	-1.180429683996e-11
7.760000000000e-07	-6.113057071576e-12	2.700608702829e-11	-8.182019438193e-12
7.770000000000e-07	-5.834022170823e-12	3.364082359569e-11	-1.278868952148e-11
7.780000000000e-07	-4.201533036971e-12	2.487312063574e-11	-9.652448233641e-12
7.790000000000e-07	-6.219777051117e-12	3.234788268907e-11	-1.125045214605e-11
7.800000000000e-07	-7.375300742898e-12	2.691622917010e-11	-6.561207582723e-12
7.810000000000e-07	-1.449947853211e-12	2.099916044909e-11	-1.119961236426e-11
7.820000000000e-07	-4.665980654244e-12	2.919528918388e-11	-1.151151990854e-11
7.830000000000e-07	-6.821199684911e-12	3.074167451844e-11	-9.698430053056e-12
7.840000000000e-07	-3.409668390597e-12	2.667213842258e-11	-1.191394897201e-11
7.850000000000e-07	-2.905903238285e-12	2.454586414675e-11	-1.136049770371e-11
7.860000000000e-07	-5.229300615585e-12	2.549167694287e-11	-8.955146758089e-12
7.870000000000e-07	-3.199708900165e-12	2.980058257356e-11	-1.407499170871e-11
7.880000000000e-07	-5.063816851140e-12	2.586282025621e-11	-9.241402786886e-12
7.890000000000e-07	-4.306925296889e-12	2.376445772706e-11	-8.988208099352e-12
7.900000000000e-07	-5.235139679654e-12	2.736211523379e-11	-9.927473262042e-12
7.910000000000e-07	-6.754230798816e-12	2.492300565966e-11	-6.583787438393e-12
7.920000000000e-07	-3.062847728670e-12	2.351792983052e-11	-1.065254799920e-11
7.930000000000e-07	-3.327594815179e-12	2.723850660104e-11	-1.242180482225e-11
7.940000000000e-07	-5.706131090883e-12	2.244195693366e-11	-6.601300286132e-12
7.950000000000e-07	-2.496647348621e-12	2.580822721083e-11	-1.284828798659e-11
7.960000000000e-07	-3.184243094425e-12	2.519792207688e-11	-1.163908403924e-11
7.970000000000e-07	-3.691759080862e-12	2.355605591565e-11	-1.007087041941e-11
7.980000000000e-07	-4.954830777446e-12	2.378314760279e-11	-8.441644717905e-12
7.990000000000e-07	-3.294117194183e-12	2.314156221851e-11	-1.040066032175e-11
8.000000000000e-07	-5.906760468172e-12	2.263513648709e-11	-6.618804555339e-12
8.010000000000e-07	-2.517258005684e-12	2.514079916122e-11	-1.263893249152e-11
8.020000000000e-07	-4.924460744013e-12	2.256896999598e-11	-7.949417468728e-12
8.030000000000e-07	-6.173512965743e-12	2.553358598347e-11	-8.040209180558e-12
8.040000000000e-07	-3.487626912207e-12	2.069420615633e-11	-8.905434209172e-12
8.050000000000e-07	-3.414413127801e-12	2.095276850694e-11	-8.902513538954e-12
8.060000000000e-07	-5.084301181231e-12	1.995262498568e-11	-6.274014203782e-12
8.070000000000e-07	-2.470689764293e-12	2.170925483177e-11	-1.087291279112e-11
8.080000000000e-07	-3.387454783303e-12	2.001577386408e-11	-8.617069840221e-12
8.090000000000e-07	-4.534071946701e-12	2.057951374666e-11	-7.437664860366e-12
8.100000000000e-07	-1.873245562850e-12	1.950556606440e-11	-1.040666433306e-11
8.110000000000e-07	-4.634466166235e-12	1.960452074641e-11	-6.722616580317e-12
8.120000000000e-07	-5.623464852529e-12	2.372475148743e-11	-7.915239178508e-12
8.130000000000e-07	-1.712051160195e-12	1.825885724051e-11	-1.000387975804e-11
8.140000000000e-07	-5.876269022915e-12	2.115751402403e-11	-6.063798527127e-12
8.150000000000e-07	2.375049213595e-13	1.504890110300e-11	-1.063130493515e-11
8.160000000000e-07	-2.593000519830e-12	2.044688056679e-11	-1.011297206471e-11
8.170000000000e-07	-3.600369676657e-12	1.612779934617e-11	-6.295043440102e-12
8.180000000000e-07	-5.402520926478e-12	1.961138648483e-11	-5.874864265201e-12
8.190000000000e-07	-2.578598378283e-12	1.853042816038e-11	-9.057895483538e-12
8.200000000000e-07	-2.508541772515e-12	1.412324697873e-11	-6.634775002770e-12
8.210000000000e-07	-2.788553523862e-12	1.794788763977e-11	-8.541942266518e-12
8.220000000000e-07	-5.085534388299e-12	2.022348766019e-11	-6.720680594088e-12
8.230000000000e-07	-5.115908332296e-12	1.679909121172e-11	-4.787435413213e-12
8.240000000000e-07	-2.199481452197e-12	1.556197601867e-11	-7.935727773702e-12
8.250000000000e-07	8.245133681346e-13	9.534051114118e-12	-8.406262307276e-12
8.260000000000e-07	-3.987903609222e-12	1.923642363611e-11	-7.749499746436e-12
8.270000000000e-07	-2.933091028538e-12	1.339232775398e-11	-5.724415086093e-12
8.280000000000e-07	-3.844749106388e-12	1.796809949515e-11	-7.202955526320e-12
8.290000000000e-07	-1.587448672903e-12	1.123057807994e-11	-6.361404428132e-12
8.300000000000e-07	-3.914279576333e-12	1.317004290648e-11	-4.367772781770e-12
8.310000000000e-07	-5.856585610257e-12	1.582539216244e-11	-3.284817130352e-12
8.320000000000e-07	-6.335644317718e-13	1.629032055590e-11	-1.063804700218e-11
8.330000000000e-07	-3.160587164684e-12	1.576088634499e-11	-6.964144554038e-12
8.340000000000e-07	5.487094392052e-13	1.010565828885e-11	-8.534052673611e-12
8.350000000000e-07	-2.184749587836e-12	1.435344356592e-11	-7.443009078699e-12
8.360000000000e-07	-1.984594617927e-12	9.508919615698e-12	-4.869682416749e-12
8.370000000000e-07	6.170587234794e-13	1.118332700316e-11	-9.363119985277e-12
8.380000000000e-07	-4.717969062642e-12	1.125204664157e-11	-2.216396178256e-12
8.390000000000e-07	-1.122674726157e-12	8.902709925403e-12	-5.656889009088e-12
8.400000000000e-07	-1.369973347769e-12	9.848213837942e-12	-5.931112622546e-12
8.410000000000e-07	-2.865161904890e-12	1.260500617634e-11	-5.550921741007e-12
8.420000000000e-07	6.370974739734e-14	7.693225786254e-12	-6.650119128357e-12
8.430000000000e-07	-4.574493668096e-12	1.293628698087e-11	-3.441276352636e-12
8.440000000000e-07	-2.667174837002e-12	6.669502766890e-12	-2.312724166132e-12
8.450000000000e-07	3.620245273690e-13	5.900457560651e-12	-5.950244080170e-12
8.460000000000e-07	5.944634226538e-13	8.353595229419e-12	-7.768780363127e-12
