-4.425000000000e-06	0.000000000000e+00	0.000000000000e+00	0.000000000000e+00
-4.424000000000e-06	0.000000000000e+00	0.000000000000e+00	0.000000000000e+00
-4.423000000000e-06	0.000000000000e+00	0.000000000000e+00	0.000000000000e+00
-4.422000000000e-06	0.000000000000e+00	0.000000000000e+00	0.000000000000e+00
-4.421000000000e-06	0.000000000000e+00	0.000000000000e+00	0.000000000000e+00
-4.420000000000e-06	0.000000000000e+00	0.000000000000e+00	0.000000000000e+00
-4.419000000000e-06	0.000000000000e+00	0.000000000000e+00	0.000000000000e+00
-4.418000000000e-06	0.000000000000e+00	0.000000000000e+00	0.000000000000e+00
-4.417000000000e-06	0.000000000000e+00	0.000000000000e+00	0.000000000000e+00
-4.416000000000e-06	0.000000000000e+00	0.000000000000e+00	0.000000000000e+00
-4.415000000000e-06	0.000000000000e+00	0.000000000000e+00	0.000000000000e+00
-4.414000000000e-06	0.000000000000e+00	0.000000000000e+00	0.000000000000e+00
-4.413000000000e-06	0.000000000000e+00	0.000000000000e+00	0.000000000000e+00
-4.412000000000e-06	0.000000000000e+00	0.000000000000e+00	0.000000000000e+00
-4.411000000000e-06	0.000000000000e+00	0.000000000000e+00	0.000000000000e+00
-4.410000000000e-06	0.000000000000e+00	0.000000000000e+00	0.000000000000e+00
-4.409000000000e-06	0.000000000000e+00	0.000000000000e+00	0.000000000000e+00
-4.408000000000e-06	0.000000000000e+00	0.000000000000e+00	0.000000000000e+00
-4.407000000000e-06	0.000000000000e+00	0.000000000000e+00	0.000000000000e+00
-4.406000000000e-06	0.000000000000e+00	0.000000000000e+00	0.000000000000e+00
-4.405000000000e-06	0.000000000000e+00	0.000000000000e+00	0.000000000000e+00
-4.404000000000e-06	0.000000000000e+00	0.000000000000e+00	0.000000000000e+00
-4.403000000000e-06	0.000000000000e+00	0.000000000000e+00	0.000000000000e+00
-4.402000000000e-06	0.000000000000e+00	0.000000000000e+00	0.000000000000e+00
-4.401000000000e-06	0.000000000000e+00	0.000000000000e+00	0.000000000000e+00
-4.400000000000e-06	0.000000000000e+00	0.000000000000e+00	0.000000000000e+00
-4.399000000000e-06	0.000000000000e+00	0.000000000000e+00	0.000000000000e+00
-4.398000000000e-06	0.000000000000e+00	0.000000000000e+00	0.000000000000e+00
-4.397000000000e-06	0.000000000000e+00	0.000000000000e+00	0.000000000000e+00
-4.396000000000e-06	0.000000000000e+00	0.000000000000e+00	0.000000000000e+00
-4.395000000000e-06	0.000000000000e+00	0.000000000000e+00	0.000000000000e+00
-4.394000000000e-06	0.000000000000e+00	0.000000000000e+00	0.000000000000e+00
-4.393000000000e-06	0.000000000000e+00	0.000000000000e+00	0.000000000000e+00
-4.392000000000e-06	0.000000000000e+00	0.000000000000e+00	0.000000000000e+00
-4.391000000000e-06	0.000000000000e+00	0.000000000000e+00	0.000000000000e+00
-4.390000000000e-06	0.000000000000e+00	0.000000000000e+00	0.000000000000e+00
-4.389000000000e-06	0.000000000000e+00	0.000000000000e+00	0.000000000000e+00
-4.388000000000e-06	0.000000000000e+00	0.000000000000e+00	0.000000000000e+00
-4.387000000000e-06	0.000000000000e+00	0.000000000000e+00	0.000000000000e+00
-4.386000000000e-06	0.000000000000e+00	0.000000000000e+00	0.000000000000e+00
-4.385000000000e-06	0.000000000000e+00	0.000000000000e+00	0.000000000000e+00
-4.384000000000e-06	0.000000000000e+00	0.000000000000e+00	0.000000000000e+00
-4.383000000000e-06	0.000000000000e+00	0.000000000000e+00	0.000000000000e+00
-4.382000000000e-06	0.000000000000e+00	0.000000000000e+00	0.000000000000e+00
-4.381000000000e-06	0.000000000000e+00	0.000000000000e+00	0.000000000000e+00
-4.380000000000e-06	0.000000000000e+00	0.000000000000e+00	0.000000000000e+00
-4.379000000000e-06	0.000000000000e+00	0.000000000000e+00	0.000000000000e+00
-4.378000000000e-06	0.000000000000e+00	0.000000000000e+00	0.000000000000e+00
-4.377000000000e-06	0.000000000000e+00	0.000000000000e+00	0.000000000000e+00
-4.376000000000e-06	0.000000000000e+00	0.000000000000e+00	0.000000000000e+00
-4.375000000000e-06	0.000000000000e+00	0.000000000000e+00	0.000000000000e+00
-4.374000000000e-06	0.000000000000e+00	0.000000000000e+00	0.000000000000e+00
-4.373000000000e-06	0.000000000000e+00	0.000000000000e+00	0.000000000000e+00
-4.372000000000e-06	0.000000000000e+00	0.000000000000e+00	0.000000000000e+00
-4.371000000000e-06	0.000000000000e+00	0.000000000000e+00	0.000000000000e+00
-4.370000000000e-06	0.000000000000e+00	0.000000000000e+00	0.000000000000e+00
-4.369000000000e-06	0.000000000000e+00	0.000000000000e+00	0.000000000000e+00
-4.368000000000e-06	0.000000000000e+00	0.000000000000e+00	0.000000000000e+00
-4.367000000000e-06	0.000000000000e+00	0.000000000000e+00	0.000000000000e+00
-4.366000000000e-06	0.000000000000e+00	0.000000000000e+00	0.000000000000e+00
-4.365000000000e-06	0.000000000000e+00	0.000000000000e+00	0.000000000000e+00
-4.364000000000e-06	0.000000000000e+00	0.000000000000e+00	0.000000000000e+00
-4.363000000000e-06	2.177563348577e-17	4.084096201529e-17	-4.221930399764e-17
-4.362000000000e-06	1.404252878690e-15	3.267088841240e-15	-2.894417345422e-15
-4.361000000000e-06	-2.838514393295e-15	4.356223545311e-15	2.451338406690e-15
-4.360000000000e-06	2.259555524074e-16	4.683994436947e-15	-1.722406051522e-15
-4.359000000000e-06	-5.736192439762e-16	-1.143843248468e-15	1.111974446256e-15
-4.358000000000e-06	1.585555345755e-15	8.341112412970e-16	-2.383813787409e-15
-4.357000000000e-06	-1.218421933159e-15	-1.328502768352e-15	2.040344526389e-15
-4.356000000000e-06	-3.207090849210e-15	1.869657538973e-15	3.743951787052e-15
-4.355000000000e-06	-7.299716164118e-15	2.030640326289e-14	3.518065902363e-15
-4.354000000000e-06	-2.460510747956e-16	1.555638602526e-14	-4.489050663464e-15
-4.353000000000e-06	-3.818995316234e-16	8.792012689627e-15	-2.120667097611e-15
-4.352000000000e-06	-2.159139460638e-14	7.190440269253e-14	6.911397311776e-15
-4.351000000000e-06	2.020265736614e-14	3.092456235620e-14	-3.634663966431e-14
-4.350000000000e-06	-4.032797763442e-14	4.013591644792e-14	4.123144317629e-14
-4.349000000000e-06	-1.063390056022e-14	1.239600058582e-13	-2.298859674607e-14
-4.348000000000e-06	-1.621114607221e-15	1.101580679611e-13	-3.069793932490e-14
-4.347000000000e-06	-2.093023803348e-14	1.367035870786e-13	-1.287695246669e-14
-4.346000000000e-06	-8.934741758431e-14	1.958233027178e-13	5.980507420814e-14
-4.345000000000e-06	-6.009107573491e-14	1.970362589531e-13	2.083813019453e-14
-4.344000000000e-06	-5.224120119639e-14	2.461072906160e-13	-4.331182923609e-15
-4.343000000000e-06	-1.028813095494e-13	3.990898875074e-13	1.762648164268e-14
-4.342000000000e-06	-1.543848362069e-13	5.103278246996e-13	5.264731370527e-14
-4.341000000000e-06	-1.297724720547e-13	3.953005970636e-13	5.399641854946e-14
-4.340000000000e-06	-1.645169078240e-13	5.792650580149e-13	4.719988838257e-14
-4.339000000000e-06	-1.923155361193e-13	9.478390267032e-13	-2.581403586931e-14
-4.338000000000e-06	-2.941188192735e-13	8.814145739631e-13	1.292084389780e-13
-4.337000000000e-06	-2.767692146143e-13	1.150581358319e-12	2.679139212041e-14
-4.336000000000e-06	-1.497408474394e-13	1.543718784644e-12	-2.536949607970e-13
-4.335000000000e-06	-4.016336458400e-13	1.895132298818e-12	-2.620157921967e-14
-4.334000000000e-06	-2.997773037852e-13	1.972554083359e-12	-1.768517105610e-13
-4.333000000000e-06	-7.860258707956e-13	2.804697126654e-12	2.166170766464e-13
-4.332000000000e-06	-8.023878286307e-13	2.754038800581e-12	2.528831761553e-13
-4.331000000000e-06	-6.524343774932e-13	3.768791746939e-12	-2.364850795271e-13
-4.330000000000e-06	-6.078616465388e-13	4.390948064091e-12	-4.717392170050e-13
-4.329000000000e-06	-8.834044725608e-13	4.794958151996e-12	-2.195180058066e-13
-4.328000000000e-06	-1.393072689614e-12	5.256681658567e-12	3.141672835666e-13
-4.327000000000e-06	-1.065646993606e-12	7.104622723885e-12	-6.367048850987e-13
-4.326000000000e-06	-1.386886422979e-12	6.971088242181e-12	-1.838286904849e-13
-4.325000000000e-06	-1.784517414785e-12	8.586543613107e-12	-1.137768733610e-13
-4.324000000000e-06	-1.871510743965e-12	1.039175004255e-11	-5.136169572270e-13
-4.323000000000e-06	-2.353849970756e-12	1.130730257783e-11	-1.298874344350e-13
-4.322000000000e-06	-2.932651942250e-12	1.363753455815e-11	-3.146130484377e-14
-4.321000000000e-06	-3.013198406863e-12	1.442303936291e-11	-1.517998006513e-13
-4.320000000000e-06	-3.398053393051e-12	1.547591270482e-11	4.891629240068e-14
-4.319000000000e-06	-3.516432165938e-12	1.918457678560e-11	-8.230062384328e-13
-4.318000000000e-06	-3.861295909411e-12	2.024477543435e-11	-6.544280714760e-13
-4.317000000000e-06	-4.606144255348e-12	2.255001759357e-11	-3.257061543721e-13
-4.316000000000e-06	-5.097033575385e-12	2.608743667582e-11	-6.571444599457e-13
-4.315000000000e-06	-5.347287696775e-12	2.810763265010e-11	-8.660390688715e-13
-4.314000000000e-06	-6.351295113494e-12	2.958447442539e-11	1.079691079590e-14
-4.313000000000e-06	-5.830515721917e-12	3.556609853793e-11	-2.288880524311e-12
-4.312000000000e-06	-6.491578903974e-12	3.444648744875e-11	-1.139563111859e-12
-4.311000000000e-06	-7.359500169001e-12	4.279050236377e-11	-2.264012984648e-12
-4.310000000000e-06	-6.408323857721e-12	4.319977640787e-11	-3.563071652528e-12
-4.309000000000e-06	-9.017300459097e-12	4.564286749855e-11	-8.693927231241e-13
-4.308000000000e-06	-1.041431321134e-11	5.175932057571e-11	-6.830758598436e-13
-4.307000000000e-06	-8.123415842995e-12	5.422820953108e-11	-4.281981074457e-12
-4.306000000000e-06	-9.880430304660e-12	5.904329373085e-11	-3.296525280930e-12
-4.305000000000e-06	-1.224374576048e-11	6.530821076142e-11	-1.884090395520e-12
-4.304000000000e-06	-1.130722683509e-11	6.638479897629e-11	-3.356142713471e-12
-4.303000000000e-06	-1.155718241849e-11	6.825989822091e-11	-3.472154062941e-12
-4.302000000000e-06	-1.326983706338e-11	7.125130128355e-11	-2.037958709098e-12
-4.301000000000e-06	-1.277800815146e-11	7.881288037902e-11	-4.642746558148e-12
-4.300000000000e-06	-1.215593536823e-11	8.162005967511e-11	-6.095466502499e-12
-4.299000000000e-06	-1.439998236706e-11	8.938607068060e-11	-5.272183152814e-12
-4.298000000000e-06	-1.326702170413e-11	9.156117592452e-11	-7.191134320766e-12
-4.297000000000e-06	-1.394260166896e-11	9.467322470836e-11	-7.081958883893e-12
-4.296000000000e-06	-1.363053476535e-11	9.869073173729e-11	-8.471450121606e-12
-4.295000000000e-06	-1.417383300579e-11	1.000563491404e-10	-8.044067666686e-12
-4.294000000000e-06	-1.629436341308e-11	1.037925047283e-10	-6.325399154534e-12
-4.293000000000e-06	-1.708205613840e-11	1.075098299117e-10	-6.166015657227e-12
-4.292000000000e-06	-1.673683871895e-11	1.158793808434e-10	-8.727145682887e-12
-4.291000000000e-06	-1.782702065968e-11	1.157238601960e-10	-7.199410681244e-12
-4.290000000000e-06	-1.591639115247e-11	1.199111659900e-10	-1.060965427506e-11
-4.289000000000e-06	-1.845379381512e-11	1.165810918540e-10	-6.479017417691e-12
-4.288000000000e-06	-2.013526711656e-11	1.277017706444e-10	-7.158477808224e-12
-4.287000000000e-06	-1.792556028785e-11	1.281465683492e-10	-9.918249733955e-12
-4.286000000000e-06	-1.789547978596e-11	1.340085967837e-10	-1.140170915803e-11
-4.285000000000e-06	-1.392350079160e-11	1.350768903126e-10	-1.648987611404e-11
-4.284000000000e-06	-2.399246810434e-11	1.441798598539e-10	-6.102461671662e-12
-4.283000000000e-06	-1.813783554803e-11	1.384411732486e-10	-1.188380719182e-11
-4.282000000000e-06	-1.643577195071e-11	1.422536205793e-10	-1.485744886049e-11
-4.281000000000e-06	-1.915532938241e-11	1.424022466028e-10	-1.143295726869e-11
-4.280000000000e-06	-1.515321044659e-11	1.476587374991e-10	-1.760408878072e-11
-4.279000000000e-06	-1.653539073282e-11	1.463600136835e-10	-1.546819367335e-11
-4.278000000000e-06	-1.893110511723e-11	1.473519820612e-10	-1.258646549404e-11
-4.277000000000e-06	-2.162899364962e-11	1.548078236993e-10	-1.090803011446e-11
-4.276000000000e-06	-1.799407886681e-11	1.477160328983e-10	-1.361895735581e-11
-4.275000000000e-06	-1.682717691041e-11	1.530549284058e-10	-1.621810894595e-11
-4.274000000000e-06	-1.415109072075e-11	1.534260178483e-10	-1.965422976453e-11
-4.273000000000e-06	-1.874707119023e-11	1.606797127424e-10	-1.553739821574e-11
-4.272000000000e-06	-1.511061978179e-11	1.485318203971e-10	-1.694050452824e-11
-4.271000000000e-06	-1.505335967532e-11	1.572214701192e-10	-1.901016278496e-11
-4.270000000000e-06	-1.429782672989e-11	1.491601164748e-10	-1.786798211008e-11
-4.269000000000e-06	-1.605539351069e-11	1.576620379424e-10	-1.763006291726e-11
-4.268000000000e-06	-1.583935588306e-11	1.523945667891e-10	-1.646712847494e-11
-4.267000000000e-06	-1.567471320180e-11	1.522621346860e-10	-1.652908096302e-11
-4.266000000000e-06	-1.297973123444e-11	1.542476671837e-10	-2.025335348653e-11
-4.265000000000e-06	-1.373619478931e-11	1.545459556451e-10	-1.913435148800e-11
-4.264000000000e-06	-1.506759648887e-11	1.478947109113e-10	-1.588719009137e-11
-4.263000000000e-06	-1.480782806986e-11	1.462057960824e-10	-1.559665886256e-11
-4.262000000000e-06	-1.759368362266e-11	1.458639391431e-10	-1.201559312017e-11
-4.261000000000e-06	-1.013171422093e-11	1.477839117993e-10	-2.151096300358e-11
-4.260000000000e-06	-9.826051571256e-12	1.386361621897e-10	-1.962350605239e-11
-4.259000000000e-06	-9.367847817796e-12	1.516548453592e-10	-2.308941564709e-11
-4.258000000000e-06	-1.056712955176e-11	1.456128041271e-10	-2.007366458725e-11
-4.257000000000e-06	-6.116814498765e-12	1.379052253962e-10	-2.363473944671e-11
-4.256000000000e-06	-4.164830796209e-12	1.327606020623e-10	-2.458757230075e-11
-4.255000000000e-06	-1.442744127463e-11	1.360994841578e-10	-1.291257809778e-11
-4.254000000000e-06	-5.983423582048e-12	1.356690999433e-10	-2.288097422508e-11
-4.253000000000e-06	-3.004164890347e-12	1.242862203303e-10	-2.365841167321e-11
-4.252000000000e-06	-1.112820559348e-11	1.272051729792e-10	-1.440825238892e-11
-4.251000000000e-06	-6.623440035557e-12	1.320097067833e-10	-2.081443601153e-11
-4.250000000000e-06	-8.549391013521e-12	1.162277835706e-10	-1.479564970517e-11
-4.249000000000e-06	-9.932306109456e-13	1.185922053564e-10	-2.427358458686e-11
-4.248000000000e-06	3.787473083624e-12	1.153185145668e-10	-2.925228522475e-11
-4.247000000000e-06	-4.908169348208e-12	1.194737409915e-10	-1.949492232649e-11
-4.246000000000e-06	-7.455962897770e-12	1.138087815558e-10	-1.503704655245e-11
-4.245000000000e-06	5.851872408100e-12	1.046233184633e-10	-2.891945121617e-11
-4.244000000000e-06	8.771893682232e-13	1.071836218791e-10	-2.341663729553e-11
-4.243000000000e-06	-8.514514910578e-13	9.278955015503e-11	-1.796345460625e-11
-4.242000000000e-06	4.654983419508e-12	1.052331779612e-10	-2.723579824347e-11
-4.241000000000e-06	9.549801083803e-13	9.289539834580e-11	-1.999660377242e-11
-4.240000000000e-06	6.857225285822e-12	9.378732057924e-11	-2.718658601692e-11
-4.239000000000e-06	5.672627096186e-12	9.165131208638e-11	-2.509777687235e-11
-4.238000000000e-06	4.067448339943e-12	8.462534722137e-11	-2.141849020545e-11
-4.237000000000e-06	4.891309215514e-12	6.823948265612e-11	-1.877156519311e-11
-4.236000000000e-06	6.510796913865e-12	8.922013929750e-11	-2.525997201099e-11
-4.235000000000e-06	1.821859010799e-12	7.480229874638e-11	-1.627155376577e-11
-4.234000000000e-06	1.165430052894e-12	7.695932335573e-11	-1.589470642760e-11
-4.233000000000e-06	8.088130206540e-12	7.582593346881e-11	-2.363950138028e-11
-4.232000000000e-06	7.183991120582e-12	7.395206661506e-11	-2.225161110926e-11
-4.231000000000e-06	4.053208891158e-12	5.459582533462e-11	-1.406193862181e-11
-4.230000000000e-06	1.117308558988e-11	6.827397471421e-11	-2.554859324562e-11
-4.229000000000e-06	7.549945478465e-12	5.934162472099e-11	-1.920757773450e-11
-4.228000000000e-06	9.499073552250e-12	5.853706265576e-11	-2.118337828421e-11
-4.227000000000e-06	1.406748120372e-11	5.416021105960e-11	-2.556436886445e-11
-4.226000000000e-06	8.216575872820e-12	4.737334470355e-11	-1.703364320429e-11
-4.225000000000e-06	1.520032366175e-11	5.232031673104e-11	-2.620424662842e-11
-4.224000000000e-06	2.824410349377e-12	3.983066607663e-11	-8.831007001609e-12
-4.223000000000e-06	5.283052975161e-12	5.267890962631e-11	-1.437275864848e-11
-4.222000000000e-06	7.704033643952e-12	3.961601954065e-11	-1.441419420856e-11
-4.221000000000e-06	1.553905643245e-11	3.104025959751e-11	-2.192135749064e-11
-4.220000000000e-06	1.641797910307e-11	3.319126619600e-11	-2.315480613046e-11
-4.219000000000e-06	6.909528512155e-12	3.142474073487e-11	-1.156622006306e-11
-4.218000000000e-06	7.165074776349e-12	2.984540327886e-11	-1.153076246558e-11
-4.217000000000e-06	1.408940806656e-11	2.705728118690e-11	-1.885837030048e-11
-4.216000000000e-06	1.701279934295e-11	2.144960722894e-11	-2.096384483134e-11
-4.215000000000e-06	6.466623403649e-12	1.654996871316e-11	-7.483829885620e-12
-4.214000000000e-06	1.501132012327e-11	1.836660308240e-11	-1.791289095322e-11
-4.213000000000e-06	1.186754190944e-11	1.302790928107e-11	-1.296858553466e-11
-4.212000000000e-06	1.071478777216e-11	9.568283691743e-12	-1.069079012295e-11
-4.211000000000e-06	1.054011058940e-11	-1.225653709214e-12	-8.347547051379e-12
-4.210000000000e-06	1.724138851315e-11	9.692294647890e-12	-1.844917442131e-11
-4.209000000000e-06	9.899800423620e-12	6.607470063682e-12	-9.155718323941e-12
-4.208000000000e-06	1.739511211470e-11	-6.659192552092e-12	-1.509548885910e-11
-4.207000000000e-06	8.146466265588e-12	1.593120527118e-12	-5.922934132234e-12
-4.206000000000e-06	1.005226209202e-11	-3.198500320023e-12	-7.213878130929e-12
-4.205000000000e-06	9.322226140942e-12	-1.304121256903e-12	-6.443798059814e-12
-4.204000000000e-06	1.418444723820e-11	-1.309697497475e-11	-9.656899048911e-12
-4.203000000000e-06	1.593364680738e-11	-4.794352792119e-12	-1.341811149551e-11
-4.202000000000e-06	7.494018306872e-12	-1.138946935866e-11	-2.321836481967e-12
-4.201000000000e-06	9.323601055518e-12	-1.599438289808e-11	-3.400483233047e-12
-4.200000000000e-06	1.542627849219e-11	-7.197658198003e-12	-1.212955561159e-11
-4.199000000000e-06	1.675778205081e-11	-1.797788372858e-11	-1.149912373893e-11
-4.198000000000e-06	8.131025785079e-12	-1.689623947310e-11	-1.774545502424e-12
-4.197000000000e-06	9.953484745959e-12	-9.997776327599e-12	-4.895190410985e-12
-4.196000000000e-06	1.293351271094e-11	-2.466973219471e-11	-5.651610838026e-12
-4.195000000000e-06	5.641573553568e-12	-1.739527686421e-11	1.419482753196e-12
-4.194000000000e-06	1.218383751781e-11	-2.286899495353e-11	-4.944590163000e-12
-4.193000000000e-06	1.441984873027e-11	-3.660705997698e-11	-4.851161025095e-12
-4.192000000000e-06	1.082342625647e-11	-2.290631052896e-11	-3.637087532767e-12
-4.191000000000e-06	1.259838245043e-11	-2.473867423766e-11	-4.950495959296e-12
-4.190000000000e-06	1.517617771366e-11	-2.324268570512e-11	-8.225536511251e-12
-4.189000000000e-06	9.025440840911e-12	-3.013604377640e-11	5.170757622456e-13
-4.188000000000e-06	6.925710296302e-12	-3.436517765826e-11	3.477955708214e-12
-4.187000000000e-06	1.601367351313e-11	-3.322923862562e-11	-7.240636999905e-12
-4.186000000000e-06	3.003524125299e-12	-3.857766182938e-11	8.916342251096e-12
-4.185000000000e-06	9.127748411705e-12	-3.771333882834e-11	1.813930657532e-12
-4.184000000000e-06	1.292410838348e-11	-4.189462252508e-11	-1.940265447064e-12
-4.183000000000e-06	1.274230663520e-11	-3.261906975096e-11	-3.385767416070e-12
-4.182000000000e-06	7.314960475197e-12	-3.420570631179e-11	3.098428127019e-12
-4.181000000000e-06	8.020457780507e-12	-4.252631885612e-11	4.098112006141e-12
-4.180000000000e-06	3.901823439216e-12	-3.115851665783e-11	6.555637896434e-12
-4.179000000000e-06	9.759210064448e-12	-4.347437898475e-11	2.066707913867e-12
-4.178000000000e-06	1.101807338104e-11	-4.301947448063e-11	9.522447914226e-13
-4.177000000000e-06	7.464158264951e-12	-4.964886166960e-11	5.860051827432e-12
-4.176000000000e-06	1.329513288043e-11	-4.210336603633e-11	-2.293010930127e-12
-4.175000000000e-06	4.884010898944e-12	-4.558200689130e-11	8.176908752668e-12
-4.174000000000e-06	1.424553719818e-11	-3.878133537987e-11	-3.606854303107e-12
-4.173000000000e-06	4.365226043337e-12	-5.016997667837e-11	9.650398537370e-12
-4.172000000000e-06	2.718073632122e-12	-5.488321191150e-11	1.221001880847e-11
-4.171000000000e-06	1.345450163213e-11	-4.902476216059e-11	-8.676935359187e-13
-4.170000000000e-06	1.286940085928e-11	-4.415063880590e-11	-1.305158561412e-12
-4.169000000000e-06	7.428524133788e-12	-5.094702575768e-11	6.430834982427e-12
-4.168000000000e-06	9.842850409800e-12	-4.462368459859e-11	2.630020895083e-12
-4.167000000000e-06	5.262084564141e-13	-4.613669561537e-11	1.316641931632e-11
-4.166000000000e-06	1.046778188143e-11	-5.783068085426e-11	3.930712079610e-12
-4.165000000000e-06	1.155343335651e-12	-6.483670514812e-11	1.606160695990e-11
-4.164000000000e-06	8.660285061367e-12	-4.506206335609e-11	3.750955735632e-12
-4.163000000000e-06	7.422888093277e-12	-6.263833246794e-11	8.047869730668e-12
-4.162000000000e-06	7.516214253455e-14	-5.188955714844e-11	1.486761434411e-11
-4.161000000000e-06	5.288645108954e-12	-5.563992788947e-11	9.524340224918e-12
-4.160000000000e-06	1.300081360168e-12	-4.628124969592e-11	1.240712199142e-11
-4.159000000000e-06	1.027327817421e-11	-5.797524923500e-11	4.175392687962e-12
-4.158000000000e-06	9.652222323401e-12	-5.909462111952e-11	5.001368954925e-12
-4.157000000000e-06	8.000047558841e-12	-5.344165244458e-11	6.172427886094e-12
-4.156000000000e-06	1.773835646728e-12	-5.449122705034e-11	1.300760647585e-11
-4.155000000000e-06	5.956491764350e-12	-5.248337815055e-11	8.291871272303e-12
-4.154000000000e-06	5.996672366017e-12	-6.227811611231e-11	9.641482312321e-12
-4.153000000000e-06	5.968260519033e-12	-5.437762478580e-11	8.332145228353e-12
-4.152000000000e-06	4.456706430404e-12	-5.722377832864e-11	1.044174120429e-11
-4.151000000000e-06	3.500054213985e-12	-5.667886860208e-11	1.156149164300e-11
-4.150000000000e-06	2.797635831074e-12	-5.308279702047e-11	1.159986965152e-11
-4.149000000000e-06	4.241199835013e-12	-6.188152862723e-11	1.142452316327e-11
-4.148000000000e-06	2.690277617444e-12	-5.770997471690e-11	1.251737811292e-11
-4.147000000000e-06	2.722919290185e-12	-5.106040241394e-11	1.109312032413e-11
-4.146000000000e-06	8.417425322389e-12	-5.299677873579e-11	5.475089075406e-12
-4.145000000000e-06	1.616378197284e-12	-5.914913596139e-11	1.380330467236e-11
-4.144000000000e-06	6.559985937237e-12	-5.583648154782e-11	7.800358888116e-12
-4.143000000000e-06	-2.236707375326e-12	-6.020205116862e-11	1.829692250416e-11
-4.142000000000e-06	5.026341407187e-12	-5.882099617168e-11	1.006350169905e-11
-4.141000000000e-06	2.505703588650e-12	-5.397162435071e-11	1.183190359723e-11
-4.140000000000e-06	3.568404579241e-12	-5.924151248668e-11	1.143578859847e-11
-4.139000000000e-06	1.817847646814e-12	-6.468873941969e-11	1.422811950889e-11
-4.138000000000e-06	6.815527600084e-12	-5.917236025182e-11	7.771527893513e-12
-4.137000000000e-06	6.315671067208e-12	-5.767876715130e-11	8.224184261258e-12
-4.136000000000e-06	1.337277639179e-12	-5.282684230481e-11	1.290955898715e-11
-4.135000000000e-06	8.595727374080e-12	-5.714797781504e-11	5.681513702428e-12
-4.134000000000e-06	3.900676718879e-12	-5.391663854055e-11	9.991091769604e-12
-4.133000000000e-06	-1.450758159279e-12	-6.729017479778e-11	1.819431839026e-11
-4.132000000000e-06	2.995877095732e-12	-5.765126409461e-11	1.131411795282e-11
-4.131000000000e-06	7.066102323743e-13	-5.406991628688e-11	1.384420425309e-11
-4.130000000000e-06	7.616681700708e-13	-5.298345489821e-11	1.321812529581e-11
-4.129000000000e-06	3.415685175859e-12	-5.748739156821e-11	1.106142723395e-11
-4.128000000000e-06	1.112918374683e-12	-6.001493209039e-11	1.411982774536e-11
-4.127000000000e-06	1.239154410246e-12	-5.531145350817e-11	1.282533996332e-11
-4.126000000000e-06	8.570902436682e-12	-5.240938111771e-11	4.482621604723e-12
-4.125000000000e-06	9.656906352420e-13	-5.606815035990e-11	1.338342826896e-11
-4.124000000000e-06	3.458697452981e-12	-5.487555529752e-11	1.014820078328e-11
-4.123000000000e-06	6.321068590236e-12	-5.416413730020e-11	7.156461409738e-12
-4.122000000000e-06	-1.526908989135e-12	-4.931840978903e-11	1.493574117088e-11
-4.121000000000e-06	1.044677353710e-11	-5.796119404075e-11	3.134885851992e-12
-4.120000000000e-06	1.158318868205e-12	-5.919031240084e-11	1.334716959441e-11
-4.119000000000e-06	1.199023177691e-12	-6.036384134008e-11	1.346316881824e-11
-4.118000000000e-06	1.304675520623e-12	-4.858851908780e-11	1.153088037846e-11
-4.117000000000e-06	1.901736168428e-12	-5.476550905116e-11	1.164550414181e-11
-4.116000000000e-06	-5.171627371291e-12	-5.282893023388e-11	1.931586473669e-11
-4.115000000000e-06	2.713629586622e-12	-5.664024413300e-11	1.136420734434e-11
-4.114000000000e-06	1.564888423784e-12	-5.378950230968e-11	1.184620121201e-11
-4.113000000000e-06	6.703940297221e-12	-5.237809823676e-11	5.930924609967e-12
-4.112000000000e-06	-1.894124393881e-12	-5.028058782587e-11	1.470695236608e-11
-4.111000000000e-06	1.536713832868e-12	-5.223372978286e-11	1.144055585858e-11
-4.110000000000e-06	8.823712762643e-13	-4.622899554560e-11	1.126277327108e-11
-4.109000000000e-06	2.799102702628e-12	-5.307760592149e-11	1.006768298078e-11
-4.108000000000e-06	1.123513942412e-12	-5.308959981530e-11	1.207864727083e-11
-4.107000000000e-06	4.059566975178e-12	-4.858532638118e-11	7.794868090541e-12
-4.106000000000e-06	-6.572196437334e-13	-5.147431327680e-11	1.364234040945e-11
-4.105000000000e-06	-2.055168612116e-12	-5.307052268827e-11	1.504274823283e-11
-4.104000000000e-06	2.671648460807e-12	-4.634552008446e-11	9.197000861811e-12
-4.103000000000e-06	1.275167711399e-12	-5.337968571847e-11	1.156357282413e-11
-4.102000000000e-06	-9.305104631695e-13	-4.841722993256e-11	1.302631142596e-11
-4.101000000000e-06	1.720002185162e-12	-5.267536038799e-11	1.106310672168e-11
-4.100000000000e-06	1.700048346536e-12	-4.767754964514e-11	1.002320174233e-11
-4.099000000000e-06	1.156898585856e-12	-4.870215618440e-11	1.063357484311e-11
-4.098000000000e-06	2.094905448291e-12	-4.517233149000e-11	9.226850153530e-12
-4.097000000000e-06	2.118897883516e-12	-4.464334761791e-11	9.278606632437e-12
-4.096000000000e-06	1.060369290218e-12	-4.798720128425e-11	1.095170724300e-11
-4.095000000000e-06	-1.182311650070e-12	-4.595053755522e-11	1.291685579605e-11
-4.094000000000e-06	5.062720719292e-13	-4.951198383976e-11	1.132462462417e-11
-4.093000000000e-06	-1.449978733266e-12	-4.454065974354e-11	1.262177932080e-11
-4.092000000000e-06	2.398876607984e-13	-4.720043604553e-11	1.133724816796e-11
-4.091000000000e-06	3.353433430875e-12	-4.398958334454e-11	7.325295057288e-12
-4.090000000000e-06	4.670535208000e-13	-4.520325415824e-11	1.064472047466e-11
-4.089000000000e-06	9.638922662587e-13	-4.133517153411e-11	9.501551260016e-12
-4.088000000000e-06	2.342033864823e-12	-4.806136696063e-11	8.900906761380e-12
-4.087000000000e-06	-3.620562203353e-12	-4.626959052278e-11	1.518104620136e-11
-4.086000000000e-06	1.346928063802e-12	-4.509380793807e-11	9.414765104740e-12
-4.085000000000e-06	8.173736575912e-13	-3.736287809959e-11	9.162241063851e-12
-4.084000000000e-06	-8.976599496657e-13	-4.828444379575e-11	1.222505209246e-11
-4.083000000000e-06	7.429480190454e-13	-4.607245187282e-11	1.018386690247e-11
-4.082000000000e-06	4.715969490847e-12	-4.288519119756e-11	5.377361329995e-12
-4.081000000000e-06	-3.958566330109e-12	-3.602196043078e-11	1.380557138140e-11
-4.080000000000e-06	3.025935766208e-12	-4.714476398865e-11	7.817048322438e-12
-4.079000000000e-06	-7.150616488044e-13	-4.067815402659e-11	1.082205785259e-11
-4.078000000000e-06	-1.241671241583e-12	-4.449264883441e-11	1.184532939462e-11
-4.077000000000e-06	4.325613271200e-12	-3.690148626224e-11	5.034082203855e-12
-4.076000000000e-06	2.183204596266e-12	-3.935009073866e-11	7.325899696518e-12
-4.075000000000e-06	1.427835208652e-13	-4.464850758853e-11	1.026596326533e-11
-4.074000000000e-06	-4.039161597886e-12	-3.857567924254e-11	1.392366944621e-11
-4.073000000000e-06	6.185834221433e-13	-4.558208919830e-11	9.720696125370e-12
-4.072000000000e-06	3.129144551852e-12	-4.090383938722e-11	6.488546159739e-12
-4.071000000000e-06	6.269521781842e-14	-3.975096315631e-11	9.536394153886e-12
-4.070000000000e-06	-3.902604169451e-12	-3.605485165067e-11	1.317978732258e-11
-4.069000000000e-06	9.294680347160e-13	-3.773019884938e-11	8.172014528270e-12
-4.068000000000e-06	-1.308543643051e-13	-3.529201030054e-11	9.202150266064e-12
-4.067000000000e-06	2.484818995727e-12	-3.924481939290e-11	6.646751961504e-12
-4.066000000000e-06	2.765053435076e-12	-3.852127098885e-11	6.206971383846e-12
-4.065000000000e-06	6.626569130841e-13	-3.780328787451e-11	8.043241111995e-12
-4.064000000000e-06	2.998069938757e-13	-3.510552268646e-11	8.175075195842e-12
-4.063000000000e-06	1.364446578781e-13	-3.805357022029e-11	8.792553147543e-12
-4.062000000000e-06	-1.667112692507e-12	-4.105351623045e-11	1.118845936449e-11
-4.061000000000e-06	1.777172604065e-12	-3.233560610185e-11	6.375153908065e-12
-4.060000000000e-06	-2.402608896687e-12	-3.569138733498e-11	1.096171659990e-11
-4.059000000000e-06	-2.579457697810e-12	-3.663748526672e-11	1.113688841650e-11
-4.058000000000e-06	3.370221023711e-12	-3.763867698312e-11	5.547981351184e-12
-4.057000000000e-06	-2.073120438406e-12	-4.014019593859e-11	1.074697613463e-11
-4.056000000000e-06	-1.267303439249e-12	-3.324414863869e-11	9.597893465254e-12
-4.055000000000e-06	-1.897936008944e-12	-3.557083880353e-11	1.034475687482e-11
-4.054000000000e-06	5.152138789764e-13	-3.540396297339e-11	7.657793123952e-12
-4.053000000000e-06	3.594416372376e-13	-3.132247285054e-11	7.544644562446e-12
-4.052000000000e-06	-2.275117886091e-12	-3.891151665022e-11	1.121798804303e-11
-4.051000000000e-06	7.262971357265e-12	-3.752933311054e-11	8.642578475645e-13
-4.050000000000e-06	-2.055552411531e-12	-3.564373135149e-11	1.027091546383e-11
-4.049000000000e-06	1.083859009581e-12	-2.919808740529e-11	6.376472120370e-12
-4.048000000000e-06	-2.489944609395e-13	-3.297199198746e-11	7.618705315614e-12
-4.047000000000e-06	-1.585795512880e-12	-3.876038530473e-11	9.741439379081e-12
-4.046000000000e-06	-3.787127373745e-12	-3.062024875767e-11	1.122631319823e-11
-4.045000000000e-06	3.102142228710e-12	-3.372042306308e-11	4.627773640283e-12
-4.044000000000e-06	-3.287756668369e-12	-3.184227851278e-11	1.062628409998e-11
-4.043000000000e-06	2.291170531096e-12	-3.007505803121e-11	4.837847267369e-12
-4.042000000000e-06	-3.621901676784e-12	-2.617271174505e-11	1.036669227515e-11
-4.041000000000e-06	7.440805443681e-13	-2.975211147999e-11	6.595985402190e-12
-4.040000000000e-06	4.182245458073e-14	-2.896575095150e-11	6.726736766067e-12
-4.039000000000e-06	2.017126078767e-12	-3.234290878556e-11	5.179480421731e-12
-4.038000000000e-06	-1.393974848760e-12	-3.081518547788e-11	8.606015681232e-12
-4.037000000000e-06	2.664536935900e-12	-2.855194617631e-11	4.108945736862e-12
-4.036000000000e-06	-1.529096896574e-12	-2.491468310280e-11	8.016677009807e-12
-4.035000000000e-06	-6.022252442721e-13	-2.148111141009e-11	6.597522981362e-12
-4.034000000000e-06	-5.950725757451e-13	-2.985517502449e-11	7.353519201683e-12
-4.033000000000e-06	4.460612429385e-13	-3.470715275548e-11	6.639424083720e-12
-4.032000000000e-06	9.759747723330e-13	-2.330887948453e-11	5.139156591736e-12
-4.031000000000e-06	2.077596374861e-13	-2.570501540356e-11	5.672531028910e-12
-4.030000000000e-06	-1.804413106548e-12	-2.748421445411e-11	8.260820676874e-12
-4.029000000000e-06	-2.251209151832e-12	-2.642565777258e-11	8.406096991449e-12
-4.028000000000e-06	4.740321958459e-12	-2.277332911362e-11	1.240068458155e-12
-4.027000000000e-06	4.566699325941e-12	-2.458811731279e-11	1.139700628980e-12
-4.026000000000e-06	-1.107519162808e-12	-3.038896013293e-11	7.840724436060e-12
-4.025000000000e-06	-2.558612912024e-12	-2.585994255681e-11	8.758938178792e-12
-4.024000000000e-06	3.102631731275e-12	-2.541709025930e-11	2.337436476768e-12
-4.023000000000e-06	5.686121428772e-13	-2.373960194765e-11	5.086225218252e-12
-4.022000000000e-06	1.158439610223e-12	-2.409295351076e-11	4.685819818753e-12
-4.021000000000e-06	-2.739980946657e-13	-2.833346015907e-11	6.402188474786e-12
-4.020000000000e-06	3.313558994343e-12	-2.523741492189e-11	2.513443224580e-12
-4.019000000000e-06	-2.068354506686e-12	-2.298739528533e-11	7.691566952190e-12
-4.018000000000e-06	4.673713103829e-13	-2.243253366520e-11	5.247146717200e-12
-4.017000000000e-06	-4.172177121192e-12	-2.785219240049e-11	1.009656288393e-11
-4.016000000000e-06	9.648522938875e-13	-2.196497719302e-11	4.415293309974e-12
-4.015000000000e-06	1.025436947418e-12	-2.404062492987e-11	4.415575939200e-12
-4.014000000000e-06	6.046148669464e-13	-2.278686582382e-11	4.763709986849e-12
-4.013000000000e-06	-2.317188786212e-12	-2.225215389552e-11	7.754281092724e-12
-4.012000000000e-06	-3.984154886481e-13	-1.924285755639e-11	5.133795205757e-12
-4.011000000000e-06	6.328756922897e-15	-2.678553255431e-11	5.547658509101e-12
-4.010000000000e-06	2.074348005679e-13	-2.206543436630e-11	4.790240996634e-12
-4.009000000000e-06	-3.369395459419e-12	-2.382426657822e-11	8.789728558929e-12
-4.008000000000e-06	3.354200493370e-12	-1.839587257272e-11	1.420573038620e-12
-4.007000000000e-06	-2.711859488018e-12	-2.370829196051e-11	8.039329225376e-12
-4.006000000000e-06	-1.338735708354e-12	-1.797167478930e-11	5.892890753607e-12
-4.005000000000e-06	8.669742254935e-13	-2.274107815910e-11	4.167442433937e-12
-4.004000000000e-06	-4.216178396031e-13	-2.184517382505e-11	5.383533093226e-12
-4.003000000000e-06	1.563825592069e-12	-1.919763008580e-11	2.957789042398e-12
-4.002000000000e-06	1.977641023532e-14	-2.035907312746e-11	4.566953866420e-12
-4.001000000000e-06	-1.849070369317e-12	-2.333006891797e-11	6.922722179594e-12
-4.000000000000e-06	-1.236640258495e-12	-1.951802025261e-11	5.775729384783e-12
-3.999000000000e-06	4.078101254380e-13	-2.433371840061e-11	4.382997836930e-12
-3.998000000000e-06	3.393425882780e-12	-1.784226341736e-11	9.927400621170e-13
-3.997000000000e-06	2.288888560107e-13	-2.034711122905e-11	4.847644300088e-12
-3.996000000000e-06	-8.042415430803e-13	-2.245487552309e-11	5.246304560605e-12
-3.995000000000e-06	-9.107187825895e-13	-1.798573960552e-11	5.364943524026e-12
-3.994000000000e-06	1.099259175433e-12	-1.791860111731e-11	3.162613339472e-12
-3.993000000000e-06	9.486538056720e-14	-1.413259458109e-11	3.609078034201e-12
-3.992000000000e-06	3.399184822386e-12	-1.928992061159e-11	1.246928915083e-12
-3.991000000000e-06	-2.868310754455e-12	-2.086642751527e-11	7.035737441985e-12
-3.990000000000e-06	-2.300414159485e-12	-1.628270456508e-11	6.182071935713e-12
-3.989000000000e-06	-1.525804868249e-12	-1.602336894889e-11	5.615885360094e-12
-3.988000000000e-06	5.071183488623e-13	-1.980862671339e-11	3.781041754222e-12
-3.987000000000e-06	-5.811119346183e-13	-1.596231841412e-11	4.667617165375e-12
-3.986000000000e-06	4.268867387142e-12	-1.599122952873e-11	-4.272892052490e-13
-3.985000000000e-06	3.155858775056e-12	-2.483760947478e-11	1.557000358093e-12
-3.984000000000e-06	-2.135034707142e-12	-1.829130377572e-11	5.890453704225e-12
-3.983000000000e-06	2.734645965019e-12	-1.565762236924e-11	9.916003517596e-13
-3.982000000000e-06	-1.330537836836e-12	-1.678778093636e-11	5.246612751919e-12
-3.981000000000e-06	1.189697862842e-12	-1.844725955407e-11	2.766628065764e-12
-3.980000000000e-06	4.633780181290e-12	-1.395485209881e-11	-1.002623675590e-12
-3.979000000000e-06	-1.520849763726e-13	-1.536512421991e-11	3.754839571710e-12
-3.978000000000e-06	-1.815880257212e-12	-1.760832425391e-11	5.008205434766e-12
-3.977000000000e-06	-1.824957894760e-12	-1.513845711195e-11	5.549885364942e-12
-3.976000000000e-06	-7.592600829726e-13	-1.717714559964e-11	4.647862166245e-12
-3.975000000000e-06	3.253543130272e-12	-1.690352270330e-11	5.603561522417e-13
-3.974000000000e-06	3.449888479603e-12	-1.425283348402e-11	3.162157547839e-13
-3.973000000000e-06	-1.615867469227e-12	-1.839880757294e-11	5.089054717513e-12
-3.972000000000e-06	-1.086921122859e-12	-1.370729311393e-11	4.402537958930e-12
-3.971000000000e-06	2.606389928257e-12	-1.734077098279e-11	1.270233044591e-12
-3.970000000000e-06	8.920963567114e-13	-1.499392769974e-11	2.503404281280e-12
-3.969000000000e-06	-1.572931867016e-13	-1.721819713976e-11	3.711579982685e-12
-3.968000000000e-06	-1.355514520037e-12	-1.829501211642e-11	4.949519445484e-12
-3.967000000000e-06	-1.458695084178e-12	-1.441689334655e-11	4.772260305186e-12
-3.966000000000e-06	2.864041072014e-12	-1.495627066019e-11	6.012947488704e-13
-3.965000000000e-06	1.365055691660e-12	-1.455019880224e-11	1.520370487943e-12
-3.964000000000e-06	3.332609409968e-13	-1.629979742524e-11	3.257864225492e-12
-3.963000000000e-06	-1.836284892010e-12	-1.697754320554e-11	5.248422728646e-12
-3.962000000000e-06	-8.457536812982e-13	-1.231600674161e-11	3.711400020478e-12
-3.961000000000e-06	3.120527928365e-12	-1.174923858128e-11	1.403626614079e-13
-3.960000000000e-06	-4.228244912504e-13	-1.185307118499e-11	3.000544373700e-12
-3.959000000000e-06	-4.011387485743e-13	-1.018539017537e-11	3.305063965937e-12
-3.958000000000e-06	1.233889239657e-12	-1.438317523266e-11	1.813554519061e-12
-3.957000000000e-06	2.503358889646e-12	-1.398767276318e-11	6.693883820406e-13
-3.956000000000e-06	-3.624881120695e-13	-1.113166861031e-11	3.471023582542e-12
-3.955000000000e-06	4.279431643769e-13	-1.275632900969e-11	2.589368852554e-12
-3.954000000000e-06	-1.952858949001e-12	-1.223977063186e-11	4.730867137854e-12
-3.953000000000e-06	2.278157724357e-12	-1.126399186125e-11	3.451019101895e-13
-3.952000000000e-06	1.009578569541e-12	-1.118284464174e-11	1.843820694428e-12
-3.951000000000e-06	-3.544167693952e-12	-1.310185716204e-11	6.152462539528e-12
-3.950000000000e-06	1.703580103702e-12	-1.311289435465e-11	1.386496539984e-12
-3.949000000000e-06	-1.520786026331e-13	-1.827212443912e-11	3.250680573509e-12
-3.948000000000e-06	1.755797282776e-12	-1.641356314383e-11	1.129832600595e-12
-3.947000000000e-06	-2.443049064130e-12	-1.441146426247e-11	5.414984392737e-12
-3.946000000000e-06	2.537874414596e-12	-8.438952975825e-12	5.249514406879e-14
-3.945000000000e-06	-4.522647935009e-13	-1.010496424451e-11	3.322885301332e-12
-3.944000000000e-06	-7.805592930292e-13	-1.335928155399e-11	3.182736586442e-12
