1.476000000000e-06	0.000000000000e+00	0.000000000000e+00	0.000000000000e+00
1.477000000000e-06	0.000000000000e+00	0.000000000000e+00	0.000000000000e+00
1.478000000000e-06	0.000000000000e+00	0.000000000000e+00	0.000000000000e+00
1.479000000000e-06	0.000000000000e+00	0.000000000000e+00	0.000000000000e+00
1.480000000000e-06	0.000000000000e+00	0.000000000000e+00	0.000000000000e+00
1.481000000000e-06	0.000000000000e+00	0.000000000000e+00	0.000000000000e+00
1.482000000000e-06	0.000000000000e+00	0.000000000000e+00	0.000000000000e+00
1.483000000000e-06	0.000000000000e+00	0.000000000000e+00	0.000000000000e+00
1.484000000000e-06	0.000000000000e+00	0.000000000000e+00	0.000000000000e+00
1.485000000000e-06	0.000000000000e+00	0.000000000000e+00	0.000000000000e+00
1.486000000000e-06	0.000000000000e+00	0.000000000000e+00	0.000000000000e+00
1.487000000000e-06	0.000000000000e+00	0.000000000000e+00	0.000000000000e+00
1.488000000000e-06	0.000000000000e+00	0.000000000000e+00	0.000000000000e+00
1.489000000000e-06	0.000000000000e+00	0.000000000000e+00	0.000000000000e+00
1.490000000000e-06	0.000000000000e+00	0.000000000000e+00	0.000000000000e+00
1.491000000000e-06	0.000000000000e+00	0.000000000000e+00	0.000000000000e+00
1.492000000000e-06	0.000000000000e+00	0.000000000000e+00	0.000000000000e+00
1.493000000000e-06	0.000000000000e+00	0.000000000000e+00	0.000000000000e+00
1.494000000000e-06	0.000000000000e+00	0.000000000000e+00	0.000000000000e+00
1.495000000000e-06	0.000000000000e+00	0.000000000000e+00	0.000000000000e+00
1.496000000000e-06	0.000000000000e+00	0.000000000000e+00	0.000000000000e+00
1.497000000000e-06	0.000000000000e+00	0.000000000000e+00	0.000000000000e+00
1.498000000000e-06	0.000000000000e+00	0.000000000000e+00	0.000000000000e+00
1.499000000000e-06	0.000000000000e+00	0.000000000000e+00	0.000000000000e+00
1.500000000000e-06	0.000000000000e+00	0.000000000000e+00	0.000000000000e+00
1.501000000000e-06	0.000000000000e+00	0.000000000000e+00	0.000000000000e+00
1.502000000000e-06	0.000000000000e+00	0.000000000000e+00	0.000000000000e+00
1.503000000000e-06	0.000000000000e+00	0.000000000000e+00	0.000000000000e+00
1.504000000000e-06	0.000000000000e+00	0.000000000000e+00	0.000000000000e+00
1.505000000000e-06	0.000000000000e+00	0.000000000000e+00	0.000000000000e+00
1.506000000000e-06	0.000000000000e+00	0.000000000000e+00	0.000000000000e+00
1.507000000000e-06	0.000000000000e+00	0.000000000000e+00	0.000000000000e+00
1.508000000000e-06	0.000000000000e+00	0.000000000000e+00	0.000000000000e+00
1.509000000000e-06	0.000000000000e+00	0.000000000000e+00	0.000000000000e+00
1.510000000000e-06	0.000000000000e+00	0.000000000000e+00	0.000000000000e+00
1.511000000000e-06	0.000000000000e+00	0.000000000000e+00	0.000000000000e+00
1.512000000000e-06	0.000000000000e+00	0.000000000000e+00	0.000000000000e+00
1.513000000000e-06	0.000000000000e+00	0.000000000000e+00	0.000000000000e+00
1.514000000000e-06	0.000000000000e+00	0.000000000000e+00	0.000000000000e+00
1.515000000000e-06	0.000000000000e+00	0.000000000000e+00	0.000000000000e+00
1.516000000000e-06	0.000000000000e+00	0.000000000000e+00	0.000000000000e+00
1.517000000000e-06	0.000000000000e+00	0.000000000000e+00	0.000000000000e+00
1.518000000000e-06	0.000000000000e+00	0.000000000000e+00	0.000000000000e+00
1.519000000000e-06	0.000000000000e+00	0.000000000000e+00	0.000000000000e+00
1.520000000000e-06	0.000000000000e+00	0.000000000000e+00	0.000000000000e+00
1.521000000000e-06	0.000000000000e+00	0.000000000000e+00	0.000000000000e+00
1.522000000000e-06	0.000000000000e+00	0.000000000000e+00	0.000000000000e+00
1.523000000000e-06	0.000000000000e+00	0.000000000000e+00	0.000000000000e+00
1.524000000000e-06	0.000000000000e+00	0.000000000000e+00	0.000000000000e+00
1.525000000000e-06	0.000000000000e+00	0.000000000000e+00	0.000000000000e+00
1.526000000000e-06	0.000000000000e+00	0.000000000000e+00	0.000000000000e+00
1.527000000000e-06	0.000000000000e+00	0.000000000000e+00	0.000000000000e+00
1.528000000000e-06	0.000000000000e+00	0.000000000000e+00	0.000000000000e+00
1.529000000000e-06	0.000000000000e+00	0.000000000000e+00	0.000000000000e+00
1.530000000000e-06	0.000000000000e+00	0.000000000000e+00	0.000000000000e+00
1.531000000000e-06	0.000000000000e+00	0.000000000000e+00	0.000000000000e+00
1.532000000000e-06	0.000000000000e+00	0.000000000000e+00	0.000000000000e+00
1.533000000000e-06	0.000000000000e+00	0.000000000000e+00	0.000000000000e+00
1.534000000000e-06	0.000000000000e+00	0.000000000000e+00	0.000000000000e+00
1.535000000000e-06	0.000000000000e+00	0.000000000000e+00	0.000000000000e+00
1.536000000000e-06	0.000000000000e+00	0.000000000000e+00	0.000000000000e+00
1.537000000000e-06	0.000000000000e+00	0.000000000000e+00	0.000000000000e+00
1.538000000000e-06	-2.397321684158e-17	5.800542568491e-17	1.515927520125e-17
1.539000000000e-06	-3.079021311041e-16	1.125019158506e-15	7.483317071473e-17
1.540000000000e-06	1.514715720276e-16	8.335172535390e-16	-4.768805686669e-16
1.541000000000e-06	3.799674368874e-16	1.955155032568e-15	-1.155938445195e-15
1.542000000000e-06	-7.288768062642e-16	2.441272336694e-14	-6.805259362487e-15
1.543000000000e-06	-8.543328624005e-15	5.190820114852e-14	-4.179780434375e-15
1.544000000000e-06	-7.138523751152e-15	7.431550639259e-14	-1.304303602578e-14
1.545000000000e-06	6.603556886891e-15	9.677649586444e-14	-3.975844445119e-14
1.546000000000e-06	-2.270937543966e-14	1.828294898047e-13	-2.525381912970e-14
1.547000000000e-06	-2.576069946401e-14	2.034977954393e-13	-2.781884301121e-14
1.548000000000e-06	8.138786416501e-16	3.798288580068e-13	-1.169529056206e-13
1.549000000000e-06	-1.186262649757e-13	1.002508611675e-12	-1.413565813414e-13
1.550000000000e-06	2.820899807068e-14	1.187138247301e-12	-4.033677880994e-13
1.551000000000e-06	-9.788976435101e-14	1.431280550983e-12	-3.006813476766e-13
1.552000000000e-06	-1.756431505151e-13	2.184380666052e-12	-4.163932495472e-13
1.553000000000e-06	-1.859068201187e-13	2.634913295805e-12	-5.394996643535e-13
1.554000000000e-06	-1.638657836111e-13	3.558037175138e-12	-8.425450831722e-13
1.555000000000e-06	-4.754465950674e-13	5.545205604075e-12	-1.003364489426e-12
1.556000000000e-06	1.157233065948e-13	7.410088243872e-12	-2.404274580655e-12
1.557000000000e-06	-6.058858069691e-13	1.013427520930e-11	-2.187504581238e-12
1.558000000000e-06	-6.118475189648e-13	1.277965291471e-11	-2.955270281632e-12
1.559000000000e-06	-1.200402898530e-12	1.859631880862e-11	-3.830252649500e-12
1.560000000000e-06	-3.939043198294e-13	2.228765289990e-11	-6.069646340370e-12
1.561000000000e-06	-1.725820168472e-12	2.992693463502e-11	-6.399694475481e-12
1.562000000000e-06	-1.522672827376e-12	3.620066914305e-11	-8.516497153654e-12
1.563000000000e-06	-1.542848238419e-12	4.289251137364e-11	-1.040311950656e-11
1.564000000000e-06	-8.489915926048e-13	5.252954308794e-11	-1.421217513074e-11
1.565000000000e-06	-1.509974601840e-12	6.556018919365e-11	-1.699430419976e-11
1.566000000000e-06	-1.561592089246e-12	7.402161405761e-11	-1.929954617530e-11
1.567000000000e-06	-3.225307879476e-12	9.150695188073e-11	-2.188898017114e-11
1.568000000000e-06	-3.091108119319e-12	1.003355477786e-10	-2.454008027393e-11
1.569000000000e-06	-3.541224384789e-12	1.178480624379e-10	-2.876425117253e-11
1.570000000000e-06	-3.368467489799e-12	1.325742791316e-10	-3.319172560084e-11
1.571000000000e-06	-4.259829371775e-12	1.464157699277e-10	-3.566835604609e-11
1.572000000000e-06	-4.458672160671e-12	1.556498879932e-10	-3.786168826618e-11
1.573000000000e-06	-2.118854780112e-12	1.676190014997e-10	-4.454012725738e-11
1.574000000000e-06	-2.043698965899e-12	1.888329901251e-10	-5.048176944828e-11
1.575000000000e-06	-1.053046080925e-12	2.079807850558e-10	-5.705815367253e-11
1.576000000000e-06	-9.932739902380e-13	2.144615650175e-10	-5.877298275548e-11
1.577000000000e-06	-2.645277709096e-12	2.360136243451e-10	-6.218980134747e-11
1.578000000000e-06	3.848448715909e-12	2.447312337463e-10	-7.371654408256e-11
1.579000000000e-06	4.218795098628e-12	2.621407307809e-10	-7.890925438152e-11
1.580000000000e-06	3.736960432336e-12	2.737937441024e-10	-8.109170265802e-11
1.581000000000e-06	-6.906348579761e-13	2.831654643794e-10	-7.704860667709e-11
1.582000000000e-06	3.988582928755e-12	2.940094597681e-10	-8.652472967187e-11
1.583000000000e-06	9.564147014159e-12	3.118732685949e-10	-9.913473813419e-11
1.584000000000e-06	9.444912958885e-12	3.161678801760e-10	-9.985333115813e-11
1.585000000000e-06	4.315182178864e-13	3.216326251756e-10	-8.764407468579e-11
1.586000000000e-06	1.418228328279e-11	3.186352319720e-10	-1.064804987251e-10
1.587000000000e-06	8.538548729054e-12	3.427710617299e-10	-1.044660180302e-10
1.588000000000e-06	2.001431371988e-11	3.304324753748e-10	-1.174327914505e-10
1.589000000000e-06	1.720474319147e-11	3.243567745074e-10	-1.112363861695e-10
1.590000000000e-06	1.544006780934e-11	3.359148622928e-10	-1.112841980042e-10
1.591000000000e-06	2.005593902129e-11	3.271961714642e-10	-1.152699198478e-10
1.592000000000e-06	2.589871015609e-11	3.234927385360e-10	-1.223413947584e-10
1.593000000000e-06	2.855403027876e-11	3.194273143618e-10	-1.251982878566e-10
1.594000000000e-06	2.505482973727e-11	3.190972099424e-10	-1.190891983171e-10
1.595000000000e-06	2.267254537596e-11	3.061582420390e-10	-1.118095889057e-10
1.596000000000e-06	3.129738599681e-11	3.033241658676e-10	-1.234038891374e-10
1.597000000000e-06	3.540545144562e-11	2.940771847077e-10	-1.267720214967e-10
1.598000000000e-06	3.298898031953e-11	2.869556295219e-10	-1.208668091587e-10
1.599000000000e-06	3.309636766043e-11	2.948545280737e-10	-1.225050992135e-10
1.600000000000e-06	3.700057397297e-11	2.589672566047e-10	-1.187682427611e-10
1.601000000000e-06	5.075070844600e-11	2.532980996725e-10	-1.373065869127e-10
1.602000000000e-06	3.639455088774e-11	2.664133787141e-10	-1.189332220692e-10
1.603000000000e-06	3.916431612469e-11	2.530296930202e-10	-1.189677525098e-10
1.604000000000e-06	4.960168159830e-11	2.324630181579e-10	-1.292584190776e-10
1.605000000000e-06	4.806391881522e-11	2.301573794246e-10	-1.261119622928e-10
1.606000000000e-06	4.166783234537e-11	2.265428496958e-10	-1.152174102107e-10
1.607000000000e-06	4.709140291543e-11	1.930863766177e-10	-1.146524773923e-10
1.608000000000e-06	3.943234772446e-11	2.091780403531e-10	-1.069692355507e-10
1.609000000000e-06	5.321433839317e-11	1.714039415933e-10	-1.178828815336e-10
1.610000000000e-06	3.645917675378e-11	1.733060672355e-10	-9.304954776120e-11
1.611000000000e-06	4.721853490018e-11	1.564268824208e-10	-1.046154502697e-10
1.612000000000e-06	4.477811777916e-11	1.602584043770e-10	-1.015682918778e-10
1.613000000000e-06	4.940081210295e-11	1.297586316685e-10	-1.008127193505e-10
1.614000000000e-06	4.541054963002e-11	1.292857046417e-10	-9.457277057928e-11
1.615000000000e-06	5.496743361676e-11	1.195569579044e-10	-1.064786248946e-10
1.616000000000e-06	5.025675003996e-11	9.367125495823e-11	-9.272754779505e-11
1.617000000000e-06	4.587418612189e-11	1.093366847565e-10	-8.990609912129e-11
1.618000000000e-06	5.122807199164e-11	8.789665203786e-11	-9.258860808917e-11
1.619000000000e-06	5.284623508221e-11	8.145438265543e-11	-9.321960751130e-11
1.620000000000e-06	3.701149339368e-11	8.533902261462e-11	-7.044606395141e-11
1.621000000000e-06	4.696294315589e-11	6.311121115156e-11	-7.979404872646e-11
1.622000000000e-06	4.854299596189e-11	6.173640447803e-11	-8.174728789964e-11
1.623000000000e-06	4.167213306180e-11	4.877768419743e-11	-6.842825135625e-11
1.624000000000e-06	3.926000801198e-11	3.631161869508e-11	-6.144895795566e-11
1.625000000000e-06	4.993790916292e-11	3.410759005305e-11	-7.679219755464e-11
1.626000000000e-06	3.797608232937e-11	3.033149520986e-11	-5.796701021769e-11
1.627000000000e-06	3.801881766728e-11	2.498323182661e-11	-5.676039887602e-11
1.628000000000e-06	4.314135338472e-11	1.958268087648e-11	-6.306302994235e-11
1.629000000000e-06	3.463801155344e-11	1.340269157079e-11	-4.861944195584e-11
1.630000000000e-06	3.941131605034e-11	9.000320906852e-12	-5.469862922964e-11
1.631000000000e-06	3.799127689570e-11	-3.788204500603e-12	-4.974321500095e-11
1.632000000000e-06	3.214913047679e-11	-1.927200443373e-12	-4.132154938676e-11
1.633000000000e-06	3.349989774653e-11	-1.722261443812e-11	-3.990854944889e-11
1.634000000000e-06	3.552335330902e-11	-1.531798058436e-11	-4.325466985357e-11
1.635000000000e-06	2.788879765781e-11	-2.237162742273e-11	-3.028864944207e-11
1.636000000000e-06	3.742537240408e-11	-4.378145090182e-11	-3.976890924110e-11
1.637000000000e-06	3.193881362093e-11	-3.408858498114e-11	-3.384475488753e-11
1.638000000000e-06	2.683911967109e-11	-4.518586423942e-11	-2.343586441553e-11
1.639000000000e-06	3.298077893387e-11	-4.642998343346e-11	-3.242851062662e-11
1.640000000000e-06	2.738505747795e-11	-5.269581233670e-11	-2.242230442904e-11
1.641000000000e-06	1.857722354726e-11	-3.943400400072e-11	-1.204558212710e-11
1.642000000000e-06	3.117826360535e-11	-6.912974871151e-11	-2.485187600488e-11
1.643000000000e-06	2.187519997742e-11	-6.219062625388e-11	-1.225722192070e-11
1.644000000000e-06	2.071558602506e-11	-6.855291340498e-11	-9.084271594732e-12
1.645000000000e-06	2.031350686522e-11	-5.686332018172e-11	-1.132741023252e-11
1.646000000000e-06	2.317860407706e-11	-6.756148335570e-11	-1.331308381638e-11
1.647000000000e-06	1.491115042174e-11	-7.214628058449e-11	2.044909361828e-13
1.648000000000e-06	2.255576882517e-11	-7.562466810472e-11	-1.031948231061e-11
1.649000000000e-06	1.737136983106e-11	-7.733259388005e-11	-2.281681183144e-12
1.650000000000e-06	1.332466272624e-11	-7.974600955107e-11	4.123044758463e-12
1.651000000000e-06	1.352608737637e-11	-7.564555788355e-11	3.091339783497e-12
1.652000000000e-06	8.613788601217e-12	-8.178981389851e-11	1.201031843007e-11
1.653000000000e-06	1.329871498611e-11	-9.137137578878e-11	6.286211250128e-12
1.654000000000e-06	8.545641687858e-12	-8.375382872795e-11	1.243022056067e-11
1.655000000000e-06	2.158500181049e-12	-8.250155726407e-11	2.175232952651e-11
1.656000000000e-06	8.068649832378e-12	-8.139571865363e-11	1.234969297461e-11
1.657000000000e-06	3.504616291030e-12	-8.766879187623e-11	2.053845112581e-11
1.658000000000e-06	4.806513767874e-12	-8.644835104984e-11	1.808654380150e-11
1.659000000000e-06	8.355405444429e-12	-9.940072441523e-11	1.543082632301e-11
1.660000000000e-06	-1.199725742587e-13	-1.004756951171e-10	2.851213732933e-11
1.661000000000e-06	4.951675316300e-12	-9.680333989753e-11	1.986874493612e-11
1.662000000000e-06	3.944383357703e-12	-1.003401437460e-10	2.248384381755e-11
1.663000000000e-06	9.684921596235e-13	-9.343741521886e-11	2.520871017721e-11
1.664000000000e-06	3.240079265361e-12	-9.546177916868e-11	2.189998032126e-11
1.665000000000e-06	2.683502848958e-12	-9.803479436115e-11	2.320624938367e-11
1.666000000000e-06	-2.165026504475e-12	-9.887998020281e-11	3.081027543694e-11
1.667000000000e-06	-5.910806959648e-12	-1.014527661268e-10	3.680804811057e-11
1.668000000000e-06	-7.952699534958e-13	-9.285009844462e-11	2.749620659975e-11
1.669000000000e-06	7.302911414862e-14	-1.042432845620e-10	2.823678614138e-11
1.670000000000e-06	-3.498595317560e-12	-1.005497036790e-10	3.297510688028e-11
1.671000000000e-06	-1.552437865944e-12	-9.303142641148e-11	2.851562999662e-11
1.672000000000e-06	-7.663276433530e-12	-1.068654000468e-10	4.029261719000e-11
1.673000000000e-06	-6.548116468483e-12	-9.079727850549e-11	3.531294881838e-11
1.674000000000e-06	-6.542640761165e-12	-9.930666140034e-11	3.722140987419e-11
1.675000000000e-06	-2.161108048482e-12	-9.711747001813e-11	2.951735991122e-11
1.676000000000e-06	-8.029426893304e-12	-1.034580237760e-10	3.991476190906e-11
1.677000000000e-06	-7.090272895884e-12	-1.035781116303e-10	3.795113797318e-11
1.678000000000e-06	-1.211767811874e-11	-9.611762443200e-11	4.488494059115e-11
1.679000000000e-06	-9.389359334270e-12	-9.634923346267e-11	4.031824531825e-11
1.680000000000e-06	-7.869120233510e-12	-1.020843067032e-10	3.880443932152e-11
1.681000000000e-06	-1.057735296331e-11	-9.993910610967e-11	4.256421596398e-11
1.682000000000e-06	-1.079772700372e-11	-1.043664501408e-10	4.409143692394e-11
1.683000000000e-06	-6.215216068545e-12	-1.001247442126e-10	3.585167958229e-11
1.684000000000e-06	-9.353562319201e-12	-9.988815760920e-11	4.050317040813e-11
1.685000000000e-06	-1.055519316374e-11	-9.490420032287e-11	4.140628323715e-11
1.686000000000e-06	-1.038506387385e-11	-9.781252272055e-11	4.138292539594e-11
1.687000000000e-06	-8.577628888857e-12	-9.953421021018e-11	3.850270974198e-11
1.688000000000e-06	-1.502605608654e-11	-9.053131633476e-11	4.730451570743e-11
1.689000000000e-06	-1.181171935036e-11	-9.422318488022e-11	4.277331328100e-11
1.690000000000e-06	-9.222776368540e-12	-9.179637397832e-11	3.822680571037e-11
1.691000000000e-06	-1.260963815928e-11	-9.280108506141e-11	4.332520788239e-11
1.692000000000e-06	-7.751977476707e-12	-8.952255519151e-11	3.487692407549e-11
1.693000000000e-06	-1.326271925016e-11	-9.724804963296e-11	4.561182640407e-11
1.694000000000e-06	-1.468170232257e-11	-9.794212485096e-11	4.700123751171e-11
1.695000000000e-06	-1.261911528061e-11	-8.880194383643e-11	4.218358652279e-11
1.696000000000e-06	-1.036939873434e-11	-9.850320705923e-11	4.101613191207e-11
1.697000000000e-06	-1.804316326399e-11	-8.088601293743e-11	4.951729081178e-11
1.698000000000e-06	-1.350858593050e-11	-8.823818585463e-11	4.343712674241e-11
1.699000000000e-06	-1.063093402918e-11	-9.350728120402e-11	3.944624958538e-11
1.700000000000e-06	-1.297147709915e-11	-9.008501860778e-11	4.289023672069e-11
1.701000000000e-06	-1.490629441394e-11	-8.880080898616e-11	4.502452368688e-11
1.702000000000e-06	-1.459483274543e-11	-8.856603434112e-11	4.494039268085e-11
1.703000000000e-06	-1.395149001880e-11	-8.634967249866e-11	4.340539207925e-11
1.704000000000e-06	-1.340789580489e-11	-8.103078110032e-11	4.134105601086e-11
1.705000000000e-06	-1.241283522564e-11	-8.945481333171e-11	4.135819830862e-11
1.706000000000e-06	-1.214678911945e-11	-8.463277972607e-11	4.006461935439e-11
1.707000000000e-06	-1.307353214641e-11	-8.237593839529e-11	4.116658708777e-11
1.708000000000e-06	-1.545120835382e-11	-8.479842008908e-11	4.472080707396e-11
1.709000000000e-06	-1.285979200650e-11	-7.288618444037e-11	3.883909669681e-11
1.710000000000e-06	-1.672119967585e-11	-7.942854544860e-11	4.589502021658e-11
1.711000000000e-06	-1.383258630302e-11	-7.868037787454e-11	4.087528409472e-11
1.712000000000e-06	-1.502447553127e-11	-7.905201492511e-11	4.326270322941e-11
1.713000000000e-06	-1.543160648192e-11	-7.490050766883e-11	4.275592633677e-11
1.714000000000e-06	-1.470928454368e-11	-7.733192063187e-11	4.199053169881e-11
1.715000000000e-06	-1.221823727757e-11	-7.642049781543e-11	3.794759128494e-11
1.716000000000e-06	-1.226528200602e-11	-7.482366915284e-11	3.725002139831e-11
1.717000000000e-06	-1.624012748429e-11	-7.454603385766e-11	4.370959813614e-11
1.718000000000e-06	-1.213080491974e-11	-6.573315899793e-11	3.590664379909e-11
1.719000000000e-06	-1.368522006311e-11	-7.117966373019e-11	3.924075276189e-11
1.720000000000e-06	-1.474214184154e-11	-6.907994573128e-11	4.026971423743e-11
1.721000000000e-06	-1.318358104530e-11	-7.105444257370e-11	3.787454053919e-11
1.722000000000e-06	-1.395499504775e-11	-6.967760141324e-11	3.889618354817e-11
1.723000000000e-06	-1.308790248642e-11	-7.397586302169e-11	3.822932883785e-11
1.724000000000e-06	-1.612201680928e-11	-6.805332348397e-11	4.235286627373e-11
1.725000000000e-06	-1.201135083812e-11	-6.917552611007e-11	3.548960244994e-11
1.726000000000e-06	-1.611897638314e-11	-6.146947812833e-11	4.080775413250e-11
1.727000000000e-06	-1.364110768259e-11	-6.188917178763e-11	3.700847589456e-11
1.728000000000e-06	-1.313014917253e-11	-7.085399699267e-11	3.693760049800e-11
1.729000000000e-06	-1.375743103829e-11	-6.806610155918e-11	3.803328702229e-11
1.730000000000e-06	-1.485803314697e-11	-6.378878813831e-11	3.863911720636e-11
1.731000000000e-06	-1.381962116345e-11	-5.876869159580e-11	3.689128336301e-11
1.732000000000e-06	-1.044522872326e-11	-6.428729555009e-11	3.133894623635e-11
1.733000000000e-06	-1.183212787595e-11	-6.051594238052e-11	3.345004452922e-11
1.734000000000e-06	-1.407100230317e-11	-5.706174114073e-11	3.640961475182e-11
1.735000000000e-06	-1.359931833772e-11	-6.114227504274e-11	3.605894954875e-11
1.736000000000e-06	-1.275008932549e-11	-5.582068220164e-11	3.437477038224e-11
1.737000000000e-06	-1.307960474300e-11	-6.205297817772e-11	3.498036153718e-11
1.738000000000e-06	-1.234981170100e-11	-5.887395572476e-11	3.357576852103e-11
1.739000000000e-06	-9.441001113289e-12	-5.648773729549e-11	2.840533627771e-11
1.740000000000e-06	-1.097312593904e-11	-5.646384734450e-11	3.080558307989e-11
1.741000000000e-06	-1.327547337118e-11	-4.889257792834e-11	3.351550785817e-11
1.742000000000e-06	-1.258227355287e-11	-6.067059812369e-11	3.384482718813e-11
1.743000000000e-06	-8.735800873731e-12	-5.665471478277e-11	2.699686799087e-11
1.744000000000e-06	-1.360195386779e-11	-4.717684894463e-11	3.313293978162e-11
1.745000000000e-06	-1.062135248543e-11	-5.049511928807e-11	2.900512877025e-11
1.746000000000e-06	-1.277351609807e-11	-5.342097384104e-11	3.275754575786e-11
1.747000000000e-06	-1.285054492005e-11	-5.303030278077e-11	3.299402561794e-11
1.748000000000e-06	-1.130934300992e-11	-4.874355177268e-11	2.954067538798e-11
1.749000000000e-06	-9.685625622152e-12	-4.995509376337e-11	2.720319538458e-11
1.750000000000e-06	-9.848277691894e-12	-4.898884272379e-11	2.753535362029e-11
1.751000000000e-06	-8.582805612076e-12	-5.158459882996e-11	2.578167292607e-11
1.752000000000e-06	-1.374282821483e-11	-4.720532461418e-11	3.318088640141e-11
1.753000000000e-06	-1.305286855451e-11	-4.215632120040e-11	3.184461666911e-11
1.754000000000e-06	-1.147513839731e-11	-4.716992232813e-11	2.933876271690e-11
1.755000000000e-06	-1.141966139869e-11	-4.704692258869e-11	2.920957126988e-11
1.756000000000e-06	-1.053723987060e-11	-5.027143181202e-11	2.827811107316e-11
1.757000000000e-06	-8.338101602634e-12	-4.377021271850e-11	2.347907755142e-11
1.758000000000e-06	-1.000109326653e-11	-4.796058000093e-11	2.683642667983e-11
1.759000000000e-06	-8.736042184765e-12	-4.209921244578e-11	2.398366707401e-11
1.760000000000e-06	-1.060792542300e-11	-4.698370397253e-11	2.743157063805e-11
1.761000000000e-06	-1.087678732008e-11	-3.968356425300e-11	2.708570238581e-11
1.762000000000e-06	-1.274033801471e-11	-4.851455321278e-11	3.120646113941e-11
1.763000000000e-06	-7.453975831700e-12	-4.401985571398e-11	2.169222287261e-11
1.764000000000e-06	-9.107221075497e-12	-4.468127848217e-11	2.459619169837e-11
1.765000000000e-06	-8.882008314662e-12	-4.262323869773e-11	2.381302502004e-11
1.766000000000e-06	-8.227977318690e-12	-3.975773048902e-11	2.219286797748e-11
1.767000000000e-06	-1.178375328990e-11	-3.464777673228e-11	2.771549432130e-11
1.768000000000e-06	-8.477766157385e-12	-4.360374773703e-11	2.273093466070e-11
1.769000000000e-06	-9.541526448134e-12	-3.608307086443e-11	2.405637215487e-11
1.770000000000e-06	-8.880672327786e-12	-4.335638126869e-11	2.339267885962e-11
1.771000000000e-06	-9.599124524712e-12	-3.487337931722e-11	2.391784717535e-11
1.772000000000e-06	-1.002887014522e-11	-3.837756742168e-11	2.484533320141e-11
1.773000000000e-06	-6.847177610852e-12	-3.192765474483e-11	1.914782606088e-11
1.774000000000e-06	-8.168338406737e-12	-3.879399016122e-11	2.176176496809e-11
1.775000000000e-06	-9.140948757870e-12	-3.624726146006e-11	2.293290420681e-11
1.776000000000e-06	-8.722562484503e-12	-3.240854531039e-11	2.201245236233e-11
1.777000000000e-06	-7.666731184543e-12	-3.516106393667e-11	2.051731288262e-11
1.778000000000e-06	-7.948607716818e-12	-3.709715741903e-11	2.091973170620e-11
1.779000000000e-06	-1.001826311026e-11	-3.200021158402e-11	2.432808385502e-11
1.780000000000e-06	-8.321939375345e-12	-3.014836975406e-11	2.053595716944e-11
1.781000000000e-06	-5.984925930669e-12	-3.395445800884e-11	1.697242508699e-11
1.782000000000e-06	-7.492364174376e-12	-3.171913486418e-11	1.966724248117e-11
1.783000000000e-06	-6.513844979071e-12	-3.220277895442e-11	1.807959910386e-11
1.784000000000e-06	-8.076709972634e-12	-3.244415872333e-11	2.055731875208e-11
1.785000000000e-06	-7.036570959572e-12	-3.390448700602e-11	1.902818785673e-11
1.786000000000e-06	-1.013139728060e-11	-2.908152741146e-11	2.327194795603e-11
1.787000000000e-06	-8.388405471427e-12	-2.698449140949e-11	2.039832725166e-11
1.788000000000e-06	-8.643424696811e-12	-2.958666443657e-11	2.103564032509e-11
1.789000000000e-06	-5.887456671506e-12	-2.900991958957e-11	1.608913667479e-11
1.790000000000e-06	-7.738345696374e-12	-2.834019030267e-11	1.919894802188e-11
1.791000000000e-06	-5.713398940270e-12	-2.596291298758e-11	1.547438458187e-11
1.792000000000e-06	-6.967182600528e-12	-2.817569245245e-11	1.806375810308e-11
1.793000000000e-06	-5.614013087557e-12	-2.707076873110e-11	1.537424188698e-11
1.794000000000e-06	-6.747475629676e-12	-3.353011724906e-11	1.778928901071e-11
1.795000000000e-06	-6.844870917660e-12	-2.726413541535e-11	1.760581368696e-11
1.796000000000e-06	-6.931303900708e-12	-2.631638660683e-11	1.776954584220e-11
1.797000000000e-06	-8.230008838746e-12	-2.310763278926e-11	1.908061716414e-11
1.798000000000e-06	-6.200934302622e-12	-2.614206719216e-11	1.574280742189e-11
1.799000000000e-06	-6.957728224247e-12	-2.250455519388e-11	1.737848682477e-11
1.800000000000e-06	-6.449477080768e-12	-2.767412811679e-11	1.630066914026e-11
1.801000000000e-06	-4.626900481426e-12	-2.209508386219e-11	1.312426656029e-11
1.802000000000e-06	-6.501093992868e-12	-2.450980688412e-11	1.643511064584e-11
1.803000000000e-06	-7.232929734134e-12	-3.109404390233e-11	1.783763387406e-11
1.804000000000e-06	-3.132226929222e-12	-2.585028411337e-11	1.055507523424e-11
1.805000000000e-06	-4.421376883386e-12	-2.431313948864e-11	1.248698898127e-11
1.806000000000e-06	-5.795122061508e-12	-2.655037304717e-11	1.539961705932e-11
1.807000000000e-06	-6.530914096383e-12	-2.639530419229e-11	1.621621618535e-11
1.808000000000e-06	-6.379610160332e-12	-2.301020581360e-11	1.599678400389e-11
1.809000000000e-06	-6.833257104119e-12	-2.256414581874e-11	1.587577970577e-11
1.810000000000e-06	-4.893099265457e-12	-1.962576544008e-11	1.312670845190e-11
1.811000000000e-06	-3.468152528521e-12	-2.196199277871e-11	1.045861463333e-11
1.812000000000e-06	-2.752743475467e-12	-2.373824918989e-11	9.390530389388e-12
1.813000000000e-06	-7.033735843951e-12	-2.158733327185e-11	1.662619998656e-11
1.814000000000e-06	-4.550530035621e-12	-2.061994577389e-11	1.223883322153e-11
1.815000000000e-06	-5.540405906874e-12	-2.367271687771e-11	1.396913767591e-11
1.816000000000e-06	-4.099875148964e-12	-1.628909412934e-11	1.135286163635e-11
1.817000000000e-06	-5.528019122084e-12	-2.107268407891e-11	1.402854782776e-11
1.818000000000e-06	-5.858110925002e-12	-1.750096022757e-11	1.439739463114e-11
1.819000000000e-06	-5.131572553213e-12	-1.885410961584e-11	1.282431307967e-11
1.820000000000e-06	-5.099871970419e-12	-2.220204548555e-11	1.264440199789e-11
1.821000000000e-06	-4.893791544087e-12	-1.565902937782e-11	1.210041823736e-11
1.822000000000e-06	-4.739141057086e-12	-1.714097895019e-11	1.191072392728e-11
1.823000000000e-06	-6.339593781548e-12	-2.031092912030e-11	1.490415879895e-11
1.824000000000e-06	-3.962376167575e-12	-2.011103833121e-11	1.052866586692e-11
1.825000000000e-06	-5.236505843505e-12	-1.778319182369e-11	1.289463787707e-11
1.826000000000e-06	-4.627313609455e-12	-1.277598549504e-11	1.116899326924e-11
1.827000000000e-06	-4.543652305790e-12	-2.090645878967e-11	1.140229709969e-11
1.828000000000e-06	-5.433176929811e-12	-1.844660095890e-11	1.316450681825e-11
1.829000000000e-06	-5.503519039022e-12	-1.739548378268e-11	1.322359063769e-11
1.830000000000e-06	-4.690828730651e-12	-1.523977109316e-11	1.200598001867e-11
1.831000000000e-06	-5.421507347989e-12	-1.624450401336e-11	1.297288849408e-11
1.832000000000e-06	-3.203104707569e-12	-1.746604024909e-11	9.308580900508e-12
1.833000000000e-06	-5.002046928807e-12	-1.734734235505e-11	1.223487774398e-11
1.834000000000e-06	-3.307529285421e-12	-1.454681291121e-11	8.968416171642e-12
1.835000000000e-06	-3.971221629445e-12	-1.601481682754e-11	1.041668730310e-11
1.836000000000e-06	-3.779701440838e-12	-1.913248205811e-11	1.008213002057e-11
1.837000000000e-06	-5.094402249101e-12	-1.433423104180e-11	1.168584616300e-11
1.838000000000e-06	-3.984522924306e-12	-1.760280745943e-11	1.022825213663e-11
1.839000000000e-06	-2.164416343030e-12	-1.421797354379e-11	6.649565580998e-12
1.840000000000e-06	-3.742832157619e-12	-1.529065577367e-11	9.358734568327e-12
1.841000000000e-06	-4.378239852576e-12	-1.555663807190e-11	1.042136890882e-11
1.842000000000e-06	-3.055763042934e-12	-1.708794136610e-11	8.672095943336e-12
1.843000000000e-06	-1.688025858493e-12	-1.171355618182e-11	5.887864048747e-12
1.844000000000e-06	-5.176970504740e-12	-1.465104567032e-11	1.210042622491e-11
1.845000000000e-06	-5.207674563287e-12	-1.422082070349e-11	1.208639201210e-11
1.846000000000e-06	-4.910780064287e-12	-1.467095636154e-11	1.133529428629e-11
1.847000000000e-06	-4.368137027857e-12	-1.190520065721e-11	1.004102981289e-11
1.848000000000e-06	-2.582249574288e-12	-1.260095737093e-11	7.281354971203e-12
1.849000000000e-06	-4.736553760937e-12	-1.083572977828e-11	1.095410480793e-11
1.850000000000e-06	-1.948034941345e-12	-1.568004214979e-11	6.484854344168e-12
1.851000000000e-06	-4.562579100697e-12	-1.260837242553e-11	1.075054741857e-11
1.852000000000e-06	-2.028036148754e-12	-9.832659129608e-12	6.218937747965e-12
1.853000000000e-06	-2.783704284715e-12	-1.329378602295e-11	7.311311779788e-12
1.854000000000e-06	-5.538644861674e-12	-1.096563315973e-11	1.191469592883e-11
1.855000000000e-06	-4.272812544896e-12	-1.239595195623e-11	1.002218684288e-11
1.856000000000e-06	-2.033160153401e-12	-1.532364920481e-11	6.783514519091e-12
1.857000000000e-06	-2.449660021807e-12	-1.214436808724e-11	6.846856222717e-12
1.858000000000e-06	-3.207738619678e-12	-1.248860071003e-11	7.899961074344e-12
1.859000000000e-06	-3.432641421742e-12	-1.397371821599e-11	8.223348869130e-12
1.860000000000e-06	-3.757663810392e-12	-1.130775135963e-11	9.196704777573e-12
1.861000000000e-06	-1.682291540674e-12	-1.036875217705e-11	5.484096618102e-12
1.862000000000e-06	-2.634801834422e-12	-1.169244471289e-11	7.091456645165e-12
1.863000000000e-06	-1.219087138857e-12	-1.131072556326e-11	4.521810584579e-12
1.864000000000e-06	-1.349697863389e-12	-1.335507417419e-11	4.600765494814e-12
1.865000000000e-06	-4.733236394111e-12	-4.501378449235e-12	1.058162133898e-11
1.866000000000e-06	-1.634243545137e-12	-1.441652786940e-11	5.113075527713e-12
1.867000000000e-06	-1.675654015777e-12	-1.337203867156e-11	4.985151232560e-12
1.868000000000e-06	-3.159879246658e-12	-1.088245459203e-11	8.031155863348e-12
1.869000000000e-06	-3.007157075411e-12	-1.283402800992e-11	7.337347216758e-12
1.870000000000e-06	-4.529383498606e-12	-1.016180888962e-11	1.022161118670e-11
1.871000000000e-06	-3.702319630113e-12	-8.028930452076e-12	8.886268098622e-12
1.872000000000e-06	-2.342450793415e-12	-8.411996773756e-12	6.015732072180e-12
1.873000000000e-06	-2.070511118303e-12	-6.654018461745e-12	6.205426652176e-12
1.874000000000e-06	-2.176104305440e-12	-1.051181809332e-11	6.363284057166e-12
1.875000000000e-06	-3.800084396953e-12	-1.115308358497e-11	8.152392029092e-12
1.876000000000e-06	-3.521658096055e-12	-8.311506369310e-12	7.576566831255e-12
1.877000000000e-06	-2.227293494764e-12	-9.962041811441e-12	5.743470053250e-12
1.878000000000e-06	-1.824354079131e-12	-7.915460227653e-12	4.982815194976e-12
1.879000000000e-06	-3.118577333856e-12	-7.770317358439e-12	7.975198917567e-12
1.880000000000e-06	-2.857602817748e-12	-8.919366309367e-12	7.041201549931e-12
1.881000000000e-06	-3.332532616405e-12	-8.326401453245e-12	8.067934445553e-12
1.882000000000e-06	-2.832700500788e-12	-1.061095488191e-11	6.884587583007e-12
1.883000000000e-06	-2.633469009687e-12	-6.162182086626e-12	6.302359138601e-12
1.884000000000e-06	-2.722164452116e-12	-9.562662287753e-12	6.345186781428e-12
1.885000000000e-06	-1.818948637975e-12	-7.175518337255e-12	4.906630258858e-12
1.886000000000e-06	-2.865872373834e-12	-1.005166716322e-11	7.024525278069e-12
1.887000000000e-06	-7.848654009017e-13	-9.791469752138e-12	2.515429161120e-12
1.888000000000e-06	-2.457744007742e-12	-9.116124752463e-12	6.390048503557e-12
1.889000000000e-06	-2.193102319323e-12	-1.029789865393e-11	5.776406018119e-12
1.890000000000e-06	-1.374639859867e-12	-6.102353514693e-12	4.137170258368e-12
1.891000000000e-06	-1.360595152609e-12	-9.251849819091e-12	3.943354808815e-12
1.892000000000e-06	-4.227386751558e-12	-5.711381979662e-12	9.139087507221e-12
1.893000000000e-06	-1.815517866982e-12	-4.123442681562e-12	4.916336274151e-12
1.894000000000e-06	-1.216220302434e-12	-7.122304866749e-12	3.819715696767e-12
1.895000000000e-06	-1.889746563471e-12	-6.372617480356e-12	5.091147893034e-12
1.896000000000e-06	-2.631249191220e-12	-9.284783715846e-12	6.584521066115e-12
1.897000000000e-06	-1.738740249646e-12	-8.975450600118e-12	4.522907503891e-12
1.898000000000e-06	-2.691833751105e-12	-7.513438296991e-12	6.375926003970e-12
1.899000000000e-06	-2.080581017640e-12	-5.605016302197e-12	4.834144629253e-12
1.900000000000e-06	-2.620476859746e-12	-6.603605624020e-12	6.452875453399e-12
1.901000000000e-06	-2.797151412855e-12	-9.397361236607e-12	6.737857710008e-12
1.902000000000e-06	-2.763465727670e-12	-6.445376527254e-12	6.139816718520e-12
1.903000000000e-06	-1.063815508893e-12	-5.716136144948e-12	3.448339159504e-12
1.904000000000e-06	-2.582969270026e-12	-8.067437737946e-12	6.293762457440e-12
1.905000000000e-06	-2.498804645762e-12	-4.497296437753e-12	5.313687578308e-12
1.906000000000e-06	-1.898967640387e-12	-5.096819592453e-12	4.738615082152e-12
1.907000000000e-06	-1.465554587994e-12	-7.117962961718e-12	4.024957977144e-12
1.908000000000e-06	-1.049936346712e-12	-4.903516334867e-12	3.794109183758e-12
1.909000000000e-06	-1.004203329049e-12	-7.851996977822e-12	3.321533823719e-12
1.910000000000e-06	-2.982560981917e-12	-6.485788090072e-12	6.761315257903e-12
1.911000000000e-06	-1.790118425617e-12	-6.559796928180e-12	5.194624295919e-12
1.912000000000e-06	-1.980731645400e-12	-5.909600801152e-12	4.705498454085e-12
1.913000000000e-06	-1.359355282477e-12	-5.515326609515e-12	3.679285485734e-12
1.914000000000e-06	-1.808647667114e-12	-4.749908259859e-12	4.293076714818e-12
1.915000000000e-06	-2.250990558120e-12	-7.429131189593e-12	5.243451822981e-12
1.916000000000e-06	-9.514003041896e-13	-6.324117796651e-12	3.407928894864e-12
1.917000000000e-06	-2.264419217216e-12	-5.004278088313e-12	5.404325769870e-12
1.918000000000e-06	-1.183293538815e-12	-6.296903249134e-12	3.561684285261e-12
1.919000000000e-06	-1.825335733720e-12	-5.858216340163e-12	4.742810757567e-12
1.920000000000e-06	-2.197481961499e-12	-5.283134439507e-12	5.243755077880e-12
1.921000000000e-06	-1.146991995286e-12	-2.828267798469e-12	2.965220926455e-12
1.922000000000e-06	-1.726958017186e-12	-6.971694372622e-12	4.499017694589e-12
1.923000000000e-06	-2.239863829090e-12	-5.184215958532e-12	5.409930832063e-12
1.924000000000e-06	-2.002571292209e-12	-6.616842293522e-12	4.656021855505e-12
1.925000000000e-06	-1.606830911788e-12	-4.453289632607e-12	3.905928162397e-12
1.926000000000e-06	-7.994257064646e-13	-6.240473666700e-12	2.609816073037e-12
1.927000000000e-06	-1.123358458332e-12	-6.931767429253e-12	2.947758179464e-12
1.928000000000e-06	-1.692368779092e-12	-4.402487834549e-12	4.072578128109e-12
1.929000000000e-06	-1.843729404326e-12	-4.422656227887e-12	4.437126791078e-12
1.930000000000e-06	-2.147699011233e-12	-4.062374454774e-12	5.314013904040e-12
1.931000000000e-06	-1.957134153835e-13	-5.734302002259e-12	1.435684135418e-12
1.932000000000e-06	-1.963600999416e-12	-4.576455673905e-12	4.977319371994e-12
1.933000000000e-06	-1.197238137583e-12	-5.227371321544e-12	2.613473604325e-12
1.934000000000e-06	-2.496020446818e-12	-3.741445746322e-12	5.266856388505e-12
1.935000000000e-06	-3.342427305174e-13	-5.302196297264e-12	1.539055762736e-12
1.936000000000e-06	-8.168253830510e-13	-6.143577364521e-12	2.587027095192e-12
1.937000000000e-06	-8.307031734743e-13	-6.193648681213e-12	2.397820415519e-12
1.938000000000e-06	-1.484169683533e-12	-2.483160146150e-12	3.081313387449e-12
1.939000000000e-06	-1.701697122116e-12	-6.309762519664e-12	3.600687839988e-12
1.940000000000e-06	-1.720061614125e-12	-3.217000849116e-12	4.623573681660e-12
1.941000000000e-06	-9.151460190891e-13	-4.106888265034e-12	2.555488207150e-12
1.942000000000e-06	-2.897000340579e-12	-4.613661331019e-12	6.006657449441e-12
1.943000000000e-06	-1.089128735948e-12	-4.588962926460e-12	3.082655882829e-12
1.944000000000e-06	1.887573186699e-13	-7.025755862682e-12	3.286914090842e-13
1.945000000000e-06	-9.772868492673e-13	-2.262714035019e-12	3.450630741958e-12
1.946000000000e-06	-1.237917978026e-12	-4.528185458911e-12	3.389847769298e-12
1.947000000000e-06	-1.418897955902e-12	-5.482157619774e-12	3.128442052486e-12
1.948000000000e-06	-2.601019298786e-12	-3.423202428090e-12	4.958083875418e-12
1.949000000000e-06	-6.184660715617e-13	-5.150180768235e-12	2.466793571512e-12
1.950000000000e-06	-1.765709206565e-12	-2.941948368571e-12	4.283796485209e-12
1.951000000000e-06	-1.520687869103e-12	-4.499051392427e-12	3.402018255940e-12
1.952000000000e-06	-5.536870798942e-13	-3.229145891472e-12	1.983738111287e-12
1.953000000000e-06	-1.329367104996e-12	-3.284652430294e-12	3.561850012191e-12
1.954000000000e-06	-1.330314639525e-12	-4.614284839300e-12	3.312998804125e-12
1.955000000000e-06	-1.727707590858e-12	-4.874793357778e-12	4.174862882205e-12
1.956000000000e-06	-1.305056398340e-12	-2.558904699148e-12	3.392199636685e-12
1.957000000000e-06	-1.118633675375e-12	-3.834077586173e-12	2.968248348489e-12
