1.632000000000e-06	0.000000000000e+00	0.000000000000e+00	0.000000000000e+00
1.633000000000e-06	0.000000000000e+00	0.000000000000e+00	0.000000000000e+00
1.634000000000e-06	0.000000000000e+00	0.000000000000e+00	0.000000000000e+00
1.635000000000e-06	0.000000000000e+00	0.000000000000e+00	0.000000000000e+00
1.636000000000e-06	0.000000000000e+00	0.000000000000e+00	0.000000000000e+00
1.637000000000e-06	0.000000000000e+00	0.000000000000e+00	0.000000000000e+00
1.638000000000e-06	0.000000000000e+00	0.000000000000e+00	0.000000000000e+00
1.639000000000e-06	0.000000000000e+00	0.000000000000e+00	0.000000000000e+00
1.640000000000e-06	0.000000000000e+00	0.000000000000e+00	0.000000000000e+00
1.641000000000e-06	0.000000000000e+00	0.000000000000e+00	0.000000000000e+00
1.642000000000e-06	0.000000000000e+00	0.000000000000e+00	0.000000000000e+00
1.643000000000e-06	0.000000000000e+00	0.000000000000e+00	0.000000000000e+00
1.644000000000e-06	0.000000000000e+00	0.000000000000e+00	0.000000000000e+00
1.645000000000e-06	0.000000000000e+00	0.000000000000e+00	0.000000000000e+00
1.646000000000e-06	0.000000000000e+00	0.000000000000e+00	0.000000000000e+00
1.647000000000e-06	0.000000000000e+00	0.000000000000e+00	0.000000000000e+00
1.648000000000e-06	0.000000000000e+00	0.000000000000e+00	0.000000000000e+00
1.649000000000e-06	0.000000000000e+00	0.000000000000e+00	0.000000000000e+00
1.650000000000e-06	0.000000000000e+00	0.000000000000e+00	0.000000000000e+00
1.651000000000e-06	0.000000000000e+00	0.000000000000e+00	0.000000000000e+00
1.652000000000e-06	0.000000000000e+00	0.000000000000e+00	0.000000000000e+00
1.653000000000e-06	0.000000000000e+00	0.000000000000e+00	0.000000000000e+00
1.654000000000e-06	0.000000000000e+00	0.000000000000e+00	0.000000000000e+00
1.655000000000e-06	0.000000000000e+00	0.000000000000e+00	0.000000000000e+00
1.656000000000e-06	0.000000000000e+00	0.000000000000e+00	0.000000000000e+00
1.657000000000e-06	0.000000000000e+00	0.000000000000e+00	0.000000000000e+00
1.658000000000e-06	0.000000000000e+00	0.000000000000e+00	0.000000000000e+00
1.659000000000e-06	0.000000000000e+00	0.000000000000e+00	0.000000000000e+00
1.660000000000e-06	0.000000000000e+00	0.000000000000e+00	0.000000000000e+00
1.661000000000e-06	0.000000000000e+00	0.000000000000e+00	0.000000000000e+00
1.662000000000e-06	0.000000000000e+00	0.000000000000e+00	0.000000000000e+00
1.663000000000e-06	0.000000000000e+00	0.000000000000e+00	0.000000000000e+00
1.664000000000e-06	0.000000000000e+00	0.000000000000e+00	0.000000000000e+00
1.665000000000e-06	0.000000000000e+00	0.000000000000e+00	0.000000000000e+00
1.666000000000e-06	0.000000000000e+00	0.000000000000e+00	0.000000000000e+00
1.667000000000e-06	0.000000000000e+00	0.000000000000e+00	0.000000000000e+00
1.668000000000e-06	0.000000000000e+00	0.000000000000e+00	0.000000000000e+00
1.669000000000e-06	0.000000000000e+00	0.000000000000e+00	0.000000000000e+00
1.670000000000e-06	0.000000000000e+00	0.000000000000e+00	0.000000000000e+00
1.671000000000e-06	0.000000000000e+00	0.000000000000e+00	0.000000000000e+00
1.672000000000e-06	0.000000000000e+00	0.000000000000e+00	0.000000000000e+00
1.673000000000e-06	0.000000000000e+00	0.000000000000e+00	0.000000000000e+00
1.674000000000e-06	0.000000000000e+00	0.000000000000e+00	0.000000000000e+00
1.675000000000e-06	0.000000000000e+00	0.000000000000e+00	0.000000000000e+00
1.676000000000e-06	0.000000000000e+00	0.000000000000e+00	0.000000000000e+00
1.677000000000e-06	0.000000000000e+00	0.000000000000e+00	0.000000000000e+00
1.678000000000e-06	0.000000000000e+00	0.000000000000e+00	0.000000000000e+00
1.679000000000e-06	0.000000000000e+00	0.000000000000e+00	0.000000000000e+00
1.680000000000e-06	0.000000000000e+00	0.000000000000e+00	0.000000000000e+00
1.681000000000e-06	0.000000000000e+00	0.000000000000e+00	0.000000000000e+00
1.682000000000e-06	0.000000000000e+00	0.000000000000e+00	0.000000000000e+00
1.683000000000e-06	0.000000000000e+00	0.000000000000e+00	0.000000000000e+00
1.684000000000e-06	0.000000000000e+00	0.000000000000e+00	0.000000000000e+00
1.685000000000e-06	0.000000000000e+00	0.000000000000e+00	0.000000000000e+00
1.686000000000e-06	0.000000000000e+00	0.000000000000e+00	0.000000000000e+00
1.687000000000e-06	0.000000000000e+00	0.000000000000e+00	0.000000000000e+00
1.688000000000e-06	0.000000000000e+00	0.000000000000e+00	0.000000000000e+00
1.689000000000e-06	0.000000000000e+00	0.000000000000e+00	0.000000000000e+00
1.690000000000e-06	0.000000000000e+00	0.000000000000e+00	0.000000000000e+00
1.691000000000e-06	0.000000000000e+00	0.000000000000e+00	0.000000000000e+00
1.692000000000e-06	0.000000000000e+00	0.000000000000e+00	0.000000000000e+00
1.693000000000e-06	0.000000000000e+00	0.000000000000e+00	0.000000000000e+00
1.694000000000e-06	5.339092243241e-18	-5.415895982694e-17	1.257004990337e-17
1.695000000000e-06	2.371104980947e-17	-2.111654352047e-16	4.513368747738e-17
1.696000000000e-06	1.697803540464e-16	-1.028265793527e-15	1.450018376303e-16
1.697000000000e-06	6.125169970142e-17	-2.975878528201e-16	2.644723014298e-17
1.698000000000e-06	-9.091968224578e-17	-5.877753862735e-16	3.481811797368e-16
1.699000000000e-06	1.340670203931e-16	4.830237184629e-15	-1.983434215233e-15
1.700000000000e-06	-4.529951896858e-16	-2.061080592513e-15	1.395840552717e-15
1.701000000000e-06	2.092519606460e-16	-5.766386394904e-16	-6.398118871058e-17
1.702000000000e-06	9.052725916032e-16	-2.367461237271e-15	-4.079772151924e-16
1.703000000000e-06	9.433630860490e-16	3.102517380537e-14	-1.297915736332e-14
1.704000000000e-06	-6.285172835689e-15	2.919548519385e-14	-1.886261033898e-15
1.705000000000e-06	3.772556618084e-15	-1.541702383015e-14	3.488474666970e-16
1.706000000000e-06	-5.373839574510e-16	1.363763756064e-14	-4.279445866129e-15
1.707000000000e-06	-7.890194348960e-15	1.586295650389e-14	4.815223894943e-15
1.708000000000e-06	1.054703275335e-15	7.272867484783e-15	-3.740642244400e-15
1.709000000000e-06	2.471792893809e-15	1.452883513863e-14	-9.296505728486e-15
1.710000000000e-06	-1.712699777476e-14	6.141170065325e-14	3.868388733350e-16
1.711000000000e-06	2.960905235988e-15	1.308755217293e-14	-9.615227626170e-15
1.712000000000e-06	2.512235782943e-16	2.602540057034e-14	-1.049316939816e-14
1.713000000000e-06	-1.444700196692e-14	6.125119234488e-14	-3.575467064378e-15
1.714000000000e-06	4.376616276500e-15	4.509650587603e-14	-2.327394216645e-14
1.715000000000e-06	-3.660145058515e-14	1.068640688504e-13	9.346095731255e-15
1.716000000000e-06	-2.297201001184e-14	1.228826261513e-13	-1.593647666360e-14
1.717000000000e-06	-3.973292683112e-14	1.293088299824e-13	5.513585498224e-15
1.718000000000e-06	4.478350569928e-15	1.408061583660e-13	-6.102314367196e-14
1.719000000000e-06	-2.051211362201e-14	1.230553319593e-13	-1.925409339667e-14
1.720000000000e-06	-2.756705829219e-14	1.164560164853e-13	-6.791355469633e-15
1.721000000000e-06	-2.031072969521e-14	1.724708616331e-13	-3.859146334922e-14
1.722000000000e-06	-6.303061410824e-14	2.809587601879e-13	-2.223715990916e-14
1.723000000000e-06	-3.175939355206e-14	2.052573200218e-13	-3.743410972235e-14
1.724000000000e-06	-2.141410154260e-15	2.242133219204e-13	-8.757298311201e-14
1.725000000000e-06	-1.558264185727e-13	3.960831741786e-13	6.157596188264e-14
1.726000000000e-06	-1.293514327569e-13	4.306245556951e-13	9.443511675723e-15
1.727000000000e-06	-3.377582632674e-14	3.440445457632e-13	-8.796616384224e-14
1.728000000000e-06	-1.287490387946e-13	4.319824347833e-13	6.917704212002e-15
1.729000000000e-06	-1.577647774920e-13	4.818639936082e-13	3.033218779326e-14
1.730000000000e-06	-1.421724663410e-13	3.889812809715e-13	4.255580343808e-14
1.731000000000e-06	-7.883601666823e-14	9.125330843486e-13	-2.556459423532e-13
1.732000000000e-06	-8.944126068594e-14	1.141126336718e-12	-3.338821351113e-13
1.733000000000e-06	-1.141427252043e-13	9.157407620361e-13	-2.088313710324e-13
1.734000000000e-06	-1.904426882206e-13	1.020079634860e-12	-1.452814708141e-13
1.735000000000e-06	-3.431156173838e-13	1.554595900950e-12	-1.519257257044e-13
1.736000000000e-06	-2.938214384153e-13	1.663598159166e-12	-2.617470691459e-13
1.737000000000e-06	-4.974713019678e-13	1.859372001016e-12	-6.005103219908e-14
1.738000000000e-06	-3.600384770128e-13	2.241199893478e-12	-4.091722293271e-13
1.739000000000e-06	-4.822226382977e-13	2.199226893874e-12	-2.247023682998e-13
1.740000000000e-06	-3.138922111069e-13	2.376851277825e-12	-5.353870065873e-13
1.741000000000e-06	-3.884724377113e-13	2.084680463966e-12	-3.093248502464e-13
1.742000000000e-06	-7.464733093528e-13	3.217417122093e-12	-2.717352974595e-13
1.743000000000e-06	-7.567995530587e-14	2.694567410078e-12	-1.003256565918e-12
1.744000000000e-06	-8.536212677465e-13	3.867913747206e-12	-3.947287666446e-13
1.745000000000e-06	-6.333174964244e-13	4.121124138916e-12	-8.149570231514e-13
1.746000000000e-06	-1.003719153094e-12	4.757397724882e-12	-5.622189798038e-13
1.747000000000e-06	-8.611015711769e-13	5.271026822809e-12	-9.797098620125e-13
1.748000000000e-06	-1.134386493734e-12	5.813921497315e-12	-8.274490086011e-13
1.749000000000e-06	-9.396750418867e-13	6.449859838003e-12	-1.365141385060e-12
1.750000000000e-06	-1.386203698537e-12	7.289941899574e-12	-1.103938345047e-12
1.751000000000e-06	-8.043059709388e-13	6.618887415188e-12	-1.644855724431e-12
1.752000000000e-06	-2.247556230385e-12	9.021766477110e-12	-6.158973378042e-13
1.753000000000e-06	-1.050935830695e-12	9.000795014328e-12	-2.296884918362e-12
1.754000000000e-06	-1.601011754317e-12	9.317781117763e-12	-1.667721963662e-12
1.755000000000e-06	-1.701646000352e-12	1.168339606465e-11	-2.535460851317e-12
1.756000000000e-06	-2.176034410125e-12	1.074324382635e-11	-1.494840882927e-12
1.757000000000e-06	-1.986145660124e-12	1.258860625187e-11	-2.538990982962e-12
1.758000000000e-06	-1.833233895070e-12	1.321434972484e-11	-3.035813437601e-12
1.759000000000e-06	-2.799482673861e-12	1.486982277594e-11	-2.400929450169e-12
1.760000000000e-06	-2.364440296759e-12	1.494691865336e-11	-3.054268567714e-12
1.761000000000e-06	-3.042015933741e-12	1.834815576772e-11	-3.573408192613e-12
1.762000000000e-06	-3.410056039099e-12	1.839687059654e-11	-3.085932166950e-12
1.763000000000e-06	-2.583162976124e-12	1.875354093806e-11	-4.416202141670e-12
1.764000000000e-06	-3.444858562411e-12	2.103364778861e-11	-4.208618896340e-12
1.765000000000e-06	-2.451507676646e-12	2.293120159637e-11	-6.455561177949e-12
1.766000000000e-06	-4.273298915625e-12	2.171261788589e-11	-3.397195245596e-12
1.767000000000e-06	-4.563780763115e-12	2.608769185805e-11	-4.882070308878e-12
1.768000000000e-06	-4.557498106332e-12	2.866443746902e-11	-6.027786509068e-12
1.769000000000e-06	-5.508876120081e-12	2.914804972596e-11	-4.941629265475e-12
1.770000000000e-06	-5.364430479036e-12	3.273198365342e-11	-6.727685238606e-12
1.771000000000e-06	-5.578031017473e-12	3.428127175929e-11	-7.128936629881e-12
1.772000000000e-06	-4.219826082986e-12	3.240093740230e-11	-8.277827986090e-12
1.773000000000e-06	-5.085440746521e-12	3.742142662491e-11	-9.274605941679e-12
1.774000000000e-06	-6.102640730628e-12	3.981333258690e-11	-8.906231387527e-12
1.775000000000e-06	-5.636179830426e-12	3.894833235775e-11	-9.250811180171e-12
1.776000000000e-06	-5.431881846548e-12	4.328751786758e-11	-1.150034656373e-11
1.777000000000e-06	-8.277433634344e-12	4.815771957773e-11	-9.680512820517e-12
1.778000000000e-06	-8.055768151373e-12	4.729417409952e-11	-9.660668899252e-12
1.779000000000e-06	-8.104222318458e-12	5.326833307390e-11	-1.228857824251e-11
1.780000000000e-06	-7.127996923619e-12	5.363541268945e-11	-1.388219127339e-11
1.781000000000e-06	-8.536390690664e-12	5.647402688640e-11	-1.320989248931e-11
1.782000000000e-06	-9.640919680348e-12	5.846296172362e-11	-1.261788527412e-11
1.783000000000e-06	-7.511643358446e-12	5.793235344859e-11	-1.543783794803e-11
1.784000000000e-06	-8.470584042671e-12	5.983992662594e-11	-1.500547149391e-11
1.785000000000e-06	-8.809206278632e-12	6.167510851831e-11	-1.539745983129e-11
1.786000000000e-06	-9.122190723206e-12	7.127567561544e-11	-1.935480254664e-11
1.787000000000e-06	-1.106806707149e-11	6.837049861513e-11	-1.534203109525e-11
1.788000000000e-06	-9.135093976429e-12	6.670377157989e-11	-1.742145933376e-11
1.789000000000e-06	-1.030292445195e-11	7.725270332184e-11	-2.061834469725e-11
1.790000000000e-06	-1.079036712331e-11	7.989006991237e-11	-2.117885481257e-11
1.791000000000e-06	-1.042655892946e-11	8.021043197270e-11	-2.195250877458e-11
1.792000000000e-06	-1.163661848774e-11	7.898297769909e-11	-1.973373534463e-11
1.793000000000e-06	-1.259563503230e-11	8.044609397597e-11	-1.916239248024e-11
1.794000000000e-06	-9.022434240991e-12	8.024691400769e-11	-2.419859713500e-11
1.795000000000e-06	-1.334160533596e-11	9.398160333714e-11	-2.443372842902e-11
1.796000000000e-06	-8.754842105618e-12	8.713192317577e-11	-2.789293389864e-11
1.797000000000e-06	-1.104354689662e-11	9.031360497561e-11	-2.623718339351e-11
1.798000000000e-06	-1.303212289085e-11	9.305813829392e-11	-2.476208708517e-11
1.799000000000e-06	-1.353916791736e-11	1.049381297995e-10	-2.967875958910e-11
1.800000000000e-06	-1.168664569964e-11	9.852935262202e-11	-2.940617407173e-11
1.801000000000e-06	-1.401949229599e-11	1.014756597305e-10	-2.762544543757e-11
1.802000000000e-06	-1.243186383293e-11	1.028019305175e-10	-3.054138524466e-11
1.803000000000e-06	-1.453986842041e-11	1.093814186871e-10	-3.075410305293e-11
1.804000000000e-06	-1.271854664665e-11	1.030867991046e-10	-3.049061032456e-11
1.805000000000e-06	-1.385832745508e-11	1.117135848327e-10	-3.297452041290e-11
1.806000000000e-06	-1.439521785049e-11	1.120439748749e-10	-3.254439480146e-11
1.807000000000e-06	-1.047636533947e-11	1.105452238607e-10	-3.752728263546e-11
1.808000000000e-06	-1.140006585145e-11	1.077681700985e-10	-3.507615426512e-11
1.809000000000e-06	-1.791326581893e-11	1.167172904531e-10	-3.010969879718e-11
1.810000000000e-06	-1.148700535856e-11	1.203334888673e-10	-4.108953559351e-11
1.811000000000e-06	-1.321115924502e-11	1.209678334783e-10	-3.904843809113e-11
1.812000000000e-06	-1.493794534571e-11	1.224922884712e-10	-3.742185564039e-11
1.813000000000e-06	-1.405550114641e-11	1.187078079387e-10	-3.706574567101e-11
1.814000000000e-06	-1.170342480099e-11	1.252809866569e-10	-4.370998403374e-11
1.815000000000e-06	-1.429171320932e-11	1.201620651709e-10	-3.770963661206e-11
1.816000000000e-06	-1.243176812083e-11	1.267316774439e-10	-4.358115266356e-11
1.817000000000e-06	-1.418217856070e-11	1.269043497732e-10	-4.138134006944e-11
1.818000000000e-06	-1.217939571895e-11	1.271913256474e-10	-4.444274978245e-11
1.819000000000e-06	-1.282256860938e-11	1.265224014604e-10	-4.338079546585e-11
1.820000000000e-06	-1.488525895295e-11	1.313484483984e-10	-4.293218026194e-11
1.821000000000e-06	-1.472365008139e-11	1.264843663476e-10	-4.095049513992e-11
1.822000000000e-06	-1.474224413901e-11	1.291223187821e-10	-4.227605641433e-11
1.823000000000e-06	-1.076176955360e-11	1.239184607267e-10	-4.565771894467e-11
1.824000000000e-06	-1.457267496508e-11	1.248374329365e-10	-4.079777732869e-11
1.825000000000e-06	-1.452694368999e-11	1.304414798916e-10	-4.369851271200e-11
1.826000000000e-06	-1.345490029114e-11	1.350222570391e-10	-4.768457408151e-11
1.827000000000e-06	-1.147779129011e-11	1.290296813905e-10	-4.767450099128e-11
1.828000000000e-06	-1.115810824163e-11	1.262477164905e-10	-4.701134455614e-11
1.829000000000e-06	-1.253424308495e-11	1.353808729158e-10	-4.954920158243e-11
1.830000000000e-06	-8.564737478259e-12	1.276375432453e-10	-5.159098605353e-11
1.831000000000e-06	-1.512951838717e-11	1.318647935865e-10	-4.454600260124e-11
1.832000000000e-06	-1.211556562284e-11	1.286057751888e-10	-4.736051220296e-11
1.833000000000e-06	-8.780055482308e-12	1.285683909413e-10	-5.214502007865e-11
1.834000000000e-06	-1.093316425218e-11	1.230619409626e-10	-4.658439035835e-11
1.835000000000e-06	-1.149574842597e-11	1.271059998410e-10	-4.809381100682e-11
1.836000000000e-06	-1.041646844350e-11	1.243749854879e-10	-4.830037991370e-11
1.837000000000e-06	-1.310594922787e-11	1.209197570792e-10	-4.288489023496e-11
1.838000000000e-06	-1.417261460774e-11	1.238448345928e-10	-4.304907350994e-11
1.839000000000e-06	-8.764827873067e-12	1.158569750019e-10	-4.696764078345e-11
1.840000000000e-06	-6.907134834905e-12	1.236676895756e-10	-5.359967135333e-11
1.841000000000e-06	-8.104860752922e-12	1.193427927510e-10	-4.989136050343e-11
1.842000000000e-06	-7.210545117414e-12	1.213049013957e-10	-5.227589475250e-11
1.843000000000e-06	-8.131068027987e-12	1.234436337650e-10	-5.221622187044e-11
1.844000000000e-06	-7.044295490526e-12	1.119722431850e-10	-4.815002657081e-11
1.845000000000e-06	-7.420349398764e-12	1.154428350094e-10	-4.954980244816e-11
1.846000000000e-06	-1.094320800527e-11	1.170183620913e-10	-4.535179091277e-11
1.847000000000e-06	-6.066819679616e-12	1.073920520412e-10	-4.774046965384e-11
1.848000000000e-06	-6.502822280121e-12	1.028256976001e-10	-4.494956760302e-11
1.849000000000e-06	-3.438386286081e-12	1.051423667382e-10	-5.062600064764e-11
1.850000000000e-06	-8.027979521595e-12	1.099050836216e-10	-4.652422389777e-11
1.851000000000e-06	-5.863132737441e-12	1.032046131248e-10	-4.642879186554e-11
1.852000000000e-06	-8.960910507237e-12	1.054538173166e-10	-4.334082964625e-11
1.853000000000e-06	-5.610074472343e-12	9.995513007406e-11	-4.553192792328e-11
1.854000000000e-06	-1.181883916185e-12	9.504149932085e-11	-4.934332255013e-11
1.855000000000e-06	-5.358977429561e-12	9.686399693980e-11	-4.457231884277e-11
1.856000000000e-06	-5.116964239872e-12	9.145363888305e-11	-4.222481660852e-11
1.857000000000e-06	-7.839547007708e-12	9.228818277077e-11	-3.891778574431e-11
1.858000000000e-06	-1.641519665647e-12	7.970021661701e-11	-4.144201748563e-11
1.859000000000e-06	-5.886738497437e-12	8.609705604274e-11	-3.876633682853e-11
1.860000000000e-06	-3.686182201678e-12	8.678359512386e-11	-4.247256898693e-11
1.861000000000e-06	-2.264235462239e-12	7.940287387464e-11	-4.083845750675e-11
1.862000000000e-06	-5.260754720100e-12	8.189691617765e-11	-3.783623587014e-11
1.863000000000e-06	-3.350027843247e-12	7.696294569970e-11	-3.817437489571e-11
1.864000000000e-06	-2.212061842419e-12	7.026210323148e-11	-3.649621960905e-11
1.865000000000e-06	-7.055491651966e-13	6.873837448090e-11	-3.796324560695e-11
1.866000000000e-06	-1.211022075870e-12	6.841535858239e-11	-3.715106694790e-11
1.867000000000e-06	-3.958986352733e-12	7.176626364324e-11	-3.514622765939e-11
1.868000000000e-06	-6.172718920429e-13	7.778476841997e-11	-4.301807489797e-11
1.869000000000e-06	-1.526395072558e-12	6.270963637511e-11	-3.417509150184e-11
1.870000000000e-06	-1.900308873890e-12	5.991228393380e-11	-3.233532310194e-11
1.871000000000e-06	-1.955242396552e-12	5.148496597250e-11	-2.784699499823e-11
1.872000000000e-06	-3.579343939320e-12	6.136679143124e-11	-3.083926545853e-11
1.873000000000e-06	-1.424187897741e-12	5.733133218296e-11	-3.180681995742e-11
1.874000000000e-06	-1.539827303643e-12	5.124615255948e-11	-2.857584032238e-11
1.875000000000e-06	-2.910391732358e-12	5.903071254139e-11	-3.076862521360e-11
1.876000000000e-06	-1.851029806225e-12	5.165100085082e-11	-2.865071584861e-11
1.877000000000e-06	5.976049791817e-13	5.340467689675e-11	-3.313267116278e-11
1.878000000000e-06	7.465311932125e-13	4.479355248824e-11	-2.892262230335e-11
1.879000000000e-06	1.238048139226e-12	3.347427570301e-11	-2.381884904829e-11
1.880000000000e-06	-1.138214635006e-12	4.228493799617e-11	-2.499641729341e-11
1.881000000000e-06	-2.493494578176e-12	4.176487381029e-11	-2.285594700267e-11
1.882000000000e-06	3.907210724363e-15	3.354340635340e-11	-2.199387229386e-11
1.883000000000e-06	-3.227827434351e-12	3.750754418879e-11	-1.976376525986e-11
1.884000000000e-06	1.230129205390e-12	2.896829833836e-11	-2.147653098392e-11
1.885000000000e-06	2.717394078251e-12	2.307567052165e-11	-2.061029216658e-11
1.886000000000e-06	4.225166911957e-12	2.643111237338e-11	-2.478207345832e-11
1.887000000000e-06	1.746332688642e-13	2.187614823903e-11	-1.668627705573e-11
1.888000000000e-06	-1.639312971425e-13	3.241705537023e-11	-2.170531442294e-11
1.889000000000e-06	3.333903326970e-12	1.681173409005e-11	-1.837020568434e-11
1.890000000000e-06	1.978333532272e-12	1.355802697948e-11	-1.473130979898e-11
1.891000000000e-06	1.408579600953e-12	1.893303116489e-11	-1.697615624592e-11
1.892000000000e-06	4.629891764528e-12	1.466386358010e-11	-1.921615871629e-11
1.893000000000e-06	3.259051558412e-12	2.054401062762e-11	-2.065144282291e-11
1.894000000000e-06	-1.932149080924e-13	8.351019487176e-12	-9.123100563700e-12
1.895000000000e-06	2.130681755961e-12	1.289427447169e-11	-1.508837151291e-11
1.896000000000e-06	-1.712182761279e-12	9.399747236992e-12	-7.505073184932e-12
1.897000000000e-06	7.746394059266e-12	5.608138702168e-12	-1.907641387415e-11
1.898000000000e-06	4.246709726185e-12	4.978099063255e-12	-1.384912869292e-11
1.899000000000e-06	2.224954521183e-12	8.063428002222e-12	-1.265961748608e-11
1.900000000000e-06	7.089677355735e-12	-6.491279151937e-12	-1.169146173791e-11
1.901000000000e-06	4.521795590687e-12	-2.851445664404e-12	-1.003224024441e-11
1.902000000000e-06	-8.388462372422e-14	3.807429299660e-12	-7.083224700110e-12
1.903000000000e-06	3.536397359931e-12	-8.575197284344e-12	-5.594545039015e-12
1.904000000000e-06	3.481479325763e-12	-3.111521166782e-12	-8.387790463001e-12
1.905000000000e-06	2.898065135222e-12	-6.530992767395e-12	-5.918526808936e-12
1.906000000000e-06	2.857107669626e-12	-2.458612022093e-12	-7.948988167463e-12
1.907000000000e-06	1.962763504116e-12	-7.941830959995e-12	-3.830023202792e-12
1.908000000000e-06	1.070251921309e-12	-1.181211439895e-11	-2.654383007876e-13
1.909000000000e-06	2.858025061725e-12	-1.134017764602e-11	-3.177619524814e-12
1.910000000000e-06	2.538975959495e-12	-9.293664787751e-12	-3.925207732793e-12
1.911000000000e-06	1.019638359939e-12	-1.372733660514e-11	7.534085523788e-13
1.912000000000e-06	5.833382114531e-12	-1.777581389788e-11	-3.930157959523e-12
1.913000000000e-06	3.600923735326e-13	-1.953893704769e-11	4.987944785507e-12
1.914000000000e-06	6.534328538782e-12	-1.338028198349e-11	-7.448973658468e-12
1.915000000000e-06	4.635850709882e-12	-2.029087778007e-11	-7.490176093471e-13
1.916000000000e-06	-2.230629977990e-12	-1.532846949801e-11	6.178967581430e-12
1.917000000000e-06	7.215010797097e-12	-3.214520536275e-11	2.276781260704e-12
1.918000000000e-06	4.606881710696e-12	-2.127049601923e-11	-2.996375843273e-13
1.919000000000e-06	3.404128371735e-12	-2.277649369722e-11	2.292279903430e-12
1.920000000000e-06	4.966625162389e-12	-2.128488204782e-11	-1.110135384914e-12
1.921000000000e-06	1.807967280427e-12	-1.944589736021e-11	2.722215094706e-12
1.922000000000e-06	3.376436791026e-12	-2.890076938343e-11	5.787195545975e-12
1.923000000000e-06	4.331096960436e-12	-2.195759641514e-11	6.020950876684e-13
1.924000000000e-06	3.314094490423e-12	-2.403908499221e-11	3.265326516233e-12
1.925000000000e-06	1.291459884459e-12	-2.463726643570e-11	6.383949199905e-12
1.926000000000e-06	6.613977618253e-12	-2.937436561766e-11	1.477037632575e-12
1.927000000000e-06	6.036438640123e-12	-3.358498951560e-11	4.933958922155e-12
1.928000000000e-06	2.225776351565e-12	-2.903829656546e-11	7.619598028136e-12
1.929000000000e-06	2.917435587085e-12	-3.082136318238e-11	7.355779624643e-12
1.930000000000e-06	6.635053867764e-12	-4.069827060706e-11	7.837945452756e-12
1.931000000000e-06	3.680892228341e-12	-2.676277243559e-11	4.342469602480e-12
1.932000000000e-06	3.826611258847e-12	-3.416688799849e-11	8.230894192205e-12
1.933000000000e-06	6.753784894842e-12	-3.476986606698e-11	4.379550246931e-12
1.934000000000e-06	2.324279464708e-12	-3.499676895743e-11	1.088012818671e-11
1.935000000000e-06	5.967913963205e-12	-3.576936238272e-11	6.145430165739e-12
1.936000000000e-06	5.461338245779e-12	-3.602193946440e-11	7.182153760596e-12
1.937000000000e-06	6.397148793061e-12	-4.074599002567e-11	8.615979187069e-12
1.938000000000e-06	5.693166071999e-12	-3.672073766789e-11	7.043957228817e-12
1.939000000000e-06	3.165366784687e-12	-3.725093868368e-11	1.119015219848e-11
1.940000000000e-06	1.497383196792e-12	-3.474341118843e-11	1.202763538687e-11
1.941000000000e-06	7.192515639501e-12	-3.565416295116e-11	4.380956757924e-12
1.942000000000e-06	4.090978572141e-12	-3.772231410397e-11	1.019585018679e-11
1.943000000000e-06	1.472655135035e-12	-3.584184259917e-11	1.298350015144e-11
1.944000000000e-06	8.993646078381e-12	-4.243675856261e-11	5.958649623887e-12
1.945000000000e-06	8.794253895384e-12	-4.807884014743e-11	9.324143297036e-12
1.946000000000e-06	4.176389560469e-12	-4.158722724832e-11	1.245974414427e-11
1.947000000000e-06	7.317441020844e-12	-3.834451373999e-11	5.959352360667e-12
1.948000000000e-06	4.279297545244e-12	-3.754451378731e-11	9.654983415827e-12
1.949000000000e-06	6.247959517640e-12	-4.503015878931e-11	1.160323638872e-11
1.950000000000e-06	3.318385954004e-12	-3.617191670870e-11	1.056214120888e-11
1.951000000000e-06	8.730945695603e-12	-4.756425476259e-11	9.705962812632e-12
1.952000000000e-06	2.181699940254e-12	-3.896591711851e-11	1.390055533261e-11
1.953000000000e-06	3.975351103661e-12	-3.961073211070e-11	1.189542371448e-11
1.954000000000e-06	7.089149108839e-12	-5.177032763643e-11	1.442922227801e-11
1.955000000000e-06	1.887422836223e-12	-4.348224921109e-11	1.693524096366e-11
1.956000000000e-06	5.121649733717e-12	-4.665568195776e-11	1.433878706898e-11
1.957000000000e-06	9.022870311525e-12	-4.207825918043e-11	6.167757545226e-12
1.958000000000e-06	5.184822034884e-12	-4.263820734347e-11	1.210595741754e-11
1.959000000000e-06	2.931216723812e-12	-4.337469696438e-11	1.530760761017e-11
1.960000000000e-06	5.580820745739e-12	-3.634749952590e-11	7.628662549016e-12
1.961000000000e-06	4.153227763228e-12	-4.667778166590e-11	1.591616915873e-11
1.962000000000e-06	4.246666107801e-12	-4.551048198348e-11	1.482269142296e-11
1.963000000000e-06	4.184017282090e-12	-4.387867419458e-11	1.438906823310e-11
1.964000000000e-06	3.343254380232e-12	-4.336804007635e-11	1.548602844209e-11
1.965000000000e-06	5.822824915300e-12	-4.809192261544e-11	1.465124477023e-11
1.966000000000e-06	2.227140414091e-12	-4.106569062304e-11	1.543191986808e-11
1.967000000000e-06	7.909366137153e-12	-4.888849927321e-11	1.214702222661e-11
1.968000000000e-06	6.174422275564e-12	-4.607429504875e-11	1.308649516162e-11
1.969000000000e-06	2.251972108891e-12	-4.787065393452e-11	1.995905643074e-11
1.970000000000e-06	8.145220998647e-12	-4.355550581224e-11	8.804987514049e-12
1.971000000000e-06	2.677569322587e-12	-4.634176515298e-11	1.824315131124e-11
1.972000000000e-06	8.171892485770e-12	-4.986775233951e-11	1.252083992100e-11
1.973000000000e-06	4.063429546452e-12	-4.196291659097e-11	1.388277895607e-11
1.974000000000e-06	4.893995568061e-12	-4.619454067516e-11	1.515808172818e-11
1.975000000000e-06	4.284606085517e-12	-4.569326491951e-11	1.593737662995e-11
1.976000000000e-06	7.170447922031e-12	-4.586212750415e-11	1.180865669837e-11
1.977000000000e-06	8.682249622238e-12	-4.525614849143e-11	9.156523469372e-12
1.978000000000e-06	1.227711419852e-12	-4.342081703387e-11	1.905906185214e-11
1.979000000000e-06	5.746628536761e-12	-5.135367528773e-11	1.724641557316e-11
1.980000000000e-06	5.909967421511e-12	-5.220718032869e-11	1.765082733855e-11
1.981000000000e-06	3.295163011298e-12	-4.028486311019e-11	1.406171628738e-11
1.982000000000e-06	4.474277131475e-12	-4.226641589651e-11	1.374291075145e-11
1.983000000000e-06	5.704955549568e-12	-4.286322470496e-11	1.237227822555e-11
1.984000000000e-06	5.616365857264e-12	-4.683978296957e-11	1.518336604918e-11
1.985000000000e-06	4.719863080801e-12	-4.274932867687e-11	1.388096237194e-11
1.986000000000e-06	4.024910506227e-12	-4.515229804945e-11	1.654463345872e-11
1.987000000000e-06	9.334571068588e-13	-4.978044566002e-11	2.385209953882e-11
1.988000000000e-06	5.954963632504e-12	-4.357831357798e-11	1.263398485240e-11
1.989000000000e-06	3.994956764896e-12	-4.228684981923e-11	1.504211024638e-11
1.990000000000e-06	6.987665962369e-12	-4.482357208661e-11	1.206773128410e-11
1.991000000000e-06	3.303075426925e-12	-4.604925852175e-11	1.838698535527e-11
1.992000000000e-06	5.379805576257e-12	-4.286238120401e-11	1.356864105481e-11
1.993000000000e-06	7.361844388484e-12	-4.748486157453e-11	1.342567814735e-11
1.994000000000e-06	7.788477974246e-12	-4.954576494402e-11	1.421274987381e-11
1.995000000000e-06	3.444509049762e-12	-4.394624374999e-11	1.690649909437e-11
1.996000000000e-06	4.553836724594e-12	-4.433230847073e-11	1.566033324827e-11
1.997000000000e-06	3.581870476060e-12	-4.468857373092e-11	1.729409336428e-11
1.998000000000e-06	6.909020177184e-13	-4.116110500383e-11	1.943128541124e-11
1.999000000000e-06	4.300193140692e-12	-3.998085396230e-11	1.340944441280e-11
2.000000000000e-06	4.265345285430e-12	-4.569965790326e-11	1.719143054181e-11
2.001000000000e-06	4.335646628394e-12	-4.191664203230e-11	1.457282876836e-11
2.002000000000e-06	4.552949854707e-12	-4.680000989223e-11	1.784657002374e-11
2.003000000000e-06	8.801993173110e-12	-4.415942141551e-11	9.871874841636e-12
2.004000000000e-06	2.591770995011e-12	-4.187920702168e-11	1.740231466540e-11
2.005000000000e-06	3.359811620500e-12	-3.897050777443e-11	1.472782325921e-11
2.006000000000e-06	3.326851855147e-12	-4.350130896827e-11	1.718655506049e-11
2.007000000000e-06	5.034880119619e-12	-4.342555313366e-11	1.513187742194e-11
2.008000000000e-06	5.277677488022e-12	-4.457418660934e-11	1.522724781146e-11
2.009000000000e-06	2.291294453250e-12	-3.904065902431e-11	1.636007934722e-11
2.010000000000e-06	8.974076051264e-12	-4.965889360720e-11	1.346773151758e-11
2.011000000000e-06	4.038618436592e-12	-3.991263125823e-11	1.434428620850e-11
2.012000000000e-06	2.471056960292e-12	-4.199352236405e-11	1.815593169672e-11
2.013000000000e-06	2.805933189871e-12	-3.850185202506e-11	1.542353372935e-11
2.014000000000e-06	6.468445980706e-12	-4.560377166881e-11	1.451376664470e-11
2.015000000000e-06	5.349508092644e-12	-4.322489398194e-11	1.495438505887e-11
2.016000000000e-06	9.803561285097e-12	-4.281691780789e-11	8.139025303168e-12
2.017000000000e-06	-3.949908149414e-13	-4.204209208155e-11	2.248892057943e-11
2.018000000000e-06	3.598993260090e-12	-3.707521473518e-11	1.293925321609e-11
2.019000000000e-06	1.023482350454e-11	-4.379912156409e-11	8.305728706551e-12
2.020000000000e-06	3.794024854148e-12	-3.887787243964e-11	1.447621016775e-11
2.021000000000e-06	1.988228360207e-12	-3.965448771310e-11	1.788349376036e-11
2.022000000000e-06	5.303948415777e-12	-4.153966310053e-11	1.430774327090e-11
2.023000000000e-06	3.576448006729e-12	-3.816515308745e-11	1.439976707440e-11
2.024000000000e-06	3.744733983522e-12	-3.871273608493e-11	1.520961858616e-11
2.025000000000e-06	4.339545044428e-12	-3.805672884932e-11	1.330381292349e-11
2.026000000000e-06	2.767958325496e-12	-4.442232183807e-11	1.990313182648e-11
2.027000000000e-06	6.139840089661e-12	-4.164417877975e-11	1.338677912508e-11
2.028000000000e-06	6.335780915238e-12	-3.764104625076e-11	1.061125249541e-11
2.029000000000e-06	2.273526549219e-12	-3.840308286837e-11	1.695472053740e-11
2.030000000000e-06	4.835967613947e-12	-4.142577180089e-11	1.525110749385e-11
2.031000000000e-06	3.265801044844e-12	-3.830357124036e-11	1.551968445400e-11
2.032000000000e-06	1.843403108836e-12	-3.192435219579e-11	1.356467473503e-11
2.033000000000e-06	3.239819290367e-12	-3.669421040219e-11	1.446023371644e-11
2.034000000000e-06	6.668013733692e-12	-4.422787533113e-11	1.465456500282e-11
2.035000000000e-06	2.881729390249e-12	-3.636903446693e-11	1.533846076423e-11
2.036000000000e-06	2.539575205150e-12	-3.627207497243e-11	1.562443287250e-11
2.037000000000e-06	4.958707343484e-12	-3.653418962375e-11	1.197389920422e-11
2.038000000000e-06	5.018815236821e-12	-4.062848682862e-11	1.483420530689e-11
2.039000000000e-06	5.790341605950e-12	-4.021670884371e-11	1.342921428223e-11
2.040000000000e-06	4.571351314511e-12	-3.937031402479e-11	1.494572511879e-11
2.041000000000e-06	3.250776806446e-12	-3.540954407879e-11	1.421679559062e-11
2.042000000000e-06	1.633021979185e-12	-3.629586202408e-11	1.697987129024e-11
2.043000000000e-06	4.103118799259e-12	-3.519894906363e-11	1.325093804763e-11
2.044000000000e-06	3.653378453295e-12	-3.447714054713e-11	1.332387717521e-11
2.045000000000e-06	1.886168188888e-12	-3.529958924921e-11	1.627185968851e-11
2.046000000000e-06	3.836897198732e-12	-3.555778823621e-11	1.350110399428e-11
2.047000000000e-06	3.648058518777e-12	-3.727226571536e-11	1.526855530781e-11
2.048000000000e-06	2.880147446789e-12	-3.244986844646e-11	1.313229087174e-11
2.049000000000e-06	5.532372782342e-12	-3.487380933965e-11	1.078687888649e-11
2.050000000000e-06	2.045190212340e-12	-3.265639487810e-11	1.452714965702e-11
2.051000000000e-06	2.918512152700e-12	-3.710072925875e-11	1.624563164348e-11
2.052000000000e-06	3.269548995443e-12	-3.535543748829e-11	1.426361586496e-11
2.053000000000e-06	3.987137112315e-12	-3.171714309298e-11	1.127629267756e-11
2.054000000000e-06	1.856844996385e-12	-3.214239077603e-11	1.479405625666e-11
2.055000000000e-06	3.679342613935e-12	-3.586845447510e-11	1.437979132742e-11
2.056000000000e-06	5.532283788610e-12	-3.537508958033e-11	1.150746624801e-11
2.057000000000e-06	2.489871215350e-12	-3.500262605229e-11	1.618122132791e-11
2.058000000000e-06	3.393349885026e-12	-3.299461130541e-11	1.303849062449e-11
2.059000000000e-06	5.325892856403e-12	-3.949641211109e-11	1.483185336874e-11
2.060000000000e-06	5.539054671047e-12	-3.308820126607e-11	1.036342153311e-11
2.061000000000e-06	1.562908041623e-12	-3.062247381138e-11	1.418036748030e-11
2.062000000000e-06	2.875169823846e-12	-3.164398161337e-11	1.300973512102e-11
2.063000000000e-06	3.902937661117e-12	-3.155749509630e-11	1.163291532997e-11
2.064000000000e-06	5.167099829973e-12	-2.999900959925e-11	8.859883503036e-12
2.065000000000e-06	5.227243084279e-12	-3.343801795788e-11	1.100084917071e-11
2.066000000000e-06	1.547795170125e-12	-2.773997819476e-11	1.268287652552e-11
2.067000000000e-06	2.672152327473e-12	-3.112599258809e-11	1.311482708478e-11
2.068000000000e-06	2.317149469643e-12	-3.008771370796e-11	1.316787278349e-11
2.069000000000e-06	3.614761359129e-12	-3.186332905118e-11	1.240349150616e-11
2.070000000000e-06	4.019234777649e-12	-3.138762762463e-11	1.172511681921e-11
2.071000000000e-06	4.343220549500e-12	-2.949879787085e-11	9.655322759097e-12
2.072000000000e-06	2.039991840971e-12	-2.986167172582e-11	1.386051814388e-11
2.073000000000e-06	3.712870968369e-12	-2.960697722674e-11	1.083523556931e-11
2.074000000000e-06	1.752885777717e-12	-3.258871533752e-11	1.597528762667e-11
2.075000000000e-06	3.084773366627e-12	-3.325632847466e-11	1.465846674585e-11
2.076000000000e-06	5.234514643907e-12	-2.987410934277e-11	9.116439575755e-12
2.077000000000e-06	4.582070098484e-12	-3.598036764803e-11	1.457766700124e-11
2.078000000000e-06	3.182782143496e-12	-2.965602179211e-11	1.215281918722e-11
2.079000000000e-06	3.173406802407e-12	-2.757209429340e-11	1.051778384801e-11
2.080000000000e-06	2.896669387207e-12	-2.842992947136e-11	1.188626558416e-11
2.081000000000e-06	4.171019860502e-12	-3.049207032559e-11	1.151559643065e-11
2.082000000000e-06	-6.843415829072e-13	-2.153845245733e-11	1.210598776462e-11
2.083000000000e-06	2.709887347527e-12	-2.714411134068e-11	1.131433141076e-11
2.084000000000e-06	2.446932928725e-12	-2.838371653986e-11	1.231393819822e-11
2.085000000000e-06	3.734260065890e-12	-2.691468112865e-11	9.531661923453e-12
2.086000000000e-06	1.403148821954e-12	-2.631473391197e-11	1.276394470611e-11
2.087000000000e-06	4.538362443671e-12	-2.848050399079e-11	9.670720954437e-12
2.088000000000e-06	2.999618820510e-12	-2.822278211591e-11	1.171197366145e-11
2.089000000000e-06	1.588594768419e-12	-2.283236555106e-11	1.022806531110e-11
2.090000000000e-06	7.101792198910e-13	-2.730460102979e-11	1.453210583401e-11
2.091000000000e-06	3.300127628352e-12	-2.820680296976e-11	1.141920960283e-11
2.092000000000e-06	2.622770224941e-12	-2.938162120207e-11	1.318624377555e-11
2.093000000000e-06	5.671862680300e-12	-2.866117035591e-11	8.570373099801e-12
2.094000000000e-06	2.035358954603e-12	-2.593747528524e-11	1.187644264181e-11
2.095000000000e-06	2.729461035420e-12	-2.579156911590e-11	1.070022485109e-11
2.096000000000e-06	3.141769012782e-13	-2.325373319844e-11	1.253516186178e-11
2.097000000000e-06	4.100004943666e-12	-2.652559543981e-11	9.359648697787e-12
2.098000000000e-06	8.479362602770e-13	-2.697988308186e-11	1.451974098033e-11
2.099000000000e-06	2.103474878136e-12	-2.288816444641e-11	9.831381544627e-12
2.100000000000e-06	2.929662837357e-13	-2.139696703430e-11	1.135444567960e-11
2.101000000000e-06	2.406648823958e-12	-2.569822316690e-11	1.138782366163e-11
2.102000000000e-06	1.943259501616e-12	-2.515507529329e-11	1.198803084342e-11
2.103000000000e-06	2.839810389794e-12	-2.364104667521e-11	9.558413775912e-12
2.104000000000e-06	2.765697444430e-12	-2.410314931989e-11	9.750963987852e-12
2.105000000000e-06	3.657720939316e-12	-2.406530303545e-11	8.583302272423e-12
2.106000000000e-06	1.235398524420e-12	-2.400733462776e-11	1.217399105884e-11
2.107000000000e-06	3.564185717209e-12	-2.453607706026e-11	9.092655455614e-12
2.108000000000e-06	2.752730844453e-12	-2.284603529768e-11	9.254563120779e-12
2.109000000000e-06	2.282148933864e-12	-2.506299683607e-11	1.140982340769e-11
2.110000000000e-06	2.112082370217e-12	-2.387228179938e-11	1.075777005681e-11
2.111000000000e-06	1.211347273484e-12	-2.082896403091e-11	9.932467131535e-12
2.112000000000e-06	2.418151514847e-12	-2.264671987355e-11	9.661548318361e-12
2.113000000000e-06	2.634922598044e-12	-2.492912553532e-11	1.080074832313e-11
