-2.146000000000e-06	0.000000000000e+00	0.000000000000e+00	0.000000000000e+00
-2.145000000000e-06	0.000000000000e+00	0.000000000000e+00	0.000000000000e+00
-2.144000000000e-06	0.000000000000e+00	0.000000000000e+00	0.000000000000e+00
-2.143000000000e-06	0.000000000000e+00	0.000000000000e+00	0.000000000000e+00
-2.142000000000e-06	0.000000000000e+00	0.000000000000e+00	0.000000000000e+00
-2.141000000000e-06	0.000000000000e+00	0.000000000000e+00	0.000000000000e+00
-2.140000000000e-06	0.000000000000e+00	0.000000000000e+00	0.000000000000e+00
-2.139000000000e-06	0.000000000000e+00	0.000000000000e+00	0.000000000000e+00
-2.138000000000e-06	0.000000000000e+00	0.000000000000e+00	0.000000000000e+00
-2.137000000000e-06	0.000000000000e+00	0.000000000000e+00	0.000000000000e+00
-2.136000000000e-06	0.000000000000e+00	0.000000000000e+00	0.000000000000e+00
-2.135000000000e-06	0.000000000000e+00	0.000000000000e+00	0.000000000000e+00
-2.134000000000e-06	0.000000000000e+00	0.000000000000e+00	0.000000000000e+00
-2.133000000000e-06	0.000000000000e+00	0.000000000000e+00	0.000000000000e+00
-2.132000000000e-06	0.000000000000e+00	0.000000000000e+00	0.000000000000e+00
-2.131000000000e-06	0.000000000000e+00	0.000000000000e+00	0.000000000000e+00
-2.130000000000e-06	0.000000000000e+00	0.000000000000e+00	0.000000000000e+00
-2.129000000000e-06	0.000000000000e+00	0.000000000000e+00	0.000000000000e+00
-2.128000000000e-06	0.000000000000e+00	0.000000000000e+00	0.000000000000e+00
-2.127000000000e-06	0.000000000000e+00	0.000000000000e+00	0.000000000000e+00
-2.126000000000e-06	0.000000000000e+00	0.000000000000e+00	0.000000000000e+00
-2.125000000000e-06	0.000000000000e+00	0.000000000000e+00	0.000000000000e+00
-2.124000000000e-06	0.000000000000e+00	0.000000000000e+00	0.000000000000e+00
-2.123000000000e-06	0.000000000000e+00	0.000000000000e+00	0.000000000000e+00
-2.122000000000e-06	0.000000000000e+00	0.000000000000e+00	0.000000000000e+00
-2.121000000000e-06	0.000000000000e+00	0.000000000000e+00	0.000000000000e+00
-2.120000000000e-06	0.000000000000e+00	0.000000000000e+00	0.000000000000e+00
-2.119000000000e-06	0.000000000000e+00	0.000000000000e+00	0.000000000000e+00
-2.118000000000e-06	0.000000000000e+00	0.000000000000e+00	0.000000000000e+00
-2.117000000000e-06	0.000000000000e+00	0.000000000000e+00	0.000000000000e+00
-2.116000000000e-06	0.000000000000e+00	0.000000000000e+00	0.000000000000e+00
-2.115000000000e-06	0.000000000000e+00	0.000000000000e+00	0.000000000000e+00
-2.114000000000e-06	0.000000000000e+00	0.000000000000e+00	0.000000000000e+00
-2.113000000000e-06	0.000000000000e+00	0.000000000000e+00	0.000000000000e+00
-2.112000000000e-06	0.000000000000e+00	0.000000000000e+00	0.000000000000e+00
-2.111000000000e-06	0.000000000000e+00	0.000000000000e+00	0.000000000000e+00
-2.110000000000e-06	0.000000000000e+00	0.000000000000e+00	0.000000000000e+00
-2.109000000000e-06	0.000000000000e+00	0.000000000000e+00	0.000000000000e+00
-2.108000000000e-06	0.000000000000e+00	0.000000000000e+00	0.000000000000e+00
-2.107000000000e-06	0.000000000000e+00	0.000000000000e+00	0.000000000000e+00
-2.106000000000e-06	0.000000000000e+00	0.000000000000e+00	0.000000000000e+00
-2.105000000000e-06	0.000000000000e+00	0.000000000000e+00	0.000000000000e+00
-2.104000000000e-06	0.000000000000e+00	0.000000000000e+00	0.000000000000e+00
-2.103000000000e-06	0.000000000000e+00	0.000000000000e+00	0.000000000000e+00
-2.102000000000e-06	0.000000000000e+00	0.000000000000e+00	0.000000000000e+00
-2.101000000000e-06	0.000000000000e+00	0.000000000000e+00	0.000000000000e+00
-2.100000000000e-06	0.000000000000e+00	0.000000000000e+00	0.000000000000e+00
-2.099000000000e-06	0.000000000000e+00	0.000000000000e+00	0.000000000000e+00
-2.098000000000e-06	0.000000000000e+00	0.000000000000e+00	0.000000000000e+00
-2.097000000000e-06	0.000000000000e+00	0.000000000000e+00	0.000000000000e+00
-2.096000000000e-06	0.000000000000e+00	0.000000000000e+00	0.000000000000e+00
-2.095000000000e-06	0.000000000000e+00	0.000000000000e+00	0.000000000000e+00
-2.094000000000e-06	0.000000000000e+00	0.000000000000e+00	0.000000000000e+00
-2.093000000000e-06	0.000000000000e+00	0.000000000000e+00	0.000000000000e+00
-2.092000000000e-06	0.000000000000e+00	0.000000000000e+00	0.000000000000e+00
-2.091000000000e-06	0.000000000000e+00	0.000000000000e+00	0.000000000000e+00
-2.090000000000e-06	0.000000000000e+00	0.000000000000e+00	0.000000000000e+00
-2.089000000000e-06	0.000000000000e+00	0.000000000000e+00	0.000000000000e+00
-2.088000000000e-06	0.000000000000e+00	0.000000000000e+00	0.000000000000e+00
-2.087000000000e-06	0.000000000000e+00	0.000000000000e+00	0.000000000000e+00
-2.086000000000e-06	0.000000000000e+00	0.000000000000e+00	0.000000000000e+00
-2.085000000000e-06	0.000000000000e+00	0.000000000000e+00	0.000000000000e+00
-2.084000000000e-06	1.686677422177e-16	-3.016368541157e-16	-1.219645122595e-16
-2.083000000000e-06	1.855746471854e-16	6.847383172252e-16	-4.935671221892e-16
-2.082000000000e-06	2.026017352160e-16	1.479799473810e-16	-3.325442901401e-16
-2.081000000000e-06	9.064156884409e-16	-7.961910951046e-16	-9.485372773163e-16
-2.080000000000e-06	6.657408741667e-16	-2.800458198945e-16	-8.003840688215e-16
-2.079000000000e-06	6.330979153461e-16	6.510887860874e-16	-1.086932108679e-15
-2.078000000000e-06	-3.313184559956e-15	7.275680982365e-15	1.862810747370e-15
-2.077000000000e-06	-2.646868684493e-15	1.505206186474e-14	-1.860679212112e-15
-2.076000000000e-06	-5.672888764485e-15	8.624803663496e-15	4.576019824757e-15
-2.075000000000e-06	-1.014716766658e-15	2.958472435584e-15	2.599329643728e-16
-2.074000000000e-06	-2.919750591309e-15	3.522130393651e-14	-8.868326477171e-15
-2.073000000000e-06	9.197785131801e-15	1.511114309446e-14	-1.773509115298e-14
-2.072000000000e-06	-1.761989350639e-14	2.365461940923e-14	1.505705797761e-14
-2.071000000000e-06	1.796656854405e-14	5.840024156195e-15	-2.646559209319e-14
-2.070000000000e-06	-1.549026046580e-14	4.355500779302e-14	5.011253947068e-15
-2.069000000000e-06	-9.830541009957e-15	6.920925039175e-14	-1.204641222443e-14
-2.068000000000e-06	8.813418346348e-15	2.264552607378e-14	-1.988247147057e-14
-2.067000000000e-06	-1.206112324274e-14	9.322260290415e-14	-1.822381598742e-14
-2.066000000000e-06	2.556238204147e-15	9.323806352514e-14	-3.819018844704e-14
-2.065000000000e-06	-3.753230730151e-14	2.402440160042e-13	-3.772206924992e-14
-2.064000000000e-06	-1.933779105097e-14	1.668611515561e-13	-3.492901373129e-14
-2.063000000000e-06	-2.068241334215e-14	2.221613407873e-13	-5.509458594768e-14
-2.062000000000e-06	-5.685741354774e-15	1.926346499599e-13	-6.487344881399e-14
-2.061000000000e-06	-2.345208286656e-15	1.238534144831e-13	-4.253064470158e-14
-2.060000000000e-06	-7.692911948545e-14	2.496336020411e-13	1.102098999308e-14
-2.059000000000e-06	-1.476901958526e-13	5.827613859402e-13	-1.875916117696e-14
-2.058000000000e-06	-8.930285428744e-14	3.876695270910e-13	-2.565650474805e-14
-2.057000000000e-06	1.039178816015e-13	3.881410184721e-13	-2.851259873012e-13
-2.056000000000e-06	-8.077914430557e-14	7.583063251425e-13	-1.753016439230e-13
-2.055000000000e-06	-1.195853190827e-13	6.681214602092e-13	-9.076558630614e-14
-2.054000000000e-06	-1.516035460796e-13	9.234238497334e-13	-1.443419711016e-13
-2.053000000000e-06	-1.791436801551e-14	8.624944885953e-13	-3.017395892594e-13
-2.052000000000e-06	-8.159794286131e-14	1.121393502735e-12	-3.169428851375e-13
-2.051000000000e-06	-1.400119661738e-13	1.590227095552e-12	-4.142598208784e-13
-2.050000000000e-06	-1.795579903881e-13	1.881065558709e-12	-4.712258912763e-13
-2.049000000000e-06	-2.304442000008e-13	1.942977826420e-12	-4.299807213426e-13
-2.048000000000e-06	-5.524769055441e-13	2.674616501512e-12	-2.817565152226e-13
-2.047000000000e-06	-5.713822147082e-13	2.876519824242e-12	-3.366375015220e-13
-2.046000000000e-06	-1.487253559923e-13	3.219881129039e-12	-1.033332405995e-12
-2.045000000000e-06	-5.904956951991e-14	3.367130870404e-12	-1.208196186003e-12
-2.044000000000e-06	-3.809011663313e-13	3.898284188041e-12	-9.841730899887e-13
-2.043000000000e-06	-6.800742792879e-13	4.269636013463e-12	-7.398383815341e-13
-2.042000000000e-06	-4.222134345017e-13	4.851565609407e-12	-1.298381680283e-12
-2.041000000000e-06	-8.753552129977e-13	5.728253405146e-12	-1.046511304996e-12
-2.040000000000e-06	-6.845391117503e-13	6.528424058918e-12	-1.611117466421e-12
-2.039000000000e-06	-6.791371047678e-13	7.638790012525e-12	-2.046132363552e-12
-2.038000000000e-06	-1.211357902533e-12	8.552791824197e-12	-1.699425502083e-12
-2.037000000000e-06	-1.105022297330e-12	9.065378446549e-12	-2.037418409347e-12
-2.036000000000e-06	-1.637982195593e-12	1.014904565122e-11	-1.776837683409e-12
-2.035000000000e-06	-1.564916136558e-12	1.072608493707e-11	-2.096941568955e-12
-2.034000000000e-06	-1.861396852427e-12	1.344277248526e-11	-2.759837519377e-12
-2.033000000000e-06	-1.056091551926e-12	1.311808372272e-11	-3.708526950112e-12
-2.032000000000e-06	-1.811450451481e-12	1.632340151356e-11	-3.987388930179e-12
-2.031000000000e-06	-2.147630425056e-12	1.702288407072e-11	-3.813286511528e-12
-2.030000000000e-06	-3.106177901428e-12	1.803050796266e-11	-2.957766336601e-12
-2.029000000000e-06	-1.706668487645e-12	1.824872446688e-11	-4.906710854627e-12
-2.028000000000e-06	-2.006395717381e-12	2.106514287721e-11	-5.642570973949e-12
-2.027000000000e-06	-3.513516646587e-12	2.485948358332e-11	-5.159726371169e-12
-2.026000000000e-06	-4.270076969779e-12	2.494601536803e-11	-4.208317684768e-12
-2.025000000000e-06	-3.999791864667e-12	2.743727593256e-11	-5.576473681493e-12
-2.024000000000e-06	-2.728184815100e-12	2.775282442915e-11	-7.385851694595e-12
-2.023000000000e-06	-4.861951642130e-12	3.508641115576e-11	-7.518106823102e-12
-2.022000000000e-06	-4.324804002185e-12	3.374346259489e-11	-7.732973012840e-12
-2.021000000000e-06	-4.570096636958e-12	3.575728537325e-11	-8.277842847057e-12
-2.020000000000e-06	-5.139764621518e-12	4.037325858646e-11	-9.358217633808e-12
-2.019000000000e-06	-6.047880919155e-12	4.254269517805e-11	-9.085826468252e-12
-2.018000000000e-06	-5.161426973235e-12	4.447489760015e-11	-1.103159322253e-11
-2.017000000000e-06	-7.959454042356e-12	4.980921325623e-11	-9.550047026898e-12
-2.016000000000e-06	-6.876184565291e-12	4.997537911642e-11	-1.107948220824e-11
-2.015000000000e-06	-6.320594746368e-12	5.386894081607e-11	-1.342363644178e-11
-2.014000000000e-06	-9.698874726984e-12	5.878896872470e-11	-1.101136607054e-11
-2.013000000000e-06	-9.089076851317e-12	5.700282277346e-11	-1.116564808604e-11
-2.012000000000e-06	-9.260734280855e-12	6.564416377182e-11	-1.449752233724e-11
-2.011000000000e-06	-1.256264876135e-11	6.807747335644e-11	-1.121264386143e-11
-2.010000000000e-06	-1.131811338972e-11	7.006011432412e-11	-1.371038466105e-11
-2.009000000000e-06	-8.632649522932e-12	7.471373379362e-11	-1.916666599365e-11
-2.008000000000e-06	-1.035662080184e-11	7.466942968540e-11	-1.695458770608e-11
-2.007000000000e-06	-1.271078676083e-11	8.340561786532e-11	-1.750855193191e-11
-2.006000000000e-06	-1.160095652719e-11	7.762179339428e-11	-1.668182809352e-11
-2.005000000000e-06	-1.294206368280e-11	8.424743028599e-11	-1.773242196951e-11
-2.004000000000e-06	-1.311472263943e-11	8.630228587631e-11	-1.839716620474e-11
-2.003000000000e-06	-1.528094811690e-11	9.418955667203e-11	-1.887004819562e-11
-2.002000000000e-06	-1.741559342771e-11	9.827240341747e-11	-1.788806633902e-11
-2.001000000000e-06	-1.413521440512e-11	9.681068574884e-11	-2.159731184794e-11
-2.000000000000e-06	-1.472840067275e-11	1.003813511584e-10	-2.243002643933e-11
-1.999000000000e-06	-1.286391831952e-11	1.029341479333e-10	-2.600381330825e-11
-1.998000000000e-06	-1.728814082635e-11	1.121123106497e-10	-2.412520107962e-11
-1.997000000000e-06	-1.555733554685e-11	1.061271890615e-10	-2.400865052871e-11
-1.996000000000e-06	-1.929096369098e-11	1.146160839634e-10	-2.277827453630e-11
-1.995000000000e-06	-1.666932603552e-11	1.190813308523e-10	-2.814622826095e-11
-1.994000000000e-06	-2.084414790722e-11	1.225042897537e-10	-2.427690954588e-11
-1.993000000000e-06	-2.503283454761e-11	1.250465087636e-10	-1.997985554039e-11
-1.992000000000e-06	-1.473848801347e-11	1.211017016011e-10	-3.185005196459e-11
-1.991000000000e-06	-2.088119039007e-11	1.301649842133e-10	-2.772741721574e-11
-1.990000000000e-06	-2.048928767019e-11	1.245880351879e-10	-2.609619609997e-11
-1.989000000000e-06	-1.584803629469e-11	1.289265113786e-10	-3.400398527554e-11
-1.988000000000e-06	-2.177773636062e-11	1.381204501349e-10	-3.029131455346e-11
-1.987000000000e-06	-2.182169105873e-11	1.397247218107e-10	-3.101525407471e-11
-1.986000000000e-06	-2.223939305339e-11	1.361482499174e-10	-2.914386446670e-11
-1.985000000000e-06	-2.229811228058e-11	1.426246471328e-10	-3.190347066686e-11
-1.984000000000e-06	-2.159933264295e-11	1.443302090026e-10	-3.374994259625e-11
-1.983000000000e-06	-2.281330428303e-11	1.495416305197e-10	-3.444573446456e-11
-1.982000000000e-06	-2.328697880049e-11	1.447523354034e-10	-3.195180915818e-11
-1.981000000000e-06	-2.396214379068e-11	1.482591578907e-10	-3.265555381270e-11
-1.980000000000e-06	-2.067999522789e-11	1.479260145946e-10	-3.699914271343e-11
-1.979000000000e-06	-2.389220229640e-11	1.511148437985e-10	-3.434813201119e-11
-1.978000000000e-06	-2.559138792144e-11	1.495499009668e-10	-3.159471744309e-11
-1.977000000000e-06	-2.093937507701e-11	1.510130190378e-10	-3.833448886797e-11
-1.976000000000e-06	-2.803621695350e-11	1.518146987430e-10	-2.979381860710e-11
-1.975000000000e-06	-2.133635699035e-11	1.513021533583e-10	-3.825936265094e-11
-1.974000000000e-06	-2.002266069816e-11	1.560359910820e-10	-4.212866566425e-11
-1.973000000000e-06	-2.346847717764e-11	1.467683702528e-10	-3.391326130741e-11
-1.972000000000e-06	-2.530166790067e-11	1.514872591067e-10	-3.366456537643e-11
-1.971000000000e-06	-2.236232417155e-11	1.591292109313e-10	-4.087891025551e-11
-1.970000000000e-06	-2.541010884346e-11	1.507014142246e-10	-3.349680598877e-11
-1.969000000000e-06	-2.382770039288e-11	1.564878488312e-10	-3.817904969408e-11
-1.968000000000e-06	-2.392772418142e-11	1.534208238713e-10	-3.696032633727e-11
-1.967000000000e-06	-2.833381390391e-11	1.616663977958e-10	-3.501361431094e-11
-1.966000000000e-06	-2.227452497119e-11	1.555410849157e-10	-4.023488803226e-11
-1.965000000000e-06	-2.084167897595e-11	1.469061100406e-10	-3.845004254315e-11
-1.964000000000e-06	-2.464823963130e-11	1.505811800960e-10	-3.539297819179e-11
-1.963000000000e-06	-2.631674865839e-11	1.545917336061e-10	-3.515443958862e-11
-1.962000000000e-06	-1.901610820747e-11	1.464732964622e-10	-4.103220794320e-11
-1.961000000000e-06	-2.482935983755e-11	1.509318006211e-10	-3.572481270420e-11
-1.960000000000e-06	-1.911694509341e-11	1.436487773047e-10	-4.000895022451e-11
-1.959000000000e-06	-2.591233663346e-11	1.508392571435e-10	-3.465579034961e-11
-1.958000000000e-06	-1.282540866457e-11	1.437881335807e-10	-4.836362091736e-11
-1.957000000000e-06	-1.960351545485e-11	1.395109955805e-10	-3.799415513403e-11
-1.956000000000e-06	-1.972142440048e-11	1.423170346076e-10	-3.925259732066e-11
-1.955000000000e-06	-2.088219098892e-11	1.444154391909e-10	-3.892771347952e-11
-1.954000000000e-06	-1.864901145819e-11	1.363549213919e-10	-3.824777208677e-11
-1.953000000000e-06	-1.948958944904e-11	1.362492500067e-10	-3.727767277215e-11
-1.952000000000e-06	-2.365656521020e-11	1.410273376628e-10	-3.431245944391e-11
-1.951000000000e-06	-1.822161333450e-11	1.285232497673e-10	-3.573842113185e-11
-1.950000000000e-06	-1.893861618527e-11	1.310893245547e-10	-3.619090868300e-11
-1.949000000000e-06	-2.299788005478e-11	1.280216765197e-10	-2.986070747941e-11
-1.948000000000e-06	-1.511915442919e-11	1.224297631315e-10	-3.749728293967e-11
-1.947000000000e-06	-1.436618602485e-11	1.197517193990e-10	-3.724976333877e-11
-1.946000000000e-06	-1.804384790755e-11	1.156682579027e-10	-3.098390199317e-11
-1.945000000000e-06	-1.695276087758e-11	1.269184124886e-10	-3.735527700859e-11
-1.944000000000e-06	-1.166270295126e-11	1.114400699378e-10	-3.738371506452e-11
-1.943000000000e-06	-1.447561248476e-11	1.136230740167e-10	-3.494244345222e-11
-1.942000000000e-06	-1.655564866482e-11	1.069345752732e-10	-2.928879646792e-11
-1.941000000000e-06	-1.259724822863e-11	1.059529129116e-10	-3.411941849624e-11
-1.940000000000e-06	-1.155273762283e-11	1.046075961916e-10	-3.485247926610e-11
-1.939000000000e-06	-1.295700325349e-11	1.074100953383e-10	-3.455317591308e-11
-1.938000000000e-06	-1.163995899839e-11	1.016433954671e-10	-3.373567229702e-11
-1.937000000000e-06	-9.827230113347e-12	9.558035370034e-11	-3.336354562294e-11
-1.936000000000e-06	-1.255786701350e-11	9.053118277780e-11	-2.779769313280e-11
-1.935000000000e-06	-5.372509696158e-12	8.463833533391e-11	-3.424435437776e-11
-1.934000000000e-06	-5.314503787423e-12	8.695087251682e-11	-3.534663324327e-11
-1.933000000000e-06	-1.491337489954e-11	9.116973332911e-11	-2.549355254941e-11
-1.932000000000e-06	-1.545977159431e-11	8.312739271622e-11	-2.134877609130e-11
-1.931000000000e-06	-7.591612508422e-12	8.051713721662e-11	-3.008574327454e-11
-1.930000000000e-06	-9.137042232988e-12	7.730968181939e-11	-2.671407056078e-11
-1.929000000000e-06	-9.538981876677e-12	7.295273666192e-11	-2.421802439200e-11
-1.928000000000e-06	-1.099013664019e-11	7.272107271677e-11	-2.262662482993e-11
-1.927000000000e-06	-7.756662083733e-12	6.194607483174e-11	-2.175908789815e-11
-1.926000000000e-06	-4.449471410385e-12	6.503843701217e-11	-2.740963227649e-11
-1.925000000000e-06	-1.024618372422e-11	6.788212176163e-11	-2.135422198150e-11
-1.924000000000e-06	-3.075485719273e-12	5.810495594023e-11	-2.607980007249e-11
-1.923000000000e-06	-8.976956275389e-12	5.743434769542e-11	-1.857188569532e-11
-1.922000000000e-06	-1.027212446236e-11	5.994724718722e-11	-1.797293169268e-11
-1.921000000000e-06	-3.188830783686e-12	6.609598475576e-11	-3.008417786946e-11
-1.920000000000e-06	-4.138395297079e-12	4.824376539722e-11	-2.061376795444e-11
-1.919000000000e-06	-6.095748739437e-12	4.448791163923e-11	-1.637407359140e-11
-1.918000000000e-06	-9.737796033302e-12	4.587333778258e-11	-1.280046956943e-11
-1.917000000000e-06	-2.173549239086e-12	3.735583485557e-11	-1.801332488204e-11
-1.916000000000e-06	-7.297058548665e-12	5.110741014919e-11	-1.819753561904e-11
-1.915000000000e-06	-1.920938685369e-12	3.149523384197e-11	-1.599231855830e-11
-1.914000000000e-06	-4.125479948898e-12	3.855799610794e-11	-1.655610458794e-11
-1.913000000000e-06	-6.151268629733e-13	2.945984458749e-11	-1.662703965522e-11
-1.912000000000e-06	8.456200139439e-13	2.358570003760e-11	-1.565654345307e-11
-1.911000000000e-06	-2.733260022836e-12	2.613542341999e-11	-1.270046229316e-11
-1.910000000000e-06	-1.056860020599e-12	2.207705993493e-11	-1.272859064414e-11
-1.909000000000e-06	-2.398077697003e-12	2.556158473703e-11	-1.286219203453e-11
-1.908000000000e-06	-1.022030292193e-11	2.169271177406e-11	-1.396870657466e-12
-1.907000000000e-06	-2.207038153475e-12	1.805415854831e-11	-9.758867672841e-12
-1.906000000000e-06	4.503943627025e-12	1.258948827775e-11	-1.537459907304e-11
-1.905000000000e-06	2.764841762725e-12	1.925512050421e-11	-1.636020002459e-11
-1.904000000000e-06	-3.082643519835e-12	6.081065061592e-12	-3.200336268411e-12
-1.903000000000e-06	1.022823882770e-13	9.033644051922e-12	-8.451541299081e-12
-1.902000000000e-06	-3.334636647469e-12	9.892812961952e-12	-4.621672234868e-12
-1.901000000000e-06	8.489301496700e-12	2.087042801147e-12	-1.565040694898e-11
-1.900000000000e-06	-3.623938692060e-13	2.281543263611e-12	-4.963589530771e-12
-1.899000000000e-06	1.890563541145e-12	6.420745532972e-12	-9.636976601420e-12
-1.898000000000e-06	1.830819447096e-12	-4.800157316905e-12	-4.166644529026e-12
-1.897000000000e-06	2.364476280051e-12	-5.054453247442e-12	-4.755072599234e-12
-1.896000000000e-06	5.008877287192e-12	-2.744451790727e-12	-9.341686960282e-12
-1.895000000000e-06	-2.018228495096e-12	-4.872277728915e-12	6.563242244134e-13
-1.894000000000e-06	2.495891852739e-12	-8.238999622699e-12	-3.651116578541e-12
-1.893000000000e-06	1.887719472991e-12	-1.330118735376e-11	-4.650461458472e-13
-1.892000000000e-06	-3.169530132073e-12	-1.164185514811e-11	4.914546012059e-12
-1.891000000000e-06	1.498733342093e-12	-1.085760889405e-11	-8.541984029019e-13
-1.890000000000e-06	-4.677834795309e-12	-1.188963434920e-11	6.859242133152e-12
-1.889000000000e-06	2.639995144570e-12	-9.228062082279e-12	-3.611794185633e-12
-1.888000000000e-06	-1.006878796898e-13	-1.679235057135e-11	3.741078949458e-12
-1.887000000000e-06	5.883556573276e-12	-2.100502601553e-11	-1.668094124621e-12
-1.886000000000e-06	-1.599468431866e-12	-1.234365676649e-11	3.254053300362e-12
-1.885000000000e-06	-1.199814488049e-13	-2.749465797164e-11	8.818062917245e-12
-1.884000000000e-06	8.308473466957e-12	-2.670837611148e-11	-1.777037968320e-12
-1.883000000000e-06	7.641357263840e-12	-2.455860962046e-11	-2.090853640104e-12
-1.882000000000e-06	3.888259441708e-12	-2.391425688178e-11	2.158714846933e-12
-1.881000000000e-06	-4.160118715543e-12	-1.893359100986e-11	9.385592204567e-12
-1.880000000000e-06	4.162849686516e-12	-2.145819174321e-11	6.124864543159e-13
-1.879000000000e-06	6.634058703367e-12	-2.796420402983e-11	5.110899586389e-13
-1.878000000000e-06	5.154356527385e-12	-3.637718899392e-11	6.714740610819e-12
-1.877000000000e-06	3.096506576564e-12	-2.355037926189e-11	2.869543751483e-12
-1.876000000000e-06	6.439809594180e-12	-4.008809899266e-11	7.005058932115e-12
-1.875000000000e-06	4.362133864048e-12	-3.056537891508e-11	4.852336904940e-12
-1.874000000000e-06	6.020057155601e-12	-3.653145921929e-11	5.646407340858e-12
-1.873000000000e-06	3.650728104423e-12	-4.329500444061e-11	1.158958938028e-11
-1.872000000000e-06	7.207491982892e-12	-3.799349865275e-11	5.023611995345e-12
-1.871000000000e-06	3.459104603149e-12	-3.630826608941e-11	8.598827733032e-12
-1.870000000000e-06	7.180604802208e-12	-3.615417929640e-11	4.275924568904e-12
-1.869000000000e-06	4.668214302282e-12	-3.184477755376e-11	5.053739197749e-12
-1.868000000000e-06	5.839578247957e-12	-4.781601622386e-11	1.122301418618e-11
-1.867000000000e-06	2.765465512434e-12	-3.059918179613e-11	6.876531518294e-12
-1.866000000000e-06	3.876755548210e-12	-4.023474201070e-11	1.025941847938e-11
-1.865000000000e-06	3.607861925415e-12	-4.141177567357e-11	1.080792024121e-11
-1.864000000000e-06	2.098342122670e-12	-3.526541963020e-11	9.904848227439e-12
-1.863000000000e-06	3.601424448567e-12	-4.027766357906e-11	1.053885655219e-11
-1.862000000000e-06	5.925958237883e-12	-4.490767967559e-11	1.005574410310e-11
-1.861000000000e-06	8.332290071121e-12	-4.872835263300e-11	9.258005360741e-12
-1.860000000000e-06	4.165403712509e-12	-4.476932124532e-11	1.223192804635e-11
-1.859000000000e-06	4.803348720941e-12	-4.237515154130e-11	1.012960539897e-11
-1.858000000000e-06	9.160931558777e-12	-4.841092462568e-11	8.017539963582e-12
-1.857000000000e-06	8.895691013054e-12	-4.607794361630e-11	7.166069137018e-12
-1.856000000000e-06	5.374068930018e-12	-4.628045323443e-11	1.149789905404e-11
-1.855000000000e-06	2.961043049496e-12	-4.470338447294e-11	1.381767379970e-11
-1.854000000000e-06	6.758427497654e-13	-4.384626687893e-11	1.598533856535e-11
-1.853000000000e-06	8.526511259097e-12	-4.626296600148e-11	7.867969222265e-12
-1.852000000000e-06	4.439657815539e-12	-4.629149980019e-11	1.270856329668e-11
-1.851000000000e-06	9.508738639333e-12	-4.880279169128e-11	7.995619674090e-12
-1.850000000000e-06	4.666530710268e-12	-5.488867947544e-11	1.674579073392e-11
-1.849000000000e-06	3.170391602365e-12	-3.988554731569e-11	1.125587477874e-11
-1.848000000000e-06	8.985105852916e-12	-5.285145055125e-11	1.055360215126e-11
-1.847000000000e-06	8.236508786913e-12	-5.474346737052e-11	1.246482283149e-11
-1.846000000000e-06	6.618895767505e-12	-4.891291567516e-11	1.180884287933e-11
-1.845000000000e-06	3.751283073106e-12	-4.868892377852e-11	1.485009808087e-11
-1.844000000000e-06	6.554418786822e-12	-5.192783478765e-11	1.339389344120e-11
-1.843000000000e-06	5.883048531060e-12	-4.303080044613e-11	9.660069810536e-12
-1.842000000000e-06	7.656976041110e-12	-5.755403644369e-11	1.480278662706e-11
-1.841000000000e-06	9.469438703846e-12	-5.739330799160e-11	1.280794529638e-11
-1.840000000000e-06	2.732015744378e-12	-4.776164096617e-11	1.573929327486e-11
-1.839000000000e-06	6.082496067317e-12	-5.199113096484e-11	1.404986755434e-11
-1.838000000000e-06	9.204908724941e-12	-5.594133758756e-11	1.214405598582e-11
-1.837000000000e-06	4.807446010987e-12	-4.014733578195e-11	9.975982535001e-12
-1.836000000000e-06	1.814409733171e-12	-5.120220927676e-11	1.864142771411e-11
-1.835000000000e-06	1.146117308864e-11	-6.056842695827e-11	1.203154667508e-11
-1.834000000000e-06	4.985618013313e-12	-4.904465052714e-11	1.417783967622e-11
-1.833000000000e-06	7.156368672612e-12	-5.056041637351e-11	1.226819977481e-11
-1.832000000000e-06	4.214658183308e-12	-4.521885071429e-11	1.316591958614e-11
-1.831000000000e-06	8.215623477679e-12	-5.589131185615e-11	1.396908204771e-11
-1.830000000000e-06	4.801774176749e-12	-4.812743176791e-11	1.398656838478e-11
-1.829000000000e-06	5.097413188382e-12	-5.237502262692e-11	1.592795882226e-11
-1.828000000000e-06	2.039535084509e-12	-4.499525843421e-11	1.561063842197e-11
-1.827000000000e-06	6.076957214153e-12	-5.295647276419e-11	1.476883396330e-11
-1.826000000000e-06	7.203667382238e-12	-5.329915877385e-11	1.395175145122e-11
-1.825000000000e-06	6.385704037443e-12	-4.840766225499e-11	1.242478660044e-11
-1.824000000000e-06	8.828450272672e-12	-5.347032933078e-11	1.233553216250e-11
-1.823000000000e-06	7.527616254598e-12	-4.613900619217e-11	9.813060797294e-12
-1.822000000000e-06	5.592128212229e-12	-5.417801079414e-11	1.627817553812e-11
-1.821000000000e-06	7.969803761956e-12	-4.874727627006e-11	1.088785119885e-11
-1.820000000000e-06	8.621236284613e-12	-6.038819942082e-11	1.600653875226e-11
-1.819000000000e-06	1.084714706627e-11	-4.915087506517e-11	7.871251765367e-12
-1.818000000000e-06	6.210105524622e-12	-4.935335331099e-11	1.338547242489e-11
-1.817000000000e-06	7.503432888819e-12	-5.353894706086e-11	1.392429851878e-11
-1.816000000000e-06	9.619730834884e-12	-5.751506732588e-11	1.362040897457e-11
-1.815000000000e-06	9.834226362126e-13	-4.592390946589e-11	1.810274781528e-11
-1.814000000000e-06	5.551096248008e-12	-5.315308157317e-11	1.629160634387e-11
-1.813000000000e-06	1.015400387218e-11	-5.084851832777e-11	9.647885499160e-12
-1.812000000000e-06	2.625790192936e-12	-5.229052967286e-11	1.946223129385e-11
-1.811000000000e-06	6.814645157626e-12	-5.301835646501e-11	1.479055341181e-11
-1.810000000000e-06	5.256692333551e-12	-4.876811967792e-11	1.459355947901e-11
-1.809000000000e-06	8.467598281858e-12	-4.769489533621e-11	1.025145082334e-11
-1.808000000000e-06	5.142389181841e-12	-5.269114583903e-11	1.681841125884e-11
-1.807000000000e-06	1.068288338479e-11	-5.204237685750e-11	9.995291368853e-12
-1.806000000000e-06	3.758067794098e-12	-4.866332258432e-11	1.657502977945e-11
-1.805000000000e-06	6.131787041525e-12	-4.857217258839e-11	1.368474080808e-11
-1.804000000000e-06	9.314067339655e-12	-5.462402328162e-11	1.310558760645e-11
-1.803000000000e-06	9.132591554064e-12	-5.421297871016e-11	1.303536717779e-11
-1.802000000000e-06	1.088526178023e-11	-5.271065145038e-11	1.054025700907e-11
-1.801000000000e-06	6.607864950722e-12	-5.073664557639e-11	1.466381178670e-11
-1.800000000000e-06	6.434498948332e-12	-4.770716118458e-11	1.282028079329e-11
-1.799000000000e-06	7.491812368832e-12	-4.641177347411e-11	1.129377184378e-11
-1.798000000000e-06	5.840743379220e-12	-4.705860801202e-11	1.348149314044e-11
-1.797000000000e-06	4.452947826545e-12	-4.976917284925e-11	1.658108975968e-11
-1.796000000000e-06	6.356814187354e-12	-4.902597390249e-11	1.385506750074e-11
-1.795000000000e-06	8.991250438159e-12	-4.754330347425e-11	1.010576656010e-11
-1.794000000000e-06	7.691018872500e-12	-5.051166734982e-11	1.328369710375e-11
-1.793000000000e-06	6.082553570278e-12	-4.797580666823e-11	1.411956253102e-11
-1.792000000000e-06	4.872435211245e-12	-4.454555260158e-11	1.357079278542e-11
-1.791000000000e-06	9.210484922375e-12	-5.082860245599e-11	1.173969281686e-11
-1.790000000000e-06	4.533516628494e-12	-5.030959383794e-11	1.706568168662e-11
-1.789000000000e-06	5.992751432033e-12	-4.361337164759e-11	1.181201018919e-11
-1.788000000000e-06	7.069257272944e-12	-4.558532497374e-11	1.171889281834e-11
-1.787000000000e-06	5.905600711498e-12	-4.665669885733e-11	1.372781153913e-11
-1.786000000000e-06	8.736152378758e-12	-5.038467083669e-11	1.230704128718e-11
-1.785000000000e-06	5.601372593769e-12	-5.040225840854e-11	1.605648308471e-11
-1.784000000000e-06	6.377568336937e-12	-4.305025778733e-11	1.118273646182e-11
-1.783000000000e-06	4.635563862410e-12	-4.399472320433e-11	1.409297277993e-11
-1.782000000000e-06	9.489243032502e-12	-4.614555877139e-11	9.375215767163e-12
-1.781000000000e-06	8.120002346040e-12	-4.876454849232e-11	1.249560897028e-11
-1.780000000000e-06	7.137522605448e-12	-4.871511996637e-11	1.392911747000e-11
-1.779000000000e-06	4.875900004349e-12	-4.245047257110e-11	1.292153143142e-11
-1.778000000000e-06	5.264791597529e-12	-4.759413985073e-11	1.554785132524e-11
-1.777000000000e-06	5.858226274727e-12	-3.923063205537e-11	1.038793195065e-11
-1.776000000000e-06	5.859279725377e-12	-4.099472444105e-11	1.116325486377e-11
-1.775000000000e-06	9.576734257230e-12	-4.479917140537e-11	9.022931909411e-12
-1.774000000000e-06	2.418708912485e-12	-4.310190666008e-11	1.627796614691e-11
-1.773000000000e-06	6.054641910541e-12	-4.063682004648e-11	1.096871762584e-11
-1.772000000000e-06	5.251196614506e-12	-4.635217862617e-11	1.510914926128e-11
-1.771000000000e-06	6.653033868791e-12	-4.276187983425e-11	1.148933865121e-11
-1.770000000000e-06	6.690214140214e-12	-4.272167407496e-11	1.136980100761e-11
-1.769000000000e-06	7.721734475089e-12	-4.516988915591e-11	1.168568165334e-11
-1.768000000000e-06	5.228640294587e-12	-3.874433695127e-11	1.091070817061e-11
-1.767000000000e-06	5.503078384123e-12	-4.322288891449e-11	1.316856625235e-11
-1.766000000000e-06	4.141467931719e-12	-4.033165456212e-11	1.335435818311e-11
-1.765000000000e-06	4.774067556329e-12	-3.600504455116e-11	1.021942062354e-11
-1.764000000000e-06	5.972727336830e-12	-4.253096855659e-11	1.255692185930e-11
-1.763000000000e-06	6.107207089505e-12	-4.089507222421e-11	1.132530420084e-11
-1.762000000000e-06	5.131938567710e-12	-4.126382884209e-11	1.297471436854e-11
-1.761000000000e-06	4.896848330124e-12	-4.141915132094e-11	1.332968112303e-11
-1.760000000000e-06	8.732871193546e-12	-3.899210794516e-11	7.863267610188e-12
-1.759000000000e-06	5.477903250920e-12	-4.131997874641e-11	1.260036109686e-11
-1.758000000000e-06	8.644260485459e-12	-3.843708076461e-11	7.344587834554e-12
-1.757000000000e-06	6.856330821893e-12	-4.116589023911e-11	1.098233459383e-11
-1.756000000000e-06	2.579808390404e-12	-3.808860478621e-11	1.422377933547e-11
-1.755000000000e-06	6.490867293469e-12	-4.356369406742e-11	1.264555585767e-11
-1.754000000000e-06	4.480129795059e-12	-3.687240453938e-11	1.159166645064e-11
-1.753000000000e-06	5.393301194591e-12	-4.019574610862e-11	1.229577985479e-11
-1.752000000000e-06	7.998115028263e-12	-4.285120766235e-11	1.073071633834e-11
-1.751000000000e-06	4.225230479669e-12	-3.803890235668e-11	1.236850660690e-11
-1.750000000000e-06	9.592549034883e-12	-4.095077706728e-11	8.059381861005e-12
-1.749000000000e-06	3.579897232077e-12	-3.805997613650e-11	1.333321211590e-11
-1.748000000000e-06	3.707839118401e-12	-4.000352105680e-11	1.429540508718e-11
-1.747000000000e-06	7.460517085813e-12	-3.686517959793e-11	8.451478858918e-12
-1.746000000000e-06	4.571903674549e-12	-4.005233844515e-11	1.332146843706e-11
-1.745000000000e-06	-2.324871550759e-13	-3.293120972939e-11	1.511598655538e-11
-1.744000000000e-06	8.656689295196e-12	-3.707243867595e-11	7.002766193952e-12
-1.743000000000e-06	4.991422427998e-12	-3.786413273782e-11	1.187412704582e-11
-1.742000000000e-06	7.613334441302e-12	-3.896194362502e-11	9.570180320078e-12
-1.741000000000e-06	6.995600972532e-12	-3.624785884378e-11	8.889646105316e-12
-1.740000000000e-06	4.494849938890e-12	-3.417328841810e-11	1.039982369394e-11
-1.739000000000e-06	6.777732580124e-12	-3.589535147738e-11	9.071623674929e-12
-1.738000000000e-06	7.673848997330e-12	-3.924957284244e-11	9.829206214318e-12
-1.737000000000e-06	5.645089404772e-12	-3.515724788455e-11	9.903921859997e-12
-1.736000000000e-06	7.132167016551e-12	-3.664224906223e-11	8.915006779411e-12
-1.735000000000e-06	7.175582501662e-12	-3.325309085826e-11	7.355000797128e-12
-1.734000000000e-06	9.968055273578e-13	-3.431864808026e-11	1.470187872915e-11
-1.733000000000e-06	6.470850907659e-12	-3.196378723526e-11	7.204335820135e-12
-1.732000000000e-06	3.113202119660e-12	-3.200785674822e-11	1.133502567306e-11
-1.731000000000e-06	9.424655170557e-12	-3.829970421989e-11	7.775576343233e-12
-1.730000000000e-06	5.049636142254e-12	-3.226836692562e-11	9.205090117326e-12
-1.729000000000e-06	5.089061943823e-12	-3.157064473329e-11	8.483652187269e-12
-1.728000000000e-06	6.111757703059e-12	-2.973346663179e-11	6.640378133126e-12
-1.727000000000e-06	7.052625381895e-12	-3.819611952905e-11	1.050854198543e-11
-1.726000000000e-06	7.705564428966e-12	-3.231318725726e-11	6.204375806192e-12
-1.725000000000e-06	3.585485811082e-12	-3.295184880378e-11	1.147028322857e-11
-1.724000000000e-06	6.369201587349e-12	-2.843551776236e-11	5.758188664256e-12
-1.723000000000e-06	6.490816558531e-12	-3.406721046637e-11	8.664782482890e-12
-1.722000000000e-06	-2.072214815646e-13	-2.834833037144e-11	1.325800755346e-11
-1.721000000000e-06	6.764143271426e-12	-3.509449627532e-11	9.089775183125e-12
-1.720000000000e-06	2.213162783628e-12	-2.407878863977e-11	8.306440377262e-12
-1.719000000000e-06	5.882574779016e-12	-3.506434343857e-11	1.020381498372e-11
-1.718000000000e-06	2.877658971309e-12	-2.712510747893e-11	9.206712197038e-12
-1.717000000000e-06	6.431313161358e-12	-3.316047868949e-11	8.855736359943e-12
-1.716000000000e-06	-2.928669870747e-13	-2.495869385714e-11	1.154350591063e-11
-1.715000000000e-06	7.104821375845e-12	-3.088748527660e-11	6.508992630350e-12
-1.714000000000e-06	5.039646958016e-12	-3.488271948089e-11	1.115918915196e-11
-1.713000000000e-06	5.312574011401e-12	-2.865736807832e-11	7.522145717956e-12
-1.712000000000e-06	4.490901082464e-12	-2.673239338587e-11	7.391616469398e-12
-1.711000000000e-06	4.780557151156e-12	-2.810192170872e-11	8.135854734975e-12
-1.710000000000e-06	8.262274149237e-12	-3.406673142961e-11	7.492752664114e-12
-1.709000000000e-06	8.678815726857e-13	-2.544713682481e-11	1.061779279171e-11
-1.708000000000e-06	6.846536266448e-12	-3.197571605380e-11	8.029981641703e-12
-1.707000000000e-06	1.507810068471e-12	-2.648528799116e-11	1.047335974768e-11
-1.706000000000e-06	5.847219907611e-12	-2.803499526790e-11	7.038488089596e-12
-1.705000000000e-06	5.760831215528e-12	-3.244580991134e-11	9.770442480169e-12
-1.704000000000e-06	4.028407176897e-12	-2.414591474469e-11	6.639582952635e-12
-1.703000000000e-06	2.392737726019e-12	-2.842521984317e-11	1.100845398203e-11
-1.702000000000e-06	6.086096406469e-12	-2.923594137271e-11	7.351428071256e-12
-1.701000000000e-06	4.173436178274e-12	-2.390296548339e-11	6.125588169752e-12
-1.700000000000e-06	3.491403655243e-12	-2.357026353363e-11	6.880220002381e-12
-1.699000000000e-06	4.657928413944e-12	-2.598702121929e-11	7.145017595092e-12
-1.698000000000e-06	3.247446354896e-12	-2.528601880328e-11	8.276826602178e-12
-1.697000000000e-06	5.479803676520e-12	-2.884801419907e-11	8.268648298464e-12
-1.696000000000e-06	2.512790903359e-12	-2.076556625553e-11	6.600431531670e-12
-1.695000000000e-06	1.510655887612e-12	-2.680555478076e-11	1.129355466797e-11
-1.694000000000e-06	3.078008943172e-12	-2.377611403920e-11	7.848615764510e-12
-1.693000000000e-06	4.170246850921e-12	-2.452835061016e-11	7.246272540715e-12
-1.692000000000e-06	3.834427759148e-12	-2.505016492073e-11	7.561822136266e-12
-1.691000000000e-06	2.290242170744e-12	-2.710436725891e-11	1.084784887811e-11
-1.690000000000e-06	6.307411194680e-12	-2.578163102386e-11	5.661004792826e-12
-1.689000000000e-06	4.524689493469e-12	-2.502101435997e-11	6.943565499125e-12
-1.688000000000e-06	6.093997364814e-12	-2.155115681969e-11	3.640622751867e-12
-1.687000000000e-06	2.085393281356e-12	-2.574400658841e-11	9.866208553750e-12
-1.686000000000e-06	4.700782170862e-12	-2.495697499209e-11	6.983829364076e-12
-1.685000000000e-06	7.373530254666e-12	-2.428147945180e-11	3.391679562039e-12
-1.684000000000e-06	3.518813953675e-12	-2.548538166752e-11	8.697175928993e-12
-1.683000000000e-06	-4.072602924029e-14	-2.426542648042e-11	1.168984642692e-11
-1.682000000000e-06	2.418522514537e-12	-2.235220064239e-11	7.976511755407e-12
-1.681000000000e-06	4.824875198422e-12	-2.369308041595e-11	6.153046131097e-12
-1.680000000000e-06	5.351746528385e-12	-2.351632615995e-11	5.329096529566e-12
-1.679000000000e-06	4.307663053380e-12	-2.301474916933e-11	6.637186060740e-12
-1.678000000000e-06	2.044231538503e-12	-2.372433982224e-11	9.251338090636e-12
-1.677000000000e-06	3.722549577236e-12	-2.423703455264e-11	8.155746749908e-12
-1.676000000000e-06	3.670786327221e-12	-2.818400791047e-11	9.834063476227e-12
-1.675000000000e-06	3.616945704300e-12	-2.007975650061e-11	5.653846218494e-12
-1.674000000000e-06	3.530336487473e-12	-2.096375950703e-11	6.448024354565e-12
-1.673000000000e-06	2.959030432193e-12	-1.923280847519e-11	5.520196225601e-12
-1.672000000000e-06	2.360932684849e-12	-2.302544177106e-11	8.510937752461e-12
-1.671000000000e-06	2.894919297139e-12	-2.251841351016e-11	7.840849315481e-12
-1.670000000000e-06	2.677250662514e-12	-1.745937315278e-11	5.412484377310e-12
-1.669000000000e-06	5.751794798938e-12	-2.449162905043e-11	6.043771518049e-12
-1.668000000000e-06	2.289776254253e-12	-1.969541688025e-11	7.065553930950e-12
-1.667000000000e-06	3.234763827073e-12	-1.842168722221e-11	5.260541924365e-12
-1.666000000000e-06	2.845821164930e-12	-2.211869805676e-11	7.526373437039e-12
-1.665000000000e-06	4.064874313328e-12	-2.062185343371e-11	5.865588314788e-12
