-4.603000000000e-06	0.000000000000e+00	0.000000000000e+00	0.000000000000e+00
-4.602000000000e-06	0.000000000000e+00	0.000000000000e+00	0.000000000000e+00
-4.601000000000e-06	0.000000000000e+00	0.000000000000e+00	0.000000000000e+00
-4.600000000000e-06	0.000000000000e+00	0.000000000000e+00	0.000000000000e+00
-4.599000000000e-06	0.000000000000e+00	0.000000000000e+00	0.000000000000e+00
-4.598000000000e-06	0.000000000000e+00	0.000000000000e+00	0.000000000000e+00
-4.597000000000e-06	0.000000000000e+00	0.000000000000e+00	0.000000000000e+00
-4.596000000000e-06	0.000000000000e+00	0.000000000000e+00	0.000000000000e+00
-4.595000000000e-06	0.000000000000e+00	0.000000000000e+00	0.000000000000e+00
-4.594000000000e-06	0.000000000000e+00	0.000000000000e+00	0.000000000000e+00
-4.593000000000e-06	0.000000000000e+00	0.000000000000e+00	0.000000000000e+00
-4.592000000000e-06	0.000000000000e+00	0.000000000000e+00	0.000000000000e+00
-4.591000000000e-06	0.000000000000e+00	0.000000000000e+00	0.000000000000e+00
-4.590000000000e-06	0.000000000000e+00	0.000000000000e+00	0.000000000000e+00
-4.589000000000e-06	0.000000000000e+00	0.000000000000e+00	0.000000000000e+00
-4.588000000000e-06	0.000000000000e+00	0.000000000000e+00	0.000000000000e+00
-4.587000000000e-06	0.000000000000e+00	0.000000000000e+00	0.000000000000e+00
-4.586000000000e-06	0.000000000000e+00	0.000000000000e+00	0.000000000000e+00
-4.585000000000e-06	0.000000000000e+00	0.000000000000e+00	0.000000000000e+00
-4.584000000000e-06	0.000000000000e+00	0.000000000000e+00	0.000000000000e+00
-4.583000000000e-06	0.000000000000e+00	0.000000000000e+00	0.000000000000e+00
-4.582000000000e-06	0.000000000000e+00	0.000000000000e+00	0.000000000000e+00
-4.581000000000e-06	0.000000000000e+00	0.000000000000e+00	0.000000000000e+00
-4.580000000000e-06	0.000000000000e+00	0.000000000000e+00	0.000000000000e+00
-4.579000000000e-06	0.000000000000e+00	0.000000000000e+00	0.000000000000e+00
-4.578000000000e-06	0.000000000000e+00	0.000000000000e+00	0.000000000000e+00
-4.577000000000e-06	0.000000000000e+00	0.000000000000e+00	0.000000000000e+00
-4.576000000000e-06	0.000000000000e+00	0.000000000000e+00	0.000000000000e+00
-4.575000000000e-06	0.000000000000e+00	0.000000000000e+00	0.000000000000e+00
-4.574000000000e-06	0.000000000000e+00	0.000000000000e+00	0.000000000000e+00
-4.573000000000e-06	0.000000000000e+00	0.000000000000e+00	0.000000000000e+00
-4.572000000000e-06	0.000000000000e+00	0.000000000000e+00	0.000000000000e+00
-4.571000000000e-06	0.000000000000e+00	0.000000000000e+00	0.000000000000e+00
-4.570000000000e-06	0.000000000000e+00	0.000000000000e+00	0.000000000000e+00
-4.569000000000e-06	0.000000000000e+00	0.000000000000e+00	0.000000000000e+00
-4.568000000000e-06	0.000000000000e+00	0.000000000000e+00	0.000000000000e+00
-4.567000000000e-06	0.000000000000e+00	0.000000000000e+00	0.000000000000e+00
-4.566000000000e-06	0.000000000000e+00	0.000000000000e+00	0.000000000000e+00
-4.565000000000e-06	0.000000000000e+00	0.000000000000e+00	0.000000000000e+00
-4.564000000000e-06	0.000000000000e+00	0.000000000000e+00	0.000000000000e+00
-4.563000000000e-06	0.000000000000e+00	0.000000000000e+00	0.000000000000e+00
-4.562000000000e-06	0.000000000000e+00	0.000000000000e+00	0.000000000000e+00
-4.561000000000e-06	0.000000000000e+00	0.000000000000e+00	0.000000000000e+00
-4.560000000000e-06	0.000000000000e+00	0.000000000000e+00	0.000000000000e+00
-4.559000000000e-06	0.000000000000e+00	0.000000000000e+00	0.000000000000e+00
-4.558000000000e-06	0.000000000000e+00	0.000000000000e+00	0.000000000000e+00
-4.557000000000e-06	0.000000000000e+00	0.000000000000e+00	0.000000000000e+00
-4.556000000000e-06	0.000000000000e+00	0.000000000000e+00	0.000000000000e+00
-4.555000000000e-06	0.000000000000e+00	0.000000000000e+00	0.000000000000e+00
-4.554000000000e-06	0.000000000000e+00	0.000000000000e+00	0.000000000000e+00
-4.553000000000e-06	0.000000000000e+00	0.000000000000e+00	0.000000000000e+00
-4.552000000000e-06	0.000000000000e+00	0.000000000000e+00	0.000000000000e+00
-4.551000000000e-06	0.000000000000e+00	0.000000000000e+00	0.000000000000e+00
-4.550000000000e-06	0.000000000000e+00	0.000000000000e+00	0.000000000000e+00
-4.549000000000e-06	0.000000000000e+00	0.000000000000e+00	0.000000000000e+00
-4.548000000000e-06	0.000000000000e+00	0.000000000000e+00	0.000000000000e+00
-4.547000000000e-06	0.000000000000e+00	0.000000000000e+00	0.000000000000e+00
-4.546000000000e-06	0.000000000000e+00	0.000000000000e+00	0.000000000000e+00
-4.545000000000e-06	0.000000000000e+00	0.000000000000e+00	0.000000000000e+00
-4.544000000000e-06	0.000000000000e+00	0.000000000000e+00	0.000000000000e+00
-4.543000000000e-06	0.000000000000e+00	0.000000000000e+00	0.000000000000e+00
-4.542000000000e-06	0.000000000000e+00	0.000000000000e+00	0.000000000000e+00
-4.541000000000e-06	7.034772742097e-17	3.174518471488e-17	-1.051659314066e-16
-4.540000000000e-06	8.419163186621e-16	2.341236014012e-16	-1.208328072712e-15
-4.539000000000e-06	-2.241728783491e-16	7.171837646153e-16	6.720793582818e-17
-4.538000000000e-06	-4.557803181480e-16	8.110461474605e-16	3.436721208865e-16
-4.537000000000e-06	2.183009979539e-16	2.215249183048e-15	-1.019390506085e-15
-4.536000000000e-06	-2.934094983321e-15	6.339053260740e-15	1.856539202891e-15
-4.535000000000e-06	-1.077895736961e-14	1.914725544261e-14	8.151034649711e-15
-4.534000000000e-06	-1.237141906691e-16	2.952291354222e-14	-9.330513867496e-15
-4.533000000000e-06	-9.653486650440e-16	2.610245943202e-16	1.064834080800e-15
-4.532000000000e-06	-7.692134424617e-15	5.259276934431e-14	-7.016105254601e-15
-4.531000000000e-06	-3.100527719980e-14	8.947485501083e-14	1.229812221936e-14
-4.530000000000e-06	3.732630387766e-14	1.080906007988e-13	-8.523984787372e-14
-4.529000000000e-06	-2.565685230666e-14	1.546885688091e-13	-1.599434746370e-14
-4.528000000000e-06	-4.350124153421e-14	1.864442481115e-13	-3.008710829942e-15
-4.527000000000e-06	-7.522985334557e-14	2.194672649247e-13	2.865820341372e-14
-4.526000000000e-06	-9.667703760940e-14	3.813379617721e-13	3.884646445067e-15
-4.525000000000e-06	-2.245096013086e-14	3.672137563485e-13	-8.925131656232e-14
-4.524000000000e-06	-2.275764181250e-13	6.156203106102e-13	9.686058564628e-14
-4.523000000000e-06	-1.091192521876e-13	7.025290129473e-13	-8.337597392342e-14
-4.522000000000e-06	-8.618771899841e-14	7.826514268264e-13	-1.400574488241e-13
-4.521000000000e-06	-1.807764184069e-13	9.015755860802e-13	-5.767467401636e-14
-4.520000000000e-06	-2.336819486706e-13	1.396655908550e-12	-1.446193785693e-13
-4.519000000000e-06	-2.646452009962e-13	1.519284642695e-12	-1.454694203675e-13
-4.518000000000e-06	-2.579416728708e-13	1.971845604857e-12	-2.997976339278e-13
-4.517000000000e-06	-3.468019734244e-13	2.473973237766e-12	-3.478817549892e-13
-4.516000000000e-06	-5.068539727340e-13	2.878425157677e-12	-2.677702486458e-13
-4.515000000000e-06	-8.178030660720e-13	4.042785009778e-12	-2.380880770550e-13
-4.514000000000e-06	-5.866806840033e-13	4.219914772601e-12	-5.941936101869e-13
-4.513000000000e-06	-3.575011151748e-13	5.729245208937e-12	-1.375905085434e-12
-4.512000000000e-06	-7.060066773641e-13	6.256426585414e-12	-1.096643664294e-12
-4.511000000000e-06	-1.468958909895e-12	8.721963536221e-12	-9.000395074025e-13
-4.510000000000e-06	-1.836128213626e-12	1.072959886256e-11	-1.068403579201e-12
-4.509000000000e-06	-1.823273771048e-12	1.141504801315e-11	-1.297931631863e-12
-4.508000000000e-06	-2.508405695159e-12	1.363681089179e-11	-1.137633338274e-12
-4.507000000000e-06	-2.323111352817e-12	1.467604941401e-11	-1.703468022042e-12
-4.506000000000e-06	-2.909831255022e-12	1.821322909117e-11	-2.084688552959e-12
-4.505000000000e-06	-3.024967044553e-12	2.067066473777e-11	-2.715736202015e-12
-4.504000000000e-06	-4.274617780931e-12	2.353248087688e-11	-2.031204719606e-12
-4.503000000000e-06	-4.402177005280e-12	2.711566377295e-11	-3.016209003860e-12
-4.502000000000e-06	-4.671389821712e-12	3.083528571781e-11	-3.855492750564e-12
-4.501000000000e-06	-5.192507112934e-12	3.467772902620e-11	-4.409570051036e-12
-4.500000000000e-06	-7.181240356588e-12	3.823781105408e-11	-3.014484978824e-12
-4.499000000000e-06	-7.281295071086e-12	4.279576859923e-11	-4.323510995460e-12
-4.498000000000e-06	-6.945895559000e-12	4.816066175389e-11	-6.472306084122e-12
-4.497000000000e-06	-8.626611665723e-12	5.453905457535e-11	-6.362776756350e-12
-4.496000000000e-06	-9.272909801800e-12	5.947681390235e-11	-7.094480816801e-12
-4.495000000000e-06	-1.081714397762e-11	6.821519083942e-11	-7.906908046157e-12
-4.494000000000e-06	-1.126836549884e-11	7.010344258665e-11	-7.936044730651e-12
-4.493000000000e-06	-1.388847818032e-11	7.825308747109e-11	-7.214329348947e-12
-4.492000000000e-06	-1.340888085919e-11	8.134842992079e-11	-8.803027104770e-12
-4.491000000000e-06	-1.283364281388e-11	8.843066142438e-11	-1.176879995607e-11
-4.490000000000e-06	-1.813189432632e-11	9.621617747248e-11	-7.547917981269e-12
-4.489000000000e-06	-1.738006549910e-11	1.035650298439e-10	-1.079324749695e-11
-4.488000000000e-06	-1.535599862452e-11	1.074904101503e-10	-1.462123196328e-11
-4.487000000000e-06	-2.032267648706e-11	1.159255123866e-10	-1.100079211177e-11
-4.486000000000e-06	-1.768698430792e-11	1.197756100711e-10	-1.554642867458e-11
-4.485000000000e-06	-2.185681826145e-11	1.235947100333e-10	-1.152431931393e-11
-4.484000000000e-06	-2.266300944016e-11	1.334592717054e-10	-1.364811817007e-11
-4.483000000000e-06	-2.089900222522e-11	1.374100937919e-10	-1.705240745834e-11
-4.482000000000e-06	-2.422952814763e-11	1.473763241820e-10	-1.605873078851e-11
-4.481000000000e-06	-2.407578460696e-11	1.504257650308e-10	-1.715412678983e-11
-4.480000000000e-06	-2.664835923664e-11	1.595649930682e-10	-1.685183649828e-11
-4.479000000000e-06	-2.645394564991e-11	1.611286427822e-10	-1.761412818298e-11
-4.478000000000e-06	-3.121513544852e-11	1.698845739136e-10	-1.445306658967e-11
-4.477000000000e-06	-2.907746598660e-11	1.723062560772e-10	-1.785955797908e-11
-4.476000000000e-06	-3.129857830770e-11	1.863969973178e-10	-1.949298884920e-11
-4.475000000000e-06	-2.511782359917e-11	1.804870436044e-10	-2.536849737728e-11
-4.474000000000e-06	-3.243742380285e-11	1.860955958066e-10	-1.798490928719e-11
-4.473000000000e-06	-3.185062333630e-11	1.957425488507e-10	-2.176969414319e-11
-4.472000000000e-06	-3.140899396819e-11	1.957662000924e-10	-2.228266571874e-11
-4.471000000000e-06	-3.364125743357e-11	1.984957393372e-10	-2.045045288276e-11
-4.470000000000e-06	-3.154498525216e-11	2.036965047426e-10	-2.465949962843e-11
-4.469000000000e-06	-3.556074523227e-11	2.042416040690e-10	-1.986608830225e-11
-4.468000000000e-06	-3.364413703878e-11	2.062889616192e-10	-2.280548750948e-11
-4.467000000000e-06	-3.480060280868e-11	2.126485004039e-10	-2.350604039992e-11
-4.466000000000e-06	-3.455435040017e-11	2.064745355570e-10	-2.182208986699e-11
-4.465000000000e-06	-3.440873721391e-11	2.193052915160e-10	-2.590297251779e-11
-4.464000000000e-06	-3.362109094207e-11	2.126518591013e-10	-2.491089962044e-11
-4.463000000000e-06	-3.455480874974e-11	2.176949391874e-10	-2.528931409059e-11
-4.462000000000e-06	-3.487859989785e-11	2.127984703899e-10	-2.340856464039e-11
-4.461000000000e-06	-3.625450871636e-11	2.233607813927e-10	-2.500956319048e-11
-4.460000000000e-06	-3.725136073835e-11	2.188933962951e-10	-2.238126221977e-11
-4.459000000000e-06	-3.328111224236e-11	2.200103667700e-10	-2.758704231287e-11
-4.458000000000e-06	-3.561347278759e-11	2.093173655233e-10	-2.147045280142e-11
-4.457000000000e-06	-3.647444034208e-11	2.086853569021e-10	-2.030468549489e-11
-4.456000000000e-06	-3.087452855782e-11	2.136274415580e-10	-2.856637712387e-11
-4.455000000000e-06	-3.333058245130e-11	2.130388839898e-10	-2.540701172822e-11
-4.454000000000e-06	-3.152385615396e-11	2.070941246303e-10	-2.576375757439e-11
-4.453000000000e-06	-3.240369321584e-11	2.045270780900e-10	-2.391464363892e-11
-4.452000000000e-06	-3.075973279191e-11	2.083313665110e-10	-2.705876101500e-11
-4.451000000000e-06	-2.806011831095e-11	2.000623421705e-10	-2.773876777733e-11
-4.450000000000e-06	-3.047342423876e-11	2.060284639207e-10	-2.662341682126e-11
-4.449000000000e-06	-3.655647818309e-11	1.900438318859e-10	-1.463195095687e-11
-4.448000000000e-06	-2.766106187223e-11	1.954979801538e-10	-2.672802738684e-11
-4.447000000000e-06	-2.674654947224e-11	1.895522214283e-10	-2.617246589043e-11
-4.446000000000e-06	-2.935331641011e-11	1.849673416181e-10	-2.165363606025e-11
-4.445000000000e-06	-1.784498917559e-11	1.801918518977e-10	-3.377922262411e-11
-4.444000000000e-06	-2.499350878440e-11	1.747296001640e-10	-2.373813747337e-11
-4.443000000000e-06	-2.271346400338e-11	1.721035050912e-10	-2.562514522082e-11
-4.442000000000e-06	-2.266693468795e-11	1.715613774296e-10	-2.546976950505e-11
-4.441000000000e-06	-1.523821802758e-11	1.652100898991e-10	-3.232465853890e-11
-4.440000000000e-06	-1.426481950594e-11	1.506706247900e-10	-2.900355594004e-11
-4.439000000000e-06	-1.751804658630e-11	1.556259314123e-10	-2.669309189816e-11
-4.438000000000e-06	-2.142479992304e-11	1.501563466562e-10	-2.050124831519e-11
-4.437000000000e-06	-1.962763730583e-11	1.504707880839e-10	-2.247492781788e-11
-4.436000000000e-06	-1.259788293957e-11	1.401009306461e-10	-2.762266196412e-11
-4.435000000000e-06	-1.767349748245e-11	1.390221777153e-10	-2.147621523688e-11
-4.434000000000e-06	-1.111672183913e-11	1.476090858575e-10	-3.171964685752e-11
-4.433000000000e-06	-1.248603090713e-11	1.189263183759e-10	-2.143017263345e-11
-4.432000000000e-06	-1.137678145673e-11	1.277886185121e-10	-2.535978246227e-11
-4.431000000000e-06	-6.271999136321e-12	1.216368678373e-10	-2.940281770615e-11
-4.430000000000e-06	-5.848250735497e-12	1.104508208637e-10	-2.664160660481e-11
-4.429000000000e-06	-1.006512117607e-11	1.144444203694e-10	-2.274149468166e-11
-4.428000000000e-06	-6.716693220279e-12	1.090944836823e-10	-2.512721296731e-11
-4.427000000000e-06	-8.578482750451e-12	9.887855885172e-11	-1.991096912752e-11
-4.426000000000e-06	-3.872237791568e-12	9.570645570606e-11	-2.441757429818e-11
-4.425000000000e-06	-2.235326122351e-12	9.974457291800e-11	-2.739306144904e-11
-4.424000000000e-06	-9.550278115131e-12	8.166638815305e-11	-1.331451479415e-11
-4.423000000000e-06	-1.005405922882e-11	8.484138879907e-11	-1.380485441831e-11
-4.422000000000e-06	2.183805777371e-12	9.080891208129e-11	-2.958611064137e-11
-4.421000000000e-06	-7.083767713206e-12	7.964275576981e-11	-1.559114234400e-11
-4.420000000000e-06	2.543083140648e-12	6.130993653932e-11	-2.102040430799e-11
-4.419000000000e-06	4.513096974722e-12	6.120518624016e-11	-2.344131743595e-11
-4.418000000000e-06	-2.869634202071e-12	6.406243996060e-11	-1.562627859554e-11
-4.417000000000e-06	1.491014057457e-12	5.447932928148e-11	-1.813556718002e-11
-4.416000000000e-06	5.600817758158e-12	4.735366631116e-11	-2.029741076216e-11
-4.415000000000e-06	1.994452187785e-12	5.420206739222e-11	-1.826272131081e-11
-4.414000000000e-06	-1.935203467816e-13	5.003259715794e-11	-1.437132183857e-11
-4.413000000000e-06	1.159815298749e-11	3.192205603269e-11	-2.251519373474e-11
-4.412000000000e-06	8.496150237010e-12	3.775201846700e-11	-2.062015506852e-11
-4.411000000000e-06	3.908509623786e-12	2.949995321122e-11	-1.276096140763e-11
-4.410000000000e-06	-3.168947775148e-12	3.877372726411e-11	-7.684212510196e-12
-4.409000000000e-06	5.115817550228e-12	2.620769351196e-11	-1.352379043841e-11
-4.408000000000e-06	1.172456819264e-11	1.722305512708e-11	-1.789087052835e-11
-4.407000000000e-06	7.640122205789e-12	1.311810479617e-11	-1.210451391295e-11
-4.406000000000e-06	9.754979758462e-12	1.868696966625e-11	-1.626078804823e-11
-4.405000000000e-06	1.144145072252e-11	5.392935932227e-12	-1.376286451515e-11
-4.404000000000e-06	5.970804483114e-13	1.843433332281e-11	-5.628225706254e-12
-4.403000000000e-06	6.829075849404e-12	-5.056464933272e-12	-5.383880677509e-12
-4.402000000000e-06	9.479825093474e-12	4.843321545058e-12	-1.151105340555e-11
-4.401000000000e-06	9.374668037976e-12	8.236842804497e-12	-1.219272055630e-11
-4.400000000000e-06	7.821580306941e-12	-5.024413537638e-12	-6.868247579377e-12
-4.399000000000e-06	1.316351189051e-11	-1.720437221455e-12	-1.333967171779e-11
-4.398000000000e-06	4.778920117583e-12	-1.691165931067e-12	-4.088173028154e-12
-4.397000000000e-06	5.826087577799e-12	-1.508089102038e-11	-1.500839273476e-12
-4.396000000000e-06	3.617070228572e-12	-6.949346738354e-12	-1.116796510906e-12
-4.395000000000e-06	7.773165106554e-12	-2.312187544273e-11	-1.095419941065e-12
-4.394000000000e-06	1.477551424156e-11	-1.966857567585e-11	-9.558636530729e-12
-4.393000000000e-06	1.084985747851e-11	-2.177878476184e-11	-4.899896515350e-12
-4.392000000000e-06	1.025614875718e-11	-2.735440174394e-11	-2.421482252577e-12
-4.391000000000e-06	9.263216854044e-12	-2.161006046537e-11	-3.131928538192e-12
-4.390000000000e-06	8.071340750428e-12	-3.080112142263e-11	9.921184200898e-13
-4.389000000000e-06	1.025340399867e-11	-3.138491434302e-11	-1.212708835729e-12
-4.388000000000e-06	8.846702513914e-12	-2.569613002178e-11	-1.130557985739e-12
-4.387000000000e-06	9.804085778982e-12	-4.513819815959e-11	3.405461843986e-12
-4.386000000000e-06	1.463008125240e-11	-2.789926521419e-11	-6.638764263095e-12
-4.385000000000e-06	1.090613643672e-11	-3.843539025350e-11	4.954506262628e-13
-4.384000000000e-06	7.077031925102e-12	-3.876743320109e-11	4.726447369459e-12
-4.383000000000e-06	7.017246083685e-12	-4.338427347538e-11	6.080749640948e-12
-4.382000000000e-06	7.027498961908e-12	-4.050432096534e-11	5.561225862479e-12
-4.381000000000e-06	8.172500205753e-12	-4.084345092227e-11	4.015276437142e-12
-4.380000000000e-06	1.111414547871e-11	-5.303566645546e-11	4.731986700727e-12
-4.379000000000e-06	1.392137628151e-11	-5.229601695639e-11	1.134556783709e-12
-4.378000000000e-06	7.956008261341e-12	-5.169733403167e-11	7.987261917827e-12
-4.377000000000e-06	1.114393557411e-11	-4.853923019686e-11	3.062607495168e-12
-4.376000000000e-06	8.198009496016e-12	-5.114151903511e-11	7.327599361058e-12
-4.375000000000e-06	9.542612721198e-12	-5.758751264339e-11	7.687888387667e-12
-4.374000000000e-06	8.091979305528e-12	-5.083573525537e-11	7.317962649556e-12
-4.373000000000e-06	6.351736913900e-12	-5.436793259453e-11	1.012985459053e-11
-4.372000000000e-06	1.524114633325e-11	-6.062951103896e-11	2.525139441500e-12
-4.371000000000e-06	4.775680813887e-12	-5.674764113372e-11	1.277302988502e-11
-4.370000000000e-06	8.089093740411e-12	-5.890285929043e-11	9.663789842760e-12
-4.369000000000e-06	7.779686050979e-12	-6.110613084679e-11	1.056058473466e-11
-4.368000000000e-06	1.208604722444e-11	-6.478873848203e-11	7.187923597173e-12
-4.367000000000e-06	1.122696815193e-11	-5.312650319823e-11	5.106181421901e-12
-4.366000000000e-06	6.942045551439e-12	-5.676493813303e-11	1.052642893167e-11
-4.365000000000e-06	1.304199283369e-11	-7.264980127551e-11	8.333882158612e-12
-4.364000000000e-06	1.020709132265e-11	-6.666606050448e-11	9.819628219671e-12
-4.363000000000e-06	1.163718046232e-11	-6.492375722144e-11	7.782924804037e-12
-4.362000000000e-06	6.980066413462e-12	-6.614294085190e-11	1.335876571075e-11
-4.361000000000e-06	1.033464210552e-11	-6.496266993466e-11	9.410335293069e-12
-4.360000000000e-06	4.839029462014e-12	-6.633761244775e-11	1.557368684675e-11
-4.359000000000e-06	1.304868960059e-11	-6.736654282749e-11	7.105768558980e-12
-4.358000000000e-06	9.395534285075e-12	-6.217876345053e-11	9.621447469414e-12
-4.357000000000e-06	1.031819799763e-11	-7.105249510195e-11	1.117412057934e-11
-4.356000000000e-06	1.365051803683e-12	-6.468057041998e-11	1.894587998141e-11
-4.355000000000e-06	7.702354585823e-12	-6.750084695363e-11	1.265176525087e-11
-4.354000000000e-06	4.781817764536e-12	-7.111985278369e-11	1.694239665629e-11
-4.353000000000e-06	8.301012684831e-12	-7.227159181353e-11	1.370072989920e-11
-4.352000000000e-06	9.735005580023e-12	-6.228377018681e-11	9.584348286236e-12
-4.351000000000e-06	5.861099512833e-12	-6.943377200241e-11	1.543438192248e-11
-4.350000000000e-06	1.165900097525e-11	-7.976516078008e-11	1.216140747433e-11
-4.349000000000e-06	3.296148636541e-12	-6.653948700626e-11	1.741460994823e-11
-4.348000000000e-06	1.020989423150e-11	-6.941694555876e-11	1.079230235650e-11
-4.347000000000e-06	8.122327969682e-12	-6.331682340623e-11	1.127897769292e-11
-4.346000000000e-06	1.374754162985e-11	-7.388910879890e-11	8.663976395060e-12
-4.345000000000e-06	1.217688825668e-12	-7.210132093820e-11	2.069216482887e-11
-4.344000000000e-06	1.003673925104e-11	-7.441691916313e-11	1.243000781477e-11
-4.343000000000e-06	6.889483127931e-12	-6.926414590365e-11	1.438764015421e-11
-4.342000000000e-06	6.268147249654e-12	-7.475866103836e-11	1.651017502040e-11
-4.341000000000e-06	8.982782974571e-12	-7.661918237263e-11	1.410957460904e-11
-4.340000000000e-06	8.249372396010e-12	-6.767976117871e-11	1.237192747104e-11
-4.339000000000e-06	2.164384678836e-12	-6.804688663671e-11	1.912165629199e-11
-4.338000000000e-06	5.718000713022e-12	-6.690981485043e-11	1.487159133152e-11
-4.337000000000e-06	8.687197877226e-12	-7.222395497556e-11	1.337254942396e-11
-4.336000000000e-06	1.123162230363e-11	-6.930035010037e-11	9.635107232232e-12
-4.335000000000e-06	8.172170874394e-12	-7.136671364124e-11	1.346649170885e-11
-4.334000000000e-06	3.144897365998e-12	-6.932687359275e-11	1.839769973911e-11
-4.333000000000e-06	4.944436299730e-12	-7.296667699205e-11	1.739566979407e-11
-4.332000000000e-06	9.353836269213e-12	-7.150446381409e-11	1.262474981060e-11
-4.331000000000e-06	8.079232287200e-12	-6.665274907198e-11	1.223845238889e-11
-4.330000000000e-06	8.177438051297e-12	-6.723537916146e-11	1.264028908269e-11
-4.329000000000e-06	9.428193982850e-12	-7.359414743776e-11	1.306358784380e-11
-4.328000000000e-06	6.462598557850e-12	-7.051475986733e-11	1.511020792496e-11
-4.327000000000e-06	8.319745141628e-12	-7.089093005321e-11	1.302080674219e-11
-4.326000000000e-06	8.155381077187e-12	-7.227741329092e-11	1.381834648142e-11
-4.325000000000e-06	1.462940226303e-11	-7.135236604782e-11	6.961024915848e-12
-4.324000000000e-06	-8.475921366648e-13	-6.911684729092e-11	2.239724747075e-11
-4.323000000000e-06	5.529823685252e-12	-7.123616053698e-11	1.619329193358e-11
-4.322000000000e-06	4.077362152339e-12	-6.834558034492e-11	1.697322829655e-11
-4.321000000000e-06	5.579384837156e-12	-6.420381907849e-11	1.408818021850e-11
-4.320000000000e-06	1.126269033502e-11	-6.932176361464e-11	1.006425483127e-11
-4.319000000000e-06	3.995192539994e-12	-7.215207080117e-11	1.782920386672e-11
-4.318000000000e-06	7.839373587056e-12	-7.067083860848e-11	1.372085974455e-11
-4.317000000000e-06	2.774838055649e-12	-6.464693242860e-11	1.714251057074e-11
-4.316000000000e-06	5.899270793192e-12	-6.837617919234e-11	1.499701094294e-11
-4.315000000000e-06	5.809885759268e-12	-6.205875843028e-11	1.308688619003e-11
-4.314000000000e-06	7.252496634944e-12	-6.378874043850e-11	1.215673346019e-11
-4.313000000000e-06	9.681819986962e-12	-6.481789155737e-11	1.004224983959e-11
-4.312000000000e-06	5.285742238300e-12	-6.750385760352e-11	1.551027106037e-11
-4.311000000000e-06	7.662230424940e-12	-6.153578110438e-11	1.123363750894e-11
-4.310000000000e-06	1.008905732306e-11	-7.000031387271e-11	1.141889123458e-11
-4.309000000000e-06	6.252234031603e-12	-6.423722060374e-11	1.355633226833e-11
-4.308000000000e-06	2.115361578373e-12	-6.103871882639e-11	1.662943367077e-11
-4.307000000000e-06	4.980322523777e-12	-5.605132384329e-11	1.257890682779e-11
-4.306000000000e-06	9.208026755347e-12	-6.310211650164e-11	9.831740382849e-12
-4.305000000000e-06	1.074119956332e-11	-6.916216021729e-11	1.023880888901e-11
-4.304000000000e-06	4.983136962570e-12	-5.887752147713e-11	1.329956138156e-11
-4.303000000000e-06	3.347723488128e-12	-5.754788460963e-11	1.468509640599e-11
-4.302000000000e-06	2.028856768307e-12	-6.293037745561e-11	1.678231957379e-11
-4.301000000000e-06	9.743352742655e-12	-5.936312631279e-11	8.268320462259e-12
-4.300000000000e-06	3.760299269940e-13	-6.062918204961e-11	1.847448908547e-11
-4.299000000000e-06	2.511029291381e-12	-5.866875695911e-11	1.519697402556e-11
-4.298000000000e-06	5.244038181253e-12	-6.100481326052e-11	1.346283282598e-11
-4.297000000000e-06	9.788346757888e-12	-6.187946410616e-11	9.332034365949e-12
-4.296000000000e-06	1.469996272951e-12	-5.883565131773e-11	1.649584828942e-11
-4.295000000000e-06	2.761614231071e-12	-5.594718868913e-11	1.444718384919e-11
-4.294000000000e-06	4.478391929322e-12	-5.725122400952e-11	1.334601568321e-11
-4.293000000000e-06	6.332946739061e-12	-5.959723678554e-11	1.178878175699e-11
-4.292000000000e-06	3.655523588463e-12	-5.555525366053e-11	1.343507111314e-11
-4.291000000000e-06	6.747924322375e-12	-6.072653700661e-11	1.161456309906e-11
-4.290000000000e-06	2.891998537960e-12	-5.720945113149e-11	1.456900331468e-11
-4.289000000000e-06	5.268837883794e-12	-5.910019264372e-11	1.257752522350e-11
-4.288000000000e-06	6.997110155057e-12	-5.835292521650e-11	1.114934093825e-11
-4.287000000000e-06	6.815033322688e-12	-5.949025800960e-11	1.146782960252e-11
-4.286000000000e-06	4.750781909129e-12	-5.562866767224e-11	1.252583913393e-11
-4.285000000000e-06	7.343072608085e-12	-5.731761694364e-11	1.030358895569e-11
-4.284000000000e-06	7.965504443108e-12	-5.415558095475e-11	8.626917931690e-12
-4.283000000000e-06	2.070116030381e-12	-5.075691015408e-11	1.352047866993e-11
-4.282000000000e-06	6.323431085994e-12	-5.206644349882e-11	9.731462479333e-12
-4.281000000000e-06	5.907343352816e-12	-5.401854348839e-11	1.071488371427e-11
-4.280000000000e-06	1.766011310468e-12	-5.647171250517e-11	1.506228775876e-11
-4.279000000000e-06	5.986363526951e-12	-5.498813879907e-11	1.105406930911e-11
-4.278000000000e-06	4.053014684483e-12	-5.400697121511e-11	1.237581276083e-11
-4.277000000000e-06	-1.048032176551e-12	-5.038505551079e-11	1.622959157468e-11
-4.276000000000e-06	8.140327341744e-12	-5.505936365142e-11	8.843294355690e-12
-4.275000000000e-06	8.518228517842e-12	-5.038260675578e-11	6.870781575007e-12
-4.274000000000e-06	-4.709398928048e-13	-5.341969247459e-11	1.625077158977e-11
-4.273000000000e-06	4.108128870430e-12	-4.605615527929e-11	1.070375488956e-11
-4.272000000000e-06	8.522182392537e-12	-5.788101496135e-11	9.048964454564e-12
-4.271000000000e-06	1.940014277809e-12	-5.036353707990e-11	1.320175506702e-11
-4.270000000000e-06	7.863006256417e-12	-5.141221027770e-11	7.580149081331e-12
-4.269000000000e-06	2.416991821348e-12	-4.451641649788e-11	1.150109004103e-11
-4.268000000000e-06	4.144786055306e-12	-4.595539801135e-11	1.024954681037e-11
-4.267000000000e-06	3.328182242901e-12	-4.918955127340e-11	1.146329505815e-11
-4.266000000000e-06	6.612883902469e-12	-4.393536660997e-11	7.026305014020e-12
-4.265000000000e-06	1.363565298965e-12	-4.431609908323e-11	1.201624739965e-11
-4.264000000000e-06	5.430339982586e-12	-4.282496835995e-11	7.987117856152e-12
-4.263000000000e-06	4.079082277781e-12	-4.835600606447e-11	1.075118665746e-11
-4.262000000000e-06	3.947854564467e-12	-4.404013320286e-11	9.793917657058e-12
-4.261000000000e-06	6.098110427142e-12	-4.044162237909e-11	6.803450123720e-12
-4.260000000000e-06	8.486806752766e-12	-5.249869055497e-11	7.606805004556e-12
-4.259000000000e-06	2.045327857833e-12	-4.025963609363e-11	1.001087806622e-11
-4.258000000000e-06	7.774947296373e-12	-4.502635364148e-11	6.550030412806e-12
-4.257000000000e-06	4.085902702631e-13	-4.051273043279e-11	1.177038111378e-11
-4.256000000000e-06	4.704038390834e-12	-4.335400553903e-11	8.714815161004e-12
-4.255000000000e-06	6.943039448544e-12	-4.316938773426e-11	6.734120395237e-12
-4.254000000000e-06	3.321813869671e-12	-4.023212486315e-11	9.125337628707e-12
-4.253000000000e-06	3.941422115573e-13	-4.362265509265e-11	1.257831613428e-11
-4.252000000000e-06	2.641684192935e-12	-4.471603723748e-11	1.063395483993e-11
-4.251000000000e-06	5.550734404272e-12	-3.694327946009e-11	6.348001784849e-12
-4.250000000000e-06	4.901528396509e-12	-3.941972195746e-11	6.925639868618e-12
-4.249000000000e-06	5.881969629036e-12	-4.010466330964e-11	6.567894898229e-12
-4.248000000000e-06	4.873577201115e-12	-4.408030426006e-11	8.614556956591e-12
-4.247000000000e-06	6.152161789934e-12	-3.834691035031e-11	5.857875886675e-12
-4.246000000000e-06	2.261932136009e-12	-4.087084983667e-11	9.731814490350e-12
-4.245000000000e-06	6.671904148636e-12	-4.223560945474e-11	6.555651195339e-12
-4.244000000000e-06	1.208721319594e-11	-3.539664825582e-11	-4.389579305603e-13
-4.243000000000e-06	1.226130543489e-12	-3.859985651387e-11	1.075326467154e-11
-4.242000000000e-06	3.846278625888e-13	-4.100294701614e-11	1.178453570761e-11
-4.241000000000e-06	3.598519375047e-12	-3.984269075997e-11	8.551250628859e-12
-4.240000000000e-06	4.274802521744e-12	-3.563898457773e-11	6.870156392858e-12
-4.239000000000e-06	2.816017148478e-12	-4.361899028012e-11	1.051735911154e-11
-4.238000000000e-06	3.571107647075e-12	-3.497026700845e-11	7.136875620515e-12
-4.237000000000e-06	1.777690437026e-12	-3.165652710380e-11	8.088692044890e-12
-4.236000000000e-06	-3.115842254614e-13	-3.610548125569e-11	1.139985948484e-11
-4.235000000000e-06	7.381320874639e-12	-3.501425030916e-11	3.739442352589e-12
-4.234000000000e-06	2.622832477530e-12	-3.620063738991e-11	8.573607989854e-12
-4.233000000000e-06	6.684119361413e-12	-3.067110112546e-11	3.563387864969e-12
-4.232000000000e-06	6.690456362627e-13	-3.054039760949e-11	8.706430913761e-12
-4.231000000000e-06	1.873797616544e-12	-3.641101913078e-11	9.080045087705e-12
-4.230000000000e-06	2.405485797405e-12	-3.486565259134e-11	8.098873855209e-12
-4.229000000000e-06	4.682165441185e-12	-3.334929346999e-11	5.803005521089e-12
-4.228000000000e-06	5.378183225387e-12	-3.575628519395e-11	5.711117863168e-12
-4.227000000000e-06	4.047252991973e-12	-3.230199445208e-11	6.224069102990e-12
-4.226000000000e-06	4.222506919920e-12	-3.723924893996e-11	7.126860938345e-12
-4.225000000000e-06	2.121051951625e-12	-3.200276078950e-11	7.431526573930e-12
-4.224000000000e-06	1.191976364159e-12	-3.123673546162e-11	8.372296000396e-12
-4.223000000000e-06	4.414962283192e-12	-3.013379246891e-11	5.218510959098e-12
-4.222000000000e-06	5.567594392257e-12	-2.806043737084e-11	3.471724219514e-12
-4.221000000000e-06	-4.059105373425e-13	-3.355605661463e-11	1.065690073739e-11
-4.220000000000e-06	4.419790697544e-12	-2.738699208501e-11	4.147914464083e-12
-4.219000000000e-06	3.931428952567e-12	-3.564762246304e-11	6.866490038884e-12
-4.218000000000e-06	6.078380709952e-12	-3.285147298028e-11	4.098183803463e-12
-4.217000000000e-06	4.381993110561e-12	-2.863613238628e-11	4.658948963753e-12
-4.216000000000e-06	5.360536833709e-12	-3.064935168224e-11	4.459224896017e-12
-4.215000000000e-06	4.919844817512e-14	-2.803916991332e-11	8.025550920962e-12
-4.214000000000e-06	9.829881764622e-13	-3.242100388306e-11	8.929278957574e-12
-4.213000000000e-06	4.714348587665e-12	-2.877310663111e-11	4.336032675077e-12
-4.212000000000e-06	2.785026686125e-12	-2.922613056289e-11	6.024473740325e-12
-4.211000000000e-06	4.122667479729e-12	-2.615668392855e-11	4.136948170176e-12
-4.210000000000e-06	2.148169052650e-12	-2.636397803590e-11	5.836433890687e-12
-4.209000000000e-06	7.236259491883e-12	-2.844831089201e-11	1.952339426846e-12
-4.208000000000e-06	4.559885080923e-12	-2.580586517065e-11	3.483868091462e-12
-4.207000000000e-06	5.385500283773e-12	-2.866319112607e-11	3.832119935991e-12
-4.206000000000e-06	8.233974943902e-13	-2.118396966742e-11	5.860458192331e-12
-4.205000000000e-06	4.767789019276e-12	-2.754238938077e-11	3.936920420558e-12
-4.204000000000e-06	-5.308961007695e-13	-2.691173790970e-11	8.517405865879e-12
-4.203000000000e-06	2.668514050930e-12	-2.712250357164e-11	5.948956616928e-12
-4.202000000000e-06	6.261329256533e-12	-2.969878495775e-11	3.116313888406e-12
-4.201000000000e-06	1.858058090074e-12	-2.137380350044e-11	4.881440525580e-12
-4.200000000000e-06	4.876790426868e-12	-2.990589316508e-11	4.467810481905e-12
-4.199000000000e-06	3.584850738253e-12	-2.274345724413e-11	3.197532375971e-12
-4.198000000000e-06	2.722495125283e-12	-2.475632834418e-11	5.196663184974e-12
-4.197000000000e-06	1.029642450678e-12	-2.313548139191e-11	6.237819486707e-12
-4.196000000000e-06	5.999175500517e-13	-2.497336627856e-11	7.130090828338e-12
-4.195000000000e-06	4.044626153857e-12	-2.792356310456e-11	4.796299697253e-12
-4.194000000000e-06	4.343836281857e-12	-2.017987318545e-11	2.207833408734e-12
-4.193000000000e-06	6.195854769382e-12	-2.396971536837e-11	1.669522967767e-12
-4.192000000000e-06	1.794809630926e-12	-2.827721384827e-11	6.619396195206e-12
-4.191000000000e-06	7.666798375111e-15	-2.609600319417e-11	7.752451566775e-12
-4.190000000000e-06	2.847696507490e-12	-2.274881296952e-11	4.566336524657e-12
-4.189000000000e-06	2.056252052573e-12	-1.988489337467e-11	4.657569914681e-12
-4.188000000000e-06	7.218401050820e-13	-2.324351525568e-11	6.176799817586e-12
-4.187000000000e-06	5.982230045854e-12	-2.461574084005e-11	2.024287641726e-12
-4.186000000000e-06	1.752876393470e-12	-2.197827648711e-11	4.779102749063e-12
-4.185000000000e-06	2.971364539805e-12	-2.021257802298e-11	3.388850021861e-12
-4.184000000000e-06	1.638198169233e-12	-2.199198055586e-11	5.121977649194e-12
-4.183000000000e-06	7.024508509120e-13	-2.056418699414e-11	5.891968288560e-12
-4.182000000000e-06	4.387440513531e-12	-2.055795902278e-11	2.641166865595e-12
-4.181000000000e-06	5.129615054644e-12	-1.731785926909e-11	5.826455855399e-13
-4.180000000000e-06	3.608902412723e-12	-2.253867952888e-11	3.135561495887e-12
-4.179000000000e-06	7.999900985643e-13	-2.280985961827e-11	6.195400607409e-12
-4.178000000000e-06	7.089529773984e-13	-1.829531888187e-11	5.129193872693e-12
-4.177000000000e-06	7.345181063807e-13	-1.929906479803e-11	4.985839161585e-12
-4.176000000000e-06	3.091450623318e-12	-1.947979821636e-11	3.018538288827e-12
-4.175000000000e-06	6.077104979526e-12	-2.189828491391e-11	1.260864548885e-12
-4.174000000000e-06	6.315972880577e-13	-1.742777325480e-11	4.715509148034e-12
-4.173000000000e-06	4.694093267609e-12	-1.854074124548e-11	1.374822274093e-12
-4.172000000000e-06	5.038527202480e-13	-1.520133574370e-11	3.978627711264e-12
-4.171000000000e-06	2.858074589331e-12	-1.835714721796e-11	3.043353490234e-12
-4.170000000000e-06	5.165262005239e-13	-2.042867227002e-11	5.760277688968e-12
-4.169000000000e-06	3.018078996496e-12	-1.943556700592e-11	3.248868910403e-12
-4.168000000000e-06	3.105789060984e-12	-2.005391373599e-11	2.909326626558e-12
-4.167000000000e-06	4.003454030212e-12	-1.658042890491e-11	1.888909012231e-12
-4.166000000000e-06	3.003061025478e-12	-1.903525886188e-11	3.110159983334e-12
-4.165000000000e-06	-4.308229615075e-13	-1.534113779063e-11	5.071677133838e-12
-4.164000000000e-06	7.287271338957e-12	-1.831352458386e-11	-8.235047868511e-13
-4.163000000000e-06	-4.295842627485e-13	-1.554626327265e-11	5.080583249362e-12
-4.162000000000e-06	-1.317254058952e-12	-2.306508978290e-11	7.545509761509e-12
-4.161000000000e-06	7.501545345327e-13	-1.753170357357e-11	4.563581521426e-12
-4.160000000000e-06	7.951125244648e-13	-1.652885337774e-11	4.365989487998e-12
-4.159000000000e-06	8.198333679783e-12	-1.732791142334e-11	-1.802091132937e-12
-4.158000000000e-06	2.706159060900e-12	-1.769309790537e-11	2.838997128735e-12
-4.157000000000e-06	1.442293094898e-12	-1.886758581611e-11	4.279790701608e-12
-4.156000000000e-06	6.906188939152e-12	-1.468772595077e-11	-1.448036640493e-12
-4.155000000000e-06	7.124341655344e-13	-1.274995261020e-11	3.282885995276e-12
-4.154000000000e-06	7.829006920174e-13	-1.789703567070e-11	4.514406861212e-12
-4.153000000000e-06	3.387565085587e-12	-1.985120070178e-11	2.889203993230e-12
-4.152000000000e-06	2.431466877548e-12	-1.463930334652e-11	2.147067290805e-12
-4.151000000000e-06	1.699242040621e-12	-1.212164402813e-11	2.500839695837e-12
-4.150000000000e-06	2.208048931343e-12	-1.655204868960e-11	3.152358922185e-12
-4.149000000000e-06	2.090684441328e-12	-1.680080570425e-11	3.149257492410e-12
-4.148000000000e-06	1.683417202546e-12	-1.670284579561e-11	3.876792558214e-12
-4.147000000000e-06	1.532188645101e-12	-1.327063420688e-11	2.945997293347e-12
-4.146000000000e-06	-3.395755856729e-13	-1.821913050536e-11	5.487222328562e-12
-4.145000000000e-06	4.961691410215e-12	-1.649433260557e-11	7.568948457642e-13
-4.144000000000e-06	2.749153827409e-12	-1.320192034616e-11	1.720110472930e-12
-4.143000000000e-06	2.905919648564e-12	-1.578028636895e-11	2.138401939618e-12
-4.142000000000e-06	1.902406581598e-12	-1.689735043322e-11	3.377095472627e-12
-4.141000000000e-06	3.972969210188e-12	-1.349021062837e-11	9.415675042944e-13
-4.140000000000e-06	1.020676827959e-12	-1.107513036778e-11	2.839705057840e-12
-4.139000000000e-06	1.992949348338e-12	-1.403672151222e-11	2.508593188356e-12
-4.138000000000e-06	1.855018407062e-12	-1.262639907605e-11	2.391598996313e-12
-4.137000000000e-06	3.570631114631e-12	-1.635339723326e-11	1.776760740212e-12
-4.136000000000e-06	-1.646309816188e-12	-1.204064085414e-11	5.075030637744e-12
-4.135000000000e-06	8.963913307231e-13	-1.306620602809e-11	3.106731372322e-12
-4.134000000000e-06	-7.892961468962e-13	-1.506069106566e-11	5.112771314656e-12
-4.133000000000e-06	2.924135899057e-12	-1.336437479759e-11	1.310099098509e-12
-4.132000000000e-06	1.874785491602e-12	-1.078040824137e-11	1.824532279014e-12
-4.131000000000e-06	2.244476674141e-12	-1.094370900083e-11	1.459613037444e-12
-4.130000000000e-06	-8.007814946456e-13	-1.443730157161e-11	5.045704018551e-12
-4.129000000000e-06	7.703911522430e-12	-1.454464644584e-11	-1.793516968702e-12
-4.128000000000e-06	4.644575812741e-13	-1.446992986372e-11	3.451411494102e-12
-4.127000000000e-06	8.516378216068e-13	-1.171903957583e-11	2.869619369887e-12
-4.126000000000e-06	1.363657158743e-12	-1.150748329363e-11	1.988041022040e-12
-4.125000000000e-06	3.886139093169e-12	-1.228973947493e-11	4.953836742182e-13
-4.124000000000e-06	1.463660495117e-12	-1.361344377354e-11	2.949069072445e-12
-4.123000000000e-06	1.291260870665e-12	-1.036090938009e-11	2.284578702157e-12
-4.122000000000e-06	2.152175521895e-12	-8.925591483542e-12	9.166290591559e-13
