-1.112400000000e-05	0.000000000000e+00	0.000000000000e+00	0.000000000000e+00
-1.112300000000e-05	0.000000000000e+00	0.000000000000e+00	0.000000000000e+00
-1.112200000000e-05	0.000000000000e+00	0.000000000000e+00	0.000000000000e+00
-1.112100000000e-05	0.000000000000e+00	0.000000000000e+00	0.000000000000e+00
-1.112000000000e-05	0.000000000000e+00	0.000000000000e+00	0.000000000000e+00
-1.111900000000e-05	0.000000000000e+00	0.000000000000e+00	0.000000000000e+00
-1.111800000000e-05	0.000000000000e+00	0.000000000000e+00	0.000000000000e+00
-1.111700000000e-05	0.000000000000e+00	0.000000000000e+00	0.000000000000e+00
-1.111600000000e-05	0.000000000000e+00	0.000000000000e+00	0.000000000000e+00
-1.111500000000e-05	0.000000000000e+00	0.000000000000e+00	0.000000000000e+00
-1.111400000000e-05	0.000000000000e+00	0.000000000000e+00	0.000000000000e+00
-1.111300000000e-05	0.000000000000e+00	0.000000000000e+00	0.000000000000e+00
-1.111200000000e-05	0.000000000000e+00	0.000000000000e+00	0.000000000000e+00
-1.111100000000e-05	0.000000000000e+00	0.000000000000e+00	0.000000000000e+00
-1.111000000000e-05	0.000000000000e+00	0.000000000000e+00	0.000000000000e+00
-1.110900000000e-05	0.000000000000e+00	0.000000000000e+00	0.000000000000e+00
-1.110800000000e-05	0.000000000000e+00	0.000000000000e+00	0.000000000000e+00
-1.110700000000e-05	0.000000000000e+00	0.000000000000e+00	0.000000000000e+00
-1.110600000000e-05	0.000000000000e+00	0.000000000000e+00	0.000000000000e+00
-1.110500000000e-05	0.000000000000e+00	0.000000000000e+00	0.000000000000e+00
-1.110400000000e-05	0.000000000000e+00	0.000000000000e+00	0.000000000000e+00
-1.110300000000e-05	0.000000000000e+00	0.000000000000e+00	0.000000000000e+00
-1.110200000000e-05	0.000000000000e+00	0.000000000000e+00	0.000000000000e+00
-1.110100000000e-05	0.000000000000e+00	0.000000000000e+00	0.000000000000e+00
-1.110000000000e-05	0.000000000000e+00	0.000000000000e+00	0.000000000000e+00
-1.109900000000e-05	0.000000000000e+00	0.000000000000e+00	0.000000000000e+00
-1.109800000000e-05	0.000000000000e+00	0.000000000000e+00	0.000000000000e+00
-1.109700000000e-05	0.000000000000e+00	0.000000000000e+00	0.000000000000e+00
-1.109600000000e-05	0.000000000000e+00	0.000000000000e+00	0.000000000000e+00
-1.109500000000e-05	0.000000000000e+00	0.000000000000e+00	0.000000000000e+00
-1.109400000000e-05	0.000000000000e+00	0.000000000000e+00	0.000000000000e+00
-1.109300000000e-05	0.000000000000e+00	0.000000000000e+00	0.000000000000e+00
-1.109200000000e-05	0.000000000000e+00	0.000000000000e+00	0.000000000000e+00
-1.109100000000e-05	0.000000000000e+00	0.000000000000e+00	0.000000000000e+00
-1.109000000000e-05	0.000000000000e+00	0.000000000000e+00	0.000000000000e+00
-1.108900000000e-05	0.000000000000e+00	0.000000000000e+00	0.000000000000e+00
-1.108800000000e-05	0.000000000000e+00	0.000000000000e+00	0.000000000000e+00
-1.108700000000e-05	0.000000000000e+00	0.000000000000e+00	0.000000000000e+00
-1.108600000000e-05	0.000000000000e+00	0.000000000000e+00	0.000000000000e+00
-1.108500000000e-05	0.000000000000e+00	0.000000000000e+00	0.000000000000e+00
-1.108400000000e-05	0.000000000000e+00	0.000000000000e+00	0.000000000000e+00
-1.108300000000e-05	0.000000000000e+00	0.000000000000e+00	0.000000000000e+00
-1.108200000000e-05	0.000000000000e+00	0.000000000000e+00	0.000000000000e+00
-1.108100000000e-05	0.000000000000e+00	0.000000000000e+00	0.000000000000e+00
-1.108000000000e-05	0.000000000000e+00	0.000000000000e+00	0.000000000000e+00
-1.107900000000e-05	0.000000000000e+00	0.000000000000e+00	0.000000000000e+00
-1.107800000000e-05	0.000000000000e+00	0.000000000000e+00	0.000000000000e+00
-1.107700000000e-05	0.000000000000e+00	0.000000000000e+00	0.000000000000e+00
-1.107600000000e-05	0.000000000000e+00	0.000000000000e+00	0.000000000000e+00
-1.107500000000e-05	0.000000000000e+00	0.000000000000e+00	0.000000000000e+00
-1.107400000000e-05	0.000000000000e+00	0.000000000000e+00	0.000000000000e+00
-1.107300000000e-05	0.000000000000e+00	0.000000000000e+00	0.000000000000e+00
-1.107200000000e-05	0.000000000000e+00	0.000000000000e+00	0.000000000000e+00
-1.107100000000e-05	0.000000000000e+00	0.000000000000e+00	0.000000000000e+00
-1.107000000000e-05	0.000000000000e+00	0.000000000000e+00	0.000000000000e+00
-1.106900000000e-05	0.000000000000e+00	0.000000000000e+00	0.000000000000e+00
-1.106800000000e-05	0.000000000000e+00	0.000000000000e+00	0.000000000000e+00
-1.106700000000e-05	0.000000000000e+00	0.000000000000e+00	0.000000000000e+00
-1.106600000000e-05	0.000000000000e+00	0.000000000000e+00	0.000000000000e+00
-1.106500000000e-05	0.000000000000e+00	0.000000000000e+00	0.000000000000e+00
-1.106400000000e-05	0.000000000000e+00	0.000000000000e+00	0.000000000000e+00
-1.106300000000e-05	0.000000000000e+00	0.000000000000e+00	0.000000000000e+00
-1.106200000000e-05	-3.574657781646e-21	5.059747278266e-22	4.610108281081e-21
-1.106100000000e-05	0.000000000000e+00	0.000000000000e+00	0.000000000000e+00
-1.106000000000e-05	4.591359499623e-18	4.897961001864e-17	-1.444219568917e-17
-1.105900000000e-05	0.000000000000e+00	0.000000000000e+00	0.000000000000e+00
-1.105800000000e-05	0.000000000000e+00	0.000000000000e+00	0.000000000000e+00
-1.105700000000e-05	-3.564727539693e-17	5.006713388314e-17	3.823503302822e-17
-1.105600000000e-05	1.241590367515e-16	1.322768487621e-16	-1.872671103653e-16
-1.105500000000e-05	-2.318283144847e-17	3.723626673676e-16	-3.093399345632e-17
-1.105400000000e-05	-1.448315617490e-16	2.401498396850e-16	1.530764453484e-16
-1.105300000000e-05	-6.553365322641e-17	-2.644146552301e-16	1.313749965228e-16
-1.105200000000e-05	0.000000000000e+00	0.000000000000e+00	0.000000000000e+00
-1.105100000000e-05	2.090547315552e-17	-7.426397179486e-17	-1.547167861268e-17
-1.105000000000e-05	0.000000000000e+00	0.000000000000e+00	0.000000000000e+00
-1.104900000000e-05	2.811577092914e-17	-1.740498784587e-17	-3.404752569771e-17
-1.104800000000e-05	5.627824661684e-18	-5.145380914467e-17	1.110604636269e-18
-1.104700000000e-05	0.000000000000e+00	0.000000000000e+00	0.000000000000e+00
-1.104600000000e-05	-6.110412597930e-22	-1.320489428708e-21	1.025904284968e-21
-1.104500000000e-05	5.589087323312e-18	8.476246113339e-18	-8.870204215087e-18
-1.104400000000e-05	1.557167442214e-17	-1.888150034390e-17	-1.757607162485e-17
-1.104300000000e-05	9.133032752286e-19	1.869863120679e-18	-1.514628515440e-18
-1.104200000000e-05	0.000000000000e+00	0.000000000000e+00	0.000000000000e+00
-1.104100000000e-05	-1.214180423403e-22	-5.393810017086e-22	2.503673132867e-22
-1.104000000000e-05	2.090671277985e-17	-7.605295635149e-17	-1.503292049380e-17
-1.103900000000e-05	-3.199440325209e-23	-8.940974100486e-23	5.703454767726e-23
-1.103800000000e-05	0.000000000000e+00	0.000000000000e+00	0.000000000000e+00
-1.103700000000e-05	-2.153222627442e-17	1.501003644959e-17	2.609223457791e-17
-1.103600000000e-05	-2.176209718940e-22	-5.702075954351e-22	3.812501579859e-22
-1.103500000000e-05	-5.452567976274e-18	-4.984783520922e-17	1.551242408110e-17
-1.103400000000e-05	5.702614483761e-18	-1.558980994904e-17	-4.956534249612e-18
-1.103300000000e-05	0.000000000000e+00	0.000000000000e+00	0.000000000000e+00
-1.103200000000e-05	0.000000000000e+00	0.000000000000e+00	0.000000000000e+00
-1.103100000000e-05	0.000000000000e+00	0.000000000000e+00	0.000000000000e+00
-1.103000000000e-05	-2.196768568707e-22	-8.467816724186e-22	4.294194373748e-22
-1.102900000000e-05	0.000000000000e+00	0.000000000000e+00	0.000000000000e+00
-1.102800000000e-05	2.319973156792e-17	3.918401756723e-17	-3.814115792588e-17
-1.102700000000e-05	-6.103540286657e-21	-1.732171939560e-20	1.088809726747e-20
-1.102600000000e-05	4.503862879247e-19	-1.409589192019e-17	1.798756872806e-18
-1.102500000000e-05	0.000000000000e+00	0.000000000000e+00	0.000000000000e+00
-1.102400000000e-05	0.000000000000e+00	0.000000000000e+00	0.000000000000e+00
-1.102300000000e-05	0.000000000000e+00	0.000000000000e+00	0.000000000000e+00
-1.102200000000e-05	2.782148121564e-17	2.683740128450e-16	-8.096636181695e-17
-1.102100000000e-05	-2.389379471860e-21	-6.526285482376e-21	4.212318172674e-21
-1.102000000000e-05	-1.680678082803e-18	-5.428245230291e-17	1.208921951262e-17
-1.101900000000e-05	1.706518641052e-17	-2.238200264211e-17	-1.890356678777e-17
-1.101800000000e-05	-1.942919371298e-21	-6.017409716738e-21	3.539206983327e-21
-1.101700000000e-05	0.000000000000e+00	0.000000000000e+00	0.000000000000e+00
-1.101600000000e-05	5.951754608584e-19	2.148067173821e-18	-1.133686380338e-18
-1.101500000000e-05	2.760582760780e-18	1.960465756300e-18	-3.940219574721e-18
-1.101400000000e-05	5.213541093901e-19	-9.429044231183e-18	8.668838609351e-19
-1.101300000000e-05	-6.879693322013e-22	-1.629103376293e-21	1.168839579425e-21
-1.101200000000e-05	-1.270895849659e-22	-3.610823964962e-22	2.257235280211e-22
-1.101100000000e-05	0.000000000000e+00	0.000000000000e+00	0.000000000000e+00
-1.101000000000e-05	4.177708614164e-18	5.114840930949e-17	-1.383937785139e-17
-1.100900000000e-05	1.532485247448e-18	-1.341716899511e-17	2.651927708033e-19
-1.100800000000e-05	0.000000000000e+00	0.000000000000e+00	0.000000000000e+00
-1.100700000000e-05	-4.424908553939e-18	-5.062728237584e-17	1.405308792814e-17
-1.100600000000e-05	-2.453379323303e-20	-6.781016628472e-20	4.318499429345e-20
-1.100500000000e-05	0.000000000000e+00	0.000000000000e+00	0.000000000000e+00
-1.100400000000e-05	-9.433888972081e-19	-1.858662508265e-18	1.564345440883e-18
-1.100300000000e-05	1.478169230056e-18	-9.315566799208e-19	-1.784516588867e-18
-1.100200000000e-05	-5.844955957650e-21	-1.454898678101e-20	1.001627110588e-20
-1.100100000000e-05	-4.162362572452e-22	-1.177651527786e-21	7.360390864467e-22
-1.100000000000e-05	-7.673518898333e-22	-1.958667463223e-21	1.322308803181e-21
-1.099900000000e-05	-2.495584534899e-18	2.062279158765e-18	2.934301528379e-18
-1.099800000000e-05	-1.383403269804e-22	-4.345602993951e-22	2.513869821865e-22
-1.099700000000e-05	6.258818118844e-18	-2.920501988373e-17	-3.285354737933e-18
-1.099600000000e-05	0.000000000000e+00	0.000000000000e+00	0.000000000000e+00
-1.099500000000e-05	0.000000000000e+00	0.000000000000e+00	0.000000000000e+00
-1.099400000000e-05	-3.263653169617e-23	-6.296907062911e-23	5.286044918058e-23
-1.099300000000e-05	1.790811718239e-18	-2.944225095934e-18	-1.864698553845e-18
-1.099200000000e-05	-2.147126501033e-21	-1.309852258678e-20	4.919066794211e-21
-1.099100000000e-05	1.315907795258e-17	3.829017591478e-18	-1.783705874981e-17
-1.099000000000e-05	-2.892209130177e-19	-8.362550896574e-19	5.128657584323e-19
-1.098900000000e-05	-2.469965055027e-21	-8.483686620541e-21	4.592364379766e-21
-1.098800000000e-05	-3.595966728935e-21	-4.877709885037e-21	5.486765258696e-21
-1.098700000000e-05	-1.698640405790e-21	-5.565396799009e-21	3.112844966007e-21
-1.098600000000e-05	-1.875310656932e-19	-2.141522999525e-19	2.811151656759e-19
-1.098500000000e-05	-2.077278365512e-21	-6.961968529446e-21	3.829324842951e-21
-1.098400000000e-05	-4.864274979082e-18	-4.892327990745e-17	1.417453594748e-17
-1.098300000000e-05	7.346065809941e-18	1.129123701173e-17	-1.161993722009e-17
-1.098200000000e-05	-3.782119055977e-19	-1.232763947103e-19	5.173687654029e-19
-1.098100000000e-05	4.582793074163e-19	1.659702454465e-17	-3.244690405465e-18
-1.098000000000e-05	-2.551658540173e-19	1.384085472932e-17	-1.926038914732e-18
-1.097900000000e-05	-2.616009871295e-20	-4.020801729926e-19	9.995029561485e-20
-1.097800000000e-05	-8.570359770921e-22	-3.078623518066e-21	1.608922091590e-21
-1.097700000000e-05	0.000000000000e+00	0.000000000000e+00	0.000000000000e+00
-1.097600000000e-05	0.000000000000e+00	0.000000000000e+00	0.000000000000e+00
-1.097500000000e-05	2.083832412027e-18	-3.398163210602e-18	-2.177110767141e-18
-1.097400000000e-05	-3.796610975055e-18	1.321574272706e-17	2.878088810291e-18
-1.097300000000e-05	4.214586853394e-19	-2.881885321523e-17	3.994905473954e-18
-1.097200000000e-05	-1.936273046637e-21	-4.828863952761e-21	3.292390197646e-21
-1.097100000000e-05	-2.137327562979e-18	-2.769014679232e-18	3.242523153524e-18
-1.097000000000e-05	4.096558743267e-19	-1.974352763294e-17	2.912999343188e-18
-1.096900000000e-05	1.845763200030e-18	-6.301047677347e-18	-1.422997341151e-18
-1.096800000000e-05	2.825611871533e-19	-2.231864411995e-18	-1.088431752554e-20
-1.096700000000e-05	-2.840428914067e-19	-2.066001294644e-18	6.959673147101e-19
-1.096600000000e-05	-7.396771233212e-22	-3.271151756937e-21	1.479257864596e-21
-1.096500000000e-05	-1.081863684419e-17	2.627891837363e-17	1.002791334194e-17
-1.096400000000e-05	-6.443501949140e-18	-5.944885063657e-17	1.770452808072e-17
-1.096300000000e-05	-7.793759367352e-21	-2.122189353380e-20	1.349654573595e-20
-1.096200000000e-05	0.000000000000e+00	0.000000000000e+00	0.000000000000e+00
-1.096100000000e-05	-9.195450785668e-23	-3.245203325125e-22	1.707194314864e-22
-1.096000000000e-05	-3.968103654756e-22	-1.324599691264e-21	7.245114408252e-22
-1.095900000000e-05	0.000000000000e+00	0.000000000000e+00	0.000000000000e+00
-1.095800000000e-05	0.000000000000e+00	0.000000000000e+00	0.000000000000e+00
-1.095700000000e-05	6.689463697777e-18	-1.128829057799e-17	-6.968524341492e-18
-1.095600000000e-05	2.132769965728e-18	9.376192151959e-18	-4.239654065938e-18
-1.095500000000e-05	1.870720209610e-18	-4.538183102586e-18	-1.722766539980e-18
-1.095400000000e-05	1.910368674132e-17	7.234789636938e-17	-3.632678634338e-17
-1.095300000000e-05	3.917736894714e-18	3.668436266556e-16	-5.183323860976e-17
-1.095200000000e-05	-9.837168837496e-18	-1.324443208909e-17	1.455917773450e-17
-1.095100000000e-05	-1.075430396546e-17	-1.847229916652e-17	1.653774693273e-17
-1.095000000000e-05	-4.673303842606e-17	5.050228394892e-17	5.608446609998e-17
-1.094900000000e-05	7.529206406513e-18	-8.600110576064e-18	-8.706575212582e-18
-1.094800000000e-05	-5.853794783791e-18	-8.298320757064e-17	1.950679816391e-17
-1.094700000000e-05	2.816833929815e-18	-1.376558593834e-17	-1.933143515445e-18
-1.094600000000e-05	1.740644137325e-17	5.978051338753e-17	-3.294247887060e-17
-1.094500000000e-05	8.158515661519e-18	-3.222707500817e-17	-6.729626496837e-18
-1.094400000000e-05	3.903505807775e-17	7.481697296556e-17	-6.132100056867e-17
-1.094300000000e-05	-1.283831618253e-18	-4.861228052516e-17	9.103819663054e-18
-1.094200000000e-05	-7.653386621018e-19	-1.703400627656e-17	3.136000868823e-18
-1.094100000000e-05	-1.125873159074e-17	-1.964863495471e-17	1.713177056307e-17
-1.094000000000e-05	-2.816463133978e-20	-2.213094768414e-19	7.346319213498e-20
-1.093900000000e-05	7.616158818330e-18	-1.976300485935e-17	-7.013531478893e-18
-1.093800000000e-05	-1.789482855175e-22	-7.395308383018e-22	3.460543401779e-22
-1.093700000000e-05	-1.232789587067e-17	3.173460097659e-17	1.220434405579e-17
-1.093600000000e-05	1.902465535752e-18	-1.288111924774e-17	-4.374720064345e-19
-1.093500000000e-05	-2.540523120573e-18	-5.339031883537e-18	3.967696772811e-18
-1.093400000000e-05	1.035848753155e-18	7.024660385933e-18	-2.458577806385e-18
-1.093300000000e-05	-1.964462287623e-16	-1.210823392284e-15	4.221331506435e-16
-1.093200000000e-05	-1.358815489074e-16	1.696132907804e-16	1.503455056866e-16
-1.093100000000e-05	7.169635711286e-19	-8.561826545790e-18	5.322397435050e-20
-1.093000000000e-05	-1.407907474951e-16	9.844174897298e-17	1.683426544954e-16
-1.092900000000e-05	1.221206270951e-17	-2.623872036211e-18	-1.568138241404e-17
-1.092800000000e-05	-2.906954982464e-16	2.920100637764e-16	3.361788329381e-16
-1.092700000000e-05	7.417667378307e-16	8.159869690100e-16	-1.071794041158e-15
-1.092600000000e-05	6.421248194820e-17	3.694888963055e-17	-8.810701954975e-17
-1.092500000000e-05	-1.400118931843e-17	8.212027110104e-18	1.625142727330e-17
-1.092400000000e-05	-9.209674010427e-19	1.695159944703e-19	1.163855355948e-18
-1.092300000000e-05	8.662571958013e-19	6.943808648799e-18	-2.210373141033e-18
-1.092200000000e-05	3.097875661560e-18	5.627653646888e-17	-1.267396262909e-17
-1.092100000000e-05	-3.726506277300e-18	1.823996067472e-18	4.583755932784e-18
-1.092000000000e-05	-5.609265613242e-18	6.080565978967e-18	6.844923670511e-18
-1.091900000000e-05	-9.751871488599e-19	5.054087433495e-20	1.260725453565e-18
-1.091800000000e-05	1.191386794679e-19	5.937023423151e-19	-2.473011846406e-19
-1.091700000000e-05	2.730955533197e-19	-1.238789842511e-17	1.454637973414e-18
-1.091600000000e-05	1.062765122110e-18	3.232608015110e-18	-1.876710181655e-18
-1.091500000000e-05	8.273677568031e-19	-4.793587532200e-18	-4.660417794126e-19
-1.091400000000e-05	7.555063954528e-18	1.213372946148e-17	-1.171678378781e-17
-1.091300000000e-05	-1.511915646804e-18	1.324630481224e-18	1.751360148163e-18
-1.091200000000e-05	-1.732446820488e-18	1.841255664167e-19	2.220395964804e-18
-1.091100000000e-05	-1.208597222934e-18	-3.513853966618e-18	1.990904349682e-18
-1.091000000000e-05	8.453193348413e-18	8.824205372652e-17	-2.409002504557e-17
-1.090900000000e-05	-2.792505006550e-19	1.960400166080e-18	6.185638091208e-20
-1.090800000000e-05	1.132023815860e-17	6.101329519621e-17	-2.423789580454e-17
-1.090700000000e-05	-6.261855806512e-18	-6.402952978103e-17	1.758032122992e-17
-1.090600000000e-05	5.486313968432e-18	4.781376897696e-17	-1.416378640822e-17
-1.090500000000e-05	-3.879224931471e-18	1.922386939248e-17	1.480823047344e-18
-1.090400000000e-05	-8.038230405187e-19	-1.283348633424e-18	1.239470830892e-18
-1.090300000000e-05	-8.373450871519e-21	-1.392025563122e-20	1.294605607057e-20
-1.090200000000e-05	7.935531388580e-19	-5.582179279097e-18	-4.313305876391e-19
-1.090100000000e-05	2.527337403504e-16	9.772662680144e-16	-4.495305047195e-16
-1.090000000000e-05	-6.182422267794e-18	1.008188757588e-18	7.903194409985e-18
-1.089900000000e-05	-6.224148565666e-19	3.616354454360e-18	2.729178168830e-19
-1.089800000000e-05	-3.017568744148e-16	-1.348601677331e-16	4.034961754327e-16
-1.089700000000e-05	-9.405012309461e-19	-1.606373012288e-18	1.469892545942e-18
-1.089600000000e-05	-6.959691959310e-19	1.421091581225e-18	6.912865172884e-19
-1.089500000000e-05	9.840819180985e-19	3.899116335966e-18	-1.857098964719e-18
-1.089400000000e-05	4.875383188225e-18	-7.577788089733e-18	-5.493531649733e-18
-1.089300000000e-05	-5.472037544918e-21	-2.667250089811e-20	1.098784092531e-20
-1.089200000000e-05	-1.905568464282e-18	-1.422958735105e-17	3.945008239762e-18
-1.089100000000e-05	-2.213545061633e-20	1.652779897795e-17	-1.786802431511e-18
-1.089000000000e-05	-5.053832614973e-19	-8.624134697208e-19	7.769994389144e-19
-1.088900000000e-05	1.148309134276e-16	-3.903475491524e-16	-9.734815548864e-17
-1.088800000000e-05	2.250061091210e-18	6.869058972697e-18	-3.888623639909e-18
-1.088700000000e-05	-3.988074580094e-20	-1.053587698781e-19	6.706206696428e-20
-1.088600000000e-05	2.625780531301e-17	6.946014951984e-17	-4.379465241122e-17
-1.088500000000e-05	3.827762324845e-18	-7.747847982131e-18	-3.918268098960e-18
-1.088400000000e-05	1.651751265011e-18	8.341376246271e-18	-3.388069102190e-18
-1.088300000000e-05	-8.596847379352e-20	3.994132750362e-19	5.904143799271e-20
-1.088200000000e-05	-1.712086264566e-19	-7.641851907567e-19	3.318795173068e-19
-1.088100000000e-05	4.195566984800e-18	-1.136028203084e-17	-3.786352019226e-18
-1.088000000000e-05	-3.008884373936e-18	1.453232183672e-18	3.449603490071e-18
-1.087900000000e-05	-1.909936572206e-15	-3.127655220776e-16	2.441446080312e-15
-1.087800000000e-05	-2.414875365806e-16	1.743439777748e-15	8.367834534453e-17
-1.087700000000e-05	8.498017745329e-16	1.064348680857e-15	-1.201749533490e-15
-1.087600000000e-05	3.836778417514e-16	9.463731806052e-17	-4.937618616868e-16
-1.087500000000e-05	1.048855570176e-17	-3.401828901012e-16	3.075273470462e-17
-1.087400000000e-05	1.741059347614e-16	-2.929611483835e-16	-1.812114809548e-16
-1.087300000000e-05	1.137840089297e-18	1.196255819191e-19	-1.477845217652e-18
-1.087200000000e-05	7.502472559457e-16	-1.562470446055e-15	-7.410286219234e-16
-1.087100000000e-05	-1.417929050754e-18	-1.404358533300e-17	3.607188250959e-18
-1.087000000000e-05	-1.956684506297e-18	-1.822407578856e-18	2.856389771610e-18
-1.086900000000e-05	-3.627078109717e-21	-2.367618280882e-20	8.057190467124e-21
-1.086800000000e-05	2.946747672445e-18	-4.605469800981e-18	-3.177644005124e-18
-1.086700000000e-05	-2.106764148099e-17	-1.128322111047e-16	4.218768666273e-17
-1.086600000000e-05	6.652885899270e-19	2.673693804882e-17	-4.573164425512e-18
-1.086500000000e-05	-5.072902647533e-19	-7.752609771776e-19	7.603786577736e-19
-1.086400000000e-05	-2.642148514431e-18	1.719778102515e-17	1.281527077030e-18
-1.086300000000e-05	1.178389084717e-18	1.502672312128e-17	-3.619830187206e-18
-1.086200000000e-05	1.168437048427e-17	-4.223829445269e-18	-1.476893618717e-17
-1.086100000000e-05	1.562703710819e-18	-8.517745881587e-20	-1.998609503796e-18
-1.086000000000e-05	3.889773909709e-18	4.414136668584e-17	-1.119326447775e-17
-1.085900000000e-05	-1.448212849203e-16	-2.855639455644e-16	2.187342878045e-16
-1.085800000000e-05	-3.016984853553e-19	-2.218755414610e-19	4.213351771833e-19
-1.085700000000e-05	-4.120333085243e-18	6.425308915669e-17	-1.201235430989e-18
-1.085600000000e-05	2.176097153618e-17	-2.059442087804e-16	-6.105109910581e-18
-1.085500000000e-05	-1.674751410554e-17	9.974901455338e-17	7.870604241516e-18
-1.085400000000e-05	-1.306717038141e-17	-1.840590481225e-16	4.248769249327e-17
-1.085300000000e-05	2.887683469011e-18	-1.018314801757e-17	-2.291739781606e-18
-1.085200000000e-05	-3.316237760950e-17	4.914832450479e-17	3.541478208883e-17
-1.085100000000e-05	6.291487763385e-18	-7.530053935896e-18	-7.010270611869e-18
-1.085000000000e-05	-1.352270609937e-17	5.934024144834e-17	9.296637566926e-18
-1.084900000000e-05	-3.399421370689e-19	-3.483590930874e-19	4.826851092415e-19
-1.084800000000e-05	-8.299096322476e-18	-6.457247496284e-17	1.967084137505e-17
-1.084700000000e-05	-1.668016401946e-17	-1.132341585178e-16	3.719570653673e-17
-1.084600000000e-05	-1.126838202382e-18	3.649068675609e-18	9.627964622143e-19
-1.084500000000e-05	-6.730914375839e-18	-2.020493772636e-18	9.055542673879e-18
-1.084400000000e-05	3.522063499354e-18	-1.441321875764e-16	1.515260618751e-17
-1.084300000000e-05	-2.603763196298e-18	-2.075765924287e-17	6.006613675463e-18
-1.084200000000e-05	1.417792745591e-16	2.290760770364e-16	-2.150363430231e-16
-1.084100000000e-05	-5.428459577760e-17	2.575336485262e-16	3.548826224178e-17
-1.084000000000e-05	6.032862621356e-17	1.302999299340e-16	-9.397755499914e-17
-1.083900000000e-05	3.594414641186e-18	7.099335586554e-17	-1.431207985822e-17
-1.083800000000e-05	-2.576496915846e-17	-5.273019029015e-17	4.046292456724e-17
-1.083700000000e-05	-1.065767089252e-17	2.011930134799e-16	-1.272378859571e-17
-1.083600000000e-05	-3.871406523074e-17	-2.686588816752e-16	8.642417373738e-17
-1.083500000000e-05	-2.347353977906e-17	1.508861593221e-17	2.833154096919e-17
-1.083400000000e-05	-1.058235825519e-17	9.528449615629e-17	5.806324272806e-19
-1.083300000000e-05	-3.626330031744e-17	1.211130648719e-18	4.667327898880e-17
-1.083200000000e-05	1.874559355423e-16	-1.604339865324e-16	-2.224823462101e-16
-1.083100000000e-05	-1.055789673876e-17	4.618206514731e-16	-4.846112551456e-17
-1.083000000000e-05	-1.406563871214e-16	1.859802003621e-16	1.582074643908e-16
-1.082900000000e-05	-6.191657288257e-19	-6.308294456585e-17	9.526167117507e-18
-1.082800000000e-05	-1.988714926681e-17	-1.892347481491e-17	2.827150775200e-17
-1.082700000000e-05	1.014528309689e-17	-2.528087315830e-17	-1.041095068310e-17
-1.082600000000e-05	-5.311815764350e-17	-1.196810018855e-16	8.346559806280e-17
-1.082500000000e-05	-2.769950902930e-18	-5.002687696809e-17	1.044836045576e-17
-1.082400000000e-05	-1.348839646595e-17	-7.395526405632e-17	2.740854421980e-17
-1.082300000000e-05	-4.681770926362e-18	-1.878728819386e-17	8.560204420471e-18
-1.082200000000e-05	2.839500212747e-18	-3.196639235703e-18	-3.274568386086e-18
-1.082100000000e-05	8.043444507343e-18	4.332006053526e-17	-1.618996210148e-17
-1.082000000000e-05	-1.323613004306e-17	-2.057646894132e-16	4.451084670541e-17
-1.081900000000e-05	-7.011921477179e-18	5.984394251538e-17	1.063323513684e-18
-1.081800000000e-05	-1.047045262831e-16	1.171789035968e-16	1.218653324066e-16
-1.081700000000e-05	-4.149509133307e-17	8.081024917773e-17	4.217984479541e-17
-1.081600000000e-05	-5.558283020814e-18	9.878465611819e-17	-4.466822665529e-18
-1.081500000000e-05	-1.727208173978e-17	8.275272035759e-17	1.029023220322e-17
-1.081400000000e-05	2.284232402938e-17	6.599278160278e-17	-3.870504575777e-17
-1.081300000000e-05	9.249501208406e-17	-4.667660463935e-17	-1.134203056080e-16
-1.081200000000e-05	-4.810851905702e-16	5.560214393036e-16	5.221914581275e-16
-1.081100000000e-05	3.725074368938e-16	-7.471640066495e-16	-3.652643850994e-16
-1.081000000000e-05	2.408099320087e-16	2.472117107217e-15	-6.275151757186e-16
-1.080900000000e-05	6.833530345027e-17	-1.419238070844e-17	-8.757363788153e-17
-1.080800000000e-05	3.646630295889e-16	-5.800708053251e-16	-3.684748860012e-16
-1.080700000000e-05	-4.755090016264e-16	-2.348973952543e-16	6.195703302068e-16
-1.080600000000e-05	-3.421371249129e-18	-2.978806108923e-17	8.450555044367e-18
-1.080500000000e-05	8.941276544781e-18	1.189063048537e-16	-2.982198520901e-17
-1.080400000000e-05	1.705661961730e-16	-1.107091474146e-15	-6.221028844582e-17
-1.080300000000e-05	-1.953946093531e-16	-4.260255733673e-16	2.999942749182e-16
-1.080200000000e-05	7.552564273254e-17	-2.274091710841e-16	-6.941629895543e-17
-1.080100000000e-05	-4.468556350136e-18	7.247850622709e-18	4.903452283464e-18
-1.080000000000e-05	-1.401144704197e-17	1.992955014547e-16	-8.557560238998e-18
-1.079900000000e-05	9.145452812572e-17	-1.403332115802e-16	-9.245596461160e-17
-1.079800000000e-05	-5.373431345517e-17	-4.695844991763e-16	1.307203363712e-16
-1.079700000000e-05	4.069623545786e-17	2.113647436825e-17	-5.189763726814e-17
-1.079600000000e-05	-5.988519191210e-17	7.827049917185e-16	-3.555287261991e-17
-1.079500000000e-05	1.153035849947e-17	1.208525646194e-17	-1.662099607160e-17
-1.079400000000e-05	3.021887583886e-17	4.605964435850e-17	-4.491952091402e-17
-1.079300000000e-05	1.169787227496e-16	-1.439840023796e-16	-1.144722406126e-16
-1.079200000000e-05	-3.943805910435e-17	-3.202034024225e-16	9.248828759354e-17
-1.079100000000e-05	2.159424388853e-17	-6.631639713536e-17	-1.961873508020e-17
-1.079000000000e-05	-1.018426346237e-15	1.274953278731e-15	1.079769600008e-15
-1.078900000000e-05	2.038607923218e-17	3.181669022098e-17	-3.030248078284e-17
-1.078800000000e-05	1.465737003671e-16	1.306802584873e-16	-2.003654919397e-16
-1.078700000000e-05	2.218742389603e-18	-2.376936084462e-16	2.696078263092e-17
-1.078600000000e-05	-1.856691045607e-16	-5.586288981892e-16	3.031492002308e-16
-1.078500000000e-05	-2.718631334342e-16	-2.481070337489e-17	3.568514070121e-16
-1.078400000000e-05	2.505357527513e-16	6.201749847305e-16	-4.170416813579e-16
-1.078300000000e-05	3.873958447137e-18	-4.746211429797e-16	6.107954948358e-17
-1.078200000000e-05	1.163726345297e-16	-1.187937042612e-16	-1.302478677715e-16
-1.078100000000e-05	1.093063089066e-16	-3.532999141692e-16	-8.092206037583e-17
-1.078000000000e-05	-6.188863456802e-17	3.554097682531e-16	3.082151286907e-17
-1.077900000000e-05	-1.314830792507e-16	7.131039993567e-16	8.072381272269e-17
-1.077800000000e-05	6.989835500279e-17	2.258614745457e-17	-9.580288913241e-17
-1.077700000000e-05	2.546163620543e-17	2.235175028670e-16	-6.219177864455e-17
-1.077600000000e-05	-3.696104460304e-17	-2.087026938673e-17	5.167005922080e-17
-1.077500000000e-05	6.028874885123e-17	2.243578526561e-16	-1.052963460456e-16
-1.077400000000e-05	4.539955571645e-17	-1.276455334606e-16	-4.183854109343e-17
-1.077300000000e-05	-2.514723639753e-17	4.057982377610e-18	3.178291837420e-17
-1.077200000000e-05	3.439049035169e-17	2.619684531422e-16	-8.568215491016e-17
-1.077100000000e-05	-3.898996560211e-17	-5.316472062392e-17	6.175119370615e-17
-1.077000000000e-05	2.265291625786e-16	2.241429547030e-16	-3.173164816376e-16
-1.076900000000e-05	-3.228386476097e-17	-5.334338587138e-17	5.114111545372e-17
-1.076800000000e-05	5.074657773826e-17	4.017413607645e-18	-6.498651491990e-17
-1.076700000000e-05	-2.145045300248e-16	-7.205016205825e-16	3.576581021777e-16
-1.076600000000e-05	-1.178719927790e-16	4.547014409363e-16	9.817115247199e-17
-1.076500000000e-05	-1.571980483087e-16	9.799821372268e-16	8.896985122121e-17
-1.076400000000e-05	3.136843178693e-16	3.919328659145e-16	-4.494617303892e-16
-1.076300000000e-05	-1.293751352066e-18	-5.359201253778e-16	5.993690580650e-17
-1.076200000000e-05	-2.533578950483e-16	-1.881815982166e-16	3.518112260655e-16
-1.076100000000e-05	-2.889959536647e-17	-2.014162294998e-16	5.728609955550e-17
-1.076000000000e-05	7.876370093514e-18	-1.158155501850e-16	4.581364994542e-18
-1.075900000000e-05	3.689181484537e-17	-1.084170157503e-16	-3.830117722971e-17
-1.075800000000e-05	1.159176361706e-16	2.100786692920e-16	-1.895227172373e-16
-1.075700000000e-05	-2.629116210858e-17	3.434389893306e-16	-1.436182782807e-17
-1.075600000000e-05	1.912962449256e-16	4.697135431137e-16	-2.783423972267e-16
-1.075500000000e-05	-4.092240728160e-17	-3.399854388665e-17	5.798484236341e-17
-1.075400000000e-05	-1.607953905277e-16	-2.043208035448e-16	2.343613059261e-16
-1.075300000000e-05	5.513019256595e-17	-4.337540289851e-17	-6.473612936139e-17
-1.075200000000e-05	-1.442080404040e-17	4.372796749168e-17	1.247627338485e-17
-1.075100000000e-05	-2.718132984688e-17	-5.096802889564e-18	3.119674737953e-17
-1.075000000000e-05	-5.038910859446e-18	1.554482958404e-17	3.344893443293e-18
-1.074900000000e-05	-2.101950997433e-17	1.599742656884e-16	4.426346115482e-18
-1.074800000000e-05	-3.582900601354e-17	-9.042682401918e-17	5.749270585888e-17
-1.074700000000e-05	5.710357899589e-17	-8.511389909595e-17	-6.415278764641e-17
-1.074600000000e-05	-2.022336419168e-17	1.982964950265e-18	2.585935062827e-17
-1.074500000000e-05	-5.025138045771e-18	2.065166769270e-17	3.884678935118e-18
-1.074400000000e-05	9.746229645452e-17	-4.504138445681e-16	-6.017344718301e-17
-1.074300000000e-05	1.039322761350e-16	-3.287933268031e-16	-9.318537124983e-17
-1.074200000000e-05	1.882914575710e-17	1.069517660846e-16	-3.726302858469e-17
-1.074100000000e-05	2.223167028652e-17	-2.061396791262e-17	-2.425336628260e-17
-1.074000000000e-05	1.926560466032e-17	3.393598394525e-17	-2.959898051559e-17
-1.073900000000e-05	6.373930300111e-19	1.030737775348e-16	-1.337851962520e-17
-1.073800000000e-05	-4.338118841012e-18	-2.038279318054e-17	9.196515645023e-18
-1.073700000000e-05	-1.583461100272e-16	1.094876792928e-16	1.907998448692e-16
-1.073600000000e-05	2.981604783163e-18	-2.303820309893e-17	-1.030770631869e-18
-1.073500000000e-05	1.446671940628e-16	9.204284520715e-17	-1.930740916289e-16
-1.073400000000e-05	-3.431136673519e-16	2.999228551990e-15	-1.495495193088e-17
-1.073300000000e-05	3.275101052306e-16	-1.259741630276e-15	-2.253913191254e-16
-1.073200000000e-05	-4.978114193733e-17	-3.641492540767e-16	1.216303375767e-16
-1.073100000000e-05	-3.500793954105e-17	7.549628001992e-17	3.460361054896e-17
-1.073000000000e-05	2.535673102145e-17	-6.418617230493e-17	-2.912208189245e-17
-1.072900000000e-05	4.707247006793e-16	5.476331933546e-16	-6.657059912115e-16
-1.072800000000e-05	-9.022289479268e-17	-1.409982395993e-16	1.317993542605e-16
-1.072700000000e-05	-1.485197255236e-16	-8.795683239445e-17	2.027135730246e-16
-1.072600000000e-05	-1.609563888392e-16	-2.512760876547e-16	2.374398965679e-16
-1.072500000000e-05	-4.292108329235e-17	6.588692027562e-17	4.621461887809e-17
-1.072400000000e-05	4.670292416494e-16	-3.515328509310e-16	-5.343647184565e-16
-1.072300000000e-05	-2.436441737305e-16	1.004574823909e-17	2.909541698518e-16
-1.072200000000e-05	-2.031893104443e-16	-1.768368071988e-16	2.821568527624e-16
-1.072100000000e-05	-8.115319374239e-16	-1.316816592804e-15	1.284887150337e-15
-1.072000000000e-05	-2.038106789499e-16	2.378911474003e-15	-1.201538350817e-16
-1.071900000000e-05	7.705494802293e-16	4.108599708011e-17	-1.013008904394e-15
-1.071800000000e-05	2.559898336320e-16	-3.287795362242e-16	-2.891278556326e-16
-1.071700000000e-05	6.924635952192e-17	1.126174168191e-16	-1.049796952916e-16
-1.071600000000e-05	-2.001426001315e-16	2.110675612589e-16	2.144380308455e-16
-1.071500000000e-05	-3.006596112579e-17	-1.131178698740e-16	6.712954653173e-17
-1.071400000000e-05	-4.272882430448e-17	-5.376747027603e-17	5.868360428529e-17
-1.071300000000e-05	-2.242081690450e-17	-1.229256377484e-16	4.954419356877e-17
-1.071200000000e-05	2.088157279546e-16	-4.180763444436e-16	-1.904172102244e-16
-1.071100000000e-05	-4.900539778097e-18	-7.684959216887e-17	2.105954205474e-17
-1.071000000000e-05	-1.994363498430e-17	-3.576925833830e-16	6.690082261576e-17
-1.070900000000e-05	1.067110434323e-17	-4.071856364120e-17	-9.040102464718e-18
-1.070800000000e-05	1.306655726688e-16	3.867603259981e-16	-2.113885411058e-16
-1.070700000000e-05	1.693472945602e-16	-6.104781204285e-17	-2.312811509587e-16
-1.070600000000e-05	-4.612801049946e-17	-4.833801930499e-16	1.078387051077e-16
-1.070500000000e-05	-3.021698528740e-17	2.385621102547e-16	1.058494301036e-17
-1.070400000000e-05	-1.766893587294e-16	-1.594432869215e-16	2.479608409854e-16
-1.070300000000e-05	-2.401317642375e-16	-2.370369924380e-16	3.477909862119e-16
-1.070200000000e-05	-4.901323664199e-16	-7.885828316875e-17	6.393967707722e-16
-1.070100000000e-05	-5.214964450668e-16	2.877113454870e-15	3.721541545201e-16
-1.070000000000e-05	1.191400390965e-15	-2.189726232609e-16	-1.507058485197e-15
-1.069900000000e-05	-5.534121974230e-16	1.374240669345e-16	6.982419354481e-16
-1.069800000000e-05	3.215444674081e-16	1.875788485116e-16	-4.274583859927e-16
-1.069700000000e-05	-1.943600436950e-16	4.382946196585e-16	2.039598650977e-16
-1.069600000000e-05	8.154321999725e-17	-2.502450747906e-15	1.568775204784e-16
-1.069500000000e-05	2.763237548426e-16	5.417699365438e-16	-4.166273325841e-16
-1.069400000000e-05	6.132713031445e-18	-9.219760486290e-17	3.186989875543e-18
-1.069300000000e-05	-4.990232106214e-17	2.150678518123e-16	3.708152510078e-17
-1.069200000000e-05	-1.044594313564e-16	-1.320247484494e-16	1.475411381178e-16
-1.069100000000e-05	1.388623670460e-17	-1.121560749239e-16	-6.534238563215e-18
-1.069000000000e-05	-4.814295968607e-17	3.704363654366e-18	6.375148925864e-17
-1.068900000000e-05	1.003065659509e-17	7.899675535509e-17	-3.054349014621e-17
-1.068800000000e-05	-2.089792403691e-17	2.049015480910e-16	5.147563326929e-18
-1.068700000000e-05	2.094047022595e-16	-2.126966528995e-16	-2.474352297590e-16
-1.068600000000e-05	2.487620847188e-16	2.178989687482e-16	-3.415121992127e-16
-1.068500000000e-05	-1.993503692601e-16	8.579752368894e-16	1.629107869202e-16
-1.068400000000e-05	9.546472302183e-17	2.837827258708e-16	-1.491227774132e-16
-1.068300000000e-05	1.043414868822e-17	1.087579319146e-17	-1.886590931589e-17
-1.068200000000e-05	-3.866398015154e-15	9.643946380596e-16	4.256364801912e-15
-1.068100000000e-05	8.664310310760e-16	1.587539275366e-15	-1.210424477193e-15
-1.068000000000e-05	9.131987437261e-16	2.456511491887e-15	-1.369299657582e-15
-1.067900000000e-05	1.742818223837e-16	-1.512734212424e-15	7.398676551305e-18
-1.067800000000e-05	5.223823548657e-16	5.120509843960e-16	-6.908823114489e-16
-1.067700000000e-05	-6.259583226802e-16	6.052871157674e-17	7.302257161156e-16
-1.067600000000e-05	-5.197513580360e-16	7.140889846171e-16	5.010994985786e-16
-1.067500000000e-05	2.841294787997e-16	4.122427820178e-16	-3.645100258635e-16
-1.067400000000e-05	8.625529658469e-16	-2.924960710091e-17	-9.860348344023e-16
-1.067300000000e-05	-4.804840181661e-16	3.535867141934e-16	4.876465835579e-16
-1.067200000000e-05	1.081250398956e-15	-1.781464920999e-15	-9.043310077616e-16
-1.067100000000e-05	-4.481275158706e-16	9.637027178907e-16	4.766098606720e-16
-1.067000000000e-05	3.093053678164e-16	9.504145855874e-17	-4.050982167949e-16
-1.066900000000e-05	2.040678638960e-16	-3.994293886237e-16	-2.141896190998e-16
-1.066800000000e-05	3.352436387264e-17	-2.842284052513e-16	-1.257977977668e-17
-1.066700000000e-05	1.969900457501e-16	1.517596296268e-16	-2.841676057281e-16
-1.066600000000e-05	-1.510484303834e-16	-1.665724633401e-16	2.069345391165e-16
-1.066500000000e-05	-9.218187558894e-18	6.011781826892e-16	-5.151606193831e-17
-1.066400000000e-05	1.044623304612e-16	-7.268225998291e-16	-3.975229547542e-17
-1.066300000000e-05	-2.902264966376e-16	-1.745289657613e-16	3.991672280171e-16
-1.066200000000e-05	-1.775582016890e-17	-2.284900707859e-16	4.467189431581e-17
-1.066100000000e-05	-2.229899190192e-16	-1.741146877047e-16	3.128088130005e-16
-1.066000000000e-05	1.507762984616e-16	2.973888305283e-15	-4.912424177919e-16
-1.065900000000e-05	2.428846506308e-16	7.955100973573e-16	-3.845401223813e-16
-1.065800000000e-05	-6.422446345386e-17	-9.719773677709e-16	1.755951832208e-16
-1.065700000000e-05	-2.362969866340e-16	-3.616937547812e-16	3.364322711729e-16
-1.065600000000e-05	5.308278526745e-17	-8.600700114789e-16	3.740192847069e-17
-1.065500000000e-05	3.099517952665e-16	1.286298099533e-15	-5.441958264728e-16
-1.065400000000e-05	4.213533394320e-16	2.564128091600e-16	-5.341228731846e-16
-1.065300000000e-05	-5.660933171077e-16	2.053183979714e-15	4.617865880407e-16
-1.065200000000e-05	3.134373222279e-16	-6.307338726994e-17	-4.155707722019e-16
-1.065100000000e-05	-3.209692294729e-16	1.187408930132e-16	4.029867648459e-16
-1.065000000000e-05	-9.344663150794e-17	4.046112608726e-17	1.100527723337e-16
-1.064900000000e-05	1.877743632755e-17	-2.769949312795e-16	-2.364607472657e-18
-1.064800000000e-05	-3.252210591492e-16	-2.747662531366e-17	4.182467391778e-16
-1.064700000000e-05	-5.078496923924e-16	1.162524787893e-15	4.999460821465e-16
-1.064600000000e-05	1.786100622172e-16	-1.049575665932e-16	-2.236470317985e-16
-1.064500000000e-05	-4.679493300790e-17	-5.556821525194e-16	1.136209473982e-16
-1.064400000000e-05	2.080094308617e-16	4.669016057155e-16	-2.863607592531e-16
-1.064300000000e-05	-4.175319199279e-16	4.742430896946e-16	4.871394712249e-16
