1.788000000000e-06	0.000000000000e+00	0.000000000000e+00	0.000000000000e+00
1.789000000000e-06	0.000000000000e+00	0.000000000000e+00	0.000000000000e+00
1.790000000000e-06	0.000000000000e+00	0.000000000000e+00	0.000000000000e+00
1.791000000000e-06	0.000000000000e+00	0.000000000000e+00	0.000000000000e+00
1.792000000000e-06	0.000000000000e+00	0.000000000000e+00	0.000000000000e+00
1.793000000000e-06	0.000000000000e+00	0.000000000000e+00	0.000000000000e+00
1.794000000000e-06	0.000000000000e+00	0.000000000000e+00	0.000000000000e+00
1.795000000000e-06	0.000000000000e+00	0.000000000000e+00	0.000000000000e+00
1.796000000000e-06	0.000000000000e+00	0.000000000000e+00	0.000000000000e+00
1.797000000000e-06	0.000000000000e+00	0.000000000000e+00	0.000000000000e+00
1.798000000000e-06	0.000000000000e+00	0.000000000000e+00	0.000000000000e+00
1.799000000000e-06	0.000000000000e+00	0.000000000000e+00	0.000000000000e+00
1.800000000000e-06	0.000000000000e+00	0.000000000000e+00	0.000000000000e+00
1.801000000000e-06	0.000000000000e+00	0.000000000000e+00	0.000000000000e+00
1.802000000000e-06	0.000000000000e+00	0.000000000000e+00	0.000000000000e+00
1.803000000000e-06	0.000000000000e+00	0.000000000000e+00	0.000000000000e+00
1.804000000000e-06	0.000000000000e+00	0.000000000000e+00	0.000000000000e+00
1.805000000000e-06	0.000000000000e+00	0.000000000000e+00	0.000000000000e+00
1.806000000000e-06	0.000000000000e+00	0.000000000000e+00	0.000000000000e+00
1.807000000000e-06	0.000000000000e+00	0.000000000000e+00	0.000000000000e+00
1.808000000000e-06	0.000000000000e+00	0.000000000000e+00	0.000000000000e+00
1.809000000000e-06	0.000000000000e+00	0.000000000000e+00	0.000000000000e+00
1.810000000000e-06	0.000000000000e+00	0.000000000000e+00	0.000000000000e+00
1.811000000000e-06	0.000000000000e+00	0.000000000000e+00	0.000000000000e+00
1.812000000000e-06	0.000000000000e+00	0.000000000000e+00	0.000000000000e+00
1.813000000000e-06	0.000000000000e+00	0.000000000000e+00	0.000000000000e+00
1.814000000000e-06	0.000000000000e+00	0.000000000000e+00	0.000000000000e+00
1.815000000000e-06	0.000000000000e+00	0.000000000000e+00	0.000000000000e+00
1.816000000000e-06	0.000000000000e+00	0.000000000000e+00	0.000000000000e+00
1.817000000000e-06	0.000000000000e+00	0.000000000000e+00	0.000000000000e+00
1.818000000000e-06	0.000000000000e+00	0.000000000000e+00	0.000000000000e+00
1.819000000000e-06	0.000000000000e+00	0.000000000000e+00	0.000000000000e+00
1.820000000000e-06	0.000000000000e+00	0.000000000000e+00	0.000000000000e+00
1.821000000000e-06	0.000000000000e+00	0.000000000000e+00	0.000000000000e+00
1.822000000000e-06	0.000000000000e+00	0.000000000000e+00	0.000000000000e+00
1.823000000000e-06	0.000000000000e+00	0.000000000000e+00	0.000000000000e+00
1.824000000000e-06	0.000000000000e+00	0.000000000000e+00	0.000000000000e+00
1.825000000000e-06	0.000000000000e+00	0.000000000000e+00	0.000000000000e+00
1.826000000000e-06	0.000000000000e+00	0.000000000000e+00	0.000000000000e+00
1.827000000000e-06	0.000000000000e+00	0.000000000000e+00	0.000000000000e+00
1.828000000000e-06	0.000000000000e+00	0.000000000000e+00	0.000000000000e+00
1.829000000000e-06	0.000000000000e+00	0.000000000000e+00	0.000000000000e+00
1.830000000000e-06	0.000000000000e+00	0.000000000000e+00	0.000000000000e+00
1.831000000000e-06	0.000000000000e+00	0.000000000000e+00	0.000000000000e+00
1.832000000000e-06	0.000000000000e+00	0.000000000000e+00	0.000000000000e+00
1.833000000000e-06	0.000000000000e+00	0.000000000000e+00	0.000000000000e+00
1.834000000000e-06	0.000000000000e+00	0.000000000000e+00	0.000000000000e+00
1.835000000000e-06	0.000000000000e+00	0.000000000000e+00	0.000000000000e+00
1.836000000000e-06	0.000000000000e+00	0.000000000000e+00	0.000000000000e+00
1.837000000000e-06	0.000000000000e+00	0.000000000000e+00	0.000000000000e+00
1.838000000000e-06	0.000000000000e+00	0.000000000000e+00	0.000000000000e+00
1.839000000000e-06	0.000000000000e+00	0.000000000000e+00	0.000000000000e+00
1.840000000000e-06	0.000000000000e+00	0.000000000000e+00	0.000000000000e+00
1.841000000000e-06	0.000000000000e+00	0.000000000000e+00	0.000000000000e+00
1.842000000000e-06	0.000000000000e+00	0.000000000000e+00	0.000000000000e+00
1.843000000000e-06	0.000000000000e+00	0.000000000000e+00	0.000000000000e+00
1.844000000000e-06	0.000000000000e+00	0.000000000000e+00	0.000000000000e+00
1.845000000000e-06	0.000000000000e+00	0.000000000000e+00	0.000000000000e+00
1.846000000000e-06	3.575549504774e-19	1.188882258763e-17	-4.567831480843e-18
1.847000000000e-06	-4.122939655873e-15	1.333814201919e-14	1.511477689971e-15
1.848000000000e-06	-7.094515718665e-15	7.843446933149e-14	-1.649904298368e-14
1.849000000000e-06	-6.491281675477e-14	4.881594056993e-13	-7.127582104717e-14
1.850000000000e-06	-6.766198004363e-14	1.172987362672e-12	-2.949871787212e-13
1.851000000000e-06	-5.048122270751e-13	4.049559765878e-12	-6.383418869927e-13
1.852000000000e-06	-1.584166785012e-12	1.618957607969e-11	-3.161455740063e-12
1.853000000000e-06	-9.792538684740e-12	1.536046824886e-10	-3.745767118366e-11
1.854000000000e-06	-3.407761048877e-11	3.034801106638e-10	-5.266388495107e-11
1.855000000000e-06	-2.176266482564e-11	2.674309473962e-10	-5.836652333836e-11
1.856000000000e-06	-3.464211758653e-11	4.714447305383e-10	-1.082767289405e-10
1.857000000000e-06	-7.611225433327e-11	8.975866515861e-10	-1.914780995264e-10
1.858000000000e-06	-1.205689233564e-10	1.471614902994e-09	-3.196079456648e-10
1.859000000000e-06	-1.442216641277e-10	2.040616409765e-09	-4.755548133761e-10
1.860000000000e-06	-1.298443162536e-10	2.370173127111e-09	-6.060834321256e-10
1.861000000000e-06	-8.412668052963e-11	2.422540912534e-09	-6.896212686713e-10
1.862000000000e-06	-2.614882339567e-11	2.281064292044e-09	-7.266637512870e-10
1.863000000000e-06	3.730198370659e-11	1.994032952411e-09	-7.231295668854e-10
1.864000000000e-06	7.496523459284e-11	1.768979631845e-09	-7.033506438482e-10
1.865000000000e-06	7.756711076834e-11	1.470350133385e-09	-6.073932164310e-10
1.866000000000e-06	1.250739203227e-10	1.176188713710e-09	-5.794672514418e-10
1.867000000000e-06	1.247324003692e-10	1.018774191597e-09	-5.267251433425e-10
1.868000000000e-06	1.313733331134e-10	8.153854066783e-10	-4.687037695915e-10
1.869000000000e-06	1.091849099552e-10	6.609889331928e-10	-3.840959712472e-10
1.870000000000e-06	1.302240180773e-10	5.131350712324e-10	-3.667877681741e-10
1.871000000000e-06	1.123334437241e-10	4.257330441943e-10	-3.105391390857e-10
1.872000000000e-06	1.243338696839e-10	2.992774273767e-10	-2.864457383842e-10
1.873000000000e-06	1.130308591383e-10	2.406880604773e-10	-2.499339998191e-10
1.874000000000e-06	1.301879072592e-10	1.617378991065e-10	-2.499014298380e-10
1.875000000000e-06	1.006189953035e-10	1.082986593463e-10	-1.874210592309e-10
1.876000000000e-06	1.150486153236e-10	6.200124569891e-11	-1.929680827009e-10
1.877000000000e-06	1.108009305763e-10	2.773854994015e-11	-1.757094270463e-10
1.878000000000e-06	1.047340840425e-10	1.376895931643e-11	-1.618704542558e-10
1.879000000000e-06	9.487697918408e-11	-6.148894225720e-11	-1.212350546266e-10
1.880000000000e-06	1.136388024877e-10	-7.882953415450e-11	-1.446317918451e-10
1.881000000000e-06	8.916713469871e-11	-1.020312265898e-10	-9.936492527908e-11
1.882000000000e-06	1.011793964265e-10	-1.409953304036e-10	-1.052754496024e-10
1.883000000000e-06	8.913164194803e-11	-1.356424168988e-10	-8.832064167322e-11
1.884000000000e-06	8.869580616973e-11	-1.501138313514e-10	-8.373762787060e-11
1.885000000000e-06	9.361967305247e-11	-1.852514263779e-10	-7.933803822070e-11
1.886000000000e-06	7.421514894427e-11	-1.739719610613e-10	-5.336768431413e-11
1.887000000000e-06	6.686272695910e-11	-2.118512058992e-10	-2.880590933434e-11
1.888000000000e-06	6.624339835698e-11	-2.062409110580e-10	-3.008980428039e-11
1.889000000000e-06	6.483188031816e-11	-2.182137125175e-10	-2.480855943674e-11
1.890000000000e-06	6.017621116624e-11	-2.387969211669e-10	-1.063028355491e-11
1.891000000000e-06	5.303513414537e-11	-2.151221847280e-10	-8.056912771507e-12
1.892000000000e-06	4.874701622588e-11	-2.337449481353e-10	5.542361338485e-12
1.893000000000e-06	4.538332869197e-11	-2.314864946733e-10	9.308660679538e-12
1.894000000000e-06	4.097451805079e-11	-2.499438063043e-10	2.232142747923e-11
1.895000000000e-06	3.871665408188e-11	-2.551348459723e-10	2.768149370507e-11
1.896000000000e-06	2.896239979325e-11	-2.504748486069e-10	4.106976978980e-11
1.897000000000e-06	3.258477782846e-11	-2.646581753003e-10	3.981810059261e-11
1.898000000000e-06	2.732538311931e-11	-2.473065677361e-10	4.152992125246e-11
1.899000000000e-06	1.572279693655e-11	-2.646670955140e-10	6.607861616465e-11
1.900000000000e-06	1.205443729991e-11	-2.514555766196e-10	6.698886092736e-11
1.901000000000e-06	1.309933045349e-11	-2.701403038281e-10	7.175033269484e-11
1.902000000000e-06	1.034440431246e-11	-2.669229127982e-10	7.562390520089e-11
1.903000000000e-06	9.535054077497e-12	-2.655156071937e-10	7.432682829943e-11
1.904000000000e-06	4.382771924073e-12	-2.646282400116e-10	8.301744831735e-11
1.905000000000e-06	-3.666432833566e-12	-2.453933892625e-10	8.909582360250e-11
1.906000000000e-06	-3.256485666783e-12	-2.531703979257e-10	9.087016866833e-11
1.907000000000e-06	-3.738462351037e-12	-2.665593477317e-10	9.628677106840e-11
1.908000000000e-06	3.813407293320e-12	-2.553605203837e-10	7.997665866089e-11
1.909000000000e-06	-8.803602319018e-12	-2.545747843502e-10	9.909500524102e-11
1.910000000000e-06	-1.030162173620e-11	-2.475995155385e-10	9.944308317331e-11
1.911000000000e-06	-8.037044815268e-12	-2.432447933187e-10	9.439796123462e-11
1.912000000000e-06	-1.813815132505e-11	-2.366938308618e-10	1.090411283293e-10
1.913000000000e-06	-1.188490748427e-11	-2.422853973824e-10	9.983822774471e-11
1.914000000000e-06	-1.359036802576e-11	-2.414994243773e-10	1.025129936890e-10
1.915000000000e-06	-2.268791934867e-11	-2.343316456875e-10	1.152232960986e-10
1.916000000000e-06	-1.550856041003e-11	-2.316588532744e-10	1.025733827253e-10
1.917000000000e-06	-2.532593047112e-11	-2.414107408658e-10	1.222804716728e-10
1.918000000000e-06	-2.006490361971e-11	-2.224566365923e-10	1.076754198238e-10
1.919000000000e-06	-1.628698420313e-11	-2.350573995783e-10	1.039174839301e-10
1.920000000000e-06	-2.403609329259e-11	-2.152035362886e-10	1.106200369551e-10
1.921000000000e-06	-2.391595874261e-11	-2.277559675852e-10	1.144518967383e-10
1.922000000000e-06	-2.166643759157e-11	-2.190290395385e-10	1.086165157398e-10
1.923000000000e-06	-1.719058494823e-11	-2.176451288703e-10	1.000222995509e-10
1.924000000000e-06	-2.412887091592e-11	-2.091761263714e-10	1.092960755430e-10
1.925000000000e-06	-1.817747766286e-11	-2.058889194084e-10	9.758443550570e-11
1.926000000000e-06	-2.376746066530e-11	-2.032880121660e-10	1.066419568301e-10
1.927000000000e-06	-2.117945512634e-11	-2.078184405310e-10	1.036452265079e-10
1.928000000000e-06	-2.429439726400e-11	-1.964655173247e-10	1.049659781495e-10
1.929000000000e-06	-2.664418555222e-11	-1.958384899279e-10	1.082472653899e-10
1.930000000000e-06	-2.506786252527e-11	-1.956801086676e-10	1.055834848282e-10
1.931000000000e-06	-2.258730248408e-11	-1.940631206588e-10	1.013890321883e-10
1.932000000000e-06	-2.103890548142e-11	-1.880473870539e-10	9.648870522367e-11
1.933000000000e-06	-2.222747274879e-11	-1.821289428563e-10	9.685541089138e-11
1.934000000000e-06	-2.271540172777e-11	-1.812965530599e-10	9.775146927124e-11
1.935000000000e-06	-2.270752614174e-11	-1.749840450737e-10	9.494390669234e-11
1.936000000000e-06	-2.158359418595e-11	-1.799640330809e-10	9.426320232008e-11
1.937000000000e-06	-2.811779811671e-11	-1.683383435688e-10	1.018249442862e-10
1.938000000000e-06	-1.948171495263e-11	-1.762343468586e-10	9.055262922847e-11
1.939000000000e-06	-1.960139863774e-11	-1.670370153787e-10	8.761560901435e-11
1.940000000000e-06	-2.048179391117e-11	-1.617668687812e-10	8.694068465241e-11
1.941000000000e-06	-2.249218256370e-11	-1.591932913696e-10	8.960303232068e-11
1.942000000000e-06	-2.128752961989e-11	-1.540714753675e-10	8.666647936094e-11
1.943000000000e-06	-2.185586072128e-11	-1.606138177350e-10	8.970393055615e-11
1.944000000000e-06	-1.745462697100e-11	-1.541461529158e-10	8.045324204118e-11
1.945000000000e-06	-2.228688552013e-11	-1.456874727205e-10	8.463500705305e-11
1.946000000000e-06	-2.199277776534e-11	-1.506107699355e-10	8.648128226937e-11
1.947000000000e-06	-1.973806573309e-11	-1.401229473922e-10	7.906861005340e-11
1.948000000000e-06	-1.963113844797e-11	-1.443636406639e-10	8.054820470523e-11
1.949000000000e-06	-2.242746400394e-11	-1.381391809250e-10	8.341151546612e-11
1.950000000000e-06	-1.849038308871e-11	-1.382567092038e-10	7.686178918646e-11
1.951000000000e-06	-2.067761500946e-11	-1.335305679838e-10	7.865798745610e-11
1.952000000000e-06	-1.677008793535e-11	-1.383867248454e-10	7.345810737445e-11
1.953000000000e-06	-2.099384404053e-11	-1.290876960996e-10	7.793815841531e-11
1.954000000000e-06	-1.674752228722e-11	-1.271625261838e-10	6.998508996420e-11
1.955000000000e-06	-1.991402987574e-11	-1.220253437617e-10	7.398901934372e-11
1.956000000000e-06	-1.626316854198e-11	-1.336656364140e-10	7.160499150314e-11
1.957000000000e-06	-1.954365390966e-11	-1.250978582257e-10	7.411425927057e-11
1.958000000000e-06	-1.241264727564e-11	-1.219366078766e-10	6.114880333308e-11
1.959000000000e-06	-1.523490129535e-11	-1.129833803233e-10	6.292455508518e-11
1.960000000000e-06	-1.737256299277e-11	-1.137599319558e-10	6.724989448747e-11
1.961000000000e-06	-1.667765204156e-11	-1.141444183134e-10	6.681608645914e-11
1.962000000000e-06	-1.676220414723e-11	-1.121690085015e-10	6.529578420076e-11
1.963000000000e-06	-1.458322061339e-11	-1.076266116087e-10	5.960024331344e-11
1.964000000000e-06	-1.367865220701e-11	-1.115821336596e-10	5.969207089570e-11
1.965000000000e-06	-1.567513915779e-11	-1.074767439278e-10	6.151460002183e-11
1.966000000000e-06	-1.544365718677e-11	-1.008651014862e-10	5.991376543287e-11
1.967000000000e-06	-1.534008539614e-11	-1.040955249354e-10	6.052389700757e-11
1.968000000000e-06	-1.283829297647e-11	-9.755803650925e-11	5.321562803351e-11
1.969000000000e-06	-1.228948943963e-11	-1.007004015092e-10	5.296782892670e-11
1.970000000000e-06	-1.212425604967e-11	-9.323912776022e-11	5.193242412411e-11
1.971000000000e-06	-1.322512122730e-11	-9.502697748701e-11	5.368643587605e-11
1.972000000000e-06	-1.542086021733e-11	-9.325941752221e-11	5.780028101024e-11
1.973000000000e-06	-1.424846430657e-11	-8.924480144216e-11	5.385781128432e-11
1.974000000000e-06	-1.255783636238e-11	-9.652430711838e-11	5.242656984191e-11
1.975000000000e-06	-1.328965629636e-11	-8.487628978718e-11	4.992794801407e-11
1.976000000000e-06	-1.094507372972e-11	-9.318339868639e-11	4.934226557776e-11
1.977000000000e-06	-1.388239161481e-11	-8.262240859450e-11	5.131562548959e-11
1.978000000000e-06	-1.044676542668e-11	-8.842654444072e-11	4.634816775845e-11
1.979000000000e-06	-1.156525655147e-11	-8.078147785666e-11	4.577554992930e-11
1.980000000000e-06	-9.611374836845e-12	-8.232622944891e-11	4.340367065447e-11
1.981000000000e-06	-1.077402893724e-11	-7.878639700458e-11	4.448681789305e-11
1.982000000000e-06	-1.376051819673e-11	-7.690373356786e-11	4.891203733986e-11
1.983000000000e-06	-1.088984907829e-11	-7.711272600003e-11	4.378730746997e-11
1.984000000000e-06	-1.067456523499e-11	-8.095331496202e-11	4.420340282792e-11
1.985000000000e-06	-1.087874534568e-11	-7.346415427241e-11	4.385399273921e-11
1.986000000000e-06	-1.101546305346e-11	-7.115753083940e-11	4.190229842244e-11
1.987000000000e-06	-1.294418291844e-11	-7.102756191976e-11	4.686943440999e-11
1.988000000000e-06	-9.756654755280e-12	-6.800852347501e-11	3.868742695720e-11
1.989000000000e-06	-9.002753721086e-12	-7.421284713739e-11	4.031301850510e-11
1.990000000000e-06	-8.128967863635e-12	-6.854748962086e-11	3.775725014588e-11
1.991000000000e-06	-8.189925831066e-12	-6.829154341187e-11	3.711834150121e-11
1.992000000000e-06	-9.691445592209e-12	-6.725057398545e-11	3.890111933842e-11
1.993000000000e-06	-1.032051396061e-11	-6.501248414482e-11	3.980645294175e-11
1.994000000000e-06	-8.094927713420e-12	-6.653855353022e-11	3.599233674970e-11
1.995000000000e-06	-9.849945868414e-12	-6.065907873936e-11	3.650640473163e-11
1.996000000000e-06	-7.444606522433e-12	-6.354655356143e-11	3.332709954763e-11
1.997000000000e-06	-8.744775204639e-12	-6.278486825383e-11	3.548058020662e-11
1.998000000000e-06	-1.082158802654e-11	-5.620958350645e-11	3.910983634594e-11
1.999000000000e-06	-5.421196821169e-12	-6.084056662345e-11	2.948573630965e-11
2.000000000000e-06	-8.165017094281e-12	-6.338073821364e-11	3.409771755347e-11
2.001000000000e-06	-7.728836652888e-12	-5.643437706550e-11	3.347256160833e-11
2.002000000000e-06	-7.141684177355e-12	-5.994441785253e-11	3.272237522227e-11
2.003000000000e-06	-7.081615862579e-12	-5.290437304232e-11	3.026898409443e-11
2.004000000000e-06	-6.769899583019e-12	-5.731234211097e-11	3.129389404221e-11
2.005000000000e-06	-7.196367397554e-12	-4.774952188979e-11	2.743593026051e-11
2.006000000000e-06	-5.650199980483e-12	-5.390593903673e-11	2.702775697296e-11
2.007000000000e-06	-8.634237091024e-12	-5.047402610196e-11	3.285681283853e-11
2.008000000000e-06	-6.848732378471e-12	-5.230583674931e-11	2.865046150633e-11
2.009000000000e-06	-7.005800168794e-12	-4.722125125261e-11	2.882395499364e-11
2.010000000000e-06	-7.812779711363e-12	-4.634359011593e-11	3.083347269292e-11
2.011000000000e-06	-7.004921579042e-12	-4.942531782007e-11	2.850632820103e-11
2.012000000000e-06	-5.626933484921e-12	-5.136338357861e-11	2.615044179595e-11
2.013000000000e-06	-5.574689159385e-12	-4.900539018848e-11	2.661379971436e-11
2.014000000000e-06	-5.874822733949e-12	-4.718754787644e-11	2.625117011407e-11
2.015000000000e-06	-8.825263611161e-12	-4.666992132295e-11	3.024167992175e-11
2.016000000000e-06	-4.352856591165e-12	-4.621816768240e-11	2.258307521394e-11
2.017000000000e-06	-5.953987050490e-12	-4.289198774289e-11	2.612892849683e-11
2.018000000000e-06	-4.773478572368e-12	-4.338022335712e-11	2.327823215226e-11
2.019000000000e-06	-5.709980267552e-12	-4.312860201177e-11	2.508045268306e-11
2.020000000000e-06	-6.522005150319e-12	-3.987644452078e-11	2.557919406390e-11
2.021000000000e-06	-5.793699193270e-12	-3.997199020043e-11	2.403398733207e-11
2.022000000000e-06	-4.535957833002e-12	-4.384203841444e-11	2.316529624742e-11
2.023000000000e-06	-5.449852087764e-12	-4.041034427631e-11	2.307424533918e-11
2.024000000000e-06	-6.178330847011e-12	-4.116179775679e-11	2.600346123355e-11
2.025000000000e-06	-4.788035981264e-12	-3.973651659149e-11	2.158005711089e-11
2.026000000000e-06	-4.668887042331e-12	-3.669623718291e-11	2.030185893340e-11
2.027000000000e-06	-5.563590756898e-12	-3.705103388902e-11	2.184526448463e-11
2.028000000000e-06	-4.887788928457e-12	-3.977675195260e-11	2.146147639468e-11
2.029000000000e-06	-5.261393848957e-12	-3.916740573188e-11	2.198309335376e-11
2.030000000000e-06	-4.256539333298e-12	-3.685377933496e-11	1.984313297373e-11
2.031000000000e-06	-5.470594433017e-12	-3.650614343967e-11	2.242523982889e-11
2.032000000000e-06	-4.302008629943e-12	-3.416860877444e-11	1.875071298262e-11
2.033000000000e-06	-5.007252573880e-12	-3.604434439689e-11	2.160507014595e-11
2.034000000000e-06	-4.855098669942e-12	-3.439404331318e-11	2.009421322891e-11
2.035000000000e-06	-5.192124035341e-12	-3.164355006259e-11	1.913945141232e-11
2.036000000000e-06	-4.501828751810e-12	-3.426030693398e-11	2.046513782331e-11
2.037000000000e-06	-2.930434478997e-12	-3.341038211233e-11	1.497310779326e-11
2.038000000000e-06	-4.032628601650e-12	-3.085463088786e-11	1.732516955987e-11
2.039000000000e-06	-2.682319278550e-12	-3.011158469615e-11	1.569442689050e-11
2.040000000000e-06	-5.234395949689e-12	-2.825245378709e-11	1.984063234678e-11
2.041000000000e-06	-3.631038450169e-12	-2.894560378092e-11	1.580200051571e-11
2.042000000000e-06	-4.616361748626e-12	-3.265623572495e-11	2.008047193756e-11
2.043000000000e-06	-3.711785443472e-12	-2.909433567051e-11	1.627269573089e-11
2.044000000000e-06	-3.202874690348e-12	-2.835362431484e-11	1.462582365329e-11
2.045000000000e-06	-4.400235122061e-12	-2.916524273278e-11	1.769970337212e-11
2.046000000000e-06	-4.011983168478e-12	-3.193901635558e-11	1.747184301860e-11
2.047000000000e-06	-2.929594640690e-12	-2.839204388669e-11	1.510856898976e-11
2.048000000000e-06	-3.470880884062e-12	-2.390870594227e-11	1.481498278040e-11
2.049000000000e-06	-4.656381261909e-12	-2.835522674987e-11	1.802903496512e-11
2.050000000000e-06	-3.337419861952e-12	-2.795103488061e-11	1.562551679352e-11
2.051000000000e-06	-4.990147831131e-12	-2.345373150104e-11	1.679091054291e-11
2.052000000000e-06	-3.151404410194e-12	-2.992626865808e-11	1.524237995082e-11
2.053000000000e-06	-2.707403758714e-12	-2.522155161676e-11	1.306004401819e-11
2.054000000000e-06	-3.942514053351e-12	-2.556803820942e-11	1.571390142268e-11
2.055000000000e-06	-2.630508290919e-12	-2.586198708633e-11	1.346445288014e-11
2.056000000000e-06	-3.502076257653e-12	-2.562768337369e-11	1.414548175426e-11
2.057000000000e-06	-1.910372640070e-12	-2.308656402850e-11	1.115350309739e-11
2.058000000000e-06	-3.040559633803e-12	-2.618354801606e-11	1.494506111265e-11
2.059000000000e-06	-2.760503766891e-12	-2.491864340474e-11	1.499948388458e-11
2.060000000000e-06	-2.426956733491e-12	-2.349579108841e-11	1.156853069934e-11
2.061000000000e-06	-2.181521676505e-12	-2.620558375732e-11	1.266597636405e-11
2.062000000000e-06	-3.370778699638e-12	-2.359905952456e-11	1.489234424602e-11
2.063000000000e-06	-2.988725569677e-12	-2.169669817977e-11	1.300843829785e-11
2.064000000000e-06	-1.812351640767e-12	-2.055105795727e-11	9.613658000956e-12
2.065000000000e-06	-3.206809737582e-12	-2.050619945533e-11	1.184413112651e-11
2.066000000000e-06	-3.938540061264e-12	-1.962001959874e-11	1.589829869826e-11
2.067000000000e-06	-2.077134070557e-12	-2.263955684511e-11	1.144745425460e-11
2.068000000000e-06	-1.799192002341e-12	-2.080025521830e-11	9.604216952971e-12
2.069000000000e-06	-3.386588121677e-12	-1.962716232797e-11	1.436647591302e-11
2.070000000000e-06	-2.472179924589e-12	-2.236506320912e-11	1.164588782514e-11
2.071000000000e-06	-1.894976918596e-12	-1.995540391225e-11	1.027888783143e-11
2.072000000000e-06	-2.430870297734e-12	-1.992044104453e-11	1.070645264603e-11
2.073000000000e-06	-3.610169512643e-12	-1.848653406499e-11	1.343069181203e-11
2.074000000000e-06	-3.078262755833e-12	-1.955245216121e-11	1.198548635509e-11
2.075000000000e-06	-2.454125153573e-12	-2.012991863281e-11	1.205754960359e-11
2.076000000000e-06	-1.710660687587e-12	-1.694802591720e-11	9.547230143852e-12
2.077000000000e-06	-3.936088869614e-12	-1.797417762155e-11	1.325321189742e-11
2.078000000000e-06	-1.773594290005e-12	-1.857613264919e-11	9.741168840180e-12
2.079000000000e-06	-3.450643826161e-12	-1.651749684855e-11	1.241518499263e-11
2.080000000000e-06	-1.994608534423e-12	-1.791735243122e-11	9.825950218944e-12
2.081000000000e-06	-1.646781388286e-12	-1.678055303474e-11	8.460144220614e-12
2.082000000000e-06	-2.667547767060e-12	-1.880103443100e-11	1.075098216618e-11
2.083000000000e-06	-1.920818547034e-12	-1.797501088325e-11	8.640726888262e-12
2.084000000000e-06	-1.878529098777e-12	-1.597286355764e-11	9.925694550008e-12
2.085000000000e-06	-2.347950046467e-12	-1.599690868228e-11	9.812317400831e-12
2.086000000000e-06	-1.550212045079e-12	-1.625788498668e-11	8.302817649787e-12
2.087000000000e-06	-2.815935180097e-12	-1.782233522851e-11	1.103644477518e-11
2.088000000000e-06	-1.854622891752e-12	-1.597808307556e-11	8.689705936378e-12
2.089000000000e-06	-2.238680181849e-12	-1.842301922349e-11	9.755629786448e-12
2.090000000000e-06	-2.108565298306e-12	-1.751193910313e-11	1.153481330974e-11
2.091000000000e-06	-3.007807865284e-12	-1.678822944262e-11	1.214701530927e-11
2.092000000000e-06	-1.655685946613e-12	-1.444762790184e-11	9.128580112244e-12
2.093000000000e-06	-1.146490758810e-12	-1.615501832800e-11	6.080246346218e-12
2.094000000000e-06	-2.320654615174e-12	-1.213576098906e-11	9.268681080849e-12
2.095000000000e-06	-1.766022382012e-12	-1.514379021029e-11	7.760482267212e-12
2.096000000000e-06	-2.338098669886e-12	-1.229328925530e-11	8.728043705907e-12
2.097000000000e-06	-2.093601450302e-12	-1.426282925819e-11	9.595503490078e-12
2.098000000000e-06	-6.341899494133e-13	-1.393807016681e-11	5.845550944622e-12
2.099000000000e-06	-3.236328141787e-12	-1.372077877479e-11	1.046979444112e-11
2.100000000000e-06	-2.054213524063e-12	-1.459692078721e-11	9.653082390810e-12
2.101000000000e-06	-4.883185854122e-13	-1.382736868353e-11	6.684401446051e-12
2.102000000000e-06	-1.578447054868e-12	-1.541097242813e-11	7.448320422791e-12
2.103000000000e-06	-1.424875543340e-12	-1.427766335134e-11	6.761822742081e-12
2.104000000000e-06	-2.079768683779e-12	-1.323415037615e-11	7.916903061497e-12
2.105000000000e-06	-1.062690016675e-12	-1.364332264383e-11	6.139379824627e-12
2.106000000000e-06	-2.126479076367e-12	-1.082043305086e-11	7.401224505820e-12
2.107000000000e-06	-1.715405130267e-12	-1.249912344195e-11	8.659256443616e-12
2.108000000000e-06	-1.169621878550e-12	-1.327735454864e-11	5.735819037840e-12
2.109000000000e-06	-2.025817472899e-12	-1.450714017531e-11	9.880895913321e-12
2.110000000000e-06	-1.210778188522e-12	-1.239829317458e-11	6.550522584083e-12
2.111000000000e-06	-1.297999931536e-12	-1.213928500811e-11	6.147865351180e-12
2.112000000000e-06	-1.717389979671e-12	-7.530805407979e-12	5.778230175122e-12
2.113000000000e-06	-1.994752594410e-12	-1.159569068675e-11	7.763600268000e-12
2.114000000000e-06	-2.186708963581e-12	-1.217281038028e-11	9.213857481205e-12
2.115000000000e-06	-2.040832431871e-12	-1.254539121534e-11	8.737494127007e-12
2.116000000000e-06	-8.841053756934e-13	-1.100136914622e-11	6.671850346944e-12
2.117000000000e-06	-1.660893591385e-12	-1.047256878091e-11	7.342655960446e-12
2.118000000000e-06	-1.726567599252e-12	-9.797228827201e-12	6.537342915581e-12
2.119000000000e-06	-1.100773804220e-12	-1.175266990065e-11	6.241016628234e-12
2.120000000000e-06	-6.000184127409e-13	-1.241721753827e-11	5.680565933105e-12
2.121000000000e-06	-8.839872027124e-13	-9.411633564198e-12	7.149427283881e-12
2.122000000000e-06	-1.309158667145e-12	-1.125986833923e-11	5.801592906186e-12
2.123000000000e-06	-2.297357549668e-12	-8.950785525925e-12	6.898636907716e-12
2.124000000000e-06	-2.094666647283e-12	-9.582827229376e-12	6.888915573723e-12
2.125000000000e-06	-1.792427278485e-12	-1.059494166712e-11	7.189010945653e-12
2.126000000000e-06	-2.212816705352e-12	-1.060753521580e-11	7.223546537525e-12
2.127000000000e-06	-1.374275601947e-12	-7.823112638362e-12	6.948582076298e-12
2.128000000000e-06	-2.069669641616e-12	-9.581217774826e-12	9.278263522106e-12
2.129000000000e-06	-1.019682057209e-12	-8.168144826543e-12	4.956816526812e-12
2.130000000000e-06	-1.133870090412e-12	-9.916877490474e-12	5.086294791654e-12
2.131000000000e-06	-1.389893338258e-12	-7.235593483679e-12	4.404952521798e-12
2.132000000000e-06	-1.866706460681e-12	-8.851813397118e-12	7.144079023955e-12
2.133000000000e-06	-1.082397547725e-12	-8.484938315438e-12	4.644287356472e-12
2.134000000000e-06	-3.850308819753e-13	-9.366373961552e-12	4.417406969573e-12
2.135000000000e-06	-1.524593267000e-12	-1.096785182904e-11	7.048482017169e-12
2.136000000000e-06	-3.470747408333e-13	-1.074079786543e-11	3.513492503377e-12
2.137000000000e-06	-9.987630235182e-13	-9.498491533020e-12	4.973176803088e-12
2.138000000000e-06	-9.600077860553e-13	-8.569162343769e-12	6.430474109785e-12
2.139000000000e-06	-3.754629463420e-13	-1.022117447079e-11	3.944490909707e-12
2.140000000000e-06	-2.337355222404e-13	-1.027087933414e-11	3.496305365841e-12
2.141000000000e-06	-1.737917741341e-12	-6.853957272721e-12	5.154152809244e-12
2.142000000000e-06	-2.221102452999e-12	-8.370737770786e-12	6.830294992416e-12
2.143000000000e-06	-8.862489576768e-13	-8.858497845023e-12	5.210970757351e-12
2.144000000000e-06	-1.034354770823e-12	-7.461478599327e-12	3.384645597099e-12
2.145000000000e-06	-4.335061364473e-13	-7.671181239034e-12	4.156414447941e-12
2.146000000000e-06	-1.050758084079e-12	-8.034588727537e-12	5.195005953656e-12
2.147000000000e-06	-9.633259963017e-13	-9.296394196767e-12	4.644150671748e-12
2.148000000000e-06	-7.068693398407e-13	-8.577099055485e-12	5.770872839072e-12
2.149000000000e-06	-1.260345898181e-12	-7.666042304150e-12	5.526445104788e-12
2.150000000000e-06	-1.041012372098e-12	-8.982171191810e-12	5.763273373908e-12
2.151000000000e-06	-9.328430430673e-13	-5.891387532643e-12	3.948429402890e-12
2.152000000000e-06	-1.333274665471e-12	-5.817144711522e-12	5.372558536397e-12
2.153000000000e-06	-9.730560118184e-13	-6.206739537117e-12	5.021965878109e-12
2.154000000000e-06	-6.656101943129e-13	-7.818800250745e-12	3.189010258458e-12
2.155000000000e-06	-6.204031628565e-13	-7.728641527580e-12	4.245381076502e-12
2.156000000000e-06	-1.123706644459e-12	-6.978426051369e-12	4.986270345282e-12
2.157000000000e-06	-1.429419414783e-12	-5.823101876243e-12	5.201168735801e-12
2.158000000000e-06	-1.051385667072e-12	-6.019306142770e-12	3.934997500474e-12
2.159000000000e-06	-1.262975148128e-12	-8.162671947623e-12	4.960994036057e-12
2.160000000000e-06	-8.797370687773e-13	-7.749820262024e-12	3.399096433134e-12
2.161000000000e-06	-1.094759311184e-12	-5.708350758674e-12	4.414154655221e-12
2.162000000000e-06	-7.426448227934e-13	-7.881629082050e-12	4.510289411147e-12
2.163000000000e-06	-1.445799424852e-12	-5.335969851979e-12	5.932040851408e-12
2.164000000000e-06	-8.235920861440e-13	-5.027332562839e-12	3.383240549847e-12
2.165000000000e-06	-1.059284011957e-12	-4.854357542353e-12	4.301984023337e-12
2.166000000000e-06	-8.984252224690e-13	-7.330528940771e-12	4.838829415675e-12
2.167000000000e-06	-1.164106748741e-12	-7.527463766033e-12	3.872078907659e-12
2.168000000000e-06	-1.018778257908e-12	-7.531615832016e-12	4.658977199117e-12
2.169000000000e-06	-1.222715304131e-12	-4.784669962959e-12	4.615914162571e-12
2.170000000000e-06	-6.271959450042e-13	-5.645034109995e-12	3.326881447485e-12
2.171000000000e-06	-9.056974743764e-13	-6.213237945134e-12	4.022367139903e-12
2.172000000000e-06	-1.196906739897e-12	-5.481926355933e-12	4.535604258137e-12
2.173000000000e-06	-5.844231218513e-13	-5.506981093499e-12	2.543140082102e-12
2.174000000000e-06	-1.237517368624e-12	-6.153512263625e-12	5.202664678426e-12
2.175000000000e-06	-4.239048821607e-13	-5.805115739132e-12	2.849108445780e-12
2.176000000000e-06	-1.418339367012e-12	-5.499238556483e-12	7.162873389521e-12
2.177000000000e-06	-7.337725034362e-13	-6.226719758873e-12	2.956512692520e-12
2.178000000000e-06	-7.553388723329e-13	-4.344233488556e-12	2.994531050512e-12
2.179000000000e-06	-5.982006179279e-13	-6.077093432997e-12	2.250501744997e-12
2.180000000000e-06	-1.518453674776e-12	-4.956984356758e-12	4.981823750426e-12
2.181000000000e-06	-3.059878441666e-13	-6.931523138562e-12	2.560066431889e-12
2.182000000000e-06	-6.375983208212e-13	-6.715098280705e-12	2.417570901355e-12
2.183000000000e-06	-4.728303126963e-13	-3.584762005266e-12	3.528918903069e-12
2.184000000000e-06	-1.255342464962e-12	-4.937889477976e-12	4.911422242964e-12
2.185000000000e-06	-1.025677052671e-12	-5.247484221808e-12	3.763603345891e-12
2.186000000000e-06	-7.306726775088e-13	-6.476204031962e-12	2.964367185981e-12
2.187000000000e-06	-5.070195927639e-13	-5.778364176057e-12	3.317704251302e-12
2.188000000000e-06	-6.530364379701e-13	-5.140156548657e-12	3.327692849270e-12
2.189000000000e-06	-6.125299092770e-13	-5.380976748191e-12	1.820924374842e-12
2.190000000000e-06	-1.250226345271e-12	-3.948071644221e-12	4.149391307953e-12
2.191000000000e-06	-1.289653585456e-12	-2.231530761244e-12	2.968961480306e-12
2.192000000000e-06	2.524481739655e-13	-6.460023701636e-12	2.512924457282e-12
2.193000000000e-06	-4.347359599018e-13	-4.079163288283e-12	3.596308035193e-12
2.194000000000e-06	-7.932110425078e-13	-5.709457340815e-12	4.195577860612e-12
2.195000000000e-06	-9.687130876708e-13	-3.401782491198e-12	3.558500252062e-12
2.196000000000e-06	-6.029650665640e-13	-3.646632681920e-12	3.037597408795e-12
2.197000000000e-06	-8.607750025347e-13	-2.665779643100e-12	3.519413006512e-12
2.198000000000e-06	4.081076994391e-13	-6.497866756052e-12	1.843705759660e-12
2.199000000000e-06	-6.318941856010e-13	-4.323121599790e-12	2.546020055823e-12
2.200000000000e-06	-1.013467639945e-12	-4.695122964431e-12	4.400731175084e-12
2.201000000000e-06	-6.176205388723e-13	-3.829101320791e-12	2.574917309544e-12
2.202000000000e-06	-2.835574219306e-13	-4.727253906943e-12	1.248054383870e-12
2.203000000000e-06	-2.038770299698e-12	-3.617613509947e-12	5.229918893531e-12
2.204000000000e-06	-4.872509965290e-13	-5.639115917199e-12	2.146430568059e-12
2.205000000000e-06	-1.462402124264e-12	-4.416855894216e-12	4.150158379262e-12
2.206000000000e-06	-8.655458956923e-13	-3.381297574108e-12	3.117505044247e-12
2.207000000000e-06	-1.057559814833e-12	-3.741944772264e-12	3.236309379024e-12
2.208000000000e-06	-7.123997037423e-13	-5.249370886855e-12	4.670181766153e-12
2.209000000000e-06	-1.071826921424e-12	-3.810676824227e-12	3.173692159827e-12
2.210000000000e-06	-5.763729651907e-13	-4.398055963900e-12	3.862517876829e-12
2.211000000000e-06	-6.619217208670e-13	-5.203690593714e-12	3.196831968810e-12
2.212000000000e-06	-3.393603123748e-13	-3.456815212510e-12	2.183741838344e-12
2.213000000000e-06	-1.155046211676e-12	-4.099223620393e-12	3.565523744979e-12
2.214000000000e-06	-5.226646871484e-13	-2.973006197739e-12	2.370596103955e-12
2.215000000000e-06	-4.430278021336e-13	-5.033718758444e-12	2.359168536335e-12
2.216000000000e-06	-8.003312752666e-13	-4.278640005862e-12	3.636617890158e-12
2.217000000000e-06	-6.020039803506e-13	-1.866276715889e-12	3.259962780496e-12
2.218000000000e-06	-1.150371118532e-12	-2.911349627762e-12	3.486944646917e-12
2.219000000000e-06	-3.328380391594e-13	-3.181170510021e-12	2.975441101838e-12
2.220000000000e-06	-1.289505241900e-12	-3.005518491496e-12	3.165271467001e-12
2.221000000000e-06	-4.316879883114e-13	-2.492758264873e-12	1.649326369347e-12
2.222000000000e-06	-4.494207206957e-13	-4.703836118844e-12	2.424301470753e-12
2.223000000000e-06	-2.622980769254e-13	-5.064894516067e-12	2.956185090859e-12
2.224000000000e-06	-5.820590122358e-13	-3.074985105558e-12	2.224526871266e-12
2.225000000000e-06	-6.186515435437e-13	-1.696550436684e-12	2.536890867519e-12
2.226000000000e-06	-5.117299062810e-13	-4.786785062616e-12	1.787336730592e-12
2.227000000000e-06	-1.143486297109e-12	-3.056060355979e-12	3.041148178358e-12
2.228000000000e-06	-7.064695414685e-13	-3.387912794075e-12	2.478012021376e-12
2.229000000000e-06	-5.614634614436e-13	-2.836737811594e-12	2.772413971664e-12
2.230000000000e-06	-8.791262118395e-14	-4.427851251724e-12	2.884636018846e-12
2.231000000000e-06	-4.784489144525e-13	-2.951844370458e-12	2.530821809243e-12
2.232000000000e-06	-1.662099059910e-13	-3.676399833111e-12	1.381739893178e-12
2.233000000000e-06	-9.384247892769e-13	-2.801579351985e-12	4.104544589786e-12
2.234000000000e-06	-2.857771828063e-13	-4.081136909066e-12	2.408590574536e-12
2.235000000000e-06	-3.042925753869e-13	-2.828207549311e-12	2.523187126738e-12
2.236000000000e-06	-6.797969486464e-13	-3.348727932318e-12	3.364291913446e-12
2.237000000000e-06	-2.308775886865e-13	-1.337428583451e-12	1.181046071825e-12
2.238000000000e-06	-6.092178136223e-13	-2.579345539903e-12	2.504873248311e-12
2.239000000000e-06	-7.317334947892e-13	-1.462083113744e-12	2.098078877924e-12
2.240000000000e-06	-3.998504995341e-14	-3.054967792017e-12	1.895478647122e-12
2.241000000000e-06	2.998391773864e-14	-3.082022790433e-12	1.475729973181e-12
2.242000000000e-06	6.697693430153e-14	-3.002626697065e-12	8.320595616592e-13
2.243000000000e-06	-5.747393723940e-13	-2.922965357990e-12	2.540131330577e-12
2.244000000000e-06	-5.270562066327e-13	-4.053990838108e-12	1.605633938821e-12
2.245000000000e-06	-3.157124228029e-13	-4.791882118721e-12	3.386826229794e-12
2.246000000000e-06	-4.769579251100e-13	-4.657546424147e-12	2.420064740457e-12
2.247000000000e-06	-2.398947194014e-14	-1.620861717191e-12	1.667981653412e-12
2.248000000000e-06	-3.971657231503e-13	-3.847171672495e-12	1.707904232919e-12
2.249000000000e-06	-8.502930063833e-13	-1.899878212367e-12	3.137806283293e-12
2.250000000000e-06	-9.305262696365e-13	-2.520250871651e-12	2.897911470335e-12
2.251000000000e-06	-6.861507801182e-13	-3.415298371937e-12	3.892463182501e-12
2.252000000000e-06	-4.027123170156e-13	-3.173724609739e-12	1.661978531510e-12
2.253000000000e-06	-6.725686320450e-13	-6.723681877907e-13	1.661298173096e-12
2.254000000000e-06	-4.629919406597e-13	-2.077385234643e-12	2.024008015382e-12
2.255000000000e-06	-9.065239450491e-13	-7.553600686197e-13	2.975411167500e-12
2.256000000000e-06	-4.541902736872e-13	-1.958088460903e-12	1.959903428608e-12
2.257000000000e-06	-1.162207767653e-13	-2.485472199723e-12	5.949037130514e-13
2.258000000000e-06	-1.209504252808e-13	-3.945134316465e-12	2.644589576611e-12
2.259000000000e-06	-4.201550121689e-13	-1.623932419788e-12	2.177346951426e-12
2.260000000000e-06	-1.606256780211e-13	-2.845518984014e-12	2.986166808884e-12
2.261000000000e-06	-5.020394663681e-13	-3.764737561231e-12	3.650249104687e-12
2.262000000000e-06	-2.039591514958e-13	-2.193318121656e-12	1.384336216505e-12
2.263000000000e-06	-7.887211788340e-13	-3.184730356181e-12	2.853006278322e-12
2.264000000000e-06	-7.361345967818e-14	-2.676905775679e-12	1.804084392922e-12
2.265000000000e-06	-5.242284755144e-13	-2.936360502345e-12	2.368705670357e-12
2.266000000000e-06	-7.316598934563e-13	-1.335700461472e-12	2.608462545160e-12
2.267000000000e-06	-4.579401827093e-13	-1.815948994721e-12	1.794653189978e-12
2.268000000000e-06	-9.916218980707e-13	-1.423477066177e-12	2.348364012629e-12
2.269000000000e-06	-4.614038264731e-13	-3.662891681059e-12	2.327631577455e-12
