-2.453000000000e-06	0.000000000000e+00	0.000000000000e+00	0.000000000000e+00
-2.452000000000e-06	0.000000000000e+00	0.000000000000e+00	0.000000000000e+00
-2.451000000000e-06	0.000000000000e+00	0.000000000000e+00	0.000000000000e+00
-2.450000000000e-06	0.000000000000e+00	0.000000000000e+00	0.000000000000e+00
-2.449000000000e-06	0.000000000000e+00	0.000000000000e+00	0.000000000000e+00
-2.448000000000e-06	0.000000000000e+00	0.000000000000e+00	0.000000000000e+00
-2.447000000000e-06	0.000000000000e+00	0.000000000000e+00	0.000000000000e+00
-2.446000000000e-06	0.000000000000e+00	0.000000000000e+00	0.000000000000e+00
-2.445000000000e-06	0.000000000000e+00	0.000000000000e+00	0.000000000000e+00
-2.444000000000e-06	0.000000000000e+00	0.000000000000e+00	0.000000000000e+00
-2.443000000000e-06	0.000000000000e+00	0.000000000000e+00	0.000000000000e+00
-2.442000000000e-06	0.000000000000e+00	0.000000000000e+00	0.000000000000e+00
-2.441000000000e-06	0.000000000000e+00	0.000000000000e+00	0.000000000000e+00
-2.440000000000e-06	0.000000000000e+00	0.000000000000e+00	0.000000000000e+00
-2.439000000000e-06	0.000000000000e+00	0.000000000000e+00	0.000000000000e+00
-2.438000000000e-06	0.000000000000e+00	0.000000000000e+00	0.000000000000e+00
-2.437000000000e-06	0.000000000000e+00	0.000000000000e+00	0.000000000000e+00
-2.436000000000e-06	0.000000000000e+00	0.000000000000e+00	0.000000000000e+00
-2.435000000000e-06	0.000000000000e+00	0.000000000000e+00	0.000000000000e+00
-2.434000000000e-06	0.000000000000e+00	0.000000000000e+00	0.000000000000e+00
-2.433000000000e-06	0.000000000000e+00	0.000000000000e+00	0.000000000000e+00
-2.432000000000e-06	0.000000000000e+00	0.000000000000e+00	0.000000000000e+00
-2.431000000000e-06	0.000000000000e+00	0.000000000000e+00	0.000000000000e+00
-2.430000000000e-06	0.000000000000e+00	0.000000000000e+00	0.000000000000e+00
-2.429000000000e-06	0.000000000000e+00	0.000000000000e+00	0.000000000000e+00
-2.428000000000e-06	0.000000000000e+00	0.000000000000e+00	0.000000000000e+00
-2.427000000000e-06	0.000000000000e+00	0.000000000000e+00	0.000000000000e+00
-2.426000000000e-06	0.000000000000e+00	0.000000000000e+00	0.000000000000e+00
-2.425000000000e-06	0.000000000000e+00	0.000000000000e+00	0.000000000000e+00
-2.424000000000e-06	0.000000000000e+00	0.000000000000e+00	0.000000000000e+00
-2.423000000000e-06	0.000000000000e+00	0.000000000000e+00	0.000000000000e+00
-2.422000000000e-06	0.000000000000e+00	0.000000000000e+00	0.000000000000e+00
-2.421000000000e-06	0.000000000000e+00	0.000000000000e+00	0.000000000000e+00
-2.420000000000e-06	0.000000000000e+00	0.000000000000e+00	0.000000000000e+00
-2.419000000000e-06	0.000000000000e+00	0.000000000000e+00	0.000000000000e+00
-2.418000000000e-06	0.000000000000e+00	0.000000000000e+00	0.000000000000e+00
-2.417000000000e-06	0.000000000000e+00	0.000000000000e+00	0.000000000000e+00
-2.416000000000e-06	0.000000000000e+00	0.000000000000e+00	0.000000000000e+00
-2.415000000000e-06	0.000000000000e+00	0.000000000000e+00	0.000000000000e+00
-2.414000000000e-06	0.000000000000e+00	0.000000000000e+00	0.000000000000e+00
-2.413000000000e-06	0.000000000000e+00	0.000000000000e+00	0.000000000000e+00
-2.412000000000e-06	0.000000000000e+00	0.000000000000e+00	0.000000000000e+00
-2.411000000000e-06	0.000000000000e+00	0.000000000000e+00	0.000000000000e+00
-2.410000000000e-06	0.000000000000e+00	0.000000000000e+00	0.000000000000e+00
-2.409000000000e-06	0.000000000000e+00	0.000000000000e+00	0.000000000000e+00
-2.408000000000e-06	0.000000000000e+00	0.000000000000e+00	0.000000000000e+00
-2.407000000000e-06	0.000000000000e+00	0.000000000000e+00	0.000000000000e+00
-2.406000000000e-06	0.000000000000e+00	0.000000000000e+00	0.000000000000e+00
-2.405000000000e-06	0.000000000000e+00	0.000000000000e+00	0.000000000000e+00
-2.404000000000e-06	0.000000000000e+00	0.000000000000e+00	0.000000000000e+00
-2.403000000000e-06	0.000000000000e+00	0.000000000000e+00	0.000000000000e+00
-2.402000000000e-06	0.000000000000e+00	0.000000000000e+00	0.000000000000e+00
-2.401000000000e-06	0.000000000000e+00	0.000000000000e+00	0.000000000000e+00
-2.400000000000e-06	0.000000000000e+00	0.000000000000e+00	0.000000000000e+00
-2.399000000000e-06	0.000000000000e+00	0.000000000000e+00	0.000000000000e+00
-2.398000000000e-06	0.000000000000e+00	0.000000000000e+00	0.000000000000e+00
-2.397000000000e-06	0.000000000000e+00	0.000000000000e+00	0.000000000000e+00
-2.396000000000e-06	0.000000000000e+00	0.000000000000e+00	0.000000000000e+00
-2.395000000000e-06	0.000000000000e+00	0.000000000000e+00	0.000000000000e+00
-2.394000000000e-06	0.000000000000e+00	0.000000000000e+00	0.000000000000e+00
-2.393000000000e-06	0.000000000000e+00	0.000000000000e+00	0.000000000000e+00
-2.392000000000e-06	0.000000000000e+00	0.000000000000e+00	0.000000000000e+00
-2.391000000000e-06	8.738286896970e-17	-1.702831284772e-16	-5.613852307158e-17
-2.390000000000e-06	-2.590909361101e-17	5.660525465484e-17	1.446696069542e-17
-2.389000000000e-06	3.774536983566e-16	-6.372607870400e-16	-2.773129477478e-16
-2.388000000000e-06	1.080249612861e-16	-1.733986555331e-16	-8.210224915205e-17
-2.387000000000e-06	1.312291496621e-16	2.127469694445e-16	-2.550095539761e-16
-2.386000000000e-06	1.124287596535e-16	1.950123657093e-17	-1.594680113107e-16
-2.385000000000e-06	2.190802871707e-17	-2.335864525432e-16	5.797231012022e-17
-2.384000000000e-06	1.277009557603e-16	3.955948069273e-15	-1.598556219715e-15
-2.383000000000e-06	-1.570465157878e-19	1.744824912603e-15	-6.239836850182e-16
-2.382000000000e-06	1.406517030982e-15	-9.034256697182e-16	-1.596543769216e-15
-2.381000000000e-06	1.658237834265e-15	4.458082031789e-15	-3.919083993246e-15
-2.380000000000e-06	-7.491320526367e-16	6.098807564604e-16	8.034597900030e-16
-2.379000000000e-06	-1.244953366913e-16	-4.919666516770e-16	3.464456432061e-16
-2.378000000000e-06	-9.753513294011e-16	1.204303415623e-16	1.269860580612e-15
-2.377000000000e-06	-2.181490900043e-15	3.516338444614e-15	1.610711865183e-15
-2.376000000000e-06	-3.059772089325e-15	1.624121334298e-14	-1.997650966610e-15
-2.375000000000e-06	1.141459593945e-15	-1.132451124866e-15	-1.070704076056e-15
-2.374000000000e-06	-5.334155306186e-15	8.052580160986e-15	4.129906338650e-15
-2.373000000000e-06	1.862397404111e-15	-7.027681824755e-15	1.223445147608e-16
-2.372000000000e-06	-2.321063200114e-15	8.231478969348e-15	6.557894329900e-17
-2.371000000000e-06	-7.459838725408e-15	2.132214298415e-14	1.928579159790e-15
-2.370000000000e-06	8.930161472432e-15	-1.942125992668e-14	-4.821849233156e-15
-2.369000000000e-06	5.855632043078e-15	7.540398471828e-15	-1.059019145549e-14
-2.368000000000e-06	-7.047459138660e-15	1.434171024997e-14	3.849239588557e-15
-2.367000000000e-06	-1.448834475723e-14	-1.606560104033e-15	2.012339294975e-14
-2.366000000000e-06	1.455287083538e-14	1.376323860488e-14	-2.476542551096e-14
-2.365000000000e-06	-1.655307692105e-14	4.644025531835e-14	4.704400472733e-15
-2.364000000000e-06	-3.234198926537e-15	1.405735125458e-14	-9.580337847541e-16
-2.363000000000e-06	1.469055188354e-15	1.419351017775e-14	-7.502364853442e-15
-2.362000000000e-06	-7.270766557576e-15	9.990796861821e-15	5.803876615789e-15
-2.361000000000e-06	1.299088702136e-14	-1.281332091421e-15	-1.677003722961e-14
-2.360000000000e-06	1.054446129638e-14	4.181693865273e-14	-3.016892704559e-14
-2.359000000000e-06	-2.772236326333e-14	9.028335058112e-14	2.581157394451e-15
-2.358000000000e-06	2.318365513276e-14	6.312282617561e-15	-3.352341935329e-14
-2.357000000000e-06	-3.157461431458e-14	6.851983004454e-14	1.593226401660e-14
-2.356000000000e-06	-9.204906440619e-15	2.538585821487e-14	2.695835716205e-15
-2.355000000000e-06	-2.549382109773e-14	1.033650293050e-13	-5.902147561822e-15
-2.354000000000e-06	-1.650913653707e-14	1.033952673438e-13	-1.816239554285e-14
-2.353000000000e-06	1.541705256449e-14	3.533717670135e-14	-3.324444826082e-14
-2.352000000000e-06	-3.371649529471e-14	5.077859791637e-14	2.496487314291e-14
-2.351000000000e-06	2.790305197518e-14	3.036587593043e-14	-4.865482233907e-14
-2.350000000000e-06	1.060283878592e-14	1.562729215520e-13	-7.340277832083e-14
-2.349000000000e-06	-1.675497298142e-14	1.364990381928e-13	-3.042745164506e-14
-2.348000000000e-06	-1.273060051688e-14	1.051523738573e-13	-2.491800436828e-14
-2.347000000000e-06	-3.761821831446e-14	1.336832230212e-13	-6.132500313416e-16
-2.346000000000e-06	-4.052240804057e-14	1.684162761280e-13	-1.322666796256e-14
-2.345000000000e-06	4.760830866231e-14	1.799643422546e-13	-1.333985552478e-13
-2.344000000000e-06	-4.185331521314e-14	1.389781101626e-13	1.011687276391e-15
-2.343000000000e-06	-1.056356327777e-13	3.158854866770e-13	1.853627626431e-14
-2.342000000000e-06	-3.614326182569e-14	1.893721451962e-13	-2.632601286572e-14
-2.341000000000e-06	6.622738777501e-15	2.036202103682e-13	-8.786865006268e-14
-2.340000000000e-06	1.859996012482e-14	1.869045590978e-13	-9.733337314914e-14
-2.339000000000e-06	6.743318695251e-15	2.662468451528e-13	-1.121052957578e-13
-2.338000000000e-06	-1.096794610649e-13	3.040652161412e-13	2.551822997453e-14
-2.337000000000e-06	-7.865452525489e-14	3.930900609048e-13	-5.029586842909e-14
-2.336000000000e-06	-5.748254490978e-14	3.212590027393e-13	-5.100266903197e-14
-2.335000000000e-06	-9.430151883510e-14	4.439793155610e-13	-4.958484897041e-14
-2.334000000000e-06	-4.042217416674e-14	4.257031264746e-13	-1.131359352320e-13
-2.333000000000e-06	-9.254694216705e-14	3.875731598019e-13	-3.007978215991e-14
-2.332000000000e-06	-4.357677794421e-14	5.895256850136e-13	-1.753696764766e-13
-2.331000000000e-06	-1.355871200481e-13	4.429232545041e-13	3.955397707238e-15
-2.330000000000e-06	4.542429476899e-14	3.937859298923e-13	-2.140230589421e-13
-2.329000000000e-06	-1.205014927685e-13	8.710474491509e-13	-1.877907129418e-13
-2.328000000000e-06	-2.942588186515e-14	6.297746776883e-13	-2.116983935033e-13
-2.327000000000e-06	-5.776269939874e-14	6.630293774704e-13	-1.887508769042e-13
-2.326000000000e-06	4.221642234236e-14	6.940487657105e-13	-3.303810280507e-13
-2.325000000000e-06	-8.146202548907e-14	9.301484777519e-13	-2.621393306441e-13
-2.324000000000e-06	-1.310950546195e-13	1.161190355559e-12	-2.926950333910e-13
-2.323000000000e-06	-2.572166254812e-13	1.203216308988e-12	-1.409800254190e-13
-2.322000000000e-06	-4.195948069561e-13	1.917547968433e-12	-2.126164993442e-13
-2.321000000000e-06	-1.146973174268e-13	1.093699870876e-12	-2.866015178876e-13
-2.320000000000e-06	-2.696311952963e-13	1.758962173305e-12	-3.520694917472e-13
-2.319000000000e-06	-9.407295966980e-14	1.059066992503e-12	-3.025661844389e-13
-2.318000000000e-06	-1.400156703333e-13	1.799887869472e-12	-5.412136764938e-13
-2.317000000000e-06	-2.203165033107e-14	1.505496344829e-12	-5.812884566430e-13
-2.316000000000e-06	-2.595189203897e-14	1.414559091876e-12	-5.324121653959e-13
-2.315000000000e-06	-3.674751481408e-13	2.090333667131e-12	-3.649641374094e-13
-2.314000000000e-06	-4.291959303012e-13	2.252808542894e-12	-3.491592825555e-13
-2.313000000000e-06	-2.289655255612e-13	1.869111077859e-12	-4.558929802104e-13
-2.312000000000e-06	-1.727090834221e-13	2.536154742403e-12	-7.980418476471e-13
-2.311000000000e-06	-4.413696534583e-13	2.732580960472e-12	-5.336789218709e-13
-2.310000000000e-06	-5.922051444266e-14	2.237336264893e-12	-8.316715712162e-13
-2.309000000000e-06	-5.885687596532e-13	2.915150342633e-12	-4.163958123535e-13
-2.308000000000e-06	-1.585065798376e-13	2.838657040953e-12	-9.508521533795e-13
-2.307000000000e-06	-5.184747234686e-13	3.719982798924e-12	-8.415133599373e-13
-2.306000000000e-06	-5.121240786882e-13	3.441110877416e-12	-7.378133914591e-13
-2.305000000000e-06	-4.819966986408e-13	3.798129029148e-12	-9.284990368791e-13
-2.304000000000e-06	-5.762945708297e-13	4.498044821548e-12	-1.084950660410e-12
-2.303000000000e-06	-6.874069899877e-13	4.597617296764e-12	-9.863181507910e-13
-2.302000000000e-06	-1.197016352749e-12	4.397459298685e-12	-2.409150962836e-13
-2.301000000000e-06	-7.894694276703e-13	4.983476728016e-12	-1.018012229752e-12
-2.300000000000e-06	-4.308336655171e-13	4.308473970960e-12	-1.210964810183e-12
-2.299000000000e-06	-4.066507860905e-13	5.592802827317e-12	-1.783342363975e-12
-2.298000000000e-06	-8.483334254019e-13	6.267813871076e-12	-1.488905288077e-12
-2.297000000000e-06	-1.184598298979e-12	6.272140521208e-12	-1.038728428321e-12
-2.296000000000e-06	-1.271422894287e-12	5.637243520341e-12	-6.722204838495e-13
-2.295000000000e-06	-2.334122174302e-13	6.082644634030e-12	-2.225460685490e-12
-2.294000000000e-06	-1.242845086145e-12	6.842179367707e-12	-1.233765321127e-12
-2.293000000000e-06	-9.927164307478e-13	7.683418711286e-12	-1.897281495349e-12
-2.292000000000e-06	-1.081264150687e-12	7.815100756534e-12	-1.845959311259e-12
-2.291000000000e-06	-8.773122833607e-13	7.363102080622e-12	-1.933883772101e-12
-2.290000000000e-06	-8.129073534398e-13	7.762961943907e-12	-2.182054960676e-12
-2.289000000000e-06	-2.024775709355e-12	9.717411095946e-12	-1.427402404595e-12
-2.288000000000e-06	-7.309088034473e-13	8.496645929148e-12	-2.605006367978e-12
-2.287000000000e-06	-1.365871972959e-12	9.541039481680e-12	-2.228040905800e-12
-2.286000000000e-06	-1.398589036340e-12	9.284298576767e-12	-2.081363032361e-12
-2.285000000000e-06	-1.133060129192e-12	1.023472901609e-11	-2.840654184128e-12
-2.284000000000e-06	-1.890913568207e-12	1.106183209326e-11	-2.195408956146e-12
-2.283000000000e-06	-1.950301132480e-12	1.232289384598e-11	-2.663188602591e-12
-2.282000000000e-06	-2.132469332492e-12	1.144666368639e-11	-2.063559766475e-12
-2.281000000000e-06	-1.751196311519e-12	1.289301035742e-11	-3.181610486998e-12
-2.280000000000e-06	-1.078547204496e-12	1.253829313441e-11	-3.919025068002e-12
-2.279000000000e-06	-1.841023551643e-12	1.310021704151e-11	-3.166458066583e-12
-2.278000000000e-06	-2.346977637806e-12	1.300842660608e-11	-2.477840969026e-12
-2.277000000000e-06	-2.832685883715e-12	1.665446863300e-11	-3.398956990014e-12
-2.276000000000e-06	-2.169636970354e-12	1.473157344569e-11	-3.456493818416e-12
-2.275000000000e-06	-2.664296631173e-12	1.538055309023e-11	-3.102835505349e-12
-2.274000000000e-06	-2.528783139698e-12	1.575342149705e-11	-3.453519483108e-12
-2.273000000000e-06	-2.559427745845e-12	1.735832716764e-11	-4.095966764198e-12
-2.272000000000e-06	-2.586962130882e-12	1.702996461910e-11	-3.937951198775e-12
-2.271000000000e-06	-2.661356086027e-12	1.949429823149e-11	-4.902621338053e-12
-2.270000000000e-06	-3.037160725370e-12	2.004798914639e-11	-4.674173543879e-12
-2.269000000000e-06	-3.072979447829e-12	1.932556720446e-11	-4.329182683629e-12
-2.268000000000e-06	-3.390780318818e-12	1.898751505224e-11	-3.775723907844e-12
-2.267000000000e-06	-4.265988629084e-12	2.144437717931e-11	-3.716421274650e-12
-2.266000000000e-06	-3.026774657308e-12	2.172138575634e-11	-5.455024249862e-12
-2.265000000000e-06	-2.999261627166e-12	2.221437621269e-11	-5.715226181643e-12
-2.264000000000e-06	-3.946661468005e-12	2.457712716831e-11	-5.515529495111e-12
-2.263000000000e-06	-3.514539070624e-12	2.149257796671e-11	-4.780198170195e-12
-2.262000000000e-06	-4.147055026177e-12	2.583520400429e-11	-5.863305729998e-12
-2.261000000000e-06	-4.391936215717e-12	2.551020315245e-11	-5.395720679388e-12
-2.260000000000e-06	-3.783466987143e-12	2.643963327731e-11	-6.641315896972e-12
-2.259000000000e-06	-3.863413353756e-12	2.612990927243e-11	-6.387421489112e-12
-2.258000000000e-06	-4.639253998461e-12	2.841354106081e-11	-6.383996332842e-12
-2.257000000000e-06	-4.748012724206e-12	2.914577876242e-11	-6.602835220145e-12
-2.256000000000e-06	-4.775922096027e-12	3.055849367788e-11	-7.223180786541e-12
-2.255000000000e-06	-5.760946371850e-12	2.908196641050e-11	-5.297494349990e-12
-2.254000000000e-06	-6.503292318395e-12	3.244926309241e-11	-5.839754645644e-12
-2.253000000000e-06	-6.480771028650e-12	3.416577467513e-11	-6.637365292198e-12
-2.252000000000e-06	-5.423655981745e-12	3.084616027088e-11	-6.558475336579e-12
-2.251000000000e-06	-4.979280555747e-12	3.154378703346e-11	-7.498958328206e-12
-2.250000000000e-06	-6.048057948107e-12	3.659271288370e-11	-8.322313472815e-12
-2.249000000000e-06	-3.738595807307e-12	3.255980940855e-11	-9.553093987587e-12
-2.248000000000e-06	-5.021145205517e-12	3.785925060215e-11	-1.026122861531e-11
-2.247000000000e-06	-6.613041465911e-12	3.633019299222e-11	-7.577378805461e-12
-2.246000000000e-06	-7.908521281291e-12	3.982629103750e-11	-7.446798086548e-12
-2.245000000000e-06	-7.524488596780e-12	3.837120626262e-11	-7.366141074485e-12
-2.244000000000e-06	-6.628536898404e-12	3.555013151527e-11	-7.282022435380e-12
-2.243000000000e-06	-4.216494178824e-12	3.747826947963e-11	-1.126512154719e-11
-2.242000000000e-06	-7.353371518514e-12	4.248374324431e-11	-9.492755394762e-12
-2.241000000000e-06	-7.454965943960e-12	4.084154080213e-11	-8.609508835704e-12
-2.240000000000e-06	-6.740553329969e-12	4.302863578179e-11	-1.058216407400e-11
-2.239000000000e-06	-7.491763331689e-12	4.187350582980e-11	-9.102141913101e-12
-2.238000000000e-06	-7.994286932749e-12	4.563150594461e-11	-1.016736817118e-11
-2.237000000000e-06	-6.302700700417e-12	4.293937933922e-11	-1.120067403353e-11
-2.236000000000e-06	-6.619817024931e-12	4.095069238909e-11	-9.932762784448e-12
-2.235000000000e-06	-8.888823337549e-12	4.450827472539e-11	-8.624337384018e-12
-2.234000000000e-06	-7.773837639138e-12	4.665251963393e-11	-1.104321160415e-11
-2.233000000000e-06	-6.062933981636e-12	4.676642149396e-11	-1.331748330977e-11
-2.232000000000e-06	-7.592629456101e-12	5.039155074166e-11	-1.297656797803e-11
-2.231000000000e-06	-8.308289263351e-12	4.765896797716e-11	-1.089408287526e-11
-2.230000000000e-06	-8.510263341167e-12	4.821097875305e-11	-1.092186195384e-11
-2.229000000000e-06	-8.315227429166e-12	4.934708807573e-11	-1.172637569001e-11
-2.228000000000e-06	-8.983237428219e-12	5.125744742540e-11	-1.176010293626e-11
-2.227000000000e-06	-9.736405042644e-12	5.379695376071e-11	-1.196524723886e-11
-2.226000000000e-06	-7.517549299325e-12	5.167846877568e-11	-1.390808232679e-11
-2.225000000000e-06	-1.101010409474e-11	5.765789013371e-11	-1.217974887064e-11
-2.224000000000e-06	-8.619869681624e-12	5.332520757287e-11	-1.333807110176e-11
-2.223000000000e-06	-8.649940730977e-12	5.340658617434e-11	-1.336084066477e-11
-2.222000000000e-06	-1.080614332721e-11	5.667115640096e-11	-1.215818347011e-11
-2.221000000000e-06	-8.303827373397e-12	5.489789051974e-11	-1.453015250743e-11
-2.220000000000e-06	-1.084387276612e-11	5.632693727833e-11	-1.196546789436e-11
-2.219000000000e-06	-9.068348448696e-12	5.479931962545e-11	-1.364870069267e-11
-2.218000000000e-06	-9.405833362645e-12	5.895979260450e-11	-1.517865049987e-11
-2.217000000000e-06	-1.161854323946e-11	5.793929757288e-11	-1.179864111852e-11
-2.216000000000e-06	-1.075158809879e-11	6.018428788241e-11	-1.403570572707e-11
-2.215000000000e-06	-1.021515243610e-11	5.864064973333e-11	-1.407463307156e-11
-2.214000000000e-06	-8.819169251602e-12	5.906646388327e-11	-1.618739826826e-11
-2.213000000000e-06	-9.854807584260e-12	5.913999160509e-11	-1.478286546510e-11
-2.212000000000e-06	-1.211047756334e-11	5.895997358859e-11	-1.192779229010e-11
-2.211000000000e-06	-8.582152924798e-12	5.689759571846e-11	-1.553031760492e-11
-2.210000000000e-06	-9.326180426002e-12	6.117960143201e-11	-1.664130486876e-11
-2.209000000000e-06	-1.202759630197e-11	6.458428205570e-11	-1.471772544631e-11
-2.208000000000e-06	-9.353227314908e-12	6.180324908383e-11	-1.693457734302e-11
-2.207000000000e-06	-9.515082726652e-12	6.029443513176e-11	-1.607069720778e-11
-2.206000000000e-06	-8.929018394517e-12	6.251418483698e-11	-1.790149831772e-11
-2.205000000000e-06	-1.133610556197e-11	6.333889629008e-11	-1.524027996528e-11
-2.204000000000e-06	-1.164072447775e-11	6.574148023270e-11	-1.602745082096e-11
-2.203000000000e-06	-1.176365945559e-11	6.428018517701e-11	-1.524176651973e-11
-2.202000000000e-06	-1.097823493343e-11	6.358862106945e-11	-1.598079865129e-11
-2.201000000000e-06	-1.131366609863e-11	5.914077622423e-11	-1.357009427051e-11
-2.200000000000e-06	-1.282532787134e-11	6.825246529899e-11	-1.586367782472e-11
-2.199000000000e-06	-9.343693258355e-12	6.125388990576e-11	-1.714500655638e-11
-2.198000000000e-06	-1.233586866884e-11	6.798187617854e-11	-1.644679307886e-11
-2.197000000000e-06	-9.014258731896e-12	6.040316205532e-11	-1.723273567359e-11
-2.196000000000e-06	-1.265629254288e-11	6.764903348025e-11	-1.608193156610e-11
-2.195000000000e-06	-1.052021272518e-11	6.728506735069e-11	-1.860859844871e-11
-2.194000000000e-06	-1.118178812733e-11	6.614093423664e-11	-1.729902774827e-11
-2.193000000000e-06	-1.073950680690e-11	6.637992276597e-11	-1.803142020963e-11
-2.192000000000e-06	-1.065158885614e-11	6.106726861778e-11	-1.569921630061e-11
-2.191000000000e-06	-1.538281863802e-11	6.838161958501e-11	-1.319436628475e-11
-2.190000000000e-06	-1.110339533456e-11	6.737429679172e-11	-1.827445646872e-11
-2.189000000000e-06	-1.219371189563e-11	6.701384331663e-11	-1.669384005607e-11
-2.188000000000e-06	-8.907902280420e-12	6.216681923804e-11	-1.873904377797e-11
-2.187000000000e-06	-9.159247494778e-12	6.205108307394e-11	-1.832641186596e-11
-2.186000000000e-06	-1.314705346720e-11	6.258926715945e-11	-1.361580740652e-11
-2.185000000000e-06	-8.502240472519e-12	6.022116765491e-11	-1.832110143765e-11
-2.184000000000e-06	-1.040878956931e-11	6.392108056404e-11	-1.779180295264e-11
-2.183000000000e-06	-1.098725277699e-11	6.570322907049e-11	-1.795038888654e-11
-2.182000000000e-06	-1.292957515336e-11	6.351146711850e-11	-1.455806708643e-11
-2.181000000000e-06	-1.097690060416e-11	6.384580571001e-11	-1.722383757218e-11
-2.180000000000e-06	-1.361848473681e-11	6.627871652529e-11	-1.502512270910e-11
-2.179000000000e-06	-1.085625535923e-11	6.818841166170e-11	-1.949532724332e-11
-2.178000000000e-06	-1.101229120227e-11	6.137013321885e-11	-1.617736818970e-11
-2.177000000000e-06	-1.037432452302e-11	6.664967733674e-11	-1.954872957920e-11
-2.176000000000e-06	-1.130277412055e-11	6.574540800999e-11	-1.783672350878e-11
-2.175000000000e-06	-1.066705500310e-11	6.597875706971e-11	-1.886105538869e-11
-2.174000000000e-06	-1.222935205638e-11	6.084515932719e-11	-1.462204233376e-11
-2.173000000000e-06	-8.617076280437e-12	5.792259559822e-11	-1.784714152244e-11
-2.172000000000e-06	-1.572611888026e-11	6.463057155511e-11	-1.210625217399e-11
-2.171000000000e-06	-1.032134235205e-11	6.738704567174e-11	-2.018344258436e-11
-2.170000000000e-06	-1.369020255643e-11	6.207795093104e-11	-1.350500862714e-11
-2.169000000000e-06	-1.013285238413e-11	6.132625031457e-11	-1.773028833127e-11
-2.168000000000e-06	-1.064312191775e-11	5.990256770889e-11	-1.640399750351e-11
-2.167000000000e-06	-1.104998286098e-11	6.044062445497e-11	-1.615921459171e-11
-2.166000000000e-06	-8.805931798863e-12	5.924055085459e-11	-1.844747813891e-11
-2.165000000000e-06	-9.809963868223e-12	6.062916767737e-11	-1.801171361711e-11
-2.164000000000e-06	-1.007997393343e-11	5.434383817783e-11	-1.469145195185e-11
-2.163000000000e-06	-1.472857230922e-11	6.222660983304e-11	-1.267628242810e-11
-2.162000000000e-06	-9.680009577797e-12	5.732684770888e-11	-1.672499449881e-11
-2.161000000000e-06	-1.021554935373e-11	5.681541307388e-11	-1.574986633892e-11
-2.160000000000e-06	-8.804180011545e-12	5.550403945150e-11	-1.711645972703e-11
-2.159000000000e-06	-9.229056784898e-12	5.773285917723e-11	-1.758787490731e-11
-2.158000000000e-06	-7.269776464101e-12	5.630990120753e-11	-1.937209648214e-11
-2.157000000000e-06	-9.315741592132e-12	5.380379815849e-11	-1.571793158960e-11
-2.156000000000e-06	-9.006099297863e-12	5.384291248232e-11	-1.620436254494e-11
-2.155000000000e-06	-1.028578802507e-11	5.778093112738e-11	-1.646976344200e-11
-2.154000000000e-06	-7.781145892670e-12	5.481489779313e-11	-1.821577853617e-11
-2.153000000000e-06	-9.323722522477e-12	5.335110467321e-11	-1.567685844352e-11
-2.152000000000e-06	-8.965982262286e-12	5.245706371072e-11	-1.576569120775e-11
-2.151000000000e-06	-1.018953105236e-11	4.724343673189e-11	-1.179983626788e-11
-2.150000000000e-06	-8.480357304156e-12	5.321995110119e-11	-1.683268607025e-11
-2.149000000000e-06	-1.288122789541e-11	5.129021454253e-11	-1.046415496002e-11
-2.148000000000e-06	-6.354792230018e-12	4.681359693996e-11	-1.635321913814e-11
-2.147000000000e-06	-7.093379287595e-12	4.783395518223e-11	-1.609897554882e-11
-2.146000000000e-06	-1.040673313982e-11	4.911750185160e-11	-1.265015140958e-11
-2.145000000000e-06	-9.284972966474e-12	5.241262793069e-11	-1.569387280252e-11
-2.144000000000e-06	-1.098815864412e-11	4.497148529265e-11	-9.913981213589e-12
-2.143000000000e-06	-1.025594442118e-11	5.015057232683e-11	-1.349274085798e-11
-2.142000000000e-06	-8.031368909652e-12	4.310870828508e-11	-1.279069395553e-11
-2.141000000000e-06	-1.071491804992e-11	4.934240645991e-11	-1.261026299694e-11
-2.140000000000e-06	-7.443303988281e-12	4.409682703228e-11	-1.415449819739e-11
-2.139000000000e-06	-7.722975027997e-12	4.435656246825e-11	-1.386407364579e-11
-2.138000000000e-06	-9.989869285880e-12	4.525145625618e-11	-1.165004310179e-11
-2.137000000000e-06	-1.083378655286e-11	4.150694267249e-11	-8.820121947673e-12
-2.136000000000e-06	-3.453802003093e-12	4.132401505004e-11	-1.780841911746e-11
-2.135000000000e-06	-6.474478855427e-12	3.560785090817e-11	-1.138594669794e-11
-2.134000000000e-06	-1.077061786932e-11	4.153850025262e-11	-8.938970070881e-12
-2.133000000000e-06	-9.790261801243e-12	3.947932814086e-11	-9.267178010557e-12
-2.132000000000e-06	-6.421625053632e-12	3.934245322814e-11	-1.335587228863e-11
-2.131000000000e-06	-8.164694593250e-12	4.294209480745e-11	-1.303888306625e-11
-2.130000000000e-06	-6.415932468149e-12	3.437390280085e-11	-1.107984328904e-11
-2.129000000000e-06	-2.454461160375e-12	2.990570894872e-11	-1.363017978398e-11
-2.128000000000e-06	-1.274787209977e-11	4.174338771032e-11	-6.910255109830e-12
-2.127000000000e-06	-5.504290668422e-12	3.417898932902e-11	-1.211508271037e-11
-2.126000000000e-06	-7.936721023386e-12	3.341191624781e-11	-8.800747507583e-12
-2.125000000000e-06	-3.717820138285e-12	2.918439176328e-11	-1.189788188454e-11
-2.124000000000e-06	-6.970769692563e-12	3.556934219228e-11	-1.105024384951e-11
-2.123000000000e-06	-6.734478811271e-12	3.259981868707e-11	-9.963442521416e-12
-2.122000000000e-06	-7.003820489937e-12	3.241481542988e-11	-9.496951138725e-12
-2.121000000000e-06	-6.770455065807e-12	3.244493735528e-11	-9.846716241825e-12
-2.120000000000e-06	-4.863110183893e-12	2.881611470501e-11	-1.047327880543e-11
-2.119000000000e-06	-4.549980983574e-12	2.604310767039e-11	-9.555682291587e-12
-2.118000000000e-06	-5.798290505166e-12	2.429757789629e-11	-7.184452546972e-12
-2.117000000000e-06	-7.666835774672e-12	3.118861557083e-11	-8.319669872533e-12
-2.116000000000e-06	-3.251601479629e-12	2.125559740321e-11	-8.888134937780e-12
-2.115000000000e-06	1.277295422147e-13	2.084912858855e-11	-1.271216211131e-11
-2.114000000000e-06	-5.545166524591e-12	2.076970098285e-11	-5.843335663058e-12
-2.113000000000e-06	-4.707917521498e-12	2.577515577474e-11	-9.312028794896e-12
-2.112000000000e-06	-4.460808158232e-12	2.250251101653e-11	-8.068189386937e-12
-2.111000000000e-06	-9.374251803339e-13	2.369230358530e-11	-1.301867319167e-11
-2.110000000000e-06	-7.766359671797e-12	2.746462093205e-11	-6.554221843949e-12
-2.109000000000e-06	-5.492213881479e-12	1.545033024529e-11	-3.400075181119e-12
-2.108000000000e-06	-4.400225749861e-12	1.279548217803e-11	-3.448027157035e-12
-2.107000000000e-06	-2.730029732083e-12	2.006056869529e-11	-9.124508133994e-12
-2.106000000000e-06	-5.901939302055e-12	2.106017854289e-11	-5.771571994706e-12
-2.105000000000e-06	-4.448693491046e-12	2.121591789033e-11	-7.742893755121e-12
-2.104000000000e-06	-6.029309493578e-12	1.478528127967e-11	-2.442049133094e-12
-2.103000000000e-06	-3.938389274209e-12	1.490090202624e-11	-5.122115819952e-12
-2.102000000000e-06	-3.882526533064e-12	2.158667390653e-11	-8.556089292924e-12
-2.101000000000e-06	-1.550305552373e-12	1.313105997512e-11	-7.082311935966e-12
-2.100000000000e-06	-5.246101936534e-12	1.734279308954e-11	-4.847669341625e-12
-2.099000000000e-06	-4.379715004087e-12	1.355096701287e-11	-3.909796798976e-12
-2.098000000000e-06	-5.920323330975e-12	1.257430235886e-11	-1.608873571150e-12
-2.097000000000e-06	-5.408694943475e-12	1.110957363145e-11	-1.449549750183e-12
-2.096000000000e-06	-1.990600846703e-12	1.079582202949e-11	-5.714058171541e-12
-2.095000000000e-06	-3.698365584539e-12	1.109154624287e-11	-3.766204495436e-12
-2.094000000000e-06	-1.538179859901e-12	5.968348528561e-12	-3.744169559486e-12
-2.093000000000e-06	-2.277366540464e-12	8.836035510964e-12	-4.164862528897e-12
-2.092000000000e-06	-4.842459430306e-12	1.051176152742e-11	-1.966519398306e-12
-2.091000000000e-06	1.164780855527e-12	4.348007485426e-12	-6.124817891934e-12
-2.090000000000e-06	-5.701609224531e-12	1.215270617387e-11	-1.901127352270e-12
-2.089000000000e-06	-9.652305661958e-13	6.539385430847e-12	-4.747729831172e-12
-2.088000000000e-06	-8.691909978961e-13	6.950288038697e-12	-5.060929923880e-12
-2.087000000000e-06	-4.900734531486e-12	3.666984948841e-12	1.467208626211e-12
-2.086000000000e-06	-1.705252009417e-12	5.447363640823e-12	-3.386223711489e-12
-2.085000000000e-06	-1.066663998880e-12	5.224923719638e-12	-4.034842158236e-12
-2.084000000000e-06	-1.473548156636e-12	1.853388559842e-12	-1.827879849703e-12
-2.083000000000e-06	-2.212191878371e-12	-2.077965978566e-12	9.941920353257e-13
-2.082000000000e-06	1.837637561648e-12	5.083778780087e-12	-7.500544853657e-12
-2.081000000000e-06	-2.565113276752e-12	5.066369885371e-12	-2.089331461214e-12
-2.080000000000e-06	-4.269357383132e-12	4.438947646384e-12	1.360713852858e-13
-2.079000000000e-06	-3.187564602661e-12	6.443946846909e-12	-2.138538913876e-12
-2.078000000000e-06	5.994893749363e-13	-2.863973484335e-12	-1.922800687343e-12
-2.077000000000e-06	-1.956634971653e-12	3.896574192304e-13	-5.530327965453e-13
-2.076000000000e-06	-5.206098755080e-12	2.806114413507e-12	2.071652810956e-12
-2.075000000000e-06	2.419314173823e-12	-4.426560694607e-12	-3.434601965093e-12
-2.074000000000e-06	-4.577436560748e-13	-2.503808704858e-12	-7.368905377946e-13
-2.073000000000e-06	-6.063358306055e-12	-2.987050487365e-12	6.136507390530e-12
-2.072000000000e-06	2.086478616039e-12	-2.987959741949e-12	-3.764314787368e-12
-2.071000000000e-06	2.065403367836e-12	-3.644101675550e-12	-3.363041492666e-12
-2.070000000000e-06	-2.722012483782e-12	6.238405077441e-12	-2.727178808295e-12
-2.069000000000e-06	2.681892997040e-12	-4.750293005702e-12	-3.529980613510e-12
-2.068000000000e-06	-8.501453591744e-13	-3.853498764215e-12	2.177420791967e-13
-2.067000000000e-06	-9.985531892636e-13	-8.254486220288e-12	2.789783747059e-12
-2.066000000000e-06	4.845455009379e-14	-8.200900095708e-12	1.483637884966e-12
-2.065000000000e-06	2.202797252403e-13	-6.484711614072e-12	2.798275182202e-13
-2.064000000000e-06	2.102861683612e-12	-1.013489739686e-11	-5.232288164571e-14
-2.063000000000e-06	3.238400459317e-12	-1.129438458535e-11	-7.356497928434e-13
-2.062000000000e-06	-4.579498116740e-13	-4.794532145519e-12	3.029368569506e-13
-2.061000000000e-06	-1.845558415067e-12	-6.067659678393e-12	2.608723643606e-12
-2.060000000000e-06	-4.279469422761e-12	-1.130584596651e-11	8.161810878933e-12
-2.059000000000e-06	3.771742621590e-12	-1.165722992754e-11	-1.309387539320e-12
-2.058000000000e-06	3.620663656635e-13	-1.102474048344e-11	2.544699357190e-12
-2.057000000000e-06	-2.528227533520e-12	-6.513268142568e-12	3.704809882293e-12
-2.056000000000e-06	4.235643975156e-12	-1.314479337696e-11	-1.264329769654e-12
-2.055000000000e-06	-2.220375216952e-14	-7.726978602112e-12	1.143451127480e-12
-2.054000000000e-06	5.050072239158e-12	-1.357358640039e-11	-1.770900774537e-12
-2.053000000000e-06	-4.188492487166e-13	-7.036778098909e-12	1.295237869317e-12
-2.052000000000e-06	8.072855174309e-13	-9.304716291060e-12	1.155947321607e-12
-2.051000000000e-06	-1.007147061176e-12	-1.287715097927e-11	5.100189567139e-12
-2.050000000000e-06	-1.729281478225e-13	-9.831289522637e-12	2.569283166905e-12
-2.049000000000e-06	1.991722568944e-12	-1.148908215381e-11	7.899777554709e-13
-2.048000000000e-06	2.750674281070e-12	-1.433037157193e-11	1.447804735590e-12
-2.047000000000e-06	4.189107990079e-12	-1.622807936177e-11	6.485710057363e-13
-2.046000000000e-06	3.707539969590e-12	-1.365210777492e-11	-2.390438897512e-13
-2.045000000000e-06	1.592829879757e-12	-1.763170737347e-11	4.844686249650e-12
-2.044000000000e-06	-2.402028167288e-12	-1.143237289514e-11	6.032869519895e-12
-2.043000000000e-06	2.259793373829e-12	-1.637042244556e-11	3.114333784058e-12
-2.042000000000e-06	2.990707933698e-12	-1.508997934127e-11	1.456202659520e-12
-2.041000000000e-06	5.934949408111e-13	-1.591466626835e-11	4.791086320666e-12
-2.040000000000e-06	2.528665114456e-12	-1.730826537413e-11	3.251969788417e-12
-2.039000000000e-06	6.501599105472e-12	-1.997335417229e-11	1.034391273122e-13
-2.038000000000e-06	-5.536542526953e-13	-1.589580284002e-11	6.326994784956e-12
-2.037000000000e-06	-1.797127444931e-12	-1.624513253550e-11	7.798122294442e-12
-2.036000000000e-06	5.170950300656e-12	-1.608945738664e-11	-3.763880636013e-13
-2.035000000000e-06	5.991253241600e-12	-1.717765901447e-11	-9.459327049928e-13
-2.034000000000e-06	5.213310368857e-13	-1.394086101638e-11	3.983398203434e-12
-2.033000000000e-06	-2.665272991533e-12	-1.787702986356e-11	9.738907556574e-12
-2.032000000000e-06	5.276988716586e-12	-2.141749521643e-11	2.233234933653e-12
-2.031000000000e-06	-2.727662788280e-12	-1.184279611368e-11	6.603575900878e-12
-2.030000000000e-06	-5.847749532075e-13	-1.684910230782e-11	6.868000298570e-12
-2.029000000000e-06	2.568273787666e-12	-2.176403150201e-11	5.825798834469e-12
-2.028000000000e-06	3.624108446642e-12	-1.881508071292e-11	2.963179598879e-12
-2.027000000000e-06	1.941533850327e-12	-1.867995739846e-11	4.865905244456e-12
-2.026000000000e-06	-2.138708159181e-12	-2.115425056515e-11	1.100453765892e-11
-2.025000000000e-06	5.597786516253e-13	-1.744442340022e-11	5.842064940916e-12
-2.024000000000e-06	9.012246452422e-13	-2.048987276332e-11	7.040307557860e-12
-2.023000000000e-06	1.376554667103e-12	-1.796342424689e-11	5.052715552371e-12
-2.022000000000e-06	3.803058347006e-12	-1.821814946491e-11	2.491235933862e-12
-2.021000000000e-06	4.893699774014e-12	-2.001980163812e-11	2.125258060083e-12
-2.020000000000e-06	5.928699033235e-12	-2.115568395392e-11	1.467245911966e-12
-2.019000000000e-06	2.004685091625e-12	-1.849989531937e-11	4.692847726691e-12
-2.018000000000e-06	-6.195684817362e-14	-2.554096135200e-11	1.088957715681e-11
-2.017000000000e-06	4.669860733435e-12	-2.559029833470e-11	5.549896186879e-12
-2.016000000000e-06	4.657217338985e-12	-2.059565265284e-11	2.974952364625e-12
-2.015000000000e-06	2.955802912397e-12	-2.229199713270e-11	5.720765783539e-12
-2.014000000000e-06	2.221249953217e-12	-2.153226238248e-11	6.014041280452e-12
-2.013000000000e-06	5.321503420027e-12	-1.720107119245e-11	2.074029345172e-14
-2.012000000000e-06	3.754952573223e-12	-2.057058383966e-11	3.846719784729e-12
-2.011000000000e-06	4.420425784127e-12	-2.242579898330e-11	4.099507283102e-12
-2.010000000000e-06	2.524732982716e-12	-2.168866818323e-11	6.069057612955e-12
-2.009000000000e-06	2.815898308934e-12	-1.845789408525e-11	3.703566466928e-12
-2.008000000000e-06	3.686973676604e-12	-2.345143541921e-11	5.536153194684e-12
-2.007000000000e-06	9.659875388350e-13	-1.886685410903e-11	6.481332455334e-12
-2.006000000000e-06	4.504227690423e-12	-2.773632979103e-11	7.036077405410e-12
-2.005000000000e-06	1.066464997383e-12	-2.251247322576e-11	8.204958143121e-12
-2.004000000000e-06	3.534522644330e-12	-2.030196634320e-11	4.038894867832e-12
-2.003000000000e-06	3.742210692779e-12	-2.039493250906e-11	4.020601931635e-12
-2.002000000000e-06	4.234488951219e-12	-2.501983579373e-11	5.888611742283e-12
-2.001000000000e-06	3.079942775488e-12	-2.239239441429e-11	5.699490534087e-12
-2.000000000000e-06	6.086751499903e-12	-2.464799813338e-11	3.695562696461e-12
-1.999000000000e-06	2.999730931911e-12	-2.302849353949e-11	6.380372271585e-12
-1.998000000000e-06	2.880019254177e-12	-2.199918481964e-11	5.806130184499e-12
-1.997000000000e-06	4.358210463336e-12	-2.607556759076e-11	6.237199798402e-12
-1.996000000000e-06	7.149247303702e-12	-2.682968267384e-11	3.524958735315e-12
-1.995000000000e-06	1.350412324844e-12	-1.835514335772e-11	5.598646168220e-12
-1.994000000000e-06	8.884284649819e-13	-2.436999678944e-11	9.586738408269e-12
-1.993000000000e-06	7.443347601318e-12	-2.310323579237e-11	1.297918889538e-12
-1.992000000000e-06	6.678223722716e-12	-2.102104241032e-11	9.966800093056e-13
-1.991000000000e-06	6.480707074986e-12	-2.515827934027e-11	3.579696046149e-12
-1.990000000000e-06	4.697161524088e-12	-2.694434150846e-11	6.556171977236e-12
-1.989000000000e-06	2.307158208268e-12	-2.093202633659e-11	6.129983537713e-12
-1.988000000000e-06	3.842197646251e-12	-2.534092961878e-11	6.648888776137e-12
-1.987000000000e-06	1.026391953009e-12	-2.114666285965e-11	7.688736683895e-12
-1.986000000000e-06	4.918975558840e-12	-2.509646693069e-11	5.372638813419e-12
-1.985000000000e-06	4.953380178170e-12	-2.510000338711e-11	5.362882044391e-12
-1.984000000000e-06	5.937818069373e-12	-2.027939113767e-11	1.537069624495e-12
-1.983000000000e-06	1.299575373194e-12	-2.130263620987e-11	7.434236934689e-12
-1.982000000000e-06	4.463880619568e-12	-2.878767997021e-11	8.025317842918e-12
-1.981000000000e-06	2.420196949804e-12	-2.706017063313e-11	9.526462305908e-12
-1.980000000000e-06	3.413285084801e-12	-2.355277318337e-11	6.413555572825e-12
-1.979000000000e-06	5.924357514570e-12	-2.139481903333e-11	2.265836060269e-12
-1.978000000000e-06	3.909810006360e-12	-2.500433278952e-11	6.738146552315e-12
-1.977000000000e-06	2.666635439696e-12	-2.600153927312e-11	8.706219137741e-12
-1.976000000000e-06	3.788794551515e-12	-2.493953931220e-11	6.944967435532e-12
-1.975000000000e-06	2.689556215970e-12	-2.167186519881e-11	6.254969162747e-12
-1.974000000000e-06	4.826252701733e-12	-2.430838140023e-11	5.270286456029e-12
-1.973000000000e-06	5.408042968858e-12	-2.269833324987e-11	3.777921687746e-12
-1.972000000000e-06	5.686115479038e-12	-2.799736753252e-11	6.219876111000e-12
