-4.830000000000e-07	0.000000000000e+00	0.000000000000e+00	0.000000000000e+00
-4.820000000000e-07	0.000000000000e+00	0.000000000000e+00	0.000000000000e+00
-4.810000000000e-07	0.000000000000e+00	0.000000000000e+00	0.000000000000e+00
-4.800000000000e-07	0.000000000000e+00	0.000000000000e+00	0.000000000000e+00
-4.790000000000e-07	0.000000000000e+00	0.000000000000e+00	0.000000000000e+00
-4.780000000000e-07	0.000000000000e+00	0.000000000000e+00	0.000000000000e+00
-4.770000000000e-07	0.000000000000e+00	0.000000000000e+00	0.000000000000e+00
-4.760000000000e-07	0.000000000000e+00	0.000000000000e+00	0.000000000000e+00
-4.750000000000e-07	0.000000000000e+00	0.000000000000e+00	0.000000000000e+00
-4.740000000000e-07	0.000000000000e+00	0.000000000000e+00	0.000000000000e+00
-4.730000000000e-07	0.000000000000e+00	0.000000000000e+00	0.000000000000e+00
-4.720000000000e-07	0.000000000000e+00	0.000000000000e+00	0.000000000000e+00
-4.710000000000e-07	0.000000000000e+00	0.000000000000e+00	0.000000000000e+00
-4.700000000000e-07	0.000000000000e+00	0.000000000000e+00	0.000000000000e+00
-4.690000000000e-07	0.000000000000e+00	0.000000000000e+00	0.000000000000e+00
-4.680000000000e-07	0.000000000000e+00	0.000000000000e+00	0.000000000000e+00
-4.670000000000e-07	0.000000000000e+00	0.000000000000e+00	0.000000000000e+00
-4.660000000000e-07	0.000000000000e+00	0.000000000000e+00	0.000000000000e+00
-4.650000000000e-07	0.000000000000e+00	0.000000000000e+00	0.000000000000e+00
-4.640000000000e-07	0.000000000000e+00	0.000000000000e+00	0.000000000000e+00
-4.630000000000e-07	0.000000000000e+00	0.000000000000e+00	0.000000000000e+00
-4.620000000000e-07	0.000000000000e+00	0.000000000000e+00	0.000000000000e+00
-4.610000000000e-07	0.000000000000e+00	0.000000000000e+00	0.000000000000e+00
-4.600000000000e-07	0.000000000000e+00	0.000000000000e+00	0.000000000000e+00
-4.590000000000e-07	0.000000000000e+00	0.000000000000e+00	0.000000000000e+00
-4.580000000000e-07	0.000000000000e+00	0.000000000000e+00	0.000000000000e+00
-4.570000000000e-07	0.000000000000e+00	0.000000000000e+00	0.000000000000e+00
-4.560000000000e-07	0.000000000000e+00	0.000000000000e+00	0.000000000000e+00
-4.550000000000e-07	0.000000000000e+00	0.000000000000e+00	0.000000000000e+00
-4.540000000000e-07	0.000000000000e+00	0.000000000000e+00	0.000000000000e+00
-4.530000000000e-07	0.000000000000e+00	0.000000000000e+00	0.000000000000e+00
-4.520000000000e-07	0.000000000000e+00	0.000000000000e+00	0.000000000000e+00
-4.510000000000e-07	0.000000000000e+00	0.000000000000e+00	0.000000000000e+00
-4.500000000000e-07	0.000000000000e+00	0.000000000000e+00	0.000000000000e+00
-4.490000000000e-07	0.000000000000e+00	0.000000000000e+00	0.000000000000e+00
-4.480000000000e-07	0.000000000000e+00	0.000000000000e+00	0.000000000000e+00
-4.470000000000e-07	0.000000000000e+00	0.000000000000e+00	0.000000000000e+00
-4.460000000000e-07	0.000000000000e+00	0.000000000000e+00	0.000000000000e+00
-4.450000000000e-07	0.000000000000e+00	0.000000000000e+00	0.000000000000e+00
-4.440000000000e-07	0.000000000000e+00	0.000000000000e+00	0.000000000000e+00
-4.430000000000e-07	0.000000000000e+00	0.000000000000e+00	0.000000000000e+00
-4.420000000000e-07	0.000000000000e+00	0.000000000000e+00	0.000000000000e+00
-4.410000000000e-07	0.000000000000e+00	0.000000000000e+00	0.000000000000e+00
-4.400000000000e-07	0.000000000000e+00	0.000000000000e+00	0.000000000000e+00
-4.390000000000e-07	0.000000000000e+00	0.000000000000e+00	0.000000000000e+00
-4.380000000000e-07	0.000000000000e+00	0.000000000000e+00	0.000000000000e+00
-4.370000000000e-07	0.000000000000e+00	0.000000000000e+00	0.000000000000e+00
-4.360000000000e-07	0.000000000000e+00	0.000000000000e+00	0.000000000000e+00
-4.350000000000e-07	0.000000000000e+00	0.000000000000e+00	0.000000000000e+00
-4.340000000000e-07	0.000000000000e+00	0.000000000000e+00	0.000000000000e+00
-4.330000000000e-07	0.000000000000e+00	0.000000000000e+00	0.000000000000e+00
-4.320000000000e-07	0.000000000000e+00	0.000000000000e+00	0.000000000000e+00
-4.310000000000e-07	0.000000000000e+00	0.000000000000e+00	0.000000000000e+00
-4.300000000000e-07	0.000000000000e+00	0.000000000000e+00	0.000000000000e+00
-4.290000000000e-07	0.000000000000e+00	0.000000000000e+00	0.000000000000e+00
-4.280000000000e-07	0.000000000000e+00	0.000000000000e+00	0.000000000000e+00
-4.270000000000e-07	0.000000000000e+00	0.000000000000e+00	0.000000000000e+00
-4.260000000000e-07	0.000000000000e+00	0.000000000000e+00	0.000000000000e+00
-4.250000000000e-07	0.000000000000e+00	0.000000000000e+00	0.000000000000e+00
-4.240000000000e-07	0.000000000000e+00	0.000000000000e+00	0.000000000000e+00
-4.230000000000e-07	0.000000000000e+00	0.000000000000e+00	0.000000000000e+00
-4.220000000000e-07	0.000000000000e+00	0.000000000000e+00	0.000000000000e+00
-4.210000000000e-07	-3.018643634113e-17	1.905098419373e-16	-1.703086563377e-17
-4.200000000000e-07	-5.578842017064e-17	4.891662197589e-16	-7.330034579535e-17
-4.190000000000e-07	1.054520887549e-17	1.345451945287e-16	-5.604229383107e-17
-4.180000000000e-07	-1.647164245830e-17	9.040062190788e-17	-3.505853707102e-18
-4.170000000000e-07	-9.418587519535e-16	3.835160319213e-15	1.415004409516e-16
-4.160000000000e-07	2.509225476120e-16	1.194350834076e-15	-7.071293804411e-16
-4.150000000000e-07	-3.299298075347e-15	1.000915964107e-14	1.583001472700e-15
-4.140000000000e-07	-4.503605530754e-15	3.159305737614e-14	-3.273279327256e-15
-4.130000000000e-07	1.557888853538e-14	4.224418569701e-14	-3.439803414175e-14
-4.120000000000e-07	-8.430159298732e-15	1.704468321306e-14	6.622388325207e-15
-4.110000000000e-07	-3.092724725377e-14	1.281335992301e-13	4.942599306549e-15
-4.100000000000e-07	3.993613710112e-15	8.250514757349e-14	-3.038489746347e-14
-4.090000000000e-07	-2.881834199505e-14	2.352344387160e-13	-2.926208011072e-14
-4.080000000000e-07	-8.226909021136e-14	2.721184231805e-13	3.378629445382e-14
-4.070000000000e-07	5.557301268715e-15	1.386235214837e-13	-4.838764284843e-14
-4.060000000000e-07	-1.463935808933e-14	3.638354878411e-13	-8.656709264284e-14
-4.050000000000e-07	-8.981936372096e-14	5.985845092155e-13	-5.025997858543e-14
-4.040000000000e-07	-7.066335024359e-14	5.089272075431e-13	-4.878166308876e-14
-4.030000000000e-07	-1.084236211328e-13	6.427520053946e-13	-3.549631651937e-14
-4.020000000000e-07	-1.807883493298e-13	1.350359779556e-12	-1.400980695023e-13
-4.010000000000e-07	-1.579800510604e-13	1.229855508966e-12	-1.322769959846e-13
-4.000000000000e-07	-7.722388595430e-14	1.862670602991e-12	-4.240603973092e-13
-3.990000000000e-07	-3.184159305212e-13	1.959467215073e-12	-1.171951736945e-13
-3.980000000000e-07	-1.587208207734e-13	1.980526304797e-12	-3.391471934934e-13
-3.970000000000e-07	-2.732685667476e-13	3.312445046188e-12	-5.607099421997e-13
-3.960000000000e-07	-3.385380233121e-13	3.842871857850e-12	-6.083974302300e-13
-3.950000000000e-07	-5.789413658256e-13	4.263492762938e-12	-3.946677990341e-13
-3.940000000000e-07	-3.003625804871e-13	6.535656106384e-12	-1.410677486362e-12
-3.930000000000e-07	-8.745650439020e-13	7.215844947950e-12	-7.956322668648e-13
-3.920000000000e-07	-1.161330718073e-12	7.276182594733e-12	-4.038042597660e-13
-3.910000000000e-07	-4.527758255191e-13	1.004342632034e-11	-2.147968360160e-12
-3.900000000000e-07	-7.660566451427e-13	1.023221739808e-11	-1.753225302815e-12
-3.890000000000e-07	-1.299853383675e-12	1.251723810437e-11	-1.628179152318e-12
-3.880000000000e-07	-1.857971750524e-12	1.624059660317e-11	-1.850903342573e-12
-3.870000000000e-07	-1.981722030398e-12	1.906369020546e-11	-2.432447101003e-12
-3.860000000000e-07	-1.569867892501e-12	2.066298750430e-11	-3.413995138358e-12
-3.850000000000e-07	-2.236651452404e-12	2.456828085826e-11	-3.526773733436e-12
-3.840000000000e-07	-1.941053592463e-12	2.685361076661e-11	-4.529349731030e-12
-3.830000000000e-07	-2.015493953337e-12	3.095592480753e-11	-5.492148942806e-12
-3.820000000000e-07	-3.077791283438e-12	3.368399026276e-11	-4.703194556461e-12
-3.810000000000e-07	-2.740438309781e-12	3.862007234449e-11	-6.453283629544e-12
-3.800000000000e-07	-1.822628698929e-12	4.299083435425e-11	-8.836394279501e-12
-3.790000000000e-07	-3.826629996531e-12	4.972959028274e-11	-7.780336469082e-12
-3.780000000000e-07	-2.465631706041e-12	5.221588930767e-11	-1.028585080973e-11
-3.770000000000e-07	-4.578049657760e-12	5.951388203209e-11	-9.170231214927e-12
-3.760000000000e-07	-3.421779160983e-12	6.613227198301e-11	-1.245547507096e-11
-3.750000000000e-07	-4.544717900840e-12	7.437580312837e-11	-1.295310547768e-11
-3.740000000000e-07	-6.020049388758e-12	7.406256517164e-11	-1.073475195554e-11
-3.730000000000e-07	-3.754314831288e-12	7.917061653190e-11	-1.512638143417e-11
-3.720000000000e-07	-3.219745268740e-12	8.576279850835e-11	-1.748654624278e-11
-3.710000000000e-07	-6.056335930156e-12	9.704425874850e-11	-1.631900431488e-11
-3.700000000000e-07	-5.770993252360e-12	9.527908632087e-11	-1.613917314825e-11
-3.690000000000e-07	-3.606510753504e-12	1.114311754515e-10	-2.312099261060e-11
-3.680000000000e-07	-4.848866635419e-12	1.114622442051e-10	-2.124522800204e-11
-3.670000000000e-07	-2.009087884803e-12	1.125301514474e-10	-2.532047293751e-11
-3.660000000000e-07	-2.850607532650e-12	1.201019702296e-10	-2.593898285184e-11
-3.650000000000e-07	-5.980942709406e-12	1.296391576406e-10	-2.379579950973e-11
-3.640000000000e-07	-2.285427364156e-12	1.388124617265e-10	-3.096646906161e-11
-3.630000000000e-07	-5.015238874218e-12	1.370898029466e-10	-2.655561925872e-11
-3.620000000000e-07	-1.163084371144e-12	1.383217739234e-10	-3.215801428906e-11
-3.610000000000e-07	-5.355462198660e-12	1.514094235948e-10	-2.922436485849e-11
-3.600000000000e-07	1.179374349298e-12	1.552285325408e-10	-3.907885211742e-11
-3.590000000000e-07	-6.698580120622e-13	1.576762591196e-10	-3.688611891444e-11
-3.580000000000e-07	-3.025901403210e-13	1.617175262036e-10	-3.817123683457e-11
-3.570000000000e-07	7.102659710475e-13	1.696366742707e-10	-4.125343476051e-11
-3.560000000000e-07	3.205461263480e-14	1.781812200743e-10	-4.209751192879e-11
-3.550000000000e-07	-2.241403553805e-12	1.781822230922e-10	-3.869012790874e-11
-3.540000000000e-07	1.379253936903e-12	1.768109024551e-10	-4.315230201578e-11
-3.530000000000e-07	-1.410108499814e-12	1.814342364304e-10	-4.017512678423e-11
-3.520000000000e-07	7.762121949277e-12	1.816839602955e-10	-5.262703437308e-11
-3.510000000000e-07	3.899720646042e-12	1.854577062485e-10	-4.793440769411e-11
-3.500000000000e-07	6.092126932513e-12	1.897850022905e-10	-5.170160098765e-11
-3.490000000000e-07	1.905910613144e-12	1.946379047333e-10	-4.679585577622e-11
-3.480000000000e-07	6.382673826399e-12	1.868713225308e-10	-5.088889562002e-11
-3.470000000000e-07	8.096478623101e-12	1.911616954339e-10	-5.403342376313e-11
-3.460000000000e-07	2.864233469843e-12	1.893211662230e-10	-4.600235591493e-11
-3.450000000000e-07	8.220414961422e-12	1.832340753291e-10	-5.178882947668e-11
-3.440000000000e-07	7.012156682296e-12	1.928388927280e-10	-5.211024800220e-11
-3.430000000000e-07	1.326163840250e-11	1.804026888828e-10	-5.766149703742e-11
-3.420000000000e-07	1.426056447846e-11	1.736717110905e-10	-5.735345768980e-11
-3.410000000000e-07	1.141511880980e-11	1.927219068603e-10	-5.720860552778e-11
-3.400000000000e-07	1.730082201949e-11	1.804497481841e-10	-6.250357639414e-11
-3.390000000000e-07	1.118193640758e-11	1.800921547258e-10	-5.356595397029e-11
-3.380000000000e-07	1.267074863782e-11	1.782533737203e-10	-5.499964865087e-11
-3.370000000000e-07	1.515835759692e-11	1.710468926959e-10	-5.652487590746e-11
-3.360000000000e-07	2.069009712523e-11	1.694157508773e-10	-6.367499051793e-11
-3.350000000000e-07	1.655888598791e-11	1.787407852717e-10	-5.964942349944e-11
-3.340000000000e-07	2.376749214423e-11	1.525788201214e-10	-6.366501458875e-11
-3.330000000000e-07	1.980777569988e-11	1.652108197081e-10	-6.084128469964e-11
-3.320000000000e-07	1.724452477067e-11	1.516535572730e-10	-5.396732837359e-11
-3.310000000000e-07	2.128240971338e-11	1.559923731910e-10	-6.032599600157e-11
-3.300000000000e-07	2.516921576554e-11	1.553788917338e-10	-6.543878292115e-11
-3.290000000000e-07	2.453576831345e-11	1.434968359993e-10	-6.164910064992e-11
-3.280000000000e-07	2.670212677178e-11	1.411287800348e-10	-6.400035323463e-11
-3.270000000000e-07	2.417788399279e-11	1.438762776935e-10	-6.077173115083e-11
-3.260000000000e-07	2.287583223727e-11	1.342953868242e-10	-5.669175923428e-11
-3.250000000000e-07	2.409199245472e-11	1.331896018997e-10	-5.803630655683e-11
-3.240000000000e-07	3.166726949641e-11	1.257479650978e-10	-6.664905637458e-11
-3.230000000000e-07	2.907664003175e-11	1.181433775995e-10	-6.147766086939e-11
-3.220000000000e-07	2.965646773307e-11	1.122337433722e-10	-6.070355790879e-11
-3.210000000000e-07	3.082682074132e-11	1.180527955837e-10	-6.329042419187e-11
-3.200000000000e-07	2.982045217565e-11	1.014761967810e-10	-5.820612970300e-11
-3.190000000000e-07	2.479952570227e-11	1.128851852376e-10	-5.342630884300e-11
-3.180000000000e-07	3.424537556281e-11	9.614389745895e-11	-6.301766731172e-11
-3.170000000000e-07	2.532563292209e-11	1.046789450529e-10	-5.217576973475e-11
-3.160000000000e-07	2.902233872243e-11	8.824476858156e-11	-5.373799697670e-11
-3.150000000000e-07	3.199364548397e-11	8.591336212935e-11	-5.729664066429e-11
-3.140000000000e-07	2.547640834811e-11	8.638427420004e-11	-4.807891748153e-11
-3.130000000000e-07	3.350067032205e-11	7.864129630015e-11	-5.749280146585e-11
-3.120000000000e-07	3.238592146689e-11	5.976243653458e-11	-5.223129033931e-11
-3.110000000000e-07	3.440079239907e-11	7.325517945284e-11	-5.752854310036e-11
-3.100000000000e-07	2.943938300021e-11	6.291638952675e-11	-4.839081666085e-11
-3.090000000000e-07	2.172825604803e-11	6.343116663862e-11	-3.745216684449e-11
-3.080000000000e-07	3.015965238684e-11	4.903522399826e-11	-4.651658664991e-11
-3.070000000000e-07	3.259378790557e-11	4.340795763342e-11	-4.846230337769e-11
-3.060000000000e-07	2.983984626938e-11	3.776507935899e-11	-4.345620668924e-11
-3.050000000000e-07	3.328773700667e-11	3.925789069404e-11	-4.862083997603e-11
-3.040000000000e-07	2.930447950271e-11	4.539792134135e-11	-4.398489140841e-11
-3.030000000000e-07	2.384136320141e-11	2.314394492766e-11	-3.202018229949e-11
-3.020000000000e-07	3.017843662403e-11	2.885292415091e-11	-4.186207560551e-11
-3.010000000000e-07	3.247820306523e-11	1.603684397185e-11	-4.233141403243e-11
-3.000000000000e-07	2.488925673806e-11	2.330093452493e-11	-3.335844274970e-11
-2.990000000000e-07	2.345893807485e-11	1.633851383031e-11	-2.973248413610e-11
-2.980000000000e-07	3.779002929769e-11	5.956238992705e-12	-4.774509436940e-11
-2.970000000000e-07	2.138897099972e-11	1.260289555069e-11	-2.610802395466e-11
-2.960000000000e-07	2.503160140836e-11	1.070124215474e-11	-3.073671456579e-11
-2.950000000000e-07	2.547181738923e-11	1.548339138440e-12	-2.951728148903e-11
-2.940000000000e-07	1.774811172258e-11	6.503594525648e-12	-1.964545720819e-11
-2.930000000000e-07	2.558615650568e-11	-7.266481938900e-13	-2.912207562551e-11
-2.920000000000e-07	2.437984397944e-11	-7.219744275566e-12	-2.624227422427e-11
-2.910000000000e-07	2.367060466133e-11	-4.321005591914e-12	-2.598057990053e-11
-2.900000000000e-07	2.350891488408e-11	-1.121852116929e-11	-2.419623289245e-11
-2.890000000000e-07	2.500807825316e-11	-1.881756383393e-11	-2.494237083669e-11
-2.880000000000e-07	2.222412146365e-11	-2.469182173268e-12	-2.388891480763e-11
-2.870000000000e-07	1.700067170856e-11	-3.095448965106e-11	-1.135094331902e-11
-2.860000000000e-07	1.637676825230e-11	-9.517799285111e-12	-1.433004332688e-11
-2.850000000000e-07	2.197361063903e-11	-2.322129478239e-11	-1.979513434220e-11
-2.840000000000e-07	1.923190424599e-11	-2.440454811824e-11	-1.548438955350e-11
-2.830000000000e-07	2.103653466432e-11	-3.300277065166e-11	-1.673427947452e-11
-2.820000000000e-07	1.324669247491e-11	-3.121840554833e-11	-5.905722508298e-12
-2.810000000000e-07	1.783040433499e-11	-2.147288274865e-11	-1.391466361510e-11
-2.800000000000e-07	1.696047107190e-11	-4.672996150178e-11	-8.945809217804e-12
-2.790000000000e-07	1.647683806786e-11	-3.875542470703e-11	-9.198861360897e-12
-2.780000000000e-07	1.188161072391e-11	-3.789619573580e-11	-3.032162895041e-12
-2.770000000000e-07	1.590278323161e-11	-4.395919759207e-11	-7.454768007298e-12
-2.760000000000e-07	1.382314564734e-11	-4.528632008768e-11	-4.579652593516e-12
-2.750000000000e-07	1.462916308309e-11	-4.388177950748e-11	-5.722851137745e-12
-2.740000000000e-07	1.696622034544e-11	-5.325091612694e-11	-7.714064953964e-12
-2.730000000000e-07	1.193802207358e-11	-4.405567012718e-11	-1.799108169132e-12
-2.720000000000e-07	1.106671478642e-11	-5.576795500636e-11	7.965621961248e-13
-2.710000000000e-07	1.536037634436e-11	-4.463545203628e-11	-6.825264978805e-12
-2.700000000000e-07	5.973988655159e-12	-4.812884864995e-11	6.885335422698e-12
-2.690000000000e-07	7.463704966712e-12	-5.604046681410e-11	5.910163898466e-12
-2.680000000000e-07	1.037446318201e-11	-4.912426212600e-11	8.630189180188e-13
-2.670000000000e-07	8.443067052944e-12	-4.835813687237e-11	3.826675768702e-12
-2.660000000000e-07	6.598393513983e-12	-6.801650206456e-11	9.129278683237e-12
-2.650000000000e-07	1.272225954323e-11	-6.051292229367e-11	-6.978011041620e-13
-2.640000000000e-07	7.452267755289e-12	-6.725414337545e-11	7.544706705796e-12
-2.630000000000e-07	6.823607596933e-12	-5.972975451495e-11	7.414795639809e-12
-2.620000000000e-07	-9.062071498935e-13	-5.131567641754e-11	1.697226538468e-11
-2.610000000000e-07	8.017792133030e-12	-6.196532153676e-11	6.218978719765e-12
-2.600000000000e-07	5.397752878782e-12	-7.144040579938e-11	1.088597607123e-11
-2.590000000000e-07	5.675032068407e-12	-6.250705299004e-11	9.240371043281e-12
-2.580000000000e-07	1.823068588346e-12	-6.252240597705e-11	1.478253797003e-11
-2.570000000000e-07	2.417005132651e-12	-6.049030979687e-11	1.367319515738e-11
-2.560000000000e-07	5.367906567811e-12	-7.325690128288e-11	1.104932111014e-11
-2.550000000000e-07	8.694547694534e-12	-5.985084171550e-11	4.543477170159e-12
-2.540000000000e-07	-3.956681258307e-12	-6.398387677460e-11	2.286016356701e-11
-2.530000000000e-07	4.451969695484e-12	-7.049821360937e-11	1.206417797402e-11
-2.520000000000e-07	3.516971126519e-12	-6.492102881467e-11	1.221614647811e-11
-2.510000000000e-07	6.260610281096e-13	-6.350498872777e-11	1.601731628549e-11
-2.500000000000e-07	1.771836479265e-13	-6.432128429433e-11	1.690871451607e-11
-2.490000000000e-07	3.727004383595e-12	-6.571289857924e-11	1.209731816884e-11
-2.480000000000e-07	1.862192696786e-12	-6.991106319131e-11	1.536580630337e-11
-2.470000000000e-07	-1.954563365484e-12	-6.942984478522e-11	2.039699647271e-11
-2.460000000000e-07	1.182960817805e-12	-7.340037192261e-11	1.673129810227e-11
-2.450000000000e-07	-5.139952166501e-12	-6.748824162602e-11	2.420108678454e-11
-2.440000000000e-07	1.864800055596e-12	-7.249655806788e-11	1.532633584848e-11
-2.430000000000e-07	-3.422329159490e-12	-7.213316025070e-11	2.264366999441e-11
-2.420000000000e-07	-3.743363466789e-13	-6.279880121167e-11	1.686782491175e-11
-2.410000000000e-07	-5.171699480169e-12	-6.316064327560e-11	2.332416718978e-11
-2.400000000000e-07	-2.055047153018e-12	-6.313725694603e-11	1.939368940095e-11
-2.390000000000e-07	-2.435142668559e-12	-6.467007649007e-11	1.986784079490e-11
-2.380000000000e-07	-5.963427517751e-12	-6.545485341035e-11	2.479863569469e-11
-2.370000000000e-07	1.251436619807e-12	-7.531044560367e-11	1.600152558177e-11
-2.360000000000e-07	-8.727329549376e-12	-6.928409293017e-11	2.940295380447e-11
-2.350000000000e-07	-4.005013520449e-12	-6.656063868392e-11	2.197160783987e-11
-2.340000000000e-07	-2.777574973383e-12	-6.335607358352e-11	2.007031861158e-11
-2.330000000000e-07	-4.785555602721e-12	-6.966677086339e-11	2.336498898872e-11
-2.320000000000e-07	-4.766216780474e-12	-6.788361135718e-11	2.305725577324e-11
-2.310000000000e-07	-4.523929741892e-12	-6.906738448509e-11	2.297433419739e-11
-2.300000000000e-07	7.570194521698e-14	-6.661649839099e-11	1.568583894841e-11
-2.290000000000e-07	-7.844605993363e-12	-6.464062289003e-11	2.674481555622e-11
-2.280000000000e-07	-7.111740846249e-12	-6.396209413036e-11	2.549236345625e-11
-2.270000000000e-07	-1.291936732059e-12	-7.430917610103e-11	1.841326823793e-11
-2.260000000000e-07	-9.433481929708e-12	-6.898320653620e-11	2.945702697119e-11
-2.250000000000e-07	-5.591849893520e-12	-6.318737421378e-11	2.305792049953e-11
-2.240000000000e-07	-2.950361108246e-12	-7.191140341080e-11	2.023097464143e-11
-2.230000000000e-07	-4.861351218999e-12	-6.439753011050e-11	2.197263806324e-11
-2.220000000000e-07	-9.741866782042e-12	-6.741674741349e-11	2.911741662844e-11
-2.210000000000e-07	-7.940003167020e-12	-5.839869818992e-11	2.567477391200e-11
-2.200000000000e-07	-3.156314746767e-12	-6.948137589084e-11	2.006911642281e-11
-2.190000000000e-07	-6.020801133729e-12	-6.365284885261e-11	2.316841266640e-11
-2.180000000000e-07	-7.472562681394e-12	-6.344737752188e-11	2.518694056571e-11
-2.170000000000e-07	-1.066143371739e-11	-6.549383374923e-11	2.969485510412e-11
-2.160000000000e-07	-4.862494732081e-12	-6.479313809600e-11	2.155803597689e-11
-2.150000000000e-07	-7.274495670916e-12	-5.782014161692e-11	2.410591748746e-11
-2.140000000000e-07	-5.770834223807e-12	-5.996797242119e-11	2.183635976914e-11
-2.130000000000e-07	-7.533680124072e-12	-6.297660868958e-11	2.492847638950e-11
-2.120000000000e-07	-3.899459016361e-12	-6.107810288993e-11	1.952763571172e-11
-2.110000000000e-07	-1.160647071539e-11	-5.450593727721e-11	2.968994870790e-11
-2.100000000000e-07	-6.821580026130e-12	-6.797225423390e-11	2.419378939842e-11
-2.090000000000e-07	-1.067436866644e-11	-5.417539989660e-11	2.804428624412e-11
-2.080000000000e-07	-9.225434146101e-12	-6.181819579593e-11	2.657691285987e-11
-2.070000000000e-07	-8.258789253395e-12	-6.050562025341e-11	2.472748919490e-11
-2.060000000000e-07	-5.105198018213e-12	-5.927305614431e-11	2.041764722295e-11
-2.050000000000e-07	-1.079496860211e-11	-5.866032585365e-11	2.830523197850e-11
-2.040000000000e-07	-5.121042013363e-12	-6.125987672027e-11	2.047917082634e-11
-2.030000000000e-07	-7.923407644069e-12	-6.137565965109e-11	2.417372107007e-11
-2.020000000000e-07	-1.204057501326e-11	-5.648032867724e-11	2.988966966531e-11
-2.010000000000e-07	-6.456974478973e-12	-6.037802049255e-11	2.214735170012e-11
-2.000000000000e-07	-6.817651076869e-12	-5.285446791956e-11	2.182960860148e-11
-1.990000000000e-07	-7.360532077626e-12	-6.350307288564e-11	2.343618985464e-11
-1.980000000000e-07	-8.616119534900e-12	-5.816897935193e-11	2.451628048711e-11
-1.970000000000e-07	-4.507171839316e-12	-4.626403224638e-11	1.777664566741e-11
-1.960000000000e-07	-1.271571120632e-11	-5.171678957484e-11	2.926212853097e-11
-1.950000000000e-07	-6.199449771019e-12	-5.220930907764e-11	2.013388682488e-11
-1.940000000000e-07	-5.002833322768e-12	-5.294852498693e-11	1.896878018254e-11
-1.930000000000e-07	-8.999128353234e-12	-5.378503744764e-11	2.454507830249e-11
-1.920000000000e-07	-8.974441774811e-12	-5.134230093914e-11	2.376567234264e-11
-1.910000000000e-07	-8.693560751117e-12	-5.586646197134e-11	2.379097642856e-11
-1.900000000000e-07	-1.023101595198e-11	-5.139876718366e-11	2.550329909244e-11
-1.890000000000e-07	-4.342445690909e-12	-4.524270014811e-11	1.682119975102e-11
-1.880000000000e-07	-8.349206963442e-12	-5.393215280715e-11	2.302268895000e-11
-1.870000000000e-07	-1.101428073606e-11	-4.750791998971e-11	2.597611719754e-11
-1.860000000000e-07	-5.433906724261e-12	-5.284090397208e-11	1.852060339894e-11
-1.850000000000e-07	-8.491049731369e-12	-5.318683392632e-11	2.297234916275e-11
-1.840000000000e-07	-8.785393858137e-12	-4.045890987334e-11	2.203229314853e-11
-1.830000000000e-07	-1.103278991889e-11	-4.706027918231e-11	2.594859914480e-11
-1.820000000000e-07	-6.545657277869e-12	-4.854775508709e-11	1.948071497878e-11
-1.810000000000e-07	-5.766469205132e-12	-4.607478148204e-11	1.765594832743e-11
-1.800000000000e-07	-8.620464256940e-12	-4.357299116905e-11	2.198665749076e-11
-1.790000000000e-07	-9.524517343599e-12	-5.516448509159e-11	2.421605889186e-11
-1.780000000000e-07	-8.681688821513e-12	-5.072280044855e-11	2.239125512207e-11
-1.770000000000e-07	-6.769322161607e-12	-5.002118697556e-11	1.948192680123e-11
-1.760000000000e-07	-5.560822726194e-12	-4.356420573802e-11	1.735950654445e-11
-1.750000000000e-07	-7.229298520333e-12	-4.435841711538e-11	1.946709303525e-11
-1.740000000000e-07	-9.744883339969e-12	-4.003461941305e-11	2.283602047458e-11
-1.730000000000e-07	-9.564961638537e-12	-4.028089311463e-11	2.244567684088e-11
-1.720000000000e-07	-1.007585962840e-11	-4.412066143780e-11	2.338469018003e-11
-1.710000000000e-07	-9.341248245155e-12	-4.098581224203e-11	2.191619900490e-11
-1.700000000000e-07	-7.262468384574e-12	-4.236483503244e-11	1.912579273642e-11
-1.690000000000e-07	-5.396618359667e-12	-4.311798466428e-11	1.630426372990e-11
-1.680000000000e-07	-1.025271920927e-11	-3.906103169792e-11	2.296644296523e-11
-1.670000000000e-07	-8.315636187090e-12	-4.197287624705e-11	2.036164702930e-11
-1.660000000000e-07	-9.450658549378e-12	-3.980380038345e-11	2.133824972758e-11
-1.650000000000e-07	-8.971739353345e-12	-4.315763550803e-11	2.126675948982e-11
-1.640000000000e-07	-5.157430819074e-12	-4.048497897908e-11	1.551790166675e-11
-1.630000000000e-07	-6.177541475842e-12	-3.470556846735e-11	1.655024228895e-11
-1.620000000000e-07	-4.963217104400e-12	-4.028444307831e-11	1.519728544837e-11
-1.610000000000e-07	-7.749714535272e-12	-3.933503738280e-11	1.911895119791e-11
-1.600000000000e-07	-7.951415002535e-12	-3.922597671578e-11	1.916105978431e-11
-1.590000000000e-07	-7.498382529040e-12	-4.106518683693e-11	1.835745366996e-11
-1.580000000000e-07	-3.905988548711e-12	-3.751748989232e-11	1.300963228649e-11
-1.570000000000e-07	-7.231527812316e-12	-3.875503402730e-11	1.771381069902e-11
-1.560000000000e-07	-8.102104972499e-12	-3.458836547466e-11	1.903892944175e-11
-1.550000000000e-07	-7.307621476397e-12	-4.303898978195e-11	1.788503550392e-11
-1.540000000000e-07	-6.142382515962e-12	-3.411609817438e-11	1.581361429314e-11
-1.530000000000e-07	-1.102770784153e-11	-3.276067750324e-11	2.263995921244e-11
-1.520000000000e-07	-7.995672703998e-12	-3.421206810027e-11	1.838092826774e-11
-1.510000000000e-07	-7.156770326305e-12	-3.028132505644e-11	1.702528226157e-11
-1.500000000000e-07	-5.947133305357e-12	-4.102012206770e-11	1.532287504126e-11
-1.490000000000e-07	-8.905373705719e-12	-3.791342219038e-11	1.958356707236e-11
-1.480000000000e-07	-9.206999092686e-12	-3.181863963620e-11	1.990866357721e-11
-1.470000000000e-07	-5.312463840677e-12	-3.109383442810e-11	1.393146911878e-11
-1.460000000000e-07	-3.882214384084e-12	-3.435604846422e-11	1.246858496353e-11
-1.450000000000e-07	-5.875433334628e-12	-2.940960670818e-11	1.496494149235e-11
-1.440000000000e-07	-7.016210772742e-12	-2.798903021238e-11	1.633837102511e-11
-1.430000000000e-07	-4.568942835577e-12	-2.670766521431e-11	1.277938449800e-11
-1.420000000000e-07	-7.147671903538e-12	-3.462575714749e-11	1.637160808247e-11
-1.410000000000e-07	-5.770956075946e-12	-2.650733979741e-11	1.428662983430e-11
-1.400000000000e-07	-5.037388824070e-12	-3.408918984780e-11	1.304748350479e-11
-1.390000000000e-07	-8.330346643376e-12	-2.466813586074e-11	1.750530982049e-11
-1.380000000000e-07	-2.906601722236e-12	-2.829817319941e-11	9.963849822804e-12
-1.370000000000e-07	-6.540195295770e-12	-3.049612140410e-11	1.508505396560e-11
-1.360000000000e-07	-6.447084235488e-12	-3.230114877480e-11	1.536179365249e-11
-1.350000000000e-07	-6.876391224069e-12	-2.130376198849e-11	1.504621542447e-11
-1.340000000000e-07	-4.611416545283e-12	-2.841722136137e-11	1.210643532093e-11
-1.330000000000e-07	-8.136670239503e-12	-2.467521883977e-11	1.701160144616e-11
-1.320000000000e-07	-6.259434989950e-12	-2.925070058242e-11	1.450856566469e-11
-1.310000000000e-07	-5.856352188831e-12	-2.920138320908e-11	1.393395067698e-11
-1.300000000000e-07	-4.744863639540e-12	-2.315189102719e-11	1.208928522731e-11
-1.290000000000e-07	-5.384609656362e-12	-2.792137568459e-11	1.311232365102e-11
-1.280000000000e-07	-5.863657695252e-12	-3.183385055364e-11	1.364377700856e-11
-1.270000000000e-07	-4.778665413916e-12	-2.882082492575e-11	1.208623167922e-11
-1.260000000000e-07	-6.058635728512e-12	-2.788295370329e-11	1.396656345270e-11
-1.250000000000e-07	-6.902274461492e-12	-2.165890231817e-11	1.475196141157e-11
-1.240000000000e-07	-4.253403329746e-12	-2.313210998766e-11	1.114222984371e-11
-1.230000000000e-07	-7.357966323228e-12	-2.496397672049e-11	1.506874875993e-11
-1.220000000000e-07	-2.139115593641e-12	-2.540349514746e-11	8.015938288234e-12
-1.210000000000e-07	-6.194932123069e-12	-2.557545625818e-11	1.384024596138e-11
-1.200000000000e-07	-4.715943997105e-12	-2.322143143871e-11	1.117532039257e-11
-1.190000000000e-07	-4.223511416350e-12	-2.094021440113e-11	1.062582636395e-11
-1.180000000000e-07	-7.644164071343e-12	-2.119414694000e-11	1.552965399376e-11
-1.170000000000e-07	-6.816858568915e-12	-2.470725469248e-11	1.398527975074e-11
-1.160000000000e-07	-3.659732729145e-12	-2.398058196115e-11	9.756673609364e-12
-1.150000000000e-07	-4.262731111902e-12	-2.317045459959e-11	1.063472976616e-11
-1.140000000000e-07	-6.506483222763e-12	-2.197032347184e-11	1.336486980132e-11
-1.130000000000e-07	-7.815256893946e-12	-2.189430072804e-11	1.549051855180e-11
-1.120000000000e-07	-3.557400881986e-12	-1.961361212259e-11	9.249120080654e-12
-1.110000000000e-07	-4.520491603568e-12	-2.160483324458e-11	1.035151161589e-11
-1.100000000000e-07	-6.168785130513e-12	-2.222230769472e-11	1.320874826016e-11
-1.090000000000e-07	-4.237832665097e-12	-2.095715071063e-11	1.018404273141e-11
-1.080000000000e-07	-3.625718036910e-12	-2.109694381610e-11	9.140821800744e-12
-1.070000000000e-07	-5.130248987710e-12	-2.405174628142e-11	1.142775511602e-11
-1.060000000000e-07	-5.800025299796e-12	-1.665244035628e-11	1.189580558085e-11
-1.050000000000e-07	-5.731745100741e-12	-1.856710534247e-11	1.234190682813e-11
-1.040000000000e-07	-6.743782002959e-12	-2.221058511926e-11	1.316404684757e-11
-1.030000000000e-07	-5.095407061654e-12	-1.585558891379e-11	1.101842581633e-11
-1.020000000000e-07	-5.100054613614e-12	-1.889728737631e-11	1.097104136964e-11
-1.010000000000e-07	-1.952464007486e-12	-2.067180307489e-11	6.316841702021e-12
-1.000000000000e-07	-3.654859116475e-12	-1.784768726935e-11	8.762816478070e-12
-9.900000000000e-08	-7.003034142345e-12	-1.889777865567e-11	1.352152681304e-11
-9.800000000000e-08	-3.732801283302e-12	-2.121120348350e-11	8.720910316621e-12
-9.700000000000e-08	-4.263856108991e-12	-1.949881010209e-11	9.793340580388e-12
-9.600000000000e-08	-2.295994582474e-12	-1.482869033713e-11	6.789758973205e-12
-9.500000000000e-08	-4.433522565477e-12	-1.654257275432e-11	9.763006479632e-12
-9.400000000000e-08	-3.229100348185e-12	-1.777067488641e-11	7.726085065209e-12
-9.300000000000e-08	-5.737393133588e-12	-1.852657769681e-11	1.169837067749e-11
-9.200000000000e-08	-3.600215280233e-12	-1.577880600014e-11	8.321304062589e-12
-9.100000000000e-08	-3.420800615733e-12	-1.575231589943e-11	8.105473134131e-12
-9.000000000000e-08	-5.085809956505e-12	-1.892627125690e-11	1.029140866023e-11
-8.900000000000e-08	-3.599148809590e-12	-1.601400628752e-11	8.510282421257e-12
-8.800000000000e-08	-2.160268944718e-12	-1.941620548884e-11	6.155765980545e-12
-8.700000000000e-08	-3.730506951514e-12	-1.410877374385e-11	8.556289243434e-12
-8.600000000000e-08	-4.730729108238e-12	-1.800919103786e-11	9.931929861238e-12
-8.500000000000e-08	-3.815904843212e-12	-1.586239258437e-11	8.637321541390e-12
-8.400000000000e-08	-1.313555593445e-12	-1.726578220707e-11	4.802905285008e-12
-8.300000000000e-08	-3.970541818416e-12	-1.366843901845e-11	9.016731396308e-12
-8.200000000000e-08	-3.147407650925e-12	-1.496030701801e-11	7.180715498858e-12
-8.100000000000e-08	-2.546058413854e-12	-1.949897924969e-11	6.400441310563e-12
-8.000000000000e-08	-5.175808468314e-12	-1.441271108499e-11	9.803893048306e-12
-7.900000000000e-08	-3.298309142100e-12	-1.592169760049e-11	7.701320104597e-12
-7.800000000000e-08	-4.075848337141e-12	-1.108928676209e-11	8.723602305109e-12
-7.700000000000e-08	-6.177525554001e-12	-1.057107344872e-11	1.189673230304e-11
-7.600000000000e-08	-2.368096109599e-12	-1.722010572802e-11	6.165423442282e-12
-7.500000000000e-08	-3.411741294697e-12	-1.025474727555e-11	7.686474654364e-12
-7.400000000000e-08	-4.180845250227e-12	-1.692252052340e-11	8.564645769646e-12
-7.300000000000e-08	-2.142539279733e-12	-1.414427421807e-11	5.605222334418e-12
-7.200000000000e-08	-4.074396470269e-12	-1.380749742333e-11	8.276241970860e-12
-7.100000000000e-08	-3.447751861902e-12	-1.445585517104e-11	7.502577253724e-12
-7.000000000000e-08	-3.798350141640e-12	-1.374630474282e-11	7.803697309412e-12
-6.900000000000e-08	-4.717447737590e-12	-1.256819347779e-11	9.030661170226e-12
-6.800000000000e-08	-2.918985713131e-12	-1.227294502452e-11	6.964833484300e-12
-6.700000000000e-08	-3.755184291019e-12	-1.380175167239e-11	7.501503725744e-12
-6.600000000000e-08	-4.068445683759e-12	-1.477851833487e-11	8.153656474725e-12
-6.500000000000e-08	-2.589511318494e-12	-1.092718722063e-11	6.170405470007e-12
-6.400000000000e-08	-1.894946345975e-12	-7.437786262378e-12	5.561671266271e-12
-6.300000000000e-08	-3.256675021543e-12	-1.505766348226e-11	6.690677794379e-12
-6.200000000000e-08	-3.037966108281e-12	-1.504972234202e-11	6.696118629246e-12
-6.100000000000e-08	-2.249346793363e-12	-9.946297708450e-12	5.448375969213e-12
-6.000000000000e-08	-3.368608942580e-12	-1.220379831146e-11	7.066385115431e-12
-5.900000000000e-08	-5.563922989551e-13	-1.070643451091e-11	2.974568547526e-12
-5.800000000000e-08	-2.597254827874e-12	-1.195016535554e-11	6.072259937833e-12
-5.700000000000e-08	-3.241380694835e-12	-1.488674050787e-11	6.756261167138e-12
-5.600000000000e-08	-1.718113794398e-12	-1.735591710284e-11	4.653448368869e-12
-5.500000000000e-08	-2.943209610016e-12	-1.237941197018e-11	6.214008260435e-12
-5.400000000000e-08	-1.454816140631e-12	-8.839666164643e-12	4.177150665610e-12
-5.300000000000e-08	-3.624818124891e-12	-9.676389475150e-12	7.267358328987e-12
-5.200000000000e-08	-3.907930547381e-12	-9.019331497778e-12	7.604708817995e-12
-5.100000000000e-08	-7.764954612441e-13	-1.209507101657e-11	2.576624228421e-12
-5.000000000000e-08	-3.295570828259e-12	-9.982025528764e-12	6.674484434806e-12
-4.900000000000e-08	-2.225939640091e-12	-8.477426259564e-12	5.194060201672e-12
-4.800000000000e-08	-2.027948156064e-12	-1.195941635197e-11	5.097988168997e-12
-4.700000000000e-08	-1.853157024260e-12	-9.725559206234e-12	4.654059420372e-12
-4.600000000000e-08	-2.528183303095e-12	-1.091914498308e-11	5.298730929567e-12
-4.500000000000e-08	-1.679111598334e-12	-7.577187575858e-12	4.476735581581e-12
-4.400000000000e-08	-2.725007170608e-12	-7.512300179883e-12	5.897782765523e-12
-4.300000000000e-08	-4.102702642162e-12	-8.834124712987e-12	7.232991511443e-12
-4.200000000000e-08	-2.862582636182e-12	-1.336517780650e-11	5.799996732004e-12
-4.100000000000e-08	-3.695776565512e-12	-1.041294832550e-11	7.097556765351e-12
-4.000000000000e-08	-2.489216503406e-12	-7.709346147119e-12	5.615471979719e-12
-3.900000000000e-08	-1.506172372236e-12	-9.812466760635e-12	3.840163829086e-12
-3.800000000000e-08	-3.764550550611e-12	-1.070017651355e-11	7.018082465627e-12
-3.700000000000e-08	-2.626741126865e-12	-9.647657374691e-12	5.780904988833e-12
-3.600000000000e-08	-1.909421615834e-12	-1.094963321880e-11	4.225925896224e-12
-3.500000000000e-08	-2.229300210869e-12	-7.671486941290e-12	4.899927476531e-12
-3.400000000000e-08	-2.901856774908e-12	-9.692245037908e-12	5.333551935791e-12
-3.300000000000e-08	-2.157353206934e-12	-8.903334176304e-12	4.857184542722e-12
-3.200000000000e-08	-9.028494882771e-13	-9.180534113395e-12	3.051377149259e-12
-3.100000000000e-08	-2.604989080856e-12	-8.049521152137e-12	5.191974563188e-12
-3.000000000000e-08	-2.095455740224e-12	-7.191185739137e-12	4.592341207763e-12
-2.900000000000e-08	-2.109244206401e-12	-1.041373974478e-11	4.613708148627e-12
-2.800000000000e-08	-1.049500341268e-12	-9.356516287313e-12	2.933206939208e-12
-2.700000000000e-08	8.012747203268e-14	-6.141642465672e-12	1.701110897436e-12
-2.600000000000e-08	-1.954527730696e-12	-7.682804054035e-12	4.285802180142e-12
-2.500000000000e-08	-2.316196047916e-12	-7.714358428641e-12	5.117743889674e-12
-2.400000000000e-08	-1.188487037142e-12	-9.579182574434e-12	3.266869219582e-12
-2.300000000000e-08	-3.021481526578e-12	-5.056705134952e-12	5.964401949578e-12
-2.200000000000e-08	-2.776310953980e-12	-6.610008388250e-12	5.764483505028e-12
-2.100000000000e-08	-1.858488720166e-12	-8.846824164830e-12	3.745686352502e-12
-2.000000000000e-08	-1.707613797039e-12	-6.151231803827e-12	4.083856084490e-12
-1.900000000000e-08	-2.721304938040e-12	-2.394140874111e-12	5.434920614421e-12
-1.800000000000e-08	-2.116925617641e-12	-9.580671468981e-12	4.497645048576e-12
-1.700000000000e-08	-1.469985711375e-12	-5.734759846793e-12	3.582490422891e-12
-1.600000000000e-08	-1.510103302345e-12	-3.746120202041e-12	3.423296628457e-12
-1.500000000000e-08	-1.950307498815e-12	-5.311165788498e-12	4.088831923047e-12
-1.400000000000e-08	-3.011265990250e-12	-9.104901336943e-12	5.717406958284e-12
-1.300000000000e-08	-2.120744785411e-12	-6.294274724843e-12	4.645475214582e-12
-1.200000000000e-08	-2.330018023799e-12	-7.733343385855e-12	4.539858185686e-12
-1.100000000000e-08	-1.947141410122e-12	-4.534357965972e-12	4.164589291550e-12
-1.000000000000e-08	2.220418889239e-13	-5.662378890620e-12	1.243039351957e-12
-9.000000000000e-09	-3.852449519859e-12	-9.089168547669e-12	6.344240779780e-12
-8.000000000000e-09	-1.212998828735e-12	-3.688360916567e-12	3.302877683008e-12
-7.000000000000e-09	-1.823308153539e-12	-5.365539144619e-12	3.761593934672e-12
-6.000000000000e-09	-2.206603969769e-13	-5.920545211124e-12	1.606972563079e-12
-5.000000000000e-09	-1.103626468510e-12	-5.372011032742e-12	2.617527581645e-12
-4.000000000000e-09	-1.573187592300e-12	-7.546480687021e-12	3.691453204709e-12
-3.000000000000e-09	-2.135516092725e-12	-6.799922577768e-12	4.296809218258e-12
-2.000000000000e-09	-1.330239761347e-12	-6.336429437558e-12	3.030273352689e-12
