-1.490000000000e-06	0.000000000000e+00	0.000000000000e+00	0.000000000000e+00
-1.489000000000e-06	0.000000000000e+00	0.000000000000e+00	0.000000000000e+00
-1.488000000000e-06	0.000000000000e+00	0.000000000000e+00	0.000000000000e+00
-1.487000000000e-06	0.000000000000e+00	0.000000000000e+00	0.000000000000e+00
-1.486000000000e-06	0.000000000000e+00	0.000000000000e+00	0.000000000000e+00
-1.485000000000e-06	0.000000000000e+00	0.000000000000e+00	0.000000000000e+00
-1.484000000000e-06	0.000000000000e+00	0.000000000000e+00	0.000000000000e+00
-1.483000000000e-06	0.000000000000e+00	0.000000000000e+00	0.000000000000e+00
-1.482000000000e-06	0.000000000000e+00	0.000000000000e+00	0.000000000000e+00
-1.481000000000e-06	0.000000000000e+00	0.000000000000e+00	0.000000000000e+00
-1.480000000000e-06	0.000000000000e+00	0.000000000000e+00	0.000000000000e+00
-1.479000000000e-06	0.000000000000e+00	0.000000000000e+00	0.000000000000e+00
-1.478000000000e-06	0.000000000000e+00	0.000000000000e+00	0.000000000000e+00
-1.477000000000e-06	0.000000000000e+00	0.000000000000e+00	0.000000000000e+00
-1.476000000000e-06	0.000000000000e+00	0.000000000000e+00	0.000000000000e+00
-1.475000000000e-06	0.000000000000e+00	0.000000000000e+00	0.000000000000e+00
-1.474000000000e-06	0.000000000000e+00	0.000000000000e+00	0.000000000000e+00
-1.473000000000e-06	0.000000000000e+00	0.000000000000e+00	0.000000000000e+00
-1.472000000000e-06	0.000000000000e+00	0.000000000000e+00	0.000000000000e+00
-1.471000000000e-06	0.000000000000e+00	0.000000000000e+00	0.000000000000e+00
-1.470000000000e-06	0.000000000000e+00	0.000000000000e+00	0.000000000000e+00
-1.469000000000e-06	0.000000000000e+00	0.000000000000e+00	0.000000000000e+00
-1.468000000000e-06	0.000000000000e+00	0.000000000000e+00	0.000000000000e+00
-1.467000000000e-06	0.000000000000e+00	0.000000000000e+00	0.000000000000e+00
-1.466000000000e-06	0.000000000000e+00	0.000000000000e+00	0.000000000000e+00
-1.465000000000e-06	0.000000000000e+00	0.000000000000e+00	0.000000000000e+00
-1.464000000000e-06	0.000000000000e+00	0.000000000000e+00	0.000000000000e+00
-1.463000000000e-06	0.000000000000e+00	0.000000000000e+00	0.000000000000e+00
-1.462000000000e-06	0.000000000000e+00	0.000000000000e+00	0.000000000000e+00
-1.461000000000e-06	0.000000000000e+00	0.000000000000e+00	0.000000000000e+00
-1.460000000000e-06	0.000000000000e+00	0.000000000000e+00	0.000000000000e+00
-1.459000000000e-06	0.000000000000e+00	0.000000000000e+00	0.000000000000e+00
-1.458000000000e-06	0.000000000000e+00	0.000000000000e+00	0.000000000000e+00
-1.457000000000e-06	0.000000000000e+00	0.000000000000e+00	0.000000000000e+00
-1.456000000000e-06	0.000000000000e+00	0.000000000000e+00	0.000000000000e+00
-1.455000000000e-06	0.000000000000e+00	0.000000000000e+00	0.000000000000e+00
-1.454000000000e-06	0.000000000000e+00	0.000000000000e+00	0.000000000000e+00
-1.453000000000e-06	0.000000000000e+00	0.000000000000e+00	0.000000000000e+00
-1.452000000000e-06	0.000000000000e+00	0.000000000000e+00	0.000000000000e+00
-1.451000000000e-06	0.000000000000e+00	0.000000000000e+00	0.000000000000e+00
-1.450000000000e-06	0.000000000000e+00	0.000000000000e+00	0.000000000000e+00
-1.449000000000e-06	0.000000000000e+00	0.000000000000e+00	0.000000000000e+00
-1.448000000000e-06	0.000000000000e+00	0.000000000000e+00	0.000000000000e+00
-1.447000000000e-06	0.000000000000e+00	0.000000000000e+00	0.000000000000e+00
-1.446000000000e-06	0.000000000000e+00	0.000000000000e+00	0.000000000000e+00
-1.445000000000e-06	0.000000000000e+00	0.000000000000e+00	0.000000000000e+00
-1.444000000000e-06	0.000000000000e+00	0.000000000000e+00	0.000000000000e+00
-1.443000000000e-06	0.000000000000e+00	0.000000000000e+00	0.000000000000e+00
-1.442000000000e-06	0.000000000000e+00	0.000000000000e+00	0.000000000000e+00
-1.441000000000e-06	0.000000000000e+00	0.000000000000e+00	0.000000000000e+00
-1.440000000000e-06	0.000000000000e+00	0.000000000000e+00	0.000000000000e+00
-1.439000000000e-06	0.000000000000e+00	0.000000000000e+00	0.000000000000e+00
-1.438000000000e-06	0.000000000000e+00	0.000000000000e+00	0.000000000000e+00
-1.437000000000e-06	0.000000000000e+00	0.000000000000e+00	0.000000000000e+00
-1.436000000000e-06	0.000000000000e+00	0.000000000000e+00	0.000000000000e+00
-1.435000000000e-06	0.000000000000e+00	0.000000000000e+00	0.000000000000e+00
-1.434000000000e-06	0.000000000000e+00	0.000000000000e+00	0.000000000000e+00
-1.433000000000e-06	0.000000000000e+00	0.000000000000e+00	0.000000000000e+00
-1.432000000000e-06	0.000000000000e+00	0.000000000000e+00	0.000000000000e+00
-1.431000000000e-06	0.000000000000e+00	0.000000000000e+00	0.000000000000e+00
-1.430000000000e-06	0.000000000000e+00	0.000000000000e+00	0.000000000000e+00
-1.429000000000e-06	0.000000000000e+00	0.000000000000e+00	0.000000000000e+00
-1.428000000000e-06	2.366866271279e-17	-4.514284625301e-17	-1.612352135476e-17
-1.427000000000e-06	2.405561917892e-17	1.943136724870e-16	-1.015831253446e-16
-1.426000000000e-06	6.287907454870e-16	-1.094083752753e-15	-4.631816015045e-16
-1.425000000000e-06	1.643978268999e-16	7.303290385367e-16	-4.931642084101e-16
-1.424000000000e-06	8.985152986926e-16	-6.513962024831e-16	-9.884960541461e-16
-1.423000000000e-06	9.496582474441e-16	8.959113811783e-16	-1.617218465393e-15
-1.422000000000e-06	-9.862911941767e-16	1.814674725953e-15	6.895999525169e-16
-1.421000000000e-06	-5.121291307844e-15	2.237296851229e-14	-1.212237305318e-15
-1.420000000000e-06	-1.920339024875e-15	7.378919182357e-15	-1.401357168980e-16
-1.419000000000e-06	1.307031380473e-15	2.029490734233e-14	-9.192243310291e-15
-1.418000000000e-06	-3.170614036299e-15	1.522207729227e-15	3.754970994153e-15
-1.417000000000e-06	-8.814956708796e-15	1.724952791809e-14	5.524639657967e-15
-1.416000000000e-06	4.623919263795e-15	1.140218445052e-14	-1.036556910284e-14
-1.415000000000e-06	5.151514098866e-15	5.095490440947e-15	-8.714267042127e-15
-1.414000000000e-06	-6.898090891154e-16	5.252791255456e-14	-1.866595014178e-14
-1.413000000000e-06	-1.379811688081e-14	1.949808983807e-14	1.168740330290e-14
-1.412000000000e-06	-2.337950425402e-14	6.914926848523e-14	5.976285107510e-15
-1.411000000000e-06	9.741045829932e-15	2.954434460547e-14	-2.437399910959e-14
-1.410000000000e-06	-2.593488741730e-15	1.500210300453e-13	-5.290284651547e-14
-1.409000000000e-06	5.503873910305e-15	1.265232133691e-13	-5.416894603032e-14
-1.408000000000e-06	-7.776328481774e-14	2.635570569168e-13	7.213404497681e-15
-1.407000000000e-06	-3.192607737192e-14	9.198664313403e-14	7.593087872024e-15
-1.406000000000e-06	4.494648151854e-14	1.213312128837e-13	-1.060997869494e-13
-1.405000000000e-06	-5.204720227716e-14	2.908315929348e-13	-3.988602095520e-14
-1.404000000000e-06	1.801934027045e-14	1.808529233676e-13	-9.143010013135e-14
-1.403000000000e-06	-7.786737982399e-14	2.292537492438e-13	1.806033263048e-14
-1.402000000000e-06	-9.477396977533e-14	4.315902548632e-13	-3.567363516615e-14
-1.401000000000e-06	-1.013717590604e-13	4.637068669952e-13	-3.824323320598e-14
-1.400000000000e-06	-4.572134757637e-14	3.754585562431e-13	-8.030998690828e-14
-1.399000000000e-06	4.741988493327e-14	6.697378995990e-13	-3.196760478258e-13
-1.398000000000e-06	-1.124560249769e-13	7.228301027721e-13	-1.239922114275e-13
-1.397000000000e-06	-1.654954600490e-13	7.242310284308e-13	-5.394440055322e-14
-1.396000000000e-06	-1.632413530436e-13	8.829894865699e-13	-1.189448271990e-13
-1.395000000000e-06	3.065657909318e-14	8.826539054728e-13	-3.765349464348e-13
-1.394000000000e-06	-1.272159044485e-13	1.457071383999e-12	-3.893086447428e-13
-1.393000000000e-06	-2.304997557244e-13	1.835943522430e-12	-3.969874387982e-13
-1.392000000000e-06	-2.377760898066e-13	1.514967996678e-12	-2.689271498153e-13
-1.391000000000e-06	-2.421345433912e-13	2.441510979980e-12	-6.185397434598e-13
-1.390000000000e-06	-6.759926489010e-13	2.796463997847e-12	-1.757774091319e-13
-1.389000000000e-06	-3.660205658066e-13	3.170720053778e-12	-7.401451500360e-13
-1.388000000000e-06	-2.617442726775e-13	2.876861544721e-12	-7.688184410194e-13
-1.387000000000e-06	-4.144466524504e-13	3.196064290771e-12	-6.896079253185e-13
-1.386000000000e-06	-5.726062837736e-13	4.418271912598e-12	-9.576920543337e-13
-1.385000000000e-06	-5.322094301531e-13	4.437016810588e-12	-1.022090892176e-12
-1.384000000000e-06	-3.664017588168e-13	4.460226603453e-12	-1.254903116274e-12
-1.383000000000e-06	-8.174507348475e-13	5.969278624275e-12	-1.244069449715e-12
-1.382000000000e-06	-6.288788865136e-13	6.260781793535e-12	-1.613871978886e-12
-1.381000000000e-06	-1.199464481667e-12	7.703225006887e-12	-1.433254329408e-12
-1.380000000000e-06	-1.128692485527e-12	8.849690124972e-12	-1.979879743508e-12
-1.379000000000e-06	-1.272797566302e-12	8.623338950549e-12	-1.702971641639e-12
-1.378000000000e-06	-1.468656951430e-12	1.056858338331e-11	-2.215302550119e-12
-1.377000000000e-06	-1.251344247943e-12	1.044188450500e-11	-2.467889474238e-12
-1.376000000000e-06	-2.011736089185e-12	1.324548777901e-11	-2.574778888802e-12
-1.375000000000e-06	-1.416299871172e-12	1.171700895065e-11	-2.773172527428e-12
-1.374000000000e-06	-1.106327274139e-12	1.508383647805e-11	-4.535541584456e-12
-1.373000000000e-06	-3.192782817180e-12	1.828465674698e-11	-3.031853548792e-12
-1.372000000000e-06	-1.495059775374e-12	1.495118447708e-11	-3.998260893355e-12
-1.371000000000e-06	-2.854906411327e-12	1.963005121445e-11	-4.069210931650e-12
-1.370000000000e-06	-2.905982071990e-12	2.076498074916e-11	-4.458998117837e-12
-1.369000000000e-06	-2.903148179584e-12	2.290092936990e-11	-5.321205183247e-12
-1.368000000000e-06	-3.819473923646e-12	2.417833201659e-11	-4.656126941097e-12
-1.367000000000e-06	-3.928195546476e-12	2.620640666957e-11	-5.380125637677e-12
-1.366000000000e-06	-3.302973778057e-12	2.790629206451e-11	-6.916956194333e-12
-1.365000000000e-06	-3.236491621447e-12	2.879209913119e-11	-7.380762283492e-12
-1.364000000000e-06	-4.669315508211e-12	3.279594430516e-11	-7.128758601875e-12
-1.363000000000e-06	-4.661776861720e-12	3.453951254073e-11	-7.883428212059e-12
-1.362000000000e-06	-5.379440598819e-12	3.838624239203e-11	-8.529636768507e-12
-1.361000000000e-06	-5.268677720846e-12	4.053424510143e-11	-9.578949242139e-12
-1.360000000000e-06	-7.033101999118e-12	4.293679799214e-11	-8.254107183596e-12
-1.359000000000e-06	-5.530335739227e-12	4.448721571994e-11	-1.092469385002e-11
-1.358000000000e-06	-7.090853693465e-12	4.893991485034e-11	-1.074075593386e-11
-1.357000000000e-06	-7.293240618046e-12	4.876955813823e-11	-1.043527078945e-11
-1.356000000000e-06	-7.619337303988e-12	5.720723678076e-11	-1.351657454082e-11
-1.355000000000e-06	-9.164603014858e-12	5.744088664354e-11	-1.166596237646e-11
-1.354000000000e-06	-9.356519283851e-12	5.969374525035e-11	-1.237449160437e-11
-1.353000000000e-06	-9.636917099796e-12	6.170474643650e-11	-1.287371853963e-11
-1.352000000000e-06	-1.064485359680e-11	6.850543334817e-11	-1.443151235262e-11
-1.351000000000e-06	-1.104136071686e-11	7.046372236750e-11	-1.483331235527e-11
-1.350000000000e-06	-9.535660867941e-12	7.038901398519e-11	-1.682630695559e-11
-1.349000000000e-06	-1.169457553485e-11	7.583900461795e-11	-1.630456479594e-11
-1.348000000000e-06	-1.114579132991e-11	7.745266241936e-11	-1.781218489540e-11
-1.347000000000e-06	-1.059749926704e-11	7.760988004620e-11	-1.866020648877e-11
-1.346000000000e-06	-1.354651818126e-11	8.446422365582e-11	-1.770172559358e-11
-1.345000000000e-06	-1.133866544205e-11	8.284170371401e-11	-2.000018842211e-11
-1.344000000000e-06	-1.467705252643e-11	9.331038244070e-11	-2.012594133851e-11
-1.343000000000e-06	-1.739142513543e-11	9.578700191022e-11	-1.767611919595e-11
-1.342000000000e-06	-1.475920379991e-11	9.444211456155e-11	-2.065211978014e-11
-1.341000000000e-06	-1.270026084580e-11	9.686249260055e-11	-2.449508883007e-11
-1.340000000000e-06	-1.233524273845e-11	1.033469365414e-10	-2.780747226552e-11
-1.339000000000e-06	-1.619404032544e-11	1.066352192839e-10	-2.424609124160e-11
-1.338000000000e-06	-1.429916032864e-11	1.043163606151e-10	-2.585859637281e-11
-1.337000000000e-06	-1.806832890867e-11	1.101358768962e-10	-2.345354983105e-11
-1.336000000000e-06	-1.885727717605e-11	1.115249059853e-10	-2.316325072900e-11
-1.335000000000e-06	-1.900854690339e-11	1.225330729429e-10	-2.772971565887e-11
-1.334000000000e-06	-1.901685925605e-11	1.202393009279e-10	-2.684591074692e-11
-1.333000000000e-06	-1.589066079870e-11	1.203502305295e-10	-3.116854335441e-11
-1.332000000000e-06	-2.022341738569e-11	1.257843509219e-10	-2.789021305349e-11
-1.331000000000e-06	-2.312487899324e-11	1.255575752867e-10	-2.414978964498e-11
-1.330000000000e-06	-1.531530877635e-11	1.256869941175e-10	-3.450935452851e-11
-1.329000000000e-06	-1.922665302219e-11	1.295712713445e-10	-3.124321590412e-11
-1.328000000000e-06	-1.967240637242e-11	1.316775368836e-10	-3.162323248482e-11
-1.327000000000e-06	-1.828274205150e-11	1.369780484047e-10	-3.596265977094e-11
-1.326000000000e-06	-2.092521751966e-11	1.371888643975e-10	-3.273786260045e-11
-1.325000000000e-06	-2.061571940323e-11	1.390702373202e-10	-3.403528993273e-11
-1.324000000000e-06	-2.345390335221e-11	1.477487230833e-10	-3.429102907643e-11
-1.323000000000e-06	-1.854389208390e-11	1.392830006762e-10	-3.715907766213e-11
-1.322000000000e-06	-2.163865084696e-11	1.389385437464e-10	-3.305889491158e-11
-1.321000000000e-06	-2.139416961459e-11	1.438210942264e-10	-3.572539200721e-11
-1.320000000000e-06	-2.149831839537e-11	1.495041470728e-10	-3.823268625872e-11
-1.319000000000e-06	-1.870571082241e-11	1.445776005342e-10	-3.981201924141e-11
-1.318000000000e-06	-2.195473247449e-11	1.464165733321e-10	-3.655389397124e-11
-1.317000000000e-06	-2.608030503521e-11	1.519372771073e-10	-3.373494475541e-11
-1.316000000000e-06	-2.024545731912e-11	1.485173443319e-10	-3.999543871013e-11
-1.315000000000e-06	-2.109388641641e-11	1.420071126077e-10	-3.624674282805e-11
-1.314000000000e-06	-2.316338038203e-11	1.508976402351e-10	-3.754263705630e-11
-1.313000000000e-06	-2.502833058243e-11	1.500496994484e-10	-3.489335862100e-11
-1.312000000000e-06	-1.961827873769e-11	1.478364865725e-10	-4.120634752859e-11
-1.311000000000e-06	-2.294025279963e-11	1.542798779089e-10	-3.987279341121e-11
-1.310000000000e-06	-2.107186719407e-11	1.443880001597e-10	-3.799125602985e-11
-1.309000000000e-06	-2.272075178135e-11	1.480305772911e-10	-3.766737061022e-11
-1.308000000000e-06	-1.985923652535e-11	1.505459212986e-10	-4.263925242764e-11
-1.307000000000e-06	-2.479619650289e-11	1.634079848957e-10	-4.204529104906e-11
-1.306000000000e-06	-2.120395529199e-11	1.483709610020e-10	-4.030667175570e-11
-1.305000000000e-06	-1.784544848386e-11	1.407975146052e-10	-4.135637926630e-11
-1.304000000000e-06	-2.373667875691e-11	1.590756222737e-10	-4.210319176276e-11
-1.303000000000e-06	-2.191584707474e-11	1.354447766363e-10	-3.401866384301e-11
-1.302000000000e-06	-1.853494720086e-11	1.494774570143e-10	-4.487549768264e-11
-1.301000000000e-06	-2.188833485435e-11	1.400507774087e-10	-3.642565812061e-11
-1.300000000000e-06	-2.013258846061e-11	1.473819705819e-10	-4.207900483042e-11
-1.299000000000e-06	-1.911747650959e-11	1.369449254755e-10	-3.885242774788e-11
-1.298000000000e-06	-1.698001280873e-11	1.467194169364e-10	-4.631748560427e-11
-1.297000000000e-06	-1.662914575097e-11	1.327720835572e-10	-4.055298454606e-11
-1.296000000000e-06	-1.610522192610e-11	1.367561936317e-10	-4.324727134031e-11
-1.295000000000e-06	-1.892130686968e-11	1.355440469586e-10	-3.921177045632e-11
-1.294000000000e-06	-1.719356977703e-11	1.316357388777e-10	-3.976135623199e-11
-1.293000000000e-06	-1.851487892150e-11	1.400804942711e-10	-4.214140113309e-11
-1.292000000000e-06	-1.757253876568e-11	1.279230928476e-10	-3.784868075204e-11
-1.291000000000e-06	-1.659816601939e-11	1.301395149108e-10	-4.023036751769e-11
-1.290000000000e-06	-1.753064350270e-11	1.253295178559e-10	-3.697320986826e-11
-1.289000000000e-06	-1.649960054220e-11	1.245309174468e-10	-3.823430499343e-11
-1.288000000000e-06	-1.389068925854e-11	1.123462432434e-10	-3.610896689108e-11
-1.287000000000e-06	-1.584998603565e-11	1.173940697442e-10	-3.590774582573e-11
-1.286000000000e-06	-1.502725210165e-11	1.212049306875e-10	-3.889685309398e-11
-1.285000000000e-06	-1.960810136839e-11	1.256245359365e-10	-3.518377469354e-11
-1.284000000000e-06	-7.472531618398e-12	9.752868462629e-11	-3.807528182509e-11
-1.283000000000e-06	-1.152329966604e-11	1.080252781817e-10	-3.775739320033e-11
-1.282000000000e-06	-1.303524658900e-11	1.124497403968e-10	-3.788369993846e-11
-1.281000000000e-06	-1.111655583481e-11	9.854392487967e-11	-3.405266587097e-11
-1.280000000000e-06	-8.780427104185e-12	1.020662947126e-10	-3.903294947976e-11
-1.279000000000e-06	-6.917806259980e-12	9.882043583759e-11	-3.994574789426e-11
-1.278000000000e-06	-1.496107732579e-11	1.029285695666e-10	-3.149335431020e-11
-1.277000000000e-06	-5.066388649637e-12	8.838595828937e-11	-3.764947577753e-11
-1.276000000000e-06	-9.888130517725e-12	8.763052801275e-11	-3.120800063725e-11
-1.275000000000e-06	-9.850418922397e-12	8.586301354817e-11	-3.054878598231e-11
-1.274000000000e-06	-9.724171059235e-12	9.028310866506e-11	-3.274518812131e-11
-1.273000000000e-06	-1.110901284216e-11	7.760869519574e-11	-2.539990702348e-11
-1.272000000000e-06	-1.078230905922e-11	8.455229691108e-11	-2.918831275919e-11
-1.271000000000e-06	-9.460309821617e-12	7.874180071072e-11	-2.812255200450e-11
-1.270000000000e-06	-1.142949538898e-11	7.416483496815e-11	-2.365798498928e-11
-1.269000000000e-06	-2.952434244351e-12	7.232682103864e-11	-3.373684364336e-11
-1.268000000000e-06	-8.594858021978e-12	6.816493546149e-11	-2.448974642702e-11
-1.267000000000e-06	-6.463758341957e-12	6.522733470824e-11	-2.589734797771e-11
-1.266000000000e-06	-8.149996187778e-12	6.619215650653e-11	-2.422652871669e-11
-1.265000000000e-06	-6.919867579302e-12	5.868890203516e-11	-2.252705684770e-11
-1.264000000000e-06	-1.050620210443e-12	5.957147763982e-11	-3.058943576310e-11
-1.263000000000e-06	-4.959967646919e-12	5.562503772364e-11	-2.387590813046e-11
-1.262000000000e-06	-1.152877756426e-11	6.216802892165e-11	-1.866544401800e-11
-1.261000000000e-06	-8.186902543472e-12	5.577980255735e-11	-1.996285073213e-11
-1.260000000000e-06	-4.280484327483e-12	4.917482161836e-11	-2.197258488341e-11
-1.259000000000e-06	-3.398013941388e-12	5.026201307515e-11	-2.354743052464e-11
-1.258000000000e-06	-2.295415038156e-12	3.562952216214e-11	-1.788218348327e-11
-1.257000000000e-06	-7.305337928721e-12	3.364619228188e-11	-1.085541478216e-11
-1.256000000000e-06	-3.193026740476e-12	4.426952483891e-11	-2.108631423153e-11
-1.255000000000e-06	-1.045151354516e-12	3.272131588166e-11	-1.844310482402e-11
-1.254000000000e-06	-5.479970490740e-12	3.454321903846e-11	-1.364976716784e-11
-1.253000000000e-06	2.965523495607e-12	2.871652054206e-11	-2.172388927576e-11
-1.252000000000e-06	-1.524392553843e-12	2.792478831789e-11	-1.543866069143e-11
-1.251000000000e-06	-1.201146528600e-12	2.776588095424e-11	-1.613551700282e-11
-1.250000000000e-06	-8.064135117258e-12	2.915524858448e-11	-8.041842453269e-12
-1.249000000000e-06	2.486476102553e-13	2.299464585494e-11	-1.565294065854e-11
-1.248000000000e-06	-3.728386715842e-12	2.242842357493e-11	-1.040561044771e-11
-1.247000000000e-06	-8.622218075768e-13	2.003974416157e-11	-1.304179395126e-11
-1.246000000000e-06	3.599115330795e-13	1.575459196433e-11	-1.229345984008e-11
-1.245000000000e-06	3.205032207802e-12	8.416242954166e-12	-1.255651429226e-11
-1.244000000000e-06	1.412270070206e-12	7.823993486611e-12	-1.013098685143e-11
-1.243000000000e-06	8.310517457206e-13	-1.572118525889e-12	-4.614256589452e-12
-1.242000000000e-06	1.904565890079e-12	8.058276091652e-12	-1.080742197822e-11
-1.241000000000e-06	-6.860714009914e-13	3.054073315858e-12	-5.300121484791e-12
-1.240000000000e-06	4.318139335105e-12	2.925635523661e-12	-1.133388783624e-11
-1.239000000000e-06	-3.277130816219e-13	-1.454891147984e-12	-3.514205989637e-12
-1.238000000000e-06	-9.952413195555e-14	1.399522347429e-12	-5.208482985460e-12
-1.237000000000e-06	2.853722227515e-12	-1.610891222898e-12	-7.296999340640e-12
-1.236000000000e-06	4.218469332011e-12	-4.325506885101e-12	-7.921460917147e-12
-1.235000000000e-06	3.890744020225e-12	-1.430106343030e-13	-9.734975152214e-12
-1.234000000000e-06	2.766594273099e-12	-1.219561995090e-11	-2.088395978033e-12
-1.233000000000e-06	2.565155926532e-12	-1.076340753107e-11	-2.575872024029e-12
-1.232000000000e-06	-6.322771464450e-12	-2.207129171110e-12	4.249396951019e-12
-1.231000000000e-06	-2.753598914876e-12	-1.486454212860e-11	6.001862596029e-12
-1.230000000000e-06	-3.114875042186e-12	-1.026468356931e-11	4.190007882891e-12
-1.229000000000e-06	1.879898332193e-12	-1.539014717375e-11	6.097602572757e-14
-1.228000000000e-06	2.050195171118e-13	-1.925234453814e-11	4.365893597647e-12
-1.227000000000e-06	6.138171908454e-12	-1.548061666853e-11	-4.971970614986e-12
-1.226000000000e-06	2.603433266005e-12	-1.582332572390e-11	-3.328179756796e-13
-1.225000000000e-06	3.628924960444e-12	-2.373630698245e-11	2.448483034404e-12
-1.224000000000e-06	5.200896061568e-12	-1.783364923254e-11	-2.419337008279e-12
-1.223000000000e-06	4.657269778615e-12	-2.729231035413e-11	2.712579548335e-12
-1.222000000000e-06	3.676909965524e-12	-2.770543798798e-11	4.014954759790e-12
-1.221000000000e-06	2.013277519628e-12	-1.737948166687e-11	1.121541664547e-12
-1.220000000000e-06	5.131504373867e-12	-2.775395157085e-11	2.442766872921e-12
-1.219000000000e-06	5.481483255661e-12	-2.632938380715e-11	1.483559802767e-12
-1.218000000000e-06	7.260063113469e-12	-3.304125859908e-11	2.524714731071e-12
-1.217000000000e-06	6.728169973001e-12	-3.556713689271e-11	4.383360524485e-12
-1.216000000000e-06	7.895810862283e-13	-2.888629545180e-11	8.514981656455e-12
-1.215000000000e-06	6.300598631013e-12	-3.114409639533e-11	2.799750233318e-12
-1.214000000000e-06	-1.984851973826e-12	-3.034313613627e-11	1.255470707408e-11
-1.213000000000e-06	8.594817850405e-12	-4.157909814545e-11	5.251166523202e-12
-1.212000000000e-06	3.855496950665e-12	-3.553026918640e-11	8.178999250267e-12
-1.211000000000e-06	8.278859171162e-12	-4.030726146843e-11	4.904648107165e-12
-1.210000000000e-06	5.405164047436e-12	-3.274433172144e-11	4.698368345238e-12
-1.209000000000e-06	-1.265726541729e-13	-3.465700334833e-11	1.254359695687e-11
-1.208000000000e-06	2.973790777794e-12	-3.339563656738e-11	8.059350077298e-12
-1.207000000000e-06	3.401225226032e-12	-4.617833573649e-11	1.409075104170e-11
-1.206000000000e-06	5.677698072200e-12	-2.988327722990e-11	2.757659779676e-12
-1.205000000000e-06	3.024019911722e-12	-3.987811762795e-11	1.147044782852e-11
-1.204000000000e-06	5.767748026098e-12	-3.883717888040e-11	7.555380162330e-12
-1.203000000000e-06	6.494380609392e-12	-4.082126362173e-11	7.436160428420e-12
-1.202000000000e-06	3.841997565125e-12	-4.058306470041e-11	1.089238380926e-11
-1.201000000000e-06	2.670693528773e-12	-4.458474760338e-11	1.429706552672e-11
-1.200000000000e-06	8.130455746918e-12	-4.301631612513e-11	6.927424096408e-12
-1.199000000000e-06	4.746836996510e-12	-4.401249551235e-11	1.145301694408e-11
-1.198000000000e-06	5.823559929043e-12	-4.861606839339e-11	1.265565976909e-11
-1.197000000000e-06	2.904200053676e-12	-4.443783384086e-11	1.415406517625e-11
-1.196000000000e-06	1.705797413196e-12	-3.848494088882e-11	1.227203293106e-11
-1.195000000000e-06	6.417345653152e-12	-4.759903493773e-11	1.142736123907e-11
-1.194000000000e-06	8.530315459216e-12	-4.713310655893e-11	8.384491553035e-12
-1.193000000000e-06	6.440038494013e-12	-4.546767935075e-11	1.042776381360e-11
-1.192000000000e-06	3.946081295184e-12	-4.736364321921e-11	1.437670341036e-11
-1.191000000000e-06	9.768069856667e-12	-3.866736677154e-11	2.767351669138e-12
-1.190000000000e-06	3.751613125147e-12	-4.517624482925e-11	1.349992180967e-11
-1.189000000000e-06	7.634415307550e-12	-5.342491197738e-11	1.299109294465e-11
-1.188000000000e-06	4.879572209694e-12	-5.174940588445e-11	1.568267895164e-11
-1.187000000000e-06	9.809520972636e-12	-4.875732604570e-11	8.117340465254e-12
-1.186000000000e-06	6.435640687189e-12	-4.791908753958e-11	1.180800580149e-11
-1.185000000000e-06	5.144069685997e-12	-4.484769198958e-11	1.197506453657e-11
-1.184000000000e-06	7.922613370497e-12	-4.879911437487e-11	1.039046619605e-11
-1.183000000000e-06	3.925167616420e-12	-5.074396194041e-11	1.636169660400e-11
-1.182000000000e-06	9.280125980662e-12	-5.236719384495e-11	1.066728019717e-11
-1.181000000000e-06	8.056278823272e-12	-5.155770464938e-11	1.197846577992e-11
-1.180000000000e-06	8.270982353185e-12	-4.899791412391e-11	1.042669513608e-11
-1.179000000000e-06	5.322834596669e-12	-4.982758322287e-11	1.445184246145e-11
-1.178000000000e-06	2.646425164651e-12	-4.981608615182e-11	1.746934097691e-11
-1.177000000000e-06	-3.204926373335e-13	-4.629701743865e-11	1.962172332562e-11
-1.176000000000e-06	9.372136338416e-12	-5.338040094423e-11	1.165726334963e-11
-1.175000000000e-06	5.666798811574e-12	-4.969134002490e-11	1.397589702589e-11
-1.174000000000e-06	2.986640409468e-12	-4.892836819363e-11	1.693139110759e-11
-1.173000000000e-06	9.711554421367e-12	-4.446400645276e-11	6.466948986126e-12
-1.172000000000e-06	3.731846531160e-12	-4.728388046481e-11	1.515914662228e-11
-1.171000000000e-06	4.791018014167e-12	-5.576931585820e-11	1.847664472679e-11
-1.170000000000e-06	8.768269131614e-12	-4.951580867671e-11	1.036092425482e-11
-1.169000000000e-06	5.753753543577e-12	-4.960961462780e-11	1.430778958775e-11
-1.168000000000e-06	7.455032973044e-12	-4.875649387827e-11	1.174224674505e-11
-1.167000000000e-06	4.612976307906e-12	-5.049104945587e-11	1.603597071041e-11
-1.166000000000e-06	5.679265016455e-12	-5.128870297251e-11	1.529532368958e-11
-1.165000000000e-06	9.796655500763e-12	-5.624597184876e-11	1.300959998331e-11
-1.164000000000e-06	6.956656605377e-12	-4.892243531574e-11	1.282113736130e-11
-1.163000000000e-06	4.713845182347e-12	-4.555634509973e-11	1.360383325047e-11
-1.162000000000e-06	5.563935743366e-12	-5.003151012034e-11	1.480686100561e-11
-1.161000000000e-06	1.111178097810e-11	-4.903516375458e-11	7.704081465376e-12
-1.160000000000e-06	5.394196422576e-12	-5.362254180449e-11	1.707362558696e-11
-1.159000000000e-06	9.379318808390e-12	-5.838460568647e-11	1.472877571176e-11
-1.158000000000e-06	8.548815324831e-12	-5.097588684229e-11	1.202527951836e-11
-1.157000000000e-06	5.992802950011e-12	-5.390805615330e-11	1.669611228016e-11
-1.156000000000e-06	7.357524028518e-12	-4.930609271492e-11	1.251370331917e-11
-1.155000000000e-06	4.224306019763e-12	-4.347836436799e-11	1.339363072353e-11
-1.154000000000e-06	1.578468813302e-12	-5.006417286091e-11	2.028623557656e-11
-1.153000000000e-06	8.061037139431e-12	-4.773862531425e-11	1.105489603298e-11
-1.152000000000e-06	8.521111627580e-12	-5.660315773207e-11	1.548556309124e-11
-1.151000000000e-06	4.635710617716e-12	-4.796244120556e-11	1.527265603582e-11
-1.150000000000e-06	5.237567740147e-12	-5.309419025183e-11	1.791069520459e-11
-1.149000000000e-06	6.524138452749e-12	-5.068802132053e-11	1.469605240103e-11
-1.148000000000e-06	1.838643556430e-12	-4.425436137790e-11	1.687127272197e-11
-1.147000000000e-06	1.140859305481e-11	-4.737538747642e-11	7.452926648920e-12
-1.146000000000e-06	5.780216900211e-12	-5.256789455160e-11	1.667153434561e-11
-1.145000000000e-06	1.039562233745e-11	-4.796909471623e-11	8.680734417594e-12
-1.144000000000e-06	4.672302042448e-12	-5.307081000146e-11	1.842827251182e-11
-1.143000000000e-06	8.389963178281e-12	-5.167668704205e-11	1.342010152284e-11
-1.142000000000e-06	9.398032667135e-12	-4.806014718213e-11	1.005261671349e-11
-1.141000000000e-06	7.691498280976e-12	-5.477777048841e-11	1.600951581171e-11
-1.140000000000e-06	6.962835970496e-12	-4.631534033466e-11	1.232096602967e-11
-1.139000000000e-06	6.109691670021e-12	-4.872663989077e-11	1.464593674228e-11
-1.138000000000e-06	2.683637551507e-12	-3.889538758769e-11	1.362859212393e-11
-1.137000000000e-06	7.950363523504e-12	-5.159542882720e-11	1.410284476147e-11
-1.136000000000e-06	7.230442447318e-12	-5.058489892576e-11	1.449028098494e-11
-1.135000000000e-06	6.515556922850e-12	-4.298779419085e-11	1.104322198210e-11
-1.134000000000e-06	6.354980797987e-12	-4.764843570717e-11	1.398440371619e-11
-1.133000000000e-06	5.598569653830e-12	-4.764798652785e-11	1.493186305893e-11
-1.132000000000e-06	4.755802586814e-12	-4.692172864643e-11	1.585934795828e-11
-1.131000000000e-06	7.462161011849e-12	-4.870152376382e-11	1.329844946177e-11
-1.130000000000e-06	9.825303353351e-12	-5.075246776464e-11	1.140875377870e-11
-1.129000000000e-06	8.347453565829e-12	-4.709014130031e-11	1.175105888907e-11
-1.128000000000e-06	4.056794782481e-12	-4.238100632339e-11	1.422409131751e-11
-1.127000000000e-06	5.689589680062e-12	-4.326144902395e-11	1.249674193456e-11
-1.126000000000e-06	6.885285276505e-12	-4.660172074922e-11	1.325689297737e-11
-1.125000000000e-06	7.049228920679e-12	-4.768364585781e-11	1.346952216782e-11
-1.124000000000e-06	6.135671049069e-12	-4.337397668934e-11	1.235912760604e-11
-1.123000000000e-06	7.469432458895e-12	-4.728400278251e-11	1.281092026460e-11
-1.122000000000e-06	3.720996669608e-12	-4.646691742677e-11	1.718492727851e-11
-1.121000000000e-06	7.785664467749e-12	-4.550123576840e-11	1.174698106974e-11
-1.120000000000e-06	6.946133267358e-12	-4.351738295931e-11	1.182950074094e-11
-1.119000000000e-06	8.112452000943e-12	-4.594276641635e-11	1.159072018754e-11
-1.118000000000e-06	4.347324881371e-12	-4.428990938392e-11	1.557098911117e-11
-1.117000000000e-06	6.320275788675e-12	-4.209384589804e-11	1.172028522240e-11
-1.116000000000e-06	1.651808440970e-12	-3.974844400861e-11	1.603255773581e-11
-1.115000000000e-06	3.576836530992e-12	-3.996608096543e-11	1.404692367621e-11
-1.114000000000e-06	7.844778402539e-12	-4.324281755211e-11	1.100599299454e-11
-1.113000000000e-06	8.526068121829e-12	-4.760201493639e-11	1.231378374191e-11
-1.112000000000e-06	4.901063553736e-12	-4.293175705192e-11	1.427922345040e-11
-1.111000000000e-06	4.543981994514e-12	-3.814672792014e-11	1.193094998929e-11
-1.110000000000e-06	3.415846857919e-12	-4.194019278666e-11	1.560240910221e-11
-1.109000000000e-06	5.353596828931e-12	-3.837942355251e-11	1.110438675780e-11
-1.108000000000e-06	7.319445572409e-12	-4.200405963141e-11	1.108817163476e-11
-1.107000000000e-06	6.703125184989e-12	-4.241180447854e-11	1.172039615051e-11
-1.106000000000e-06	5.177696825512e-12	-4.028680779429e-11	1.272233395997e-11
-1.105000000000e-06	5.960562606432e-12	-5.050564317894e-11	1.756252623723e-11
-1.104000000000e-06	5.605831686227e-12	-3.557940951620e-11	9.287902777219e-12
-1.103000000000e-06	4.462732560477e-12	-3.735616505394e-11	1.193499736544e-11
-1.102000000000e-06	5.905331357136e-12	-4.197930640675e-11	1.304823224250e-11
-1.101000000000e-06	3.711224463706e-12	-3.666565662406e-11	1.230179945855e-11
-1.100000000000e-06	8.265674598592e-12	-4.111704204289e-11	9.988607316943e-12
-1.099000000000e-06	7.107989973658e-12	-4.466995991522e-11	1.295387832862e-11
-1.098000000000e-06	5.876075329023e-12	-3.946146568526e-11	1.173253654014e-11
-1.097000000000e-06	7.548795617415e-12	-4.084338742765e-11	1.052041871682e-11
-1.096000000000e-06	7.015691152327e-12	-4.048268215790e-11	1.103826036798e-11
-1.095000000000e-06	1.078017951208e-12	-3.482129494799e-11	1.488355539599e-11
-1.094000000000e-06	7.573724808931e-12	-3.875335888249e-11	9.554458443533e-12
-1.093000000000e-06	4.623432197195e-12	-3.881907500172e-11	1.307608658322e-11
-1.092000000000e-06	5.247764199550e-12	-4.038229544301e-11	1.328389153241e-11
-1.091000000000e-06	2.386753170708e-12	-3.867226220912e-11	1.543105112329e-11
-1.090000000000e-06	5.112674624830e-12	-4.091505549401e-11	1.384971767411e-11
-1.089000000000e-06	7.508839584609e-12	-3.410804436000e-11	7.153191260743e-12
-1.088000000000e-06	4.517064639527e-12	-3.663705827027e-11	1.230031584405e-11
-1.087000000000e-06	6.599607817766e-12	-3.831089718906e-11	1.070411941642e-11
-1.086000000000e-06	4.918528248437e-12	-3.544395855079e-11	1.096849523178e-11
-1.085000000000e-06	3.063790083046e-12	-3.522398208818e-11	1.310966202423e-11
-1.084000000000e-06	5.573407455264e-12	-3.692833943377e-11	1.103633230523e-11
-1.083000000000e-06	8.130362050610e-12	-3.358212178083e-11	6.127666264545e-12
-1.082000000000e-06	6.467903818919e-12	-4.014005198794e-11	1.211575989823e-11
-1.081000000000e-06	4.871850529906e-12	-3.469473236220e-11	1.078174111992e-11
-1.080000000000e-06	3.739866926295e-12	-3.812523725348e-11	1.432201073829e-11
-1.079000000000e-06	4.410685050825e-12	-3.641984648911e-11	1.255424137310e-11
-1.078000000000e-06	9.437383694734e-12	-3.703294934530e-11	7.020353658013e-12
-1.077000000000e-06	9.078218690259e-12	-3.828826374296e-11	8.179848919723e-12
-1.076000000000e-06	4.350343893497e-12	-3.703054886207e-11	1.296649631124e-11
-1.075000000000e-06	7.176816295699e-12	-3.319386319829e-11	7.565273794835e-12
-1.074000000000e-06	2.640130641147e-12	-3.332161681788e-11	1.283919824689e-11
-1.073000000000e-06	5.261908778702e-12	-3.172016141133e-11	8.906451319587e-12
-1.072000000000e-06	4.303703235596e-12	-2.909814159015e-11	8.696081647153e-12
-1.071000000000e-06	5.480141743861e-12	-3.408013830658e-11	1.017858744321e-11
-1.070000000000e-06	6.387406104924e-12	-3.919740933104e-11	1.207254514276e-11
-1.069000000000e-06	6.566084180481e-12	-3.544434062507e-11	9.810297575184e-12
-1.068000000000e-06	4.926640178849e-12	-2.905684743057e-11	7.803692662143e-12
-1.067000000000e-06	4.887502756243e-12	-3.264055085491e-11	1.016873776139e-11
-1.066000000000e-06	3.426003379379e-12	-2.822188294745e-11	9.480049642719e-12
-1.065000000000e-06	3.552152559823e-12	-3.250604787772e-11	1.190457893099e-11
-1.064000000000e-06	6.899189665487e-12	-3.406772858152e-11	8.724485098250e-12
-1.063000000000e-06	3.389482231003e-12	-3.482315457477e-11	1.353065381073e-11
-1.062000000000e-06	5.454745955441e-12	-2.753564366374e-11	6.797459629874e-12
-1.061000000000e-06	2.434162097002e-12	-2.825229779733e-11	1.106240267574e-11
-1.060000000000e-06	4.905806280599e-12	-2.902623339154e-11	8.274998034800e-12
-1.059000000000e-06	4.156871441824e-12	-3.030890692168e-11	1.005640406584e-11
-1.058000000000e-06	4.076908607776e-12	-2.516164774617e-11	7.021704331035e-12
-1.057000000000e-06	5.304212635509e-12	-3.147136485166e-11	9.457913010505e-12
-1.056000000000e-06	6.385247535212e-12	-3.295816276873e-11	8.679312970297e-12
-1.055000000000e-06	3.223956856637e-12	-3.436685310113e-11	1.380847852734e-11
-1.054000000000e-06	6.816206236836e-12	-2.701476574520e-11	5.113813849573e-12
-1.053000000000e-06	3.123129811730e-12	-2.546465593274e-11	8.791385433904e-12
-1.052000000000e-06	3.723358075538e-12	-2.696208879112e-11	8.505011695740e-12
-1.051000000000e-06	4.259316431227e-12	-2.770413524542e-11	8.596488364720e-12
-1.050000000000e-06	5.749598197839e-12	-3.350008170456e-11	1.006880124245e-11
-1.049000000000e-06	5.971192338027e-12	-3.135070178870e-11	8.822293350676e-12
-1.048000000000e-06	3.164002230750e-12	-2.562303274072e-11	8.573496909611e-12
-1.047000000000e-06	4.258444133397e-12	-2.890913133745e-11	9.580598917898e-12
-1.046000000000e-06	4.669080029616e-12	-2.989171551855e-11	1.013288448563e-11
-1.045000000000e-06	4.340227412939e-12	-2.646983304103e-11	7.578638221275e-12
-1.044000000000e-06	2.892374549755e-12	-2.613749484499e-11	9.703573216552e-12
-1.043000000000e-06	2.007540606300e-12	-2.447634869040e-11	9.537050877539e-12
-1.042000000000e-06	2.815449877907e-12	-2.404794617869e-11	8.487110257153e-12
-1.041000000000e-06	2.450247534877e-12	-2.382028381846e-11	8.779738267350e-12
-1.040000000000e-06	3.126719460119e-12	-2.573144569346e-11	9.013143654051e-12
-1.039000000000e-06	7.268900370137e-12	-2.955183747260e-11	6.485268902476e-12
-1.038000000000e-06	4.230405791074e-12	-2.714282068024e-11	8.637273434288e-12
-1.037000000000e-06	2.818809054003e-12	-2.534499721134e-11	9.334913228707e-12
-1.036000000000e-06	5.123148361840e-12	-2.838093330385e-11	8.483747085975e-12
-1.035000000000e-06	5.413536786390e-12	-2.722427731271e-11	7.743689297132e-12
-1.034000000000e-06	2.081167744559e-13	-2.165034927978e-11	1.061675789491e-11
-1.033000000000e-06	3.946334531339e-12	-2.638888384355e-11	8.728160220044e-12
-1.032000000000e-06	2.612241537634e-12	-2.509249939414e-11	9.723825562985e-12
-1.031000000000e-06	3.923587733487e-12	-2.354465232944e-11	7.112222301762e-12
-1.030000000000e-06	3.211236848050e-12	-2.712495441467e-11	1.011709938627e-11
-1.029000000000e-06	5.739942482915e-12	-2.580664502889e-11	6.389648952702e-12
-1.028000000000e-06	1.707901092583e-12	-2.505367758418e-11	1.090806910814e-11
-1.027000000000e-06	1.752087609874e-12	-2.219004078075e-11	8.790574182279e-12
-1.026000000000e-06	6.046778833510e-12	-2.525803030147e-11	5.893834975197e-12
-1.025000000000e-06	1.450670259156e-12	-2.143215956054e-11	8.863688943671e-12
-1.024000000000e-06	3.565027399258e-12	-2.233196120680e-11	7.054854159818e-12
-1.023000000000e-06	6.656035412411e-12	-2.759199935884e-11	6.694779861712e-12
-1.022000000000e-06	3.356669925068e-12	-2.475728868889e-11	9.014740186450e-12
-1.021000000000e-06	4.741150584524e-13	-1.839838710445e-11	8.196435274870e-12
-1.020000000000e-06	5.551726630523e-12	-2.589911128680e-11	7.270242818047e-12
-1.019000000000e-06	5.287316296477e-12	-2.613755777487e-11	7.786896176147e-12
-1.018000000000e-06	2.854768279931e-12	-1.942856968280e-11	6.181588640744e-12
-1.017000000000e-06	-5.418511217245e-13	-2.051369831147e-11	1.038678531680e-11
-1.016000000000e-06	4.687235631721e-12	-2.555574576520e-11	8.219066607118e-12
-1.015000000000e-06	2.439505463625e-13	-2.087550864605e-11	1.000753047285e-11
-1.014000000000e-06	3.715286368432e-12	-2.253352802346e-11	7.186380242631e-12
-1.013000000000e-06	4.799514009640e-12	-1.832273492261e-11	3.196619033182e-12
-1.012000000000e-06	3.737828065051e-12	-2.266037382725e-11	7.545673739491e-12
-1.011000000000e-06	3.064434266560e-12	-2.083714137356e-11	7.034445163697e-12
-1.010000000000e-06	1.754811186042e-12	-2.262336205853e-11	9.831895569957e-12
-1.009000000000e-06	4.417677877263e-12	-1.678303731845e-11	3.130853498723e-12
