4.610000000000e-07	0.000000000000e+00	0.000000000000e+00	0.000000000000e+00
4.620000000000e-07	0.000000000000e+00	0.000000000000e+00	0.000000000000e+00
4.630000000000e-07	0.000000000000e+00	0.000000000000e+00	0.000000000000e+00
4.640000000000e-07	0.000000000000e+00	0.000000000000e+00	0.000000000000e+00
4.650000000000e-07	0.000000000000e+00	0.000000000000e+00	0.000000000000e+00
4.660000000000e-07	0.000000000000e+00	0.000000000000e+00	0.000000000000e+00
4.670000000000e-07	0.000000000000e+00	0.000000000000e+00	0.000000000000e+00
4.680000000000e-07	0.000000000000e+00	0.000000000000e+00	0.000000000000e+00
4.690000000000e-07	0.000000000000e+00	0.000000000000e+00	0.000000000000e+00
4.700000000000e-07	0.000000000000e+00	0.000000000000e+00	0.000000000000e+00
4.710000000000e-07	0.000000000000e+00	0.000000000000e+00	0.000000000000e+00
4.720000000000e-07	0.000000000000e+00	0.000000000000e+00	0.000000000000e+00
4.730000000000e-07	0.000000000000e+00	0.000000000000e+00	0.000000000000e+00
4.740000000000e-07	0.000000000000e+00	0.000000000000e+00	0.000000000000e+00
4.750000000000e-07	0.000000000000e+00	0.000000000000e+00	0.000000000000e+00
4.760000000000e-07	0.000000000000e+00	0.000000000000e+00	0.000000000000e+00
4.770000000000e-07	0.000000000000e+00	0.000000000000e+00	0.000000000000e+00
4.780000000000e-07	0.000000000000e+00	0.000000000000e+00	0.000000000000e+00
4.790000000000e-07	0.000000000000e+00	0.000000000000e+00	0.000000000000e+00
4.800000000000e-07	0.000000000000e+00	0.000000000000e+00	0.000000000000e+00
4.810000000000e-07	0.000000000000e+00	0.000000000000e+00	0.000000000000e+00
4.820000000000e-07	0.000000000000e+00	0.000000000000e+00	0.000000000000e+00
4.830000000000e-07	0.000000000000e+00	0.000000000000e+00	0.000000000000e+00
4.840000000000e-07	0.000000000000e+00	0.000000000000e+00	0.000000000000e+00
4.850000000000e-07	0.000000000000e+00	0.000000000000e+00	0.000000000000e+00
4.860000000000e-07	0.000000000000e+00	0.000000000000e+00	0.000000000000e+00
4.870000000000e-07	0.000000000000e+00	0.000000000000e+00	0.000000000000e+00
4.880000000000e-07	0.000000000000e+00	0.000000000000e+00	0.000000000000e+00
4.890000000000e-07	0.000000000000e+00	0.000000000000e+00	0.000000000000e+00
4.900000000000e-07	0.000000000000e+00	0.000000000000e+00	0.000000000000e+00
4.910000000000e-07	0.000000000000e+00	0.000000000000e+00	0.000000000000e+00
4.920000000000e-07	0.000000000000e+00	0.000000000000e+00	0.000000000000e+00
4.930000000000e-07	0.000000000000e+00	0.000000000000e+00	0.000000000000e+00
4.940000000000e-07	0.000000000000e+00	0.000000000000e+00	0.000000000000e+00
4.950000000000e-07	0.000000000000e+00	0.000000000000e+00	0.000000000000e+00
4.960000000000e-07	0.000000000000e+00	0.000000000000e+00	0.000000000000e+00
4.970000000000e-07	0.000000000000e+00	0.000000000000e+00	0.000000000000e+00
4.980000000000e-07	0.000000000000e+00	0.000000000000e+00	0.000000000000e+00
4.990000000000e-07	0.000000000000e+00	0.000000000000e+00	0.000000000000e+00
5.000000000000e-07	0.000000000000e+00	0.000000000000e+00	0.000000000000e+00
5.010000000000e-07	0.000000000000e+00	0.000000000000e+00	0.000000000000e+00
5.020000000000e-07	0.000000000000e+00	0.000000000000e+00	0.000000000000e+00
5.030000000000e-07	0.000000000000e+00	0.000000000000e+00	0.000000000000e+00
5.040000000000e-07	0.000000000000e+00	0.000000000000e+00	0.000000000000e+00
5.050000000000e-07	0.000000000000e+00	0.000000000000e+00	0.000000000000e+00
5.060000000000e-07	0.000000000000e+00	0.000000000000e+00	0.000000000000e+00
5.070000000000e-07	0.000000000000e+00	0.000000000000e+00	0.000000000000e+00
5.080000000000e-07	0.000000000000e+00	0.000000000000e+00	0.000000000000e+00
5.090000000000e-07	0.000000000000e+00	0.000000000000e+00	0.000000000000e+00
5.100000000000e-07	0.000000000000e+00	0.000000000000e+00	0.000000000000e+00
5.110000000000e-07	0.000000000000e+00	0.000000000000e+00	0.000000000000e+00
5.120000000000e-07	0.000000000000e+00	0.000000000000e+00	0.000000000000e+00
5.130000000000e-07	0.000000000000e+00	0.000000000000e+00	0.000000000000e+00
5.140000000000e-07	0.000000000000e+00	0.000000000000e+00	0.000000000000e+00
5.150000000000e-07	0.000000000000e+00	0.000000000000e+00	0.000000000000e+00
5.160000000000e-07	0.000000000000e+00	0.000000000000e+00	0.000000000000e+00
5.170000000000e-07	0.000000000000e+00	0.000000000000e+00	0.000000000000e+00
5.180000000000e-07	-2.090402552123e-16	1.138078907225e-15	-6.771044274827e-17
5.190000000000e-07	-2.516236962462e-14	3.421734149833e-14	2.482545306109e-14
5.200000000000e-07	4.322673872672e-14	8.372867755550e-14	-1.027884212132e-13
5.210000000000e-07	7.462196186651e-15	-6.905710666456e-14	2.287313966988e-14
5.220000000000e-07	2.482088386558e-14	-1.406995012487e-14	-3.183377144394e-14
5.230000000000e-07	-8.929437689026e-14	5.407812517793e-13	-7.080350274414e-14
5.240000000000e-07	-4.117384072638e-13	1.966722630974e-12	-1.421678664892e-13
5.250000000000e-07	-5.674818667598e-13	4.615918325614e-12	-8.941268738077e-13
5.260000000000e-07	-2.320176168039e-12	1.262766416220e-11	-1.382551919762e-12
5.270000000000e-07	-6.031330546522e-12	3.228077279350e-11	-3.465904308759e-12
5.280000000000e-07	-1.533886957237e-11	7.732631541800e-11	-7.177577022084e-12
5.290000000000e-07	-4.131138402917e-11	2.418464979796e-10	-3.244893121604e-11
5.300000000000e-07	-4.103248367414e-11	2.823049225378e-10	-4.828587740935e-11
5.310000000000e-07	-5.445015405635e-11	3.721830191311e-10	-6.344796552301e-11
5.320000000000e-07	-8.442823740656e-11	5.723274020968e-10	-9.741329798864e-11
5.330000000000e-07	-1.174828679247e-10	7.855537478809e-10	-1.331224929609e-10
5.340000000000e-07	-1.414746471695e-10	1.029646160221e-09	-1.943851677479e-10
5.350000000000e-07	-1.639149256753e-10	1.258257054757e-09	-2.532952481928e-10
5.360000000000e-07	-1.742405471656e-10	1.438993630770e-09	-3.118849582609e-10
5.370000000000e-07	-1.710622395978e-10	1.561238340854e-09	-3.678957308871e-10
5.380000000000e-07	-1.627522002127e-10	1.622104090004e-09	-4.077484522925e-10
5.390000000000e-07	-1.539851531455e-10	1.624828628996e-09	-4.255812552364e-10
5.400000000000e-07	-1.479390660405e-10	1.601765721026e-09	-4.297237469050e-10
5.410000000000e-07	-1.048707810050e-10	1.475569018413e-09	-4.444463225368e-10
5.420000000000e-07	-9.277655669083e-11	1.357832456400e-09	-4.183233834979e-10
5.430000000000e-07	-6.638600152685e-11	1.250193056563e-09	-4.155472982170e-10
5.440000000000e-07	-8.239601004255e-11	1.153447910951e-09	-3.573282625297e-10
5.450000000000e-07	-4.696342957623e-11	1.035651957778e-09	-3.622327592444e-10
5.460000000000e-07	-3.732279306078e-11	8.886840947574e-10	-3.182778977658e-10
5.470000000000e-07	-1.483868978346e-11	7.912035256563e-10	-3.121951451024e-10
5.480000000000e-07	-8.098838177167e-12	6.825875167036e-10	-2.788945317121e-10
5.490000000000e-07	9.138417440172e-14	6.393921828041e-10	-2.742341765136e-10
5.500000000000e-07	1.331345227627e-11	5.287327172110e-10	-2.481228331454e-10
5.510000000000e-07	7.620917900589e-12	4.520792718837e-10	-2.099952029882e-10
5.520000000000e-07	3.275691477489e-11	4.140373980067e-10	-2.300575614094e-10
5.530000000000e-07	2.963852238144e-11	3.578031264114e-10	-2.035563403265e-10
5.540000000000e-07	3.166949092721e-11	2.668988516952e-10	-1.687846658667e-10
5.550000000000e-07	4.445300866508e-11	2.609368253357e-10	-1.849182172985e-10
5.560000000000e-07	5.232572162636e-11	1.863740673269e-10	-1.651299835048e-10
5.570000000000e-07	5.740863726253e-11	1.510024974079e-10	-1.575106976089e-10
5.580000000000e-07	5.689021697670e-11	1.068707707323e-10	-1.387988941868e-10
5.590000000000e-07	5.950911020113e-11	5.392910226302e-11	-1.195681289380e-10
5.600000000000e-07	6.313290044750e-11	6.649374925002e-11	-1.311050601446e-10
5.610000000000e-07	6.056901055213e-11	4.723513129959e-12	-1.010570127542e-10
5.620000000000e-07	6.646284215867e-11	-3.610642894124e-11	-9.116691375754e-11
5.630000000000e-07	6.388080289191e-11	-2.285367017255e-11	-9.395993090323e-11
5.640000000000e-07	6.307858621775e-11	-4.855330568931e-11	-8.155296580583e-11
5.650000000000e-07	8.152916864005e-11	-7.694341445507e-11	-9.477582362761e-11
5.660000000000e-07	5.600580768285e-11	-9.828223322657e-11	-5.012737240518e-11
5.670000000000e-07	6.412320955422e-11	-1.051448386438e-10	-5.782654050616e-11
5.680000000000e-07	5.912469305046e-11	-1.130059451741e-10	-4.804424732332e-11
5.690000000000e-07	6.609923244945e-11	-1.338252642594e-10	-4.786353968911e-11
5.700000000000e-07	5.128443871128e-11	-1.614199973032e-10	-1.482262365938e-11
5.710000000000e-07	7.523148579127e-11	-1.722912144938e-10	-4.396929603833e-11
5.720000000000e-07	5.978484787259e-11	-1.722616269829e-10	-2.223844457611e-11
5.730000000000e-07	6.057703080310e-11	-2.020438941008e-10	-9.459579349870e-12
5.740000000000e-07	5.296709506157e-11	-2.006943353426e-10	4.984330229317e-13
5.750000000000e-07	5.268296941240e-11	-1.979879000852e-10	-5.055337339021e-14
5.760000000000e-07	4.889779476600e-11	-2.037428292218e-10	7.971872507571e-12
5.770000000000e-07	4.977157788299e-11	-2.239529161697e-10	1.612134289353e-11
5.780000000000e-07	4.003921204196e-11	-2.127759836858e-10	2.478338428223e-11
5.790000000000e-07	5.478212271979e-11	-2.203804438511e-10	7.942046477255e-12
5.800000000000e-07	3.623582171011e-11	-2.290555072134e-10	3.786041328451e-11
5.810000000000e-07	3.117301340961e-11	-2.209204200504e-10	4.212109416925e-11
5.820000000000e-07	4.352910224324e-11	-2.388024599101e-10	3.289775049975e-11
5.830000000000e-07	2.904510281259e-11	-2.263110142629e-10	4.780048082109e-11
5.840000000000e-07	3.349665489375e-11	-2.359413829953e-10	4.598648212730e-11
5.850000000000e-07	2.335630834996e-11	-2.494246284373e-10	6.779866168014e-11
5.860000000000e-07	3.536196575462e-11	-2.372829845262e-10	4.466585919276e-11
5.870000000000e-07	1.933194536612e-11	-2.396133311607e-10	6.886533079551e-11
5.880000000000e-07	2.892198244365e-11	-2.365802861670e-10	5.346439847237e-11
5.890000000000e-07	2.413654085954e-11	-2.430499320496e-10	6.396998468977e-11
5.900000000000e-07	1.855139412084e-11	-2.443060223995e-10	7.322209317167e-11
5.910000000000e-07	2.236959487329e-11	-2.406359903559e-10	6.615493843232e-11
5.920000000000e-07	1.837949107751e-11	-2.462595004511e-10	7.462145529735e-11
5.930000000000e-07	1.972885325878e-11	-2.300618512105e-10	6.439882671140e-11
5.940000000000e-07	1.121195049044e-11	-2.374251423690e-10	8.112409206468e-11
5.950000000000e-07	2.013689479233e-11	-2.508010662212e-10	7.481431911001e-11
5.960000000000e-07	1.079728418018e-11	-2.389749358008e-10	8.339008224024e-11
5.970000000000e-07	1.262397436393e-11	-2.452441243417e-10	8.356415845463e-11
5.980000000000e-07	7.838439805273e-12	-2.320633384477e-10	8.382154980468e-11
5.990000000000e-07	1.249778196128e-11	-2.381272953046e-10	8.116405769231e-11
6.000000000000e-07	8.484007034671e-12	-2.278051578538e-10	8.150424477517e-11
6.010000000000e-07	7.929594786267e-12	-2.325945922316e-10	8.558073067331e-11
6.020000000000e-07	1.151124093632e-11	-2.223820784709e-10	7.604991359691e-11
6.030000000000e-07	5.673749126415e-12	-2.236927994646e-10	8.544053979700e-11
6.040000000000e-07	1.173947998518e-11	-2.274741608445e-10	7.882618391562e-11
6.050000000000e-07	3.345682128530e-12	-2.128329211645e-10	8.226001654210e-11
6.060000000000e-07	1.060649731484e-12	-2.122019370693e-10	8.682936284172e-11
6.070000000000e-07	2.648444419747e-12	-2.088353156243e-10	8.250667052116e-11
6.080000000000e-07	5.717859527650e-12	-2.156973153208e-10	8.281355403867e-11
6.090000000000e-07	3.956342152434e-14	-2.044854312693e-10	8.544902266500e-11
6.100000000000e-07	6.578297387646e-12	-2.077774969628e-10	7.845106015665e-11
6.110000000000e-07	4.246739808845e-12	-2.145468836749e-10	8.530110022784e-11
6.120000000000e-07	3.585103081310e-12	-1.994346634720e-10	7.862279923581e-11
6.130000000000e-07	1.401704281187e-12	-1.961517117613e-10	8.011655257017e-11
6.140000000000e-07	3.861391308603e-12	-1.916654142828e-10	7.504215891869e-11
6.150000000000e-07	1.865550660674e-12	-2.007479776236e-10	8.332014015376e-11
6.160000000000e-07	9.752193471362e-13	-1.995351648724e-10	8.466888494741e-11
6.170000000000e-07	1.846094688726e-12	-1.866139913477e-10	7.546108514621e-11
6.180000000000e-07	-3.676724205802e-12	-1.858041834754e-10	8.380240659353e-11
6.190000000000e-07	1.051257971430e-12	-1.819963447854e-10	7.566275257945e-11
6.200000000000e-07	4.453338404980e-12	-1.877470570200e-10	7.472046535036e-11
6.210000000000e-07	2.234841503411e-12	-1.791059386191e-10	7.244923842159e-11
6.220000000000e-07	1.254058397533e-12	-1.712372007549e-10	7.142009701186e-11
6.230000000000e-07	4.925741035216e-13	-1.705023749000e-10	7.160943188969e-11
6.240000000000e-07	3.621750997143e-12	-1.860634783827e-10	7.584294500336e-11
6.250000000000e-07	1.299165052802e-12	-1.741240981077e-10	7.331016754594e-11
6.260000000000e-07	2.734453567830e-12	-1.702173379441e-10	6.974819635249e-11
6.270000000000e-07	4.554277633498e-12	-1.640285870251e-10	6.425784205769e-11
6.280000000000e-07	2.686684598149e-13	-1.666921238846e-10	7.048793507931e-11
6.290000000000e-07	5.365001755537e-12	-1.645049979913e-10	6.407250454092e-11
6.300000000000e-07	-1.686676667585e-12	-1.583549474834e-10	7.068875946500e-11
6.310000000000e-07	9.417116959513e-13	-1.470301867563e-10	6.102398801396e-11
6.320000000000e-07	8.147833403317e-12	-1.608073319676e-10	5.968529583518e-11
6.330000000000e-07	3.906578332495e-12	-1.549736861041e-10	6.188015642322e-11
6.340000000000e-07	-2.418933310644e-12	-1.384679372327e-10	6.205974068579e-11
6.350000000000e-07	2.950480034821e-12	-1.559500908543e-10	6.402716836461e-11
6.360000000000e-07	4.570471858328e-14	-1.397962467788e-10	6.040740998258e-11
6.370000000000e-07	-6.539406812509e-13	-1.438278941859e-10	6.326990721939e-11
6.380000000000e-07	-1.786337705660e-12	-1.404223068924e-10	6.372237768214e-11
6.390000000000e-07	2.466196189117e-12	-1.411622299131e-10	5.764004631272e-11
6.400000000000e-07	3.468582969152e-12	-1.315607352294e-10	5.225906451591e-11
6.410000000000e-07	3.447002066641e-12	-1.325977084693e-10	5.234282159757e-11
6.420000000000e-07	-3.739469486327e-12	-1.282321247026e-10	6.048093193265e-11
6.430000000000e-07	3.115606272087e-12	-1.367526355907e-10	5.716642753433e-11
6.440000000000e-07	1.114946536631e-12	-1.264680804562e-10	5.398657537764e-11
6.450000000000e-07	5.835902339468e-13	-1.260838859637e-10	5.398742966041e-11
6.460000000000e-07	2.956062059855e-12	-1.183506451316e-10	4.729890313651e-11
6.470000000000e-07	1.437218919902e-12	-1.250483145463e-10	5.318923697622e-11
6.480000000000e-07	2.906299904778e-12	-1.197216658879e-10	4.810705077470e-11
6.490000000000e-07	8.188135678438e-13	-1.130681291103e-10	4.767099647014e-11
6.500000000000e-07	3.649498017980e-12	-1.184887257847e-10	4.690321739045e-11
6.510000000000e-07	1.320910158952e-12	-1.153888073186e-10	5.013900586725e-11
6.520000000000e-07	-1.103592685912e-12	-1.167949165682e-10	5.372604736505e-11
6.530000000000e-07	-7.757784352281e-13	-1.096593865356e-10	4.917433022039e-11
6.540000000000e-07	6.830122608879e-13	-1.104692578418e-10	4.817859718636e-11
6.550000000000e-07	3.653762372260e-13	-1.040719143375e-10	4.509721216074e-11
6.560000000000e-07	5.471688193675e-13	-1.026789575692e-10	4.352713546613e-11
6.570000000000e-07	2.835157895811e-13	-1.054346487167e-10	4.668780740094e-11
6.580000000000e-07	-4.087606638041e-13	-1.025644712828e-10	4.645010764209e-11
6.590000000000e-07	6.312515570152e-12	-1.064116717733e-10	3.955763281027e-11
6.600000000000e-07	-3.147583325802e-12	-9.029887468733e-11	4.296012345631e-11
6.610000000000e-07	1.232895369909e-13	-9.754443758927e-11	4.390956616802e-11
6.620000000000e-07	2.835347334080e-12	-9.889847675767e-11	4.002265418021e-11
6.630000000000e-07	1.495128002942e-12	-8.767291843386e-11	3.540415042269e-11
6.640000000000e-07	-3.353788588500e-12	-9.228069299283e-11	4.604226108099e-11
6.650000000000e-07	4.001247460422e-12	-9.281331211556e-11	3.523952594417e-11
6.660000000000e-07	-5.157351581914e-13	-9.157882017458e-11	4.235039848895e-11
6.670000000000e-07	-2.052409339921e-12	-8.436953716422e-11	3.980389336785e-11
6.680000000000e-07	1.213389454646e-12	-8.813384698996e-11	3.792564119434e-11
6.690000000000e-07	2.552032046060e-12	-8.687571571073e-11	3.507849039454e-11
6.700000000000e-07	2.293205311762e-12	-8.696785811651e-11	3.466631731115e-11
6.710000000000e-07	2.510545058333e-12	-8.261552515799e-11	3.412514098483e-11
6.720000000000e-07	3.488432787862e-14	-8.430254494288e-11	3.891423718144e-11
6.730000000000e-07	4.227547743447e-13	-7.661702465578e-11	3.288389613158e-11
6.740000000000e-07	2.652972099173e-13	-7.560897626098e-11	3.203334342971e-11
6.750000000000e-07	1.271829392538e-12	-8.117001358681e-11	3.547214078649e-11
6.760000000000e-07	2.028877425478e-12	-8.074411474375e-11	3.452054963001e-11
6.770000000000e-07	1.986949826627e-12	-7.390439333234e-11	2.928135104507e-11
6.780000000000e-07	-8.840118462079e-13	-7.117180818137e-11	3.291376138926e-11
6.790000000000e-07	3.226152616200e-12	-7.771410486713e-11	3.080803212169e-11
6.800000000000e-07	-3.902660046862e-13	-7.354048554594e-11	3.508848573729e-11
6.810000000000e-07	-1.818583277137e-12	-6.822762004221e-11	3.276346516059e-11
6.820000000000e-07	-1.123772880881e-12	-7.115531856399e-11	3.421488520548e-11
6.830000000000e-07	3.681136564735e-13	-6.323469277632e-11	2.690126664754e-11
6.840000000000e-07	8.983236605087e-13	-6.688456613121e-11	2.914659635079e-11
6.850000000000e-07	6.723725855118e-13	-6.803568820744e-11	3.022969984880e-11
6.860000000000e-07	-4.636697610471e-13	-6.677375867691e-11	3.043832123082e-11
6.870000000000e-07	9.591225420895e-13	-6.534346536778e-11	2.815608630422e-11
6.880000000000e-07	5.203928407253e-12	-6.528420815343e-11	2.294017890967e-11
6.890000000000e-07	8.790710054911e-13	-6.748012950671e-11	3.050605614833e-11
6.900000000000e-07	-1.599804245084e-12	-6.031327354597e-11	2.924427696099e-11
6.910000000000e-07	2.176985249623e-12	-6.011986085332e-11	2.316042450502e-11
6.920000000000e-07	9.336898480871e-13	-5.812574071372e-11	2.404151708724e-11
6.930000000000e-07	-9.467690774577e-13	-5.202255549210e-11	2.345552641229e-11
6.940000000000e-07	1.794917260793e-12	-6.226951148851e-11	2.684099909603e-11
6.950000000000e-07	2.383660831161e-12	-6.041842289461e-11	2.513221745812e-11
6.960000000000e-07	-5.985765558442e-13	-5.825967512681e-11	2.763216961643e-11
6.970000000000e-07	3.005209173358e-12	-5.837253288989e-11	2.381010886270e-11
6.980000000000e-07	-1.240645179273e-13	-5.089869018101e-11	2.258358848352e-11
6.990000000000e-07	-2.993750628599e-13	-5.543784975755e-11	2.680802651103e-11
7.000000000000e-07	3.130002181983e-12	-5.343208756305e-11	2.004849076831e-11
7.010000000000e-07	-6.124442051478e-13	-5.514888409381e-11	2.633505530242e-11
7.020000000000e-07	-4.196881247437e-13	-5.017566751178e-11	2.358770893236e-11
7.030000000000e-07	2.287134988785e-12	-5.091820108782e-11	1.942764543817e-11
7.040000000000e-07	1.182801641526e-12	-5.063661470406e-11	2.226462450684e-11
7.050000000000e-07	4.947114418528e-13	-4.901352674980e-11	2.104882774660e-11
7.060000000000e-07	-6.274206281218e-13	-4.910315646871e-11	2.359961319667e-11
7.070000000000e-07	5.051980846713e-13	-5.029671979959e-11	2.177371333458e-11
7.080000000000e-07	1.849054577307e-12	-4.718759666795e-11	1.869926554707e-11
7.090000000000e-07	3.424165713127e-12	-5.189484828870e-11	2.063837251918e-11
7.100000000000e-07	1.464560542698e-12	-4.858865096861e-11	2.144598380307e-11
7.110000000000e-07	4.827582732172e-13	-4.741743569182e-11	2.165130937271e-11
7.120000000000e-07	6.155024207508e-13	-4.590037427474e-11	2.118816803924e-11
7.130000000000e-07	1.872807352613e-12	-4.374445585449e-11	1.767520361203e-11
7.140000000000e-07	-2.723038963887e-12	-4.099976515052e-11	2.128928903009e-11
7.150000000000e-07	-1.009913087606e-12	-4.215187105239e-11	2.040260813951e-11
7.160000000000e-07	3.212511296959e-13	-4.208586582942e-11	1.960996430908e-11
7.170000000000e-07	3.799251528922e-13	-4.341387015881e-11	1.992085444181e-11
7.180000000000e-07	3.197075527778e-12	-4.343597215027e-11	1.625123776150e-11
7.190000000000e-07	-1.248415945109e-12	-3.569732259323e-11	1.712688918374e-11
7.200000000000e-07	8.884696616681e-13	-3.768553040521e-11	1.543396287767e-11
7.210000000000e-07	6.674074398413e-13	-4.105388555499e-11	1.913313870378e-11
7.220000000000e-07	-2.194592675357e-13	-4.014508449856e-11	1.739752006342e-11
7.230000000000e-07	-1.223169109369e-13	-3.369462471851e-11	1.458905595942e-11
7.240000000000e-07	1.611840747830e-12	-4.010583471603e-11	1.751389637477e-11
7.250000000000e-07	2.029469970341e-12	-3.746127951873e-11	1.499302255237e-11
7.260000000000e-07	1.805750726201e-12	-4.147089231584e-11	1.771797055075e-11
7.270000000000e-07	1.916634147302e-12	-3.694065232138e-11	1.455390637881e-11
7.280000000000e-07	-7.616212292738e-13	-3.536152429016e-11	1.792697750741e-11
7.290000000000e-07	-8.081362337953e-13	-3.451571395161e-11	1.694241341554e-11
7.300000000000e-07	-3.463283722863e-13	-3.528878967668e-11	1.690401550138e-11
7.310000000000e-07	5.382875351916e-13	-3.549526453972e-11	1.568124112313e-11
7.320000000000e-07	2.257544109307e-12	-3.469947530669e-11	1.392125044618e-11
7.330000000000e-07	1.228732451809e-12	-3.271566231039e-11	1.290348356599e-11
7.340000000000e-07	1.804521313798e-12	-3.425026180636e-11	1.355603562939e-11
7.350000000000e-07	-1.588900998619e-12	-3.188992911326e-11	1.665471346774e-11
7.360000000000e-07	1.713272437413e-12	-3.393259039415e-11	1.266356960866e-11
7.370000000000e-07	-2.709668504610e-12	-3.225425562624e-11	1.860014566499e-11
7.380000000000e-07	-1.498744296342e-12	-2.930134967788e-11	1.601058176081e-11
7.390000000000e-07	3.910492469653e-13	-2.926189843919e-11	1.289041451793e-11
7.400000000000e-07	2.047372387476e-12	-3.119781667653e-11	1.221163676261e-11
7.410000000000e-07	3.169849169311e-12	-3.156797149081e-11	1.103004139299e-11
7.420000000000e-07	-1.941209783111e-12	-2.778963929185e-11	1.499923601304e-11
7.430000000000e-07	-1.116500605108e-12	-2.589037012361e-11	1.309747054395e-11
7.440000000000e-07	2.534747678911e-13	-2.926938028924e-11	1.286015484735e-11
7.450000000000e-07	1.724383805423e-12	-2.956358654569e-11	1.123041810566e-11
7.460000000000e-07	-2.146249624572e-12	-2.642592444457e-11	1.525419050250e-11
7.470000000000e-07	1.339518094344e-12	-2.882207087191e-11	1.304892789815e-11
7.480000000000e-07	1.071567445038e-12	-2.710000573489e-11	1.129642653147e-11
7.490000000000e-07	2.531798171255e-12	-2.744570550630e-11	9.681599713207e-12
7.500000000000e-07	3.106902811558e-13	-2.501701559925e-11	1.140938400522e-11
7.510000000000e-07	-1.022014888560e-12	-2.543957115833e-11	1.388612090585e-11
7.520000000000e-07	1.505227289436e-12	-2.606696414942e-11	1.076137326699e-11
7.530000000000e-07	-4.288496958331e-13	-2.435630126325e-11	1.142844008949e-11
7.540000000000e-07	-1.002096730060e-12	-2.341185046168e-11	1.210322593640e-11
7.550000000000e-07	3.284567921526e-12	-2.520820885696e-11	7.173322362757e-12
7.560000000000e-07	-1.500948869765e-12	-2.335280530530e-11	1.354306337970e-11
7.570000000000e-07	2.182728281036e-13	-2.434362496402e-11	1.072843337738e-11
7.580000000000e-07	-2.261880185940e-13	-2.210853242620e-11	9.549084792397e-12
7.590000000000e-07	-7.112563901654e-13	-2.294605168474e-11	1.154054787497e-11
7.600000000000e-07	-5.782160266972e-13	-2.114094944409e-11	9.214304411073e-12
7.610000000000e-07	-3.846747406522e-13	-2.428892135329e-11	1.273640898918e-11
7.620000000000e-07	-7.198675380423e-13	-2.189864534423e-11	1.205754245501e-11
7.630000000000e-07	1.166617920090e-13	-2.251241225812e-11	1.059023617257e-11
7.640000000000e-07	-7.360386597392e-13	-2.138552364506e-11	1.099141018957e-11
7.650000000000e-07	-5.986960724534e-13	-2.296165745316e-11	1.182127643521e-11
7.660000000000e-07	6.249159829743e-13	-2.334272577647e-11	1.041585436560e-11
7.670000000000e-07	1.944915823665e-12	-1.955660609483e-11	5.772799902962e-12
7.680000000000e-07	2.017895730257e-13	-2.204046006591e-11	1.002996246443e-11
7.690000000000e-07	-4.093230304921e-13	-1.866463089350e-11	9.709200800663e-12
7.700000000000e-07	2.752548544548e-12	-2.167858299673e-11	7.677764294380e-12
7.710000000000e-07	2.481498385757e-13	-2.167921627768e-11	1.090646489755e-11
7.720000000000e-07	-8.498275300462e-13	-1.785685909717e-11	9.742439559461e-12
7.730000000000e-07	1.396863901538e-12	-1.872131300895e-11	6.255525242803e-12
7.740000000000e-07	1.311268688974e-13	-1.935055854640e-11	8.221255539178e-12
7.750000000000e-07	-5.523817420005e-13	-1.959226828910e-11	1.069941581493e-11
7.760000000000e-07	6.691808554502e-13	-1.945245207188e-11	8.725613685557e-12
7.770000000000e-07	-2.172599167052e-12	-1.930333379219e-11	1.191671970072e-11
7.780000000000e-07	1.377073426352e-12	-1.795818629954e-11	5.724198015304e-12
7.790000000000e-07	-7.976034116902e-13	-1.849623601475e-11	9.888469431334e-12
7.800000000000e-07	5.232543579008e-13	-1.971061545257e-11	8.269428008140e-12
7.810000000000e-07	-1.208041159568e-12	-1.790658882631e-11	1.014688882839e-11
7.820000000000e-07	3.374356179879e-13	-1.671451139205e-11	7.543324457973e-12
7.830000000000e-07	-1.502315335112e-13	-1.758823053973e-11	9.774569372818e-12
7.840000000000e-07	8.559746326139e-13	-1.838436518766e-11	7.508620011539e-12
7.850000000000e-07	1.137109053781e-12	-1.921903841977e-11	7.574276861698e-12
7.860000000000e-07	-1.118233813716e-12	-1.589071179413e-11	8.397662524604e-12
7.870000000000e-07	-1.645667338113e-12	-1.641085494210e-11	1.095266745012e-11
7.880000000000e-07	1.527135174352e-12	-1.953924231190e-11	7.890285230157e-12
7.890000000000e-07	1.414316312466e-12	-1.734920512862e-11	7.243729339374e-12
7.900000000000e-07	-1.144511999421e-13	-1.357798889683e-11	5.627512064834e-12
7.910000000000e-07	-1.790938988074e-13	-1.617010833554e-11	7.442642760555e-12
7.920000000000e-07	1.348883321012e-12	-1.663158173191e-11	7.092961870147e-12
7.930000000000e-07	1.404122601732e-12	-1.547949058509e-11	5.189651050032e-12
7.940000000000e-07	-9.344169887073e-13	-1.425518585949e-11	7.629723078230e-12
7.950000000000e-07	-1.033156471584e-12	-1.385703245249e-11	7.777990750104e-12
7.960000000000e-07	9.131829495902e-13	-1.667916050227e-11	7.276265887523e-12
7.970000000000e-07	-9.109406074753e-13	-1.517889590000e-11	8.584335477919e-12
7.980000000000e-07	1.309236905314e-12	-1.673617399885e-11	7.054736221138e-12
7.990000000000e-07	7.791476378167e-13	-1.555084643675e-11	6.548470365492e-12
8.000000000000e-07	-4.176441915263e-13	-1.614340762509e-11	9.462775464172e-12
8.010000000000e-07	9.654608885744e-13	-1.491026344574e-11	8.230224433193e-12
8.020000000000e-07	2.587983277392e-13	-1.216769864739e-11	4.409045656287e-12
8.030000000000e-07	-5.610106603264e-13	-1.378985576738e-11	7.278812700870e-12
8.040000000000e-07	6.165234477816e-13	-1.358442020228e-11	6.396131478010e-12
8.050000000000e-07	4.901399579217e-13	-1.391394224046e-11	6.482570166746e-12
8.060000000000e-07	-1.214561144101e-12	-1.268667016091e-11	7.476143274443e-12
8.070000000000e-07	1.235742486690e-12	-1.398282732986e-11	5.405961113189e-12
8.080000000000e-07	-2.009243417421e-12	-1.174177102357e-11	7.875900683183e-12
8.090000000000e-07	-3.580816945494e-13	-1.302413645686e-11	6.767265158017e-12
8.100000000000e-07	1.238632717970e-12	-1.462403627011e-11	5.921332225462e-12
8.110000000000e-07	-1.030785198724e-12	-1.103927279136e-11	5.008624240890e-12
8.120000000000e-07	-2.489811922952e-13	-1.330658464786e-11	7.296441203099e-12
8.130000000000e-07	2.494918304360e-13	-1.398873261631e-11	7.119286870306e-12
8.140000000000e-07	-1.425308508909e-12	-1.008547293036e-11	6.439049647546e-12
8.150000000000e-07	1.733520939065e-12	-1.125851387469e-11	2.810640885271e-12
8.160000000000e-07	1.675787720618e-12	-1.423664254301e-11	5.514407489730e-12
8.170000000000e-07	-3.281814102618e-13	-1.204468546652e-11	5.956315324667e-12
8.180000000000e-07	-4.875274270547e-13	-1.018620339013e-11	5.357582484000e-12
8.190000000000e-07	-4.379532152135e-13	-1.185659510796e-11	6.300528841426e-12
8.200000000000e-07	-1.399451541719e-13	-1.005448495647e-11	5.514101439504e-12
8.210000000000e-07	8.576899992817e-13	-1.383912216680e-11	6.069552031622e-12
8.220000000000e-07	-1.220084836156e-12	-9.235743941414e-12	5.105592291621e-12
8.230000000000e-07	2.389551910518e-13	-1.187131929207e-11	5.699697512364e-12
8.240000000000e-07	-1.306913239924e-13	-1.032926162985e-11	5.348659254068e-12
8.250000000000e-07	4.307623407843e-13	-1.002660779418e-11	4.532004854075e-12
8.260000000000e-07	-3.508129551223e-13	-1.192041495009e-11	6.847777463120e-12
8.270000000000e-07	4.393406005898e-13	-1.022233986751e-11	4.763944293410e-12
8.280000000000e-07	3.098555643536e-13	-1.224492412570e-11	6.569219797938e-12
8.290000000000e-07	-9.980765548164e-13	-8.373130759503e-12	4.959862087475e-12
8.300000000000e-07	-3.522709466879e-13	-1.024708201049e-11	5.478025995341e-12
8.310000000000e-07	1.250159665242e-13	-9.624584928581e-12	3.219770167974e-12
8.320000000000e-07	1.604405974036e-12	-8.903590136940e-12	2.440701622526e-12
8.330000000000e-07	-6.120403378864e-13	-9.722127417825e-12	5.423512305809e-12
8.340000000000e-07	-2.032600028826e-13	-1.233520291554e-11	7.384895953550e-12
8.350000000000e-07	3.843458231629e-13	-9.184372897276e-12	3.956652793546e-12
8.360000000000e-07	2.160118812954e-13	-9.437448875817e-12	4.800644525371e-12
8.370000000000e-07	4.170291662272e-13	-1.137403215569e-11	5.618381921930e-12
8.380000000000e-07	-1.280251224758e-13	-7.944188041424e-12	4.875414335757e-12
8.390000000000e-07	3.623844353110e-13	-8.450630018480e-12	3.760045678645e-12
8.400000000000e-07	-2.141749257355e-13	-9.321583320077e-12	4.554311429287e-12
8.410000000000e-07	1.679457656081e-12	-1.076345039316e-11	4.690384607610e-12
8.420000000000e-07	-3.641726978627e-14	-1.089547346697e-11	5.096961569489e-12
8.430000000000e-07	-3.844642548352e-13	-9.950913087267e-12	6.461635608107e-12
8.440000000000e-07	-2.216100485167e-13	-9.051326963765e-12	4.722346023032e-12
8.450000000000e-07	4.708779924703e-14	-8.336661241090e-12	3.613915496411e-12
8.460000000000e-07	-6.771926128345e-13	-9.088014154653e-12	5.942723049797e-12
8.470000000000e-07	-4.738594560963e-13	-8.732347077540e-12	5.310186909344e-12
8.480000000000e-07	3.531410451863e-13	-8.019805423058e-12	3.742934405882e-12
8.490000000000e-07	-1.040022644231e-13	-6.436565584364e-12	2.948831729936e-12
8.500000000000e-07	3.141705123372e-13	-9.442026598351e-12	4.741513629517e-12
8.510000000000e-07	-1.651937495876e-12	-7.031238011590e-12	4.963665677467e-12
8.520000000000e-07	1.026226263987e-12	-9.408856647359e-12	3.668009621955e-12
8.530000000000e-07	-3.812959518328e-13	-7.045335708573e-12	3.715891598985e-12
8.540000000000e-07	3.370148858611e-13	-8.161676034602e-12	3.620951159096e-12
8.550000000000e-07	-7.550740907795e-13	-6.756652849894e-12	2.586944292556e-12
8.560000000000e-07	6.415631710932e-13	-7.066025323777e-12	3.606679071719e-12
8.570000000000e-07	1.185380813710e-12	-9.886240374667e-12	3.177344621607e-12
8.580000000000e-07	1.956429507789e-13	-7.195306528028e-12	4.445128278865e-12
8.590000000000e-07	-1.402339275899e-13	-7.234746289497e-12	4.230873126808e-12
8.600000000000e-07	4.859156347884e-13	-7.768027135658e-12	2.987385288362e-12
8.610000000000e-07	-7.488090864440e-15	-8.617973191015e-12	5.522746336402e-12
8.620000000000e-07	5.643834482244e-13	-7.055857347170e-12	3.092811419668e-12
8.630000000000e-07	-5.747844419218e-13	-6.406228977582e-12	4.175997896603e-12
8.640000000000e-07	5.671428275762e-13	-6.974374302499e-12	3.658081480698e-12
8.650000000000e-07	-3.305205292697e-13	-5.682951336377e-12	3.661175591183e-12
8.660000000000e-07	-1.205715811577e-13	-7.372191346131e-12	4.261735059902e-12
8.670000000000e-07	7.198517466251e-13	-6.714044411220e-12	3.890888189804e-12
8.680000000000e-07	1.461916457812e-13	-7.552701527776e-12	4.305964574356e-12
8.690000000000e-07	8.964876985146e-13	-9.013889093317e-12	4.522616235311e-12
8.700000000000e-07	6.135929874567e-13	-6.244887438160e-12	2.324317200939e-12
8.710000000000e-07	-6.901253282917e-13	-7.012667022586e-12	4.390988817516e-12
8.720000000000e-07	-5.973196217604e-13	-7.672535853808e-12	4.387153337525e-12
8.730000000000e-07	-1.990395199634e-12	-4.854941394720e-12	4.712264506270e-12
8.740000000000e-07	3.948274428209e-13	-6.484930105289e-12	1.506020036598e-12
8.750000000000e-07	9.121357462518e-13	-8.684424301618e-12	4.408118148923e-12
8.760000000000e-07	-9.916949126578e-13	-5.051072383971e-12	3.543096721984e-12
8.770000000000e-07	4.799223092160e-13	-7.429751172958e-12	4.507573313619e-12
8.780000000000e-07	1.213804263363e-12	-7.382950095675e-12	2.319208685871e-12
8.790000000000e-07	-9.652449676546e-13	-6.036222385849e-12	4.689973938142e-12
8.800000000000e-07	-6.091038685471e-13	-5.583309462754e-12	2.795586591508e-12
8.810000000000e-07	1.058114524429e-13	-7.115699927452e-12	4.464674661099e-12
8.820000000000e-07	-3.536091772992e-13	-5.338705087720e-12	2.559075787290e-12
8.830000000000e-07	5.700491559668e-13	-6.936850404567e-12	3.916340856968e-12
8.840000000000e-07	-6.494832763912e-13	-5.500673145749e-12	2.846060998617e-12
8.850000000000e-07	3.611484483301e-13	-5.175402208813e-12	2.052709097993e-12
8.860000000000e-07	7.219849523723e-13	-5.612536766264e-12	1.511583730469e-12
8.870000000000e-07	7.587915138197e-13	-6.572564921882e-12	2.662168434045e-12
8.880000000000e-07	7.448638452774e-13	-6.957577165454e-12	2.153553317205e-12
8.890000000000e-07	-7.510858280732e-13	-6.681567883220e-12	4.991771491564e-12
8.900000000000e-07	-5.068505145071e-13	-4.272858161341e-12	2.503220967458e-12
8.910000000000e-07	-2.187530343829e-12	-5.538251161594e-12	5.585349396175e-12
8.920000000000e-07	-8.332778179661e-13	-3.336723129864e-12	1.843538801216e-12
8.930000000000e-07	2.402774531233e-13	-6.574292700970e-12	3.035830537708e-12
8.940000000000e-07	5.119710819863e-13	-5.803131228452e-12	3.518533230977e-12
8.950000000000e-07	4.017625403074e-14	-7.140543103332e-12	4.224774508633e-12
8.960000000000e-07	1.554244281777e-12	-8.402393514739e-12	3.954710518897e-12
8.970000000000e-07	4.217896925553e-14	-5.087439537605e-12	2.272458541472e-12
8.980000000000e-07	9.186701611053e-13	-4.907914303900e-12	1.931414687720e-12
8.990000000000e-07	-5.968139141207e-13	-4.724554196456e-12	2.453918080370e-12
9.000000000000e-07	8.198536054057e-13	-5.519233681355e-12	2.483278924085e-12
9.010000000000e-07	-6.201188631310e-13	-4.252760388837e-12	2.715662201526e-12
9.020000000000e-07	-3.362522616331e-13	-4.987553233517e-12	3.052356272160e-12
9.030000000000e-07	7.575607322848e-14	-4.111996695940e-12	2.508541402631e-12
9.040000000000e-07	-4.642802931119e-13	-4.456759704226e-12	2.039630751021e-12
9.050000000000e-07	-6.452093617593e-13	-3.999839891045e-12	2.433582596538e-12
9.060000000000e-07	3.787570496548e-14	-3.644068456015e-12	1.745765859574e-12
9.070000000000e-07	1.103462109286e-12	-7.313920311633e-12	3.420906696028e-12
9.080000000000e-07	5.021430283757e-14	-4.987156365410e-12	2.818768312086e-12
9.090000000000e-07	-1.504573302347e-12	-3.010349859349e-12	3.520170078859e-12
9.100000000000e-07	-1.049027722977e-12	-4.047714661708e-12	3.041875394485e-12
9.110000000000e-07	7.463624948628e-13	-3.499917851895e-12	3.947997243746e-13
9.120000000000e-07	9.341877356408e-13	-4.848957095843e-12	2.309518195467e-12
9.130000000000e-07	5.776587997882e-13	-4.544752742988e-12	9.529284010062e-13
9.140000000000e-07	5.813331892598e-13	-4.492465150534e-12	1.989429663952e-12
9.150000000000e-07	6.303255173451e-13	-4.258086885578e-12	1.660155656938e-12
9.160000000000e-07	1.085456205058e-12	-4.658248345168e-12	8.479580588771e-13
9.170000000000e-07	-5.904544508258e-13	-4.589696446181e-12	4.051878692697e-12
9.180000000000e-07	-1.256086152004e-12	-4.395340645048e-12	3.371194343771e-12
9.190000000000e-07	1.157760100441e-12	-5.869720910171e-12	1.735714158409e-12
9.200000000000e-07	-2.548945033098e-13	-2.670887720196e-12	2.354832355042e-12
9.210000000000e-07	-3.734614109971e-13	-5.705994211228e-12	4.140151779916e-12
9.220000000000e-07	-5.660294886739e-17	-2.929559285933e-12	8.459654307195e-13
9.230000000000e-07	4.577618988985e-13	-5.142526263442e-12	2.518852200866e-12
9.240000000000e-07	-1.002796422593e-13	-5.119994895009e-12	3.064421130960e-12
9.250000000000e-07	6.520915714218e-13	-4.357211522384e-12	1.086181241540e-12
9.260000000000e-07	2.560704292353e-13	-4.608869860925e-12	2.472192160637e-12
9.270000000000e-07	9.145781690630e-14	-3.252861301622e-12	9.133947078700e-13
9.280000000000e-07	-6.604061870135e-13	-4.851228176197e-12	3.465881413530e-12
9.290000000000e-07	1.599993523835e-12	-5.463866033642e-12	9.637658813129e-13
9.300000000000e-07	-3.391000897141e-13	-3.531659050658e-12	1.726572724410e-12
9.310000000000e-07	-1.059455080172e-12	-2.681844477388e-12	2.000166277124e-12
9.320000000000e-07	-9.766180564567e-13	-2.700529211310e-12	1.748764882220e-12
9.330000000000e-07	3.485087095475e-13	-4.257951090363e-12	2.739612093431e-12
9.340000000000e-07	-4.405401908705e-13	-4.193208128926e-12	3.382278076184e-12
9.350000000000e-07	9.529292927438e-13	-5.852058740843e-12	3.724408675052e-12
9.360000000000e-07	-1.048569103925e-12	-2.047323298818e-12	2.684148316717e-12
9.370000000000e-07	-5.444929361055e-13	-3.894888695713e-12	2.396660696577e-12
9.380000000000e-07	-1.037408554340e-12	-2.405247911941e-12	2.853811661544e-12
9.390000000000e-07	8.989137851662e-13	-4.057294951792e-12	2.209468065507e-12
9.400000000000e-07	2.585629648127e-13	-3.583412709671e-12	8.049161460521e-13
9.410000000000e-07	1.228949350771e-13	-4.399723302743e-12	2.386460158526e-12
9.420000000000e-07	-1.060795390698e-13	-3.510055878585e-12	3.020998938252e-12
