-1.591400000000e-06	0.000000000000e+00	0.000000000000e+00	0.000000000000e+00
-1.591200000000e-06	0.000000000000e+00	0.000000000000e+00	0.000000000000e+00
-1.591000000000e-06	0.000000000000e+00	0.000000000000e+00	0.000000000000e+00
-1.590800000000e-06	0.000000000000e+00	0.000000000000e+00	0.000000000000e+00
-1.590600000000e-06	0.000000000000e+00	0.000000000000e+00	0.000000000000e+00
-1.590400000000e-06	0.000000000000e+00	0.000000000000e+00	0.000000000000e+00
-1.590200000000e-06	0.000000000000e+00	0.000000000000e+00	0.000000000000e+00
-1.590000000000e-06	0.000000000000e+00	0.000000000000e+00	0.000000000000e+00
-1.589800000000e-06	0.000000000000e+00	0.000000000000e+00	0.000000000000e+00
-1.589600000000e-06	0.000000000000e+00	0.000000000000e+00	0.000000000000e+00
-1.589400000000e-06	0.000000000000e+00	0.000000000000e+00	0.000000000000e+00
-1.589200000000e-06	0.000000000000e+00	0.000000000000e+00	0.000000000000e+00
-1.589000000000e-06	0.000000000000e+00	0.000000000000e+00	0.000000000000e+00
-1.588800000000e-06	0.000000000000e+00	0.000000000000e+00	0.000000000000e+00
-1.588600000000e-06	0.000000000000e+00	0.000000000000e+00	0.000000000000e+00
-1.588400000000e-06	0.000000000000e+00	0.000000000000e+00	0.000000000000e+00
-1.588200000000e-06	0.000000000000e+00	0.000000000000e+00	0.000000000000e+00
-1.588000000000e-06	0.000000000000e+00	0.000000000000e+00	0.000000000000e+00
-1.587800000000e-06	0.000000000000e+00	0.000000000000e+00	0.000000000000e+00
-1.587600000000e-06	0.000000000000e+00	0.000000000000e+00	0.000000000000e+00
-1.587400000000e-06	0.000000000000e+00	0.000000000000e+00	0.000000000000e+00
-1.587200000000e-06	0.000000000000e+00	0.000000000000e+00	0.000000000000e+00
-1.587000000000e-06	0.000000000000e+00	0.000000000000e+00	0.000000000000e+00
-1.586800000000e-06	0.000000000000e+00	0.000000000000e+00	0.000000000000e+00
-1.586600000000e-06	0.000000000000e+00	0.000000000000e+00	0.000000000000e+00
-1.586400000000e-06	0.000000000000e+00	0.000000000000e+00	0.000000000000e+00
-1.586200000000e-06	0.000000000000e+00	0.000000000000e+00	0.000000000000e+00
-1.586000000000e-06	0.000000000000e+00	0.000000000000e+00	0.000000000000e+00
-1.585800000000e-06	0.000000000000e+00	0.000000000000e+00	0.000000000000e+00
-1.585600000000e-06	0.000000000000e+00	0.000000000000e+00	0.000000000000e+00
-1.585400000000e-06	0.000000000000e+00	0.000000000000e+00	0.000000000000e+00
-1.585200000000e-06	0.000000000000e+00	0.000000000000e+00	0.000000000000e+00
-1.585000000000e-06	0.000000000000e+00	0.000000000000e+00	0.000000000000e+00
-1.584800000000e-06	0.000000000000e+00	0.000000000000e+00	0.000000000000e+00
-1.584600000000e-06	0.000000000000e+00	0.000000000000e+00	0.000000000000e+00
-1.584400000000e-06	0.000000000000e+00	0.000000000000e+00	0.000000000000e+00
-1.584200000000e-06	0.000000000000e+00	0.000000000000e+00	0.000000000000e+00
-1.584000000000e-06	0.000000000000e+00	0.000000000000e+00	0.000000000000e+00
-1.583800000000e-06	0.000000000000e+00	0.000000000000e+00	0.000000000000e+00
-1.583600000000e-06	0.000000000000e+00	0.000000000000e+00	0.000000000000e+00
-1.583400000000e-06	0.000000000000e+00	0.000000000000e+00	0.000000000000e+00
-1.583200000000e-06	0.000000000000e+00	0.000000000000e+00	0.000000000000e+00
-1.583000000000e-06	0.000000000000e+00	0.000000000000e+00	0.000000000000e+00
-1.582800000000e-06	0.000000000000e+00	0.000000000000e+00	0.000000000000e+00
-1.582600000000e-06	0.000000000000e+00	0.000000000000e+00	0.000000000000e+00
-1.582400000000e-06	0.000000000000e+00	0.000000000000e+00	0.000000000000e+00
-1.582200000000e-06	0.000000000000e+00	0.000000000000e+00	0.000000000000e+00
-1.582000000000e-06	0.000000000000e+00	0.000000000000e+00	0.000000000000e+00
-1.581800000000e-06	0.000000000000e+00	0.000000000000e+00	0.000000000000e+00
-1.581600000000e-06	0.000000000000e+00	0.000000000000e+00	0.000000000000e+00
-1.581400000000e-06	0.000000000000e+00	0.000000000000e+00	0.000000000000e+00
-1.581200000000e-06	0.000000000000e+00	0.000000000000e+00	0.000000000000e+00
-1.581000000000e-06	0.000000000000e+00	0.000000000000e+00	0.000000000000e+00
-1.580800000000e-06	0.000000000000e+00	0.000000000000e+00	0.000000000000e+00
-1.580600000000e-06	0.000000000000e+00	0.000000000000e+00	0.000000000000e+00
-1.580400000000e-06	0.000000000000e+00	0.000000000000e+00	0.000000000000e+00
-1.580200000000e-06	0.000000000000e+00	0.000000000000e+00	0.000000000000e+00
-1.580000000000e-06	0.000000000000e+00	0.000000000000e+00	0.000000000000e+00
-1.579800000000e-06	0.000000000000e+00	0.000000000000e+00	0.000000000000e+00
-1.579600000000e-06	0.000000000000e+00	0.000000000000e+00	0.000000000000e+00
-1.579400000000e-06	0.000000000000e+00	0.000000000000e+00	0.000000000000e+00
-1.579200000000e-06	0.000000000000e+00	0.000000000000e+00	0.000000000000e+00
-1.579000000000e-06	0.000000000000e+00	0.000000000000e+00	0.000000000000e+00
-1.578800000000e-06	0.000000000000e+00	0.000000000000e+00	0.000000000000e+00
-1.578600000000e-06	0.000000000000e+00	0.000000000000e+00	0.000000000000e+00
-1.578400000000e-06	0.000000000000e+00	0.000000000000e+00	0.000000000000e+00
-1.578200000000e-06	0.000000000000e+00	0.000000000000e+00	0.000000000000e+00
-1.578000000000e-06	0.000000000000e+00	0.000000000000e+00	0.000000000000e+00
-1.577800000000e-06	0.000000000000e+00	0.000000000000e+00	0.000000000000e+00
-1.577600000000e-06	0.000000000000e+00	0.000000000000e+00	0.000000000000e+00
-1.577400000000e-06	0.000000000000e+00	0.000000000000e+00	0.000000000000e+00
-1.577200000000e-06	0.000000000000e+00	0.000000000000e+00	0.000000000000e+00
-1.577000000000e-06	0.000000000000e+00	0.000000000000e+00	0.000000000000e+00
-1.576800000000e-06	0.000000000000e+00	0.000000000000e+00	0.000000000000e+00
-1.576600000000e-06	0.000000000000e+00	0.000000000000e+00	0.000000000000e+00
-1.576400000000e-06	0.000000000000e+00	0.000000000000e+00	0.000000000000e+00
-1.576200000000e-06	0.000000000000e+00	0.000000000000e+00	0.000000000000e+00
-1.576000000000e-06	0.000000000000e+00	0.000000000000e+00	0.000000000000e+00
-1.575800000000e-06	0.000000000000e+00	0.000000000000e+00	0.000000000000e+00
-1.575600000000e-06	0.000000000000e+00	0.000000000000e+00	0.000000000000e+00
-1.575400000000e-06	0.000000000000e+00	0.000000000000e+00	0.000000000000e+00
-1.575200000000e-06	0.000000000000e+00	0.000000000000e+00	0.000000000000e+00
-1.575000000000e-06	0.000000000000e+00	0.000000000000e+00	0.000000000000e+00
-1.574800000000e-06	0.000000000000e+00	0.000000000000e+00	0.000000000000e+00
-1.574600000000e-06	0.000000000000e+00	0.000000000000e+00	0.000000000000e+00
-1.574400000000e-06	0.000000000000e+00	0.000000000000e+00	0.000000000000e+00
-1.574200000000e-06	0.000000000000e+00	0.000000000000e+00	0.000000000000e+00
-1.574000000000e-06	8.904983133461e-16	-1.553481030307e-14	2.001792421285e-14
-1.573800000000e-06	-9.740188104707e-15	-2.217501526458e-14	2.963585175485e-15
-1.573600000000e-06	1.009462554837e-14	3.720683562012e-15	1.924542582518e-14
-1.573400000000e-06	2.903409851573e-15	2.289468734544e-14	-1.967636103742e-14
-1.573200000000e-06	7.004341224695e-15	1.460461678833e-14	-9.773087301650e-16
-1.573000000000e-06	-4.469587117923e-15	-5.307500763519e-15	-4.281496621398e-15
-1.572800000000e-06	3.219082737612e-15	5.269749361940e-15	9.829213202493e-16
-1.572600000000e-06	1.693378028677e-15	1.090589978100e-15	2.682941994510e-15
-1.572400000000e-06	-1.827474176501e-15	-1.841550022089e-15	-2.093248294048e-15
-1.572200000000e-06	1.100771447397e-14	1.959047597053e-13	-2.093173917947e-13
-1.572000000000e-06	-2.102115231208e-13	6.650355585777e-13	-1.295240080484e-12
-1.571800000000e-06	9.873816571733e-15	-4.461027283255e-13	5.595473263846e-13
-1.571600000000e-06	-2.211009577018e-13	-5.148560914995e-13	9.719521978076e-14
-1.571400000000e-06	2.681981675585e-13	3.182838929562e-13	2.614827899790e-13
-1.571200000000e-06	2.697415169196e-13	-4.708307802357e-14	6.527947130771e-13
-1.571000000000e-06	-1.325183469945e-13	-3.653610041048e-13	4.309620343258e-14
-1.570800000000e-06	-3.643677080274e-13	-8.222876036415e-13	6.805893707453e-14
-1.570600000000e-06	-2.123898222018e-13	-8.077858379631e-13	4.608555439413e-13
-1.570400000000e-06	-2.053183865146e-13	2.342449212684e-14	-4.833488665451e-13
-1.570200000000e-06	-1.319682870617e-14	1.684923588541e-15	-2.636720547279e-14
-1.570000000000e-06	5.098876882024e-14	2.735361983626e-13	-2.195225923947e-13
-1.569800000000e-06	3.209655961014e-13	3.038246121911e-14	7.435412061695e-13
-1.569600000000e-06	-3.721911569836e-13	-8.294870344389e-13	9.372950373987e-14
-1.569400000000e-06	1.595442800362e-13	7.254908843597e-13	-4.592313818707e-13
-1.569200000000e-06	4.571887591254e-13	7.299446489121e-13	1.163232664593e-13
-1.569000000000e-06	-5.700941155661e-13	-9.699976692200e-13	-1.964331248710e-13
-1.568800000000e-06	4.594714527701e-13	-3.304865415114e-13	1.496922165632e-12
-1.568600000000e-06	1.679786599571e-12	2.360821566175e-12	1.100355763716e-12
-1.568400000000e-06	-2.550427307067e-12	-3.620589333154e-12	-1.561566734292e-12
-1.568200000000e-06	-6.493653303943e-13	-1.460028353219e-12	2.069588093903e-13
-1.568000000000e-06	2.750915279976e-14	2.347279253519e-13	-2.294465371679e-13
-1.567800000000e-06	-2.400829552729e-12	-3.174894083024e-12	-1.757335588255e-12
-1.567600000000e-06	5.269815560383e-12	9.060976267513e-12	1.228854933021e-12
-1.567400000000e-06	-6.643667486926e-12	-7.821808840953e-12	-5.866079874161e-12
-1.567200000000e-06	-3.545153449896e-13	1.347161753912e-12	-2.596768364526e-12
-1.567000000000e-06	7.731198675500e-13	2.058846329903e-12	-5.881624046487e-13
-1.566800000000e-06	-8.155289121667e-12	-1.450975096573e-11	-1.762753382871e-12
-1.566600000000e-06	-2.341643363766e-12	3.482710895319e-12	-9.288760219119e-12
-1.566400000000e-06	4.448141131563e-12	3.749666090663e-12	5.474877356228e-12
-1.566200000000e-06	4.983448172813e-12	9.076106967836e-12	-7.903289094063e-15
-1.566000000000e-06	-1.978029814498e-11	-3.010538544402e-11	-9.913258289506e-12
-1.565800000000e-06	-5.667804132455e-12	-2.677007184533e-11	1.829481977537e-11
-1.565600000000e-06	-1.320893919020e-11	-5.151725921307e-12	-2.411618041340e-11
-1.565400000000e-06	-9.697878272668e-12	-1.825014432381e-11	-1.213538515536e-12
-1.565200000000e-06	-6.699238305906e-12	-1.856015406504e-11	6.279771326356e-12
-1.565000000000e-06	-1.023948326018e-11	-1.420022458708e-11	-6.756956474530e-12
-1.564800000000e-06	-3.536582343492e-11	-4.192254559593e-11	-3.284688561004e-11
-1.564600000000e-06	-1.083309324624e-11	-7.955374580218e-12	-1.578634867131e-11
-1.564400000000e-06	-1.375311775203e-11	-2.848018750908e-11	9.714850564060e-13
-1.564200000000e-06	-5.529730268938e-11	-8.337571152062e-11	-2.953623461536e-11
-1.564000000000e-06	-2.387067318728e-11	-5.143406043443e-11	5.039682089208e-12
-1.563800000000e-06	-6.695223290267e-11	-8.113628115903e-11	-5.923110272826e-11
-1.563600000000e-06	-8.339319885183e-11	-1.436011257411e-10	-2.412790904128e-11
-1.563400000000e-06	-1.075412070137e-10	-1.656388095818e-10	-5.433216050088e-11
-1.563200000000e-06	-9.143626295193e-11	-1.232943391028e-10	-6.717457683901e-11
-1.563000000000e-06	-1.136471660374e-10	-1.991429406352e-10	-2.824158180687e-11
-1.562800000000e-06	-1.958311182195e-10	-2.907092000793e-10	-1.106799430072e-10
-1.562600000000e-06	-2.589079908185e-10	-4.451867852309e-10	-9.461847124565e-11
-1.562400000000e-06	-3.202845449790e-10	-4.589785234187e-10	-1.818605450983e-10
-1.562200000000e-06	-4.023706467577e-10	-6.323606568805e-10	-1.856315788058e-10
-1.562000000000e-06	-3.670207586235e-10	-6.012848790532e-10	-1.412847212411e-10
-1.561800000000e-06	-5.737049229307e-10	-7.964814414318e-10	-3.879340288301e-10
-1.561600000000e-06	-3.325874901546e-10	-4.702957737256e-10	-2.173335846248e-10
-1.561400000000e-06	-1.272509387703e-09	-1.879699154771e-09	-7.214686493370e-10
-1.561200000000e-06	-2.285053091234e-09	-3.228898177951e-09	-1.461293627147e-09
-1.561000000000e-06	-1.894252255956e-09	-2.967235242461e-09	-8.753816299432e-10
-1.560800000000e-06	-1.507357868774e-09	-2.465436272640e-09	-5.782497967610e-10
-1.560600000000e-06	-1.726635867022e-09	-2.691153172395e-09	-8.169875193014e-10
-1.560400000000e-06	-1.776176427655e-09	-2.535234051248e-09	-1.105540715122e-09
-1.560200000000e-06	-1.867153507942e-09	-2.863976586381e-09	-9.457147846471e-10
-1.560000000000e-06	-1.243106536414e-09	-2.025111025486e-09	-4.902432115161e-10
-1.559800000000e-06	-1.599498975779e-09	-2.430356153363e-09	-8.424342464871e-10
-1.559600000000e-06	-1.596076922649e-09	-2.313083144773e-09	-9.672184326552e-10
-1.559400000000e-06	-1.662162338037e-09	-2.572448844535e-09	-8.219898081363e-10
-1.559200000000e-06	-1.638464731803e-09	-2.489587375815e-09	-8.663544264859e-10
-1.559000000000e-06	-1.168674534035e-09	-1.821571663736e-09	-5.569482184633e-10
-1.558800000000e-06	-1.865374317941e-09	-2.656907100503e-09	-1.179618033974e-09
-1.558600000000e-06	-1.853391645947e-09	-2.732509922019e-09	-1.070045822225e-09
-1.558400000000e-06	-2.181446748530e-09	-3.644777768092e-09	-7.601134417559e-10
-1.558200000000e-06	-2.391239914515e-09	-3.535468737244e-09	-1.374562800830e-09
-1.558000000000e-06	-2.782819376698e-09	-4.267534716242e-09	-1.420298934496e-09
-1.557800000000e-06	-3.194997643598e-09	-4.677362738152e-09	-1.886894812993e-09
-1.557600000000e-06	-3.456609918330e-09	-5.527136495791e-09	-1.508170490498e-09
-1.557400000000e-06	-4.107105934109e-09	-5.980652899129e-09	-2.469281611759e-09
-1.557200000000e-06	-4.459005355104e-09	-6.926740748722e-09	-2.173503772917e-09
-1.557000000000e-06	-4.942122093610e-09	-7.353900102287e-09	-2.782807130200e-09
-1.556800000000e-06	-5.715659431588e-09	-8.652990633474e-09	-3.046909234743e-09
-1.556600000000e-06	-6.263871383724e-09	-9.270041515309e-09	-3.570309815311e-09
-1.556400000000e-06	-6.919285176842e-09	-1.050508389071e-08	-3.633953020174e-09
-1.556200000000e-06	-7.035496574081e-09	-1.059201741807e-08	-3.803166249414e-09
-1.556000000000e-06	-8.116200650990e-09	-1.224851727464e-08	-4.339990682933e-09
-1.555800000000e-06	-9.081487522505e-09	-1.360672766021e-08	-4.951022468939e-09
-1.555600000000e-06	-9.644411898936e-09	-1.458510895975e-08	-5.103219901767e-09
-1.555400000000e-06	-1.009310822141e-08	-1.546903255365e-08	-5.083304133641e-09
-1.555200000000e-06	-1.059344550564e-08	-1.614247161864e-08	-5.427734620924e-09
-1.555000000000e-06	-1.210594310107e-08	-1.859436409132e-08	-6.021251290028e-09
-1.554800000000e-06	-1.233883345621e-08	-1.797987538299e-08	-7.242978100542e-09
-1.554600000000e-06	-1.212584826131e-08	-1.864439630666e-08	-5.975388200243e-09
-1.554400000000e-06	-1.339181483280e-08	-2.017894833587e-08	-7.062176801972e-09
-1.554200000000e-06	-1.389617086313e-08	-2.068957217534e-08	-7.606274322603e-09
-1.554000000000e-06	-1.443426076310e-08	-2.150464438562e-08	-7.845829179592e-09
-1.553800000000e-06	-1.538400654667e-08	-2.279896116483e-08	-8.496007088474e-09
-1.553600000000e-06	-1.629458772017e-08	-2.377281562343e-08	-9.407096444104e-09
-1.553400000000e-06	-1.596052743190e-08	-2.472050666427e-08	-7.525213600481e-09
-1.553200000000e-06	-1.616271348612e-08	-2.459755251799e-08	-8.094002287160e-09
-1.553000000000e-06	-1.571655670547e-08	-2.372092980382e-08	-8.079673623454e-09
-1.552800000000e-06	-1.714825889560e-08	-2.515483235585e-08	-9.635458691870e-09
-1.552600000000e-06	-1.740145130051e-08	-2.582298125111e-08	-9.417980887118e-09
-1.552400000000e-06	-1.633664165365e-08	-2.495202229279e-08	-7.988757729009e-09
-1.552200000000e-06	-1.717385448127e-08	-2.599378357603e-08	-8.641255013665e-09
-1.552000000000e-06	-1.753491779997e-08	-2.487655033041e-08	-1.074077972396e-08
-1.551800000000e-06	-1.654705233588e-08	-2.574467156337e-08	-7.476218786529e-09
-1.551600000000e-06	-1.705131206078e-08	-2.568327379341e-08	-8.641486868479e-09
-1.551400000000e-06	-1.741815572329e-08	-2.500761967239e-08	-1.025205651604e-08
-1.551200000000e-06	-1.583221767204e-08	-2.366826779646e-08	-8.193698971475e-09
-1.551000000000e-06	-1.616216645561e-08	-2.365842862203e-08	-8.924214415505e-09
-1.550800000000e-06	-1.632579853097e-08	-2.397492180652e-08	-8.894602378166e-09
-1.550600000000e-06	-1.708690908277e-08	-2.483006876408e-08	-9.613495872446e-09
-1.550400000000e-06	-1.591266022371e-08	-2.319912023204e-08	-8.825431440167e-09
-1.550200000000e-06	-1.514962143479e-08	-2.314491017034e-08	-7.132071021549e-09
-1.550000000000e-06	-1.566427210376e-08	-2.337737404493e-08	-8.010738826864e-09
-1.549800000000e-06	-1.440413086881e-08	-2.181038398484e-08	-6.970540946464e-09
-1.549600000000e-06	-1.468240318016e-08	-2.156070783219e-08	-7.861995461604e-09
-1.549400000000e-06	-1.320848571493e-08	-1.975476945433e-08	-6.626814989269e-09
-1.549200000000e-06	-1.352588551714e-08	-1.910190607854e-08	-8.088049311221e-09
-1.549000000000e-06	-1.271618618424e-08	-1.825279305662e-08	-7.234668859929e-09
-1.548800000000e-06	-1.322444189341e-08	-2.028559483675e-08	-5.984658728415e-09
-1.548600000000e-06	-1.265623866879e-08	-1.879718667295e-08	-6.442332059743e-09
-1.548400000000e-06	-1.281013280281e-08	-1.800186298925e-08	-7.702687768087e-09
-1.548200000000e-06	-1.117591121841e-08	-1.731874098619e-08	-4.778010321440e-09
-1.548000000000e-06	-1.113707466469e-08	-1.626363816337e-08	-5.931768984206e-09
-1.547800000000e-06	-1.071357416541e-08	-1.621949716003e-08	-4.990358790053e-09
-1.547600000000e-06	-1.047348531121e-08	-1.582548541919e-08	-4.903170975191e-09
-1.547400000000e-06	-1.005461415312e-08	-1.434550506554e-08	-5.674262540395e-09
-1.547200000000e-06	-9.102495981234e-09	-1.334186005942e-08	-4.711441116020e-09
-1.547000000000e-06	-8.342918208062e-09	-1.225397968519e-08	-4.269150725210e-09
-1.546800000000e-06	-9.246209401294e-09	-1.261378429863e-08	-5.857737858100e-09
-1.546600000000e-06	-8.520229059352e-09	-1.186047474727e-08	-5.106008731198e-09
-1.546400000000e-06	-7.861209555363e-09	-1.109730478286e-08	-4.501891599559e-09
-1.546200000000e-06	-7.555066638254e-09	-1.124837950577e-08	-3.638372980848e-09
-1.546000000000e-06	-6.874510161193e-09	-1.022763141217e-08	-3.275126216034e-09
-1.545800000000e-06	-5.163199049375e-09	-8.017915808941e-09	-2.022849913660e-09
-1.545600000000e-06	-6.952188602921e-09	-1.004039538940e-08	-3.673123914995e-09
-1.545400000000e-06	-6.950594647556e-09	-9.878314532920e-09	-3.851024016291e-09
-1.545200000000e-06	-6.121965803160e-09	-9.287378373994e-09	-2.671749027562e-09
-1.545000000000e-06	-4.793792083551e-09	-6.930251570896e-09	-2.436526470132e-09
-1.544800000000e-06	-5.401996602148e-09	-7.770118065492e-09	-2.809516193349e-09
-1.544600000000e-06	-5.469993454760e-09	-6.760876267590e-09	-4.146638629205e-09
-1.544400000000e-06	-5.086646650912e-09	-7.731722288994e-09	-2.128980812379e-09
-1.544200000000e-06	-4.746310767607e-09	-6.139598192158e-09	-3.256688051312e-09
-1.544000000000e-06	-3.917436116723e-09	-6.056085365511e-09	-1.489375447375e-09
-1.543800000000e-06	-3.101538140126e-09	-4.074496905708e-09	-1.978933545105e-09
-1.543600000000e-06	-4.280453333462e-09	-6.029120661895e-09	-2.317229305495e-09
-1.543400000000e-06	-3.571215579167e-09	-4.787866621602e-09	-2.175473763326e-09
-1.543200000000e-06	-3.012897367805e-09	-4.218625417758e-09	-1.605273936856e-09
-1.543000000000e-06	-2.544284596640e-09	-3.071954609222e-09	-1.903129096384e-09
-1.542800000000e-06	-2.873825298360e-09	-4.512786543768e-09	-9.298598477830e-10
-1.542600000000e-06	-2.802535924131e-09	-3.475779009882e-09	-1.997453965577e-09
-1.542400000000e-06	-2.384766467529e-09	-3.065944376859e-09	-1.540011372494e-09
-1.542200000000e-06	-1.781694825785e-09	-3.242003836135e-09	1.209037880349e-11
-1.542000000000e-06	-2.914233340785e-09	-4.076193688963e-09	-1.536318496235e-09
-1.541800000000e-06	-2.588749176208e-09	-3.240870885095e-09	-1.769894263917e-09
-1.541600000000e-06	-1.873552997074e-09	-2.968230729971e-09	-4.957668422398e-10
-1.541400000000e-06	-1.783959666257e-09	-2.286630074030e-09	-1.109724088563e-09
-1.541200000000e-06	-2.009827206409e-09	-3.243246992413e-09	-4.749903431875e-10
-1.541000000000e-06	-1.529293416761e-09	-2.055357593475e-09	-8.128168027885e-10
-1.540800000000e-06	-1.115930094895e-09	-1.746380267309e-09	-2.431763291520e-10
-1.540600000000e-06	-1.100097667972e-09	-6.930808758204e-10	-1.454939556815e-09
-1.540400000000e-06	-1.714873498894e-09	-2.208150146903e-09	-1.058192338729e-09
-1.540200000000e-06	-1.195281635796e-09	-1.479000071028e-09	-7.285080281031e-10
-1.540000000000e-06	-1.624842845822e-10	-1.183030835178e-10	-3.186373131131e-11
-1.539800000000e-06	-3.501572736157e-10	-4.878871242144e-10	-1.864172850175e-11
-1.539600000000e-06	-2.623958051193e-10	4.029377021366e-10	-8.565745006930e-10
-1.539400000000e-06	-7.041784584436e-10	-7.460569138699e-10	-5.219221180903e-10
-1.539200000000e-06	-2.260356687303e-10	-2.644088409071e-11	-2.848829197617e-10
-1.539000000000e-06	-4.500189067558e-10	-3.884128525965e-10	-3.454818663357e-10
-1.538800000000e-06	-9.050942801256e-10	-5.384659540386e-10	-1.191656242059e-09
-1.538600000000e-06	-1.927529679679e-10	-1.056422810496e-11	-2.268585248027e-10
-1.538400000000e-06	-6.162641607499e-10	-1.076559456072e-09	7.727195837925e-11
-1.538200000000e-06	-5.511541009554e-10	-4.803599018990e-10	-4.649478184326e-10
-1.538000000000e-06	6.891842675646e-10	8.483725915696e-10	7.227413471233e-10
-1.537800000000e-06	9.735955533996e-10	1.578664443385e-09	4.971131087990e-10
-1.537600000000e-06	1.617375003472e-10	7.220022547297e-10	-3.204145831469e-10
-1.537400000000e-06	1.087853025649e-10	3.254662441463e-10	5.442144254640e-11
-1.537200000000e-06	-4.941489636470e-10	-2.011277228320e-10	-6.807881248531e-10
-1.537000000000e-06	5.910509248492e-10	1.496447307407e-09	-2.480598531412e-10
-1.536800000000e-06	1.193075208588e-09	1.054028038426e-09	1.590529642450e-09
-1.536600000000e-06	2.727762919882e-10	2.365730793533e-10	5.254354909123e-10
-1.536400000000e-06	9.930426861109e-11	2.595858945815e-10	1.015035996413e-10
-1.536200000000e-06	6.071176172032e-10	1.782986159193e-09	-5.779762727519e-10
-1.536000000000e-06	7.130541672440e-10	1.245414782104e-09	3.169669069298e-10
-1.535800000000e-06	7.998054527246e-10	6.157407288177e-10	1.219989357999e-09
-1.535600000000e-06	3.044847152018e-10	3.499529054331e-10	4.490631589049e-10
-1.535400000000e-06	1.168999384685e-09	1.977510976519e-09	4.807794845028e-10
-1.535200000000e-06	5.714070508184e-10	7.060209440189e-10	6.331484161957e-10
-1.535000000000e-06	9.845600405408e-10	1.982997698493e-09	3.846279901384e-11
-1.534800000000e-06	1.113475930145e-09	2.020604208908e-09	2.737499727286e-10
-1.534600000000e-06	3.452196773360e-10	7.260088996245e-10	9.293463803560e-11
-1.534400000000e-06	5.780020740440e-10	8.312416383740e-10	4.969320812150e-10
-1.534200000000e-06	8.372450137139e-10	1.378707723164e-09	4.069311741585e-10
-1.534000000000e-06	1.211484424681e-09	1.451942185874e-09	1.154909614089e-09
-1.533800000000e-06	6.813442538981e-10	1.369541080929e-09	7.919271511944e-11
-1.533600000000e-06	1.205547854131e-09	1.976500533922e-09	5.453044335504e-10
-1.533400000000e-06	6.688248150849e-10	1.832632369792e-09	-5.086600374468e-10
-1.533200000000e-06	4.061422388635e-10	8.302360056042e-10	1.079113332140e-10
-1.533000000000e-06	7.525145770965e-10	8.106431745249e-10	9.015757139947e-10
-1.532800000000e-06	1.022511425124e-09	1.649071058268e-09	5.202264808692e-10
-1.532600000000e-06	1.266863473247e-09	1.942736910208e-09	6.681809510616e-10
-1.532400000000e-06	9.525715908370e-10	2.025199849233e-09	-1.179130273095e-10
-1.532200000000e-06	1.590204874940e-09	1.863428125692e-09	1.513591911053e-09
-1.532000000000e-06	7.909144548180e-10	1.150015743724e-09	5.803142068876e-10
-1.531800000000e-06	9.179003480278e-10	1.908053858268e-09	-3.579725728837e-11
-1.531600000000e-06	1.519503315850e-09	2.040790104454e-09	1.110774367948e-09
-1.531400000000e-06	1.340531872479e-09	2.296373173454e-09	4.390450387808e-10
-1.531200000000e-06	1.086181307281e-09	1.904281978873e-09	3.521869804145e-10
-1.531000000000e-06	1.398650549028e-09	2.235416111113e-09	6.570930560975e-10
-1.530800000000e-06	1.218387460483e-09	2.148390567430e-09	3.046891429826e-10
-1.530600000000e-06	1.181558626939e-09	2.220691626905e-09	1.685608535018e-10
-1.530400000000e-06	1.613464055568e-09	2.315156915586e-09	1.031192359177e-09
-1.530200000000e-06	1.316045618870e-09	2.115585101439e-09	5.878172041602e-10
-1.530000000000e-06	1.326894865013e-09	1.836629968808e-09	9.585087441886e-10
-1.529800000000e-06	1.095583911984e-09	1.692147901511e-09	5.797112875512e-10
-1.529600000000e-06	1.530515419031e-09	2.213006077726e-09	9.439248591737e-10
-1.529400000000e-06	1.104617181911e-09	1.792565131100e-09	5.363727317233e-10
-1.529200000000e-06	1.081246212163e-09	2.508248438232e-09	-3.925697304941e-10
-1.529000000000e-06	1.173718771840e-09	1.848492488407e-09	5.553958314701e-10
-1.528800000000e-06	1.177949482699e-09	1.936945401390e-09	4.992124723414e-10
-1.528600000000e-06	1.651653315470e-09	2.618416562897e-09	7.322098811593e-10
-1.528400000000e-06	1.352007627278e-09	2.374666004029e-09	3.553221076056e-10
-1.528200000000e-06	1.474733139238e-09	2.109766006178e-09	9.460469756758e-10
-1.528000000000e-06	1.493032610468e-09	1.996358626740e-09	1.102851405871e-09
-1.527800000000e-06	1.219807607452e-09	2.141117904069e-09	3.574389425323e-10
-1.527600000000e-06	1.280285079598e-09	2.016768396943e-09	6.001197721046e-10
-1.527400000000e-06	1.944435864915e-09	2.863152653682e-09	1.079774608393e-09
-1.527200000000e-06	1.464068818789e-09	1.849881501336e-09	1.246822901474e-09
-1.527000000000e-06	1.508919770597e-09	2.524560697034e-09	5.324676360387e-10
-1.526800000000e-06	1.658795742363e-09	2.724712551518e-09	6.086827437783e-10
-1.526600000000e-06	1.431765094365e-09	1.836548769081e-09	1.168727415729e-09
-1.526400000000e-06	1.207275768231e-09	2.104499551160e-09	3.420076748149e-10
-1.526200000000e-06	1.523796321850e-09	2.331305944878e-09	7.946501700575e-10
-1.526000000000e-06	1.457921186842e-09	2.263034508036e-09	6.813346173377e-10
-1.525800000000e-06	1.306893922132e-09	2.302961516543e-09	3.256445725378e-10
-1.525600000000e-06	1.855506565106e-09	2.066239423983e-09	1.828008839256e-09
-1.525400000000e-06	1.421047585686e-09	2.210959402143e-09	7.045078792110e-10
-1.525200000000e-06	1.745221882946e-09	2.868504337627e-09	6.220258973533e-10
-1.525000000000e-06	1.573032162623e-09	2.453851773812e-09	7.542977002009e-10
-1.524800000000e-06	1.044440949864e-09	1.815045755410e-09	3.537888482762e-10
-1.524600000000e-06	1.565568658418e-09	2.173653371854e-09	1.064292692606e-09
-1.524400000000e-06	1.518277238907e-09	2.217050315274e-09	9.218323625290e-10
-1.524200000000e-06	1.634087368951e-09	2.420043884430e-09	9.256694897121e-10
-1.524000000000e-06	1.389281220023e-09	2.429138604372e-09	3.589666938463e-10
-1.523800000000e-06	2.005858579513e-09	2.775494136348e-09	1.292311904620e-09
-1.523600000000e-06	1.816702976127e-09	2.416289849634e-09	1.284137344984e-09
-1.523400000000e-06	1.766907380903e-09	2.465393569620e-09	1.146430035680e-09
-1.523200000000e-06	1.619257932836e-09	2.229382486388e-09	1.113513958143e-09
-1.523000000000e-06	1.312751978479e-09	2.312593818040e-09	3.054811459175e-10
-1.522800000000e-06	1.523251901803e-09	2.330801589243e-09	7.615744212546e-10
-1.522600000000e-06	1.144352489088e-09	1.938959150016e-09	4.080539104996e-10
-1.522400000000e-06	1.496645030680e-09	2.075770611862e-09	1.019780476778e-09
-1.522200000000e-06	1.640003979739e-09	2.570308249338e-09	7.207630341290e-10
-1.522000000000e-06	1.286188700285e-09	2.012145121633e-09	6.152304899503e-10
-1.521800000000e-06	1.431147002515e-09	2.114529538093e-09	8.320219566391e-10
-1.521600000000e-06	1.591002531157e-09	2.522649183792e-09	6.821767292580e-10
-1.521400000000e-06	1.303141522112e-09	2.296670332687e-09	3.304922446514e-10
-1.521200000000e-06	1.298575565555e-09	2.039515487283e-09	6.105548549313e-10
-1.521000000000e-06	1.451828008783e-09	2.188590836012e-09	7.673595584401e-10
-1.520800000000e-06	1.669758700530e-09	2.459006359361e-09	9.350919331228e-10
-1.520600000000e-06	1.466009561694e-09	2.406163794561e-09	5.502322980907e-10
-1.520400000000e-06	1.671412268492e-09	2.706308996089e-09	6.406418435117e-10
-1.520200000000e-06	1.462059066472e-09	2.289735854530e-09	6.700917197499e-10
-1.520000000000e-06	1.527764553933e-09	2.337093755864e-09	7.583002589707e-10
-1.519800000000e-06	1.616627712967e-09	2.378199606866e-09	9.028484259714e-10
-1.519600000000e-06	1.312595851651e-09	1.837803902345e-09	8.961851094792e-10
-1.519400000000e-06	1.697820455043e-09	2.501830095646e-09	9.655132029096e-10
-1.519200000000e-06	1.794152101107e-09	2.689925430264e-09	9.339833754163e-10
-1.519000000000e-06	1.157841235409e-09	2.026545386385e-09	3.207911085124e-10
-1.518800000000e-06	1.611941870562e-09	2.037794705164e-09	1.321521420195e-09
-1.518600000000e-06	1.471101804247e-09	2.277471014658e-09	6.979751621370e-10
-1.518400000000e-06	1.379810698050e-09	2.227079331967e-09	5.504057126525e-10
-1.518200000000e-06	1.213254452752e-09	1.809070051367e-09	6.845155403912e-10
-1.518000000000e-06	1.729174398404e-09	2.380262944240e-09	1.127684057271e-09
-1.517800000000e-06	1.648885054181e-09	2.658332118577e-09	6.557162958682e-10
-1.517600000000e-06	1.595951573849e-09	2.314178416870e-09	9.432909998862e-10
-1.517400000000e-06	1.485615414038e-09	2.090045181360e-09	9.566747571859e-10
-1.517200000000e-06	1.515888406472e-09	2.412627021721e-09	6.398974082612e-10
-1.517000000000e-06	1.637419933223e-09	2.336216788047e-09	9.894004747585e-10
-1.516800000000e-06	1.604726866626e-09	2.373461060222e-09	8.949331379521e-10
-1.516600000000e-06	1.412695452958e-09	2.115614995774e-09	7.565097218235e-10
-1.516400000000e-06	1.471253968170e-09	2.378120249901e-09	5.691409899497e-10
-1.516200000000e-06	1.361117320999e-09	1.979055024606e-09	8.218230259368e-10
-1.516000000000e-06	1.491496457304e-09	2.407393478414e-09	5.841408885666e-10
-1.515800000000e-06	1.367038163792e-09	2.362457981791e-09	3.553596602474e-10
-1.515600000000e-06	1.842220554357e-09	2.573165357613e-09	1.178218784569e-09
-1.515400000000e-06	1.467873360638e-09	2.276097505142e-09	6.776851822452e-10
-1.515200000000e-06	1.578307567875e-09	2.302531589468e-09	9.476570805900e-10
-1.515000000000e-06	1.441735123365e-09	2.239653252931e-09	6.605814472925e-10
-1.514800000000e-06	1.622136269450e-09	2.349498877301e-09	9.372226095371e-10
-1.514600000000e-06	1.325261330094e-09	2.156221750373e-09	5.516928059009e-10
-1.514400000000e-06	1.548635004777e-09	2.088016863308e-09	1.089779427810e-09
-1.514200000000e-06	1.196296484423e-09	2.104104120314e-09	3.270507832530e-10
-1.514000000000e-06	1.289042779691e-09	2.065618557774e-09	5.298594237799e-10
-1.513800000000e-06	1.633761167668e-09	2.335623412996e-09	9.578701766084e-10
-1.513600000000e-06	1.779801754925e-09	2.471249921029e-09	1.105047346246e-09
-1.513400000000e-06	1.504453832185e-09	2.498963329407e-09	4.986071502102e-10
-1.513200000000e-06	1.376564640562e-09	2.120695692657e-09	6.948157115852e-10
-1.513000000000e-06	1.465460944293e-09	2.185406084663e-09	8.031393425332e-10
-1.512800000000e-06	1.476821686799e-09	2.137597680955e-09	8.702775915066e-10
-1.512600000000e-06	1.637645303054e-09	2.616675926650e-09	6.401198843890e-10
-1.512400000000e-06	1.710460415205e-09	2.254764763236e-09	1.204497137312e-09
-1.512200000000e-06	1.566594424663e-09	2.499909922574e-09	6.623840433012e-10
-1.512000000000e-06	1.291338721852e-09	2.126774097257e-09	4.858189301329e-10
-1.511800000000e-06	1.772871472351e-09	2.487307754045e-09	1.060604900219e-09
-1.511600000000e-06	1.607304508668e-09	2.241377944697e-09	1.070110164003e-09
-1.511400000000e-06	1.371663027398e-09	2.153045352667e-09	5.983945541154e-10
-1.511200000000e-06	1.375094783593e-09	1.980591518759e-09	8.511457637365e-10
-1.511000000000e-06	1.416044765888e-09	2.324921925593e-09	4.943858701263e-10
-1.510800000000e-06	1.426135912446e-09	2.211889869588e-09	6.692758509801e-10
-1.510600000000e-06	1.689448137838e-09	2.622866105456e-09	7.603842354395e-10
-1.510400000000e-06	1.446818855463e-09	2.115891902389e-09	8.505479563000e-10
-1.510200000000e-06	1.328415693389e-09	2.142053390425e-09	5.365482039390e-10
-1.510000000000e-06	1.626109279413e-09	2.338598504137e-09	9.593892039499e-10
-1.509800000000e-06	1.480112730794e-09	2.126121918717e-09	8.815210629976e-10
-1.509600000000e-06	1.407825810047e-09	2.093558446854e-09	7.589344646244e-10
-1.509400000000e-06	1.256575486265e-09	1.969034268981e-09	5.995167060843e-10
-1.509200000000e-06	1.451496420609e-09	2.078896222090e-09	8.702395837447e-10
-1.509000000000e-06	1.432281754934e-09	1.988180458395e-09	9.637663316085e-10
-1.508800000000e-06	1.223175271503e-09	2.045243309173e-09	4.218220524789e-10
-1.508600000000e-06	1.285500557790e-09	1.962624157192e-09	6.426705509017e-10
-1.508400000000e-06	1.461836396456e-09	2.025850903223e-09	9.589521564967e-10
-1.508200000000e-06	1.403928923972e-09	2.127033969341e-09	7.082429161547e-10
-1.508000000000e-06	1.409527061414e-09	2.129130075409e-09	7.145100412072e-10
-1.507800000000e-06	1.460774094752e-09	2.300455971405e-09	6.220885945843e-10
-1.507600000000e-06	1.476882279228e-09	2.260773490491e-09	7.253037096363e-10
-1.507400000000e-06	1.641079999569e-09	2.452587943205e-09	8.383117122489e-10
-1.507200000000e-06	1.184546257198e-09	1.689938279465e-09	7.379325154379e-10
-1.507000000000e-06	1.217066768980e-09	1.751811600378e-09	7.491082711558e-10
-1.506800000000e-06	1.583813857032e-09	2.407821960504e-09	7.568569514936e-10
-1.506600000000e-06	1.526615775994e-09	2.130908596260e-09	9.665807830566e-10
-1.506400000000e-06	1.433199305015e-09	2.300912238629e-09	5.553263963940e-10
-1.506200000000e-06	1.305136915006e-09	1.906744162856e-09	7.548537718303e-10
-1.506000000000e-06	1.536558774645e-09	2.483864964848e-09	5.976216576371e-10
-1.505800000000e-06	1.524741345841e-09	2.054225037198e-09	1.056135885913e-09
-1.505600000000e-06	1.271688030824e-09	1.799868875270e-09	8.407796163509e-10
-1.505400000000e-06	1.532396878025e-09	2.456803587712e-09	5.776255444265e-10
-1.505200000000e-06	1.146115005008e-09	1.765089545165e-09	5.980840743273e-10
-1.505000000000e-06	1.272819542162e-09	1.873155949630e-09	7.230320538071e-10
-1.504800000000e-06	1.509748021805e-09	2.223146631122e-09	8.310814087720e-10
-1.504600000000e-06	1.504525918668e-09	2.369589070340e-09	6.526698224629e-10
-1.504400000000e-06	1.223792416408e-09	1.840459797156e-09	6.184648257022e-10
-1.504200000000e-06	1.307182839423e-09	1.709990548094e-09	9.761140314435e-10
-1.504000000000e-06	1.464580024972e-09	2.158496137477e-09	7.936782128725e-10
-1.503800000000e-06	1.328728569243e-09	1.883071375958e-09	8.334313133453e-10
-1.503600000000e-06	1.170763740615e-09	1.979861492348e-09	3.776016648795e-10
-1.503400000000e-06	1.401803830314e-09	2.226313241786e-09	5.678407974098e-10
-1.503200000000e-06	1.550755758419e-09	2.338873735657e-09	7.495585658270e-10
-1.503000000000e-06	1.422827429442e-09	1.942547288519e-09	9.493661074093e-10
-1.502800000000e-06	1.234968673996e-09	1.887563031748e-09	6.202813777913e-10
-1.502600000000e-06	1.166538564835e-09	2.036091974933e-09	3.023434156154e-10
-1.502400000000e-06	1.567455436349e-09	2.279507175017e-09	8.538846456169e-10
-1.502200000000e-06	1.365022936625e-09	2.068228688297e-09	7.005488285193e-10
-1.502000000000e-06	1.331041253108e-09	2.004471570442e-09	6.859619832782e-10
-1.501800000000e-06	1.328112130506e-09	1.895425302156e-09	8.152190887750e-10
-1.501600000000e-06	1.434987982895e-09	2.155834593521e-09	7.375316455440e-10
-1.501400000000e-06	1.141754794149e-09	1.901664190906e-09	3.992377552832e-10
-1.501200000000e-06	1.404385742232e-09	2.174635481470e-09	6.531151259754e-10
-1.501000000000e-06	1.291514912296e-09	2.051320703378e-09	5.316496424264e-10
-1.500800000000e-06	1.415528584583e-09	2.047809627177e-09	8.128921382897e-10
-1.500600000000e-06	1.141786536455e-09	1.732710297180e-09	6.023456020109e-10
-1.500400000000e-06	1.241169249574e-09	1.931898387443e-09	5.532251589885e-10
-1.500200000000e-06	1.370126094680e-09	2.113119033681e-09	6.446294916528e-10
-1.500000000000e-06	1.282729101200e-09	1.970811555438e-09	6.248255840422e-10
-1.499800000000e-06	1.328764721513e-09	2.006519085327e-09	6.701211036135e-10
-1.499600000000e-06	1.358496151784e-09	1.919211015577e-09	8.278349222452e-10
-1.499400000000e-06	1.341049570478e-09	2.077003716104e-09	6.243797494568e-10
-1.499200000000e-06	1.239354896741e-09	1.943142325258e-09	5.617798013800e-10
-1.499000000000e-06	1.282483319074e-09	1.919149655654e-09	6.633296751664e-10
-1.498800000000e-06	1.223269672918e-09	1.868320413273e-09	6.004629512858e-10
-1.498600000000e-06	1.424852303770e-09	2.279878491506e-09	5.799868876140e-10
-1.498400000000e-06	1.313420145500e-09	1.977625087135e-09	6.691590426572e-10
-1.498200000000e-06	1.292398413598e-09	1.769295499684e-09	8.828810625920e-10
-1.498000000000e-06	1.233606829681e-09	1.852325165358e-09	6.350974263259e-10
-1.497800000000e-06	1.371893837266e-09	2.029958162646e-09	6.971778716438e-10
-1.497600000000e-06	1.247914709640e-09	1.775825989323e-09	7.861874343024e-10
-1.497400000000e-06	1.344219675380e-09	2.093583736482e-09	6.184394544733e-10
-1.497200000000e-06	1.265719151274e-09	1.995227327506e-09	5.326916562094e-10
-1.497000000000e-06	1.118702505512e-09	1.829175705523e-09	4.299678204415e-10
-1.496800000000e-06	1.249283697450e-09	1.982435722792e-09	5.121801981843e-10
-1.496600000000e-06	1.298431751581e-09	2.033590284787e-09	5.781075070526e-10
-1.496400000000e-06	1.297225796542e-09	2.003418049521e-09	5.860199343264e-10
-1.496200000000e-06	1.265609087710e-09	1.822775631322e-09	7.715298175920e-10
-1.496000000000e-06	1.239524277552e-09	1.811046319664e-09	6.887738417591e-10
-1.495800000000e-06	1.305042299850e-09	1.968368314491e-09	6.577703924706e-10
-1.495600000000e-06	1.302461378090e-09	1.998479465350e-09	6.119077886837e-10
-1.495400000000e-06	1.177068467057e-09	1.618068926566e-09	8.049317970961e-10
-1.495200000000e-06	1.195201028672e-09	1.716440115540e-09	7.232286770835e-10
-1.495000000000e-06	1.153505332832e-09	1.726674979159e-09	6.107872693345e-10
-1.494800000000e-06	1.491215775512e-09	2.039410545666e-09	9.842065748539e-10
-1.494600000000e-06	1.284383505873e-09	2.121305291790e-09	4.417643419396e-10
-1.494400000000e-06	1.303973886881e-09	1.862436991140e-09	7.778911619712e-10
-1.494200000000e-06	1.304950990708e-09	2.017609407394e-09	5.984792612058e-10
-1.494000000000e-06	1.302771691147e-09	1.880361365925e-09	7.511948442055e-10
-1.493800000000e-06	1.105981729521e-09	1.586747090971e-09	6.970521918430e-10
-1.493600000000e-06	1.316563272258e-09	2.059001047119e-09	5.619619174062e-10
-1.493400000000e-06	1.237527424131e-09	1.776394348852e-09	7.401869731568e-10
-1.493200000000e-06	1.255438413881e-09	2.007577723038e-09	4.993468257904e-10
-1.493000000000e-06	1.400485963117e-09	2.101065785168e-09	7.100186443128e-10
-1.492800000000e-06	1.188602445454e-09	1.770167868634e-09	6.330235030778e-10
-1.492600000000e-06	1.095080779966e-09	1.532374644044e-09	7.151778416395e-10
-1.492400000000e-06	1.327237540570e-09	1.841524214834e-09	8.574737428798e-10
-1.492200000000e-06	1.124969139418e-09	1.682305943391e-09	5.972306824293e-10
-1.492000000000e-06	1.115428039248e-09	1.860349017380e-09	3.683350293563e-10
-1.491800000000e-06	1.151068558177e-09	1.800644981178e-09	5.185561065829e-10
-1.491600000000e-06	1.292059120282e-09	1.909852627869e-09	6.816599166368e-10
-1.491400000000e-06	1.131222617845e-09	1.697382305667e-09	5.964627336981e-10
-1.491200000000e-06	1.177479145355e-09	1.771963075208e-09	6.070251149401e-10
-1.491000000000e-06	1.110411814212e-09	1.765454119984e-09	4.723139192478e-10
-1.490800000000e-06	1.223643994424e-09	1.746434845053e-09	7.326315091591e-10
-1.490600000000e-06	1.102189400644e-09	1.648103352018e-09	6.024895461265e-10
-1.490400000000e-06	1.253319233307e-09	1.837302647925e-09	6.897609416118e-10
-1.490200000000e-06	1.155625224179e-09	1.724655974614e-09	6.380164356279e-10
-1.490000000000e-06	1.172357208005e-09	1.669643751395e-09	6.966638334291e-10
-1.489800000000e-06	1.212461118234e-09	1.921348528665e-09	5.028842255763e-10
-1.489600000000e-06	1.102157105588e-09	1.546735398748e-09	7.309330420402e-10
-1.489400000000e-06	1.167715218153e-09	1.607458969252e-09	7.777840079424e-10
-1.489200000000e-06	1.191949663613e-09	1.856252009601e-09	4.858316643750e-10
-1.489000000000e-06	1.216154404725e-09	1.719977104638e-09	7.510556834158e-10
-1.488800000000e-06	1.083871442008e-09	1.709872557283e-09	4.635832829909e-10
-1.488600000000e-06	1.251469410915e-09	1.752878175037e-09	7.796715699103e-10
-1.488400000000e-06	1.347979287640e-09	2.020526455514e-09	6.848122591484e-10
-1.488200000000e-06	1.182247300465e-09	1.633524941766e-09	7.753257594379e-10
-1.488000000000e-06	1.186803671493e-09	1.654118965141e-09	7.836685050492e-10
-1.487800000000e-06	1.263039162303e-09	1.677816915317e-09	9.041881902583e-10
-1.487600000000e-06	1.235112714273e-09	1.713290086550e-09	7.822618972283e-10
-1.487400000000e-06	1.097004514382e-09	1.725492315320e-09	4.836751117431e-10
-1.487200000000e-06	1.177039935273e-09	1.820535352567e-09	5.457671274154e-10
-1.487000000000e-06	1.120404361591e-09	1.684108845318e-09	5.897137568708e-10
-1.486800000000e-06	1.233586719937e-09	1.890001850385e-09	5.745299772892e-10
-1.486600000000e-06	1.107126037650e-09	1.709258317443e-09	5.786316367715e-10
-1.486400000000e-06	1.265693483824e-09	1.737123492152e-09	8.414277469879e-10
-1.486200000000e-06	9.415742196204e-10	1.554340895089e-09	3.422642123701e-10
-1.486000000000e-06	1.070763913885e-09	1.489756803210e-09	7.021632532653e-10
-1.485800000000e-06	1.188413216461e-09	1.756714897818e-09	6.229187075720e-10
-1.485600000000e-06	1.135699105928e-09	1.635305534121e-09	6.636714381497e-10
-1.485400000000e-06	1.157300891619e-09	1.728414451901e-09	5.979608734482e-10
-1.485200000000e-06	1.245758008423e-09	1.824049409894e-09	6.913649235210e-10
-1.485000000000e-06	1.086086500681e-09	1.625017715946e-09	5.578958458536e-10
-1.484800000000e-06	1.259019921305e-09	2.006146432311e-09	5.010326608284e-10
-1.484600000000e-06	1.010276059978e-09	1.448095216652e-09	6.219295503482e-10
-1.484400000000e-06	1.060777331483e-09	1.536292748601e-09	6.144832435605e-10
-1.484200000000e-06	1.070623061147e-09	1.640833484231e-09	5.245683997082e-10
-1.484000000000e-06	1.152152723255e-09	1.843141887045e-09	4.686038055775e-10
-1.483800000000e-06	1.217582834705e-09	1.861934029424e-09	5.765126423896e-10
-1.483600000000e-06	1.012709880896e-09	1.579552599523e-09	4.885295781184e-10
-1.483400000000e-06	1.211074140279e-09	1.890414479126e-09	5.152050774095e-10
-1.483200000000e-06	9.503629710759e-10	1.363516670928e-09	6.045321865124e-10
-1.483000000000e-06	1.122214329802e-09	1.689264048192e-09	5.730024636413e-10
-1.482800000000e-06	1.148052310421e-09	1.692553511821e-09	6.143728207763e-10
-1.482600000000e-06	1.222136347357e-09	1.797603341962e-09	6.432972229415e-10
-1.482400000000e-06	1.105690211915e-09	1.587088883589e-09	6.737126456513e-10
-1.482200000000e-06	1.098850983049e-09	1.521797369906e-09	7.168174920561e-10
-1.482000000000e-06	9.909885414107e-10	1.452030466449e-09	5.595829244383e-10
-1.481800000000e-06	1.111587257453e-09	1.812851170342e-09	3.910129591904e-10
-1.481600000000e-06	1.116803617505e-09	1.701618820220e-09	5.464975887992e-10
-1.481400000000e-06	1.064127538500e-09	1.678311178647e-09	4.402087130044e-10
-1.481200000000e-06	1.068455811769e-09	1.576318415185e-09	5.806102826012e-10
-1.481000000000e-06	1.089010011717e-09	1.646379901030e-09	5.728864717725e-10
-1.480800000000e-06	1.061685802114e-09	1.658887390876e-09	4.640859004827e-10
-1.480600000000e-06	1.123802105619e-09	1.762463958076e-09	4.612304391944e-10
-1.480400000000e-06	1.077776428715e-09	1.610995712606e-09	5.747587714266e-10
-1.480200000000e-06	1.178091001500e-09	1.753134252540e-09	5.924802874107e-10
-1.480000000000e-06	9.704492189165e-10	1.364799202128e-09	6.122539033041e-10
-1.479800000000e-06	1.020650512222e-09	1.363951983222e-09	7.382746591736e-10
-1.479600000000e-06	1.016109747785e-09	1.525354328684e-09	5.190063169715e-10
-1.479400000000e-06	1.177139785698e-09	1.666883070574e-09	7.327875992881e-10
-1.479200000000e-06	1.059384678300e-09	1.509258235670e-09	6.276177468232e-10
-1.479000000000e-06	1.154609208371e-09	1.607466106836e-09	7.282895701164e-10
-1.478800000000e-06	1.132465239484e-09	1.583842528919e-09	7.081826234592e-10
-1.478600000000e-06	9.552349379208e-10	1.407762974226e-09	5.366317060835e-10
-1.478400000000e-06	1.048057990133e-09	1.731902239044e-09	3.517543759266e-10
-1.478200000000e-06	1.136629494699e-09	1.666062133980e-09	6.228099451518e-10
-1.478000000000e-06	1.011364271043e-09	1.392932030802e-09	6.880372736388e-10
-1.477800000000e-06	1.017621194031e-09	1.562160469303e-09	4.799418332330e-10
-1.477600000000e-06	1.045636427893e-09	1.675301930072e-09	4.279427412051e-10
-1.477400000000e-06	1.020342154514e-09	1.484155896476e-09	5.948103007512e-10
-1.477200000000e-06	9.525406317269e-10	1.528928263135e-09	3.827308368992e-10
-1.477000000000e-06	1.093071592841e-09	1.629938916514e-09	5.796771136346e-10
-1.476800000000e-06	1.194911234888e-09	1.683187697898e-09	7.002687284770e-10
-1.476600000000e-06	9.030812573742e-10	1.166653723356e-09	7.101609255333e-10
-1.476400000000e-06	9.631644688336e-10	1.514054667426e-09	4.100341234668e-10
-1.476200000000e-06	1.092276054141e-09	1.563594409997e-09	6.636500551209e-10
-1.476000000000e-06	1.010268767069e-09	1.593202796061e-09	4.289447880208e-10
-1.475800000000e-06	9.158431914496e-10	1.257538256012e-09	6.360458144553e-10
-1.475600000000e-06	1.046381778939e-09	1.493807011999e-09	6.121890195347e-10
-1.475400000000e-06	1.052820919787e-09	1.533311582997e-09	5.928667166272e-10
-1.475200000000e-06	1.024672330479e-09	1.452073388200e-09	6.289808387366e-10
