1.653000000000e-06	0.000000000000e+00	0.000000000000e+00	0.000000000000e+00
1.653200000000e-06	0.000000000000e+00	0.000000000000e+00	0.000000000000e+00
1.653400000000e-06	0.000000000000e+00	0.000000000000e+00	0.000000000000e+00
1.653600000000e-06	0.000000000000e+00	0.000000000000e+00	0.000000000000e+00
1.653800000000e-06	0.000000000000e+00	0.000000000000e+00	0.000000000000e+00
1.654000000000e-06	0.000000000000e+00	0.000000000000e+00	0.000000000000e+00
1.654200000000e-06	0.000000000000e+00	0.000000000000e+00	0.000000000000e+00
1.654400000000e-06	0.000000000000e+00	0.000000000000e+00	0.000000000000e+00
1.654600000000e-06	0.000000000000e+00	0.000000000000e+00	0.000000000000e+00
1.654800000000e-06	0.000000000000e+00	0.000000000000e+00	0.000000000000e+00
1.655000000000e-06	0.000000000000e+00	0.000000000000e+00	0.000000000000e+00
1.655200000000e-06	0.000000000000e+00	0.000000000000e+00	0.000000000000e+00
1.655400000000e-06	0.000000000000e+00	0.000000000000e+00	0.000000000000e+00
1.655600000000e-06	0.000000000000e+00	0.000000000000e+00	0.000000000000e+00
1.655800000000e-06	0.000000000000e+00	0.000000000000e+00	0.000000000000e+00
1.656000000000e-06	0.000000000000e+00	0.000000000000e+00	0.000000000000e+00
1.656200000000e-06	0.000000000000e+00	0.000000000000e+00	0.000000000000e+00
1.656400000000e-06	0.000000000000e+00	0.000000000000e+00	0.000000000000e+00
1.656600000000e-06	0.000000000000e+00	0.000000000000e+00	0.000000000000e+00
1.656800000000e-06	0.000000000000e+00	0.000000000000e+00	0.000000000000e+00
1.657000000000e-06	0.000000000000e+00	0.000000000000e+00	0.000000000000e+00
1.657200000000e-06	0.000000000000e+00	0.000000000000e+00	0.000000000000e+00
1.657400000000e-06	0.000000000000e+00	0.000000000000e+00	0.000000000000e+00
1.657600000000e-06	0.000000000000e+00	0.000000000000e+00	0.000000000000e+00
1.657800000000e-06	0.000000000000e+00	0.000000000000e+00	0.000000000000e+00
1.658000000000e-06	0.000000000000e+00	0.000000000000e+00	0.000000000000e+00
1.658200000000e-06	0.000000000000e+00	0.000000000000e+00	0.000000000000e+00
1.658400000000e-06	0.000000000000e+00	0.000000000000e+00	0.000000000000e+00
1.658600000000e-06	0.000000000000e+00	0.000000000000e+00	0.000000000000e+00
1.658800000000e-06	0.000000000000e+00	0.000000000000e+00	0.000000000000e+00
1.659000000000e-06	0.000000000000e+00	0.000000000000e+00	0.000000000000e+00
1.659200000000e-06	0.000000000000e+00	0.000000000000e+00	0.000000000000e+00
1.659400000000e-06	0.000000000000e+00	0.000000000000e+00	0.000000000000e+00
1.659600000000e-06	0.000000000000e+00	0.000000000000e+00	0.000000000000e+00
1.659800000000e-06	0.000000000000e+00	0.000000000000e+00	0.000000000000e+00
1.660000000000e-06	0.000000000000e+00	0.000000000000e+00	0.000000000000e+00
1.660200000000e-06	0.000000000000e+00	0.000000000000e+00	0.000000000000e+00
1.660400000000e-06	0.000000000000e+00	0.000000000000e+00	0.000000000000e+00
1.660600000000e-06	0.000000000000e+00	0.000000000000e+00	0.000000000000e+00
1.660800000000e-06	0.000000000000e+00	0.000000000000e+00	0.000000000000e+00
1.661000000000e-06	0.000000000000e+00	0.000000000000e+00	0.000000000000e+00
1.661200000000e-06	0.000000000000e+00	0.000000000000e+00	0.000000000000e+00
1.661400000000e-06	0.000000000000e+00	0.000000000000e+00	0.000000000000e+00
1.661600000000e-06	0.000000000000e+00	0.000000000000e+00	0.000000000000e+00
1.661800000000e-06	0.000000000000e+00	0.000000000000e+00	0.000000000000e+00
1.662000000000e-06	0.000000000000e+00	0.000000000000e+00	0.000000000000e+00
1.662200000000e-06	0.000000000000e+00	0.000000000000e+00	0.000000000000e+00
1.662400000000e-06	0.000000000000e+00	0.000000000000e+00	0.000000000000e+00
1.662600000000e-06	0.000000000000e+00	0.000000000000e+00	0.000000000000e+00
1.662800000000e-06	0.000000000000e+00	0.000000000000e+00	0.000000000000e+00
1.663000000000e-06	0.000000000000e+00	0.000000000000e+00	0.000000000000e+00
1.663200000000e-06	0.000000000000e+00	0.000000000000e+00	0.000000000000e+00
1.663400000000e-06	0.000000000000e+00	0.000000000000e+00	0.000000000000e+00
1.663600000000e-06	0.000000000000e+00	0.000000000000e+00	0.000000000000e+00
1.663800000000e-06	0.000000000000e+00	0.000000000000e+00	0.000000000000e+00
1.664000000000e-06	0.000000000000e+00	0.000000000000e+00	0.000000000000e+00
1.664200000000e-06	0.000000000000e+00	0.000000000000e+00	0.000000000000e+00
1.664400000000e-06	0.000000000000e+00	0.000000000000e+00	0.000000000000e+00
1.664600000000e-06	0.000000000000e+00	0.000000000000e+00	0.000000000000e+00
1.664800000000e-06	0.000000000000e+00	0.000000000000e+00	0.000000000000e+00
1.665000000000e-06	0.000000000000e+00	0.000000000000e+00	0.000000000000e+00
1.665200000000e-06	0.000000000000e+00	0.000000000000e+00	0.000000000000e+00
1.665400000000e-06	0.000000000000e+00	0.000000000000e+00	0.000000000000e+00
1.665600000000e-06	0.000000000000e+00	0.000000000000e+00	0.000000000000e+00
1.665800000000e-06	0.000000000000e+00	0.000000000000e+00	0.000000000000e+00
1.666000000000e-06	0.000000000000e+00	0.000000000000e+00	0.000000000000e+00
1.666200000000e-06	0.000000000000e+00	0.000000000000e+00	0.000000000000e+00
1.666400000000e-06	0.000000000000e+00	0.000000000000e+00	0.000000000000e+00
1.666600000000e-06	0.000000000000e+00	0.000000000000e+00	0.000000000000e+00
1.666800000000e-06	0.000000000000e+00	0.000000000000e+00	0.000000000000e+00
1.667000000000e-06	0.000000000000e+00	0.000000000000e+00	0.000000000000e+00
1.667200000000e-06	0.000000000000e+00	0.000000000000e+00	0.000000000000e+00
1.667400000000e-06	0.000000000000e+00	0.000000000000e+00	0.000000000000e+00
1.667600000000e-06	0.000000000000e+00	0.000000000000e+00	0.000000000000e+00
1.667800000000e-06	0.000000000000e+00	0.000000000000e+00	0.000000000000e+00
1.668000000000e-06	0.000000000000e+00	0.000000000000e+00	0.000000000000e+00
1.668200000000e-06	0.000000000000e+00	0.000000000000e+00	0.000000000000e+00
1.668400000000e-06	-3.082137411158e-16	-1.074505328222e-15	5.337958313681e-16
1.668600000000e-06	-6.680782147917e-16	-1.331439545447e-15	-1.199937320393e-17
1.668800000000e-06	-6.286972068057e-14	2.682304991523e-13	-4.535843431436e-13
1.669000000000e-06	-3.895778167076e-13	-4.582809305238e-13	-3.912577128719e-13
1.669200000000e-06	-7.429195499440e-13	-5.197899865012e-13	-1.149894443777e-12
1.669400000000e-06	1.179469171151e-12	1.862077781378e-12	6.676713860857e-13
1.669600000000e-06	-5.961630738013e-13	-7.416581612871e-13	-5.573021830430e-13
1.669800000000e-06	2.546245230781e-13	2.658915527975e-13	2.903296947321e-13
1.670000000000e-06	1.416893558413e-12	9.749143821840e-13	2.246661943233e-12
1.670200000000e-06	5.076136186967e-13	3.518276734498e-12	-2.967807130386e-12
1.670400000000e-06	5.644310607528e-13	-2.373585620435e-12	4.101751610578e-12
1.670600000000e-06	-2.821098255094e-13	2.081640993567e-13	-9.196560391392e-13
1.670800000000e-06	1.937575099880e-12	5.464037817050e-12	-1.447863378155e-12
1.671000000000e-06	-1.030264391834e-12	-4.865219371825e-12	3.050046977923e-12
1.671200000000e-06	-2.234414189412e-12	-2.952852236147e-12	-1.998665169537e-12
1.671400000000e-06	-1.425472871413e-12	-2.861919623048e-13	-3.003269320760e-12
1.671600000000e-06	-9.473973400448e-13	1.699738176128e-12	-4.329811581624e-12
1.671800000000e-06	-5.999332543018e-12	-8.425269363181e-12	-4.475649800419e-12
1.672000000000e-06	3.590385919583e-13	-2.714809782591e-12	4.160055092665e-12
1.672200000000e-06	-2.527159956171e-12	-4.904315210278e-12	-5.306825124470e-13
1.672400000000e-06	1.056716546796e-11	8.390546286090e-12	1.566579838029e-11
1.672600000000e-06	-4.861297551663e-12	-1.951303706561e-12	-9.149774714147e-12
1.672800000000e-06	-4.523897977400e-12	4.416677309946e-13	-1.142980442876e-11
1.673000000000e-06	-4.142324832260e-12	-8.952456980040e-12	1.239308408564e-12
1.673200000000e-06	1.767823474217e-12	8.491073371804e-12	-5.987242149405e-12
1.673400000000e-06	-7.072279344636e-12	-2.149768688281e-11	8.749190568032e-12
1.673600000000e-06	-5.815489829726e-12	7.321433898941e-13	-1.449237317979e-11
1.673800000000e-06	1.731578310524e-12	-3.455280933574e-11	4.449397988023e-11
1.674000000000e-06	-5.928265318709e-11	-6.520288893381e-11	-6.414243389405e-11
1.674200000000e-06	-6.195260186534e-11	-9.177199154275e-11	-3.820420330577e-11
1.674400000000e-06	-1.155084203214e-10	-1.615747011535e-10	-8.407185724990e-11
1.674600000000e-06	-1.877348316996e-10	-2.523903848219e-10	-1.471000211714e-10
1.674800000000e-06	-2.978118519920e-10	-4.562401227641e-10	-1.671756915372e-10
1.675000000000e-06	-6.736762174573e-10	-7.588410659220e-10	-6.994380108667e-10
1.675200000000e-06	-1.638234845895e-09	-1.993171077659e-09	-1.525544635598e-09
1.675400000000e-06	-2.638048748588e-09	-3.904318539762e-09	-1.628572434150e-09
1.675600000000e-06	-2.552324021048e-09	-4.005655402348e-09	-1.303316145269e-09
1.675800000000e-06	-2.566071771467e-09	-3.914771244043e-09	-1.443399465138e-09
1.676000000000e-06	-2.622117473296e-09	-3.870013192365e-09	-1.623945936733e-09
1.676200000000e-06	-2.351411857002e-09	-3.772415866131e-09	-1.096802562591e-09
1.676400000000e-06	-2.582586618011e-09	-3.705565481515e-09	-1.722376752467e-09
1.676600000000e-06	-2.477748330964e-09	-3.791340531903e-09	-1.368240140805e-09
1.676800000000e-06	-2.415114923583e-09	-3.449168364101e-09	-1.625735337291e-09
1.677000000000e-06	-2.473220757053e-09	-3.801688052997e-09	-1.339110142244e-09
1.677200000000e-06	-2.160374388957e-09	-3.414611764831e-09	-1.054009282264e-09
1.677400000000e-06	-2.547558231249e-09	-3.776635446062e-09	-1.537336587786e-09
1.677600000000e-06	-2.627981253354e-09	-3.471572231011e-09	-2.096231097327e-09
1.677800000000e-06	-2.877467616663e-09	-4.036350302712e-09	-2.017137956042e-09
1.678000000000e-06	-3.197203466211e-09	-4.855516346811e-09	-1.774036389009e-09
1.678200000000e-06	-3.303251057714e-09	-4.581766736745e-09	-2.365874159188e-09
1.678400000000e-06	-3.474239294910e-09	-4.913797664063e-09	-2.368414972143e-09
1.678600000000e-06	-4.240673250066e-09	-5.766064567274e-09	-3.164152451936e-09
1.678800000000e-06	-4.684364378939e-09	-7.327840793670e-09	-2.370022383229e-09
1.679000000000e-06	-1.677952344374e-09	-3.643234584607e-09	3.867484179370e-10
1.679200000000e-06	-1.177479029321e-09	-1.684117630585e-09	-7.689353831183e-10
1.679400000000e-06	-1.151006872087e-09	-1.843040378238e-09	-5.209541185048e-10
1.679600000000e-06	-9.377572862873e-10	-1.275549132407e-09	-6.856096588082e-10
1.679800000000e-06	-6.841803484879e-10	-9.971727372931e-10	-4.179010027686e-10
1.680000000000e-06	-6.758702202899e-10	-8.111976462298e-10	-6.224125865384e-10
1.680200000000e-06	-9.471282318817e-10	-1.199852472160e-09	-7.965854261444e-10
1.680400000000e-06	-7.022347491904e-10	-1.034413379868e-09	-4.177055101082e-10
1.680600000000e-06	-4.569837038584e-10	-4.594503237350e-10	-5.173447389148e-10
1.680800000000e-06	-8.810985687079e-10	-1.245072957068e-09	-5.975126111909e-10
1.681000000000e-06	-6.293301297120e-10	-7.314365175447e-10	-6.170859150860e-10
1.681200000000e-06	-1.022813369561e-09	-1.713323862653e-09	-3.699938245440e-10
1.681400000000e-06	-8.027261223760e-10	-1.314432551375e-09	-3.398858234516e-10
1.681600000000e-06	-1.533134343645e-09	-2.335766727650e-09	-8.553304657096e-10
1.681800000000e-06	-2.652027627964e-09	-4.079589297063e-09	-1.439943229345e-09
1.682000000000e-06	-4.075561147436e-09	-6.077077462677e-09	-2.479356462508e-09
1.682200000000e-06	-7.740893236130e-09	-1.070998767309e-08	-5.696820930619e-09
1.682400000000e-06	-1.524650613330e-08	-2.088210490822e-08	-1.149065527640e-08
1.682600000000e-06	-2.867739202369e-08	-3.828143276471e-08	-2.282545663528e-08
1.682800000000e-06	-5.217954443540e-08	-6.997847101385e-08	-4.106710861112e-08
1.683000000000e-06	-8.163648677260e-08	-1.126216125392e-07	-6.041163483421e-08
1.683200000000e-06	-1.061130745459e-07	-1.546996731665e-07	-6.836181273368e-08
1.683400000000e-06	-1.169097660966e-07	-1.728559632965e-07	-7.204180326998e-08
1.683600000000e-06	-1.081104904120e-07	-1.643759424585e-07	-6.075243500573e-08
1.683800000000e-06	-9.067820806061e-08	-1.393510335902e-07	-4.882781141226e-08
1.684000000000e-06	-7.268634845384e-08	-1.091416408253e-07	-4.192655221626e-08
1.684200000000e-06	-6.078262773669e-08	-9.567880769148e-08	-2.956933077427e-08
1.684400000000e-06	-4.805381445039e-08	-7.337942022079e-08	-2.587258103336e-08
1.684600000000e-06	-3.793087817492e-08	-5.894820121304e-08	-1.905787627665e-08
1.684800000000e-06	-2.979481452066e-08	-4.368578664501e-08	-1.800805362464e-08
1.685000000000e-06	-2.467937531514e-08	-3.621283731284e-08	-1.477902012191e-08
1.685200000000e-06	-2.023453802492e-08	-3.072078936971e-08	-1.077742480138e-08
1.685400000000e-06	-1.604983719270e-08	-2.270107499153e-08	-1.050430488628e-08
1.685600000000e-06	-1.162839771256e-08	-1.806203690202e-08	-5.569765847595e-09
1.685800000000e-06	-9.245205315414e-09	-1.366773113415e-08	-5.178556235307e-09
1.686000000000e-06	-8.397421557642e-09	-1.229989938534e-08	-4.833455828351e-09
1.686200000000e-06	-6.252459932472e-09	-7.272969471349e-09	-5.805882704264e-09
1.686400000000e-06	-4.319694694445e-09	-4.999683040759e-09	-3.970998668712e-09
1.686600000000e-06	-4.173835273815e-09	-7.040351854168e-09	-1.118314296710e-09
1.686800000000e-06	-2.262158804827e-09	-1.988842531176e-09	-2.761588817072e-09
1.687000000000e-06	-5.841920632930e-10	6.472148821138e-10	-1.910829363945e-09
1.687200000000e-06	-1.224485219713e-09	-5.860326483690e-10	-1.986903595949e-09
1.687400000000e-06	-6.257338012025e-10	-7.525444864724e-10	-3.343554927090e-10
1.687600000000e-06	-1.387820549571e-10	6.080322083384e-10	-8.540674613646e-10
1.687800000000e-06	-1.951621591389e-10	4.853405150120e-10	-8.565349813548e-10
1.688000000000e-06	1.346674370766e-09	2.592512895772e-09	2.640952439383e-10
1.688200000000e-06	1.342825897635e-09	1.838600163771e-09	1.169974372783e-09
1.688400000000e-06	1.599242393024e-09	2.763651446535e-09	6.825755191732e-10
1.688600000000e-06	1.840683345715e-09	3.799842033157e-09	-6.444517195587e-11
1.688800000000e-06	1.381806278350e-09	2.485137808172e-09	4.704805306297e-10
1.689000000000e-06	1.526065670791e-09	2.956351065371e-09	2.313901725465e-10
1.689200000000e-06	2.409968116691e-09	3.331669104571e-09	1.879006320151e-09
1.689400000000e-06	2.714117015524e-09	3.994686501461e-09	1.806540771236e-09
1.689600000000e-06	1.595244327822e-09	2.759236721751e-09	6.176799470501e-10
1.689800000000e-06	1.939101629657e-09	3.188821440961e-09	9.123418308707e-10
1.690000000000e-06	2.398196899786e-09	4.452895336657e-09	4.624541240429e-10
1.690200000000e-06	2.543980463652e-09	3.825663819700e-09	1.579139466843e-09
1.690400000000e-06	2.747571923168e-09	4.049674259068e-09	1.774058752200e-09
1.690600000000e-06	2.573050030625e-09	4.705870009310e-09	5.724153911096e-10
1.690800000000e-06	2.643339402662e-09	5.160294010799e-09	1.756544414007e-10
1.691000000000e-06	2.730229440252e-09	3.457227809545e-09	2.461110625749e-09
1.691200000000e-06	2.969830358305e-09	4.680941435498e-09	1.504460798943e-09
1.691400000000e-06	3.051051332301e-09	4.791902274864e-09	1.557824360751e-09
1.691600000000e-06	2.825038627417e-09	5.228580470674e-09	5.174838018043e-10
1.691800000000e-06	2.941860488449e-09	4.593210291653e-09	1.573506705076e-09
1.692000000000e-06	2.478891259788e-09	3.959342731097e-09	1.270333345364e-09
1.692200000000e-06	2.519954691036e-09	3.466627781765e-09	1.930294694728e-09
1.692400000000e-06	3.119776366125e-09	5.190807450565e-09	1.240361093977e-09
1.692600000000e-06	2.471979508754e-09	3.826255742987e-09	1.359791155037e-09
1.692800000000e-06	3.035051721276e-09	4.486880793411e-09	1.892109459748e-09
1.693000000000e-06	2.797909695283e-09	4.236774457479e-09	1.644668921493e-09
1.693200000000e-06	2.254608886574e-09	3.761252238652e-09	9.339194611334e-10
1.693400000000e-06	2.515930431154e-09	3.284465330456e-09	2.132545200539e-09
1.693600000000e-06	2.438511438415e-09	2.980448901386e-09	2.308711603622e-09
1.693800000000e-06	3.003703056351e-09	5.179163519489e-09	9.908409647213e-10
1.694000000000e-06	2.665969718590e-09	3.504385259733e-09	2.213789909713e-09
1.694200000000e-06	2.768719335654e-09	4.529173863872e-09	1.163530202953e-09
1.694400000000e-06	2.325428025510e-09	4.304107105111e-09	4.431881831217e-10
1.694600000000e-06	2.865471829085e-09	3.945264408082e-09	2.116530064344e-09
1.694800000000e-06	2.480898382330e-09	2.906625450256e-09	2.478240537525e-09
1.695000000000e-06	2.786569789015e-09	4.602165365110e-09	1.231658310617e-09
1.695200000000e-06	2.818565257643e-09	4.264975929935e-09	1.649324678002e-09
1.695400000000e-06	2.727659488685e-09	4.244586435529e-09	1.453978785117e-09
1.695600000000e-06	2.549989439924e-09	4.121340389545e-09	1.141737858560e-09
1.695800000000e-06	2.157304950614e-09	3.550782271907e-09	9.361232754260e-10
1.696000000000e-06	2.450678242736e-09	3.836185620920e-09	1.261503243925e-09
1.696200000000e-06	2.185841664716e-09	2.843392022750e-09	1.839120770673e-09
1.696400000000e-06	2.873185134583e-09	4.151117694155e-09	1.889232138452e-09
1.696600000000e-06	2.287821335913e-09	3.206602194454e-09	1.657597483611e-09
1.696800000000e-06	2.504910481419e-09	4.385405091225e-09	7.126524310417e-10
1.697000000000e-06	2.222493322427e-09	3.567656132289e-09	1.046863649631e-09
1.697200000000e-06	2.721871512172e-09	4.023934657612e-09	1.734314937273e-09
1.697400000000e-06	2.164796424855e-09	3.275521021808e-09	1.272539180803e-09
1.697600000000e-06	2.868472404648e-09	4.003945966293e-09	2.052476615939e-09
1.697800000000e-06	2.663237699057e-09	4.018609450128e-09	1.557467954019e-09
1.698000000000e-06	2.745023209753e-09	4.066207283632e-09	1.674894735061e-09
1.698200000000e-06	2.177841283732e-09	3.007595820374e-09	1.643642675646e-09
1.698400000000e-06	2.596839120139e-09	3.825621748496e-09	1.625812972971e-09
1.698600000000e-06	2.433339087230e-09	3.372392272229e-09	1.832588375526e-09
1.698800000000e-06	2.602754430818e-09	3.316221410054e-09	2.259745790339e-09
1.699000000000e-06	2.626605826880e-09	3.900526197500e-09	1.611786360184e-09
1.699200000000e-06	2.218079048705e-09	3.511033272059e-09	1.105482512364e-09
1.699400000000e-06	2.063061553751e-09	3.076480589232e-09	1.251858406247e-09
1.699600000000e-06	2.411679457469e-09	3.509319507098e-09	1.576913901132e-09
1.699800000000e-06	2.173984243896e-09	3.468026861990e-09	1.042260510088e-09
1.700000000000e-06	2.132167565814e-09	3.479317172435e-09	9.007213040232e-10
1.700200000000e-06	2.384188354736e-09	3.749220647656e-09	1.248196477862e-09
1.700400000000e-06	2.346048702975e-09	3.283720332698e-09	1.689142216059e-09
1.700600000000e-06	2.479786924420e-09	3.162887650746e-09	2.158680986956e-09
1.700800000000e-06	2.273586164469e-09	3.649169472125e-09	1.064619682749e-09
1.701000000000e-06	2.214150797407e-09	3.641636020590e-09	9.312389660411e-10
1.701200000000e-06	2.602829978747e-09	3.553713745735e-09	1.972070441166e-09
1.701400000000e-06	2.356811543861e-09	3.242380409346e-09	1.754388522423e-09
1.701600000000e-06	1.947972350846e-09	3.106340064546e-09	9.460464182613e-10
1.701800000000e-06	2.300294621818e-09	3.611031093340e-09	1.176614947587e-09
1.702000000000e-06	1.941678200396e-09	2.702477327249e-09	1.453111518773e-09
1.702200000000e-06	2.323320805902e-09	3.285289426968e-09	1.605926619955e-09
1.702400000000e-06	2.177978216158e-09	3.404342569154e-09	1.126950755601e-09
1.702600000000e-06	2.525881666200e-09	3.494907969017e-09	1.857372522336e-09
1.702800000000e-06	2.410518385860e-09	3.507293471239e-09	1.565480784789e-09
1.703000000000e-06	2.392862798618e-09	3.682827605261e-09	1.311520609816e-09
1.703200000000e-06	2.368707731041e-09	3.628072108268e-09	1.301459519754e-09
1.703400000000e-06	1.944943163632e-09	2.810444190925e-09	1.319788903159e-09
1.703600000000e-06	2.143173547697e-09	2.717978304902e-09	1.882625834649e-09
1.703800000000e-06	2.101291097313e-09	3.069129796731e-09	1.342748611220e-09
1.704000000000e-06	2.015246297953e-09	3.314757917248e-09	8.556936229926e-10
1.704200000000e-06	2.194922068833e-09	3.187394217463e-09	1.439429301262e-09
1.704400000000e-06	2.264299707552e-09	3.362443095567e-09	1.377759742245e-09
1.704600000000e-06	2.104290976907e-09	3.030675654957e-09	1.457529440486e-09
1.704800000000e-06	2.216747483292e-09	3.259340683664e-09	1.402678833246e-09
1.705000000000e-06	2.004262227915e-09	2.696589730406e-09	1.578818984689e-09
1.705200000000e-06	2.156606836673e-09	3.342878896058e-09	1.132391332027e-09
1.705400000000e-06	2.341037290147e-09	3.410999011959e-09	1.506537868289e-09
1.705600000000e-06	1.959112376351e-09	2.670633234947e-09	1.515197847868e-09
1.705800000000e-06	1.873119696765e-09	2.844326840153e-09	1.091219617520e-09
1.706000000000e-06	2.124955776783e-09	3.058696691277e-09	1.448257852469e-09
1.706200000000e-06	2.147847819731e-09	3.317909008610e-09	1.153979065393e-09
1.706400000000e-06	2.034082682778e-09	2.829600394138e-09	1.510555244243e-09
1.706600000000e-06	2.230773985743e-09	2.930878473502e-09	1.802579987984e-09
1.706800000000e-06	2.104658663732e-09	3.074989784858e-09	1.378144542647e-09
1.707000000000e-06	2.047478795075e-09	3.080038710041e-09	1.175228474332e-09
1.707200000000e-06	1.876722216350e-09	2.711481866789e-09	1.244811268905e-09
1.707400000000e-06	2.134609964180e-09	3.184250171057e-09	1.292322596300e-09
1.707600000000e-06	2.029727848491e-09	2.984390890811e-09	1.291111083129e-09
1.707800000000e-06	2.014970374729e-09	3.087871834378e-09	1.118466455011e-09
1.708000000000e-06	1.754916206793e-09	2.815063696812e-09	8.148384797546e-10
1.708200000000e-06	2.407480060221e-09	3.557027708210e-09	1.482916290912e-09
1.708400000000e-06	2.070202296672e-09	2.891002131353e-09	1.515773173095e-09
1.708600000000e-06	1.899847000411e-09	2.609712163046e-09	1.454477926311e-09
1.708800000000e-06	1.763486295392e-09	2.713281152013e-09	9.676496664640e-10
1.709000000000e-06	2.134925298880e-09	3.085879724299e-09	1.386954912729e-09
1.709200000000e-06	1.895961000581e-09	3.108892944899e-09	7.962210319099e-10
1.709400000000e-06	2.085979186177e-09	3.037117507497e-09	1.349869672755e-09
1.709600000000e-06	2.017683366950e-09	2.905935815470e-09	1.348089611456e-09
1.709800000000e-06	1.944993779230e-09	3.102865137469e-09	9.469400354855e-10
1.710000000000e-06	1.883364678250e-09	2.790584677482e-09	1.163717903276e-09
1.710200000000e-06	2.063118051639e-09	3.021427306085e-09	1.315260650709e-09
1.710400000000e-06	2.034197709217e-09	3.142147578484e-09	1.086195942238e-09
1.710600000000e-06	2.013791953334e-09	2.712956365738e-09	1.544891808579e-09
1.710800000000e-06	1.741672434615e-09	2.812835701565e-09	8.233735011487e-10
1.711000000000e-06	2.323082444858e-09	3.513053782107e-09	1.340783744351e-09
1.711200000000e-06	1.865452053282e-09	2.726352765104e-09	1.198531997929e-09
1.711400000000e-06	1.804006722660e-09	2.567267824280e-09	1.269077751317e-09
1.711600000000e-06	2.018361069580e-09	3.053846650329e-09	1.170808195317e-09
1.711800000000e-06	1.925298085164e-09	2.922105957515e-09	1.089505362755e-09
1.712000000000e-06	1.926009066486e-09	2.807349809709e-09	1.262901970297e-09
1.712200000000e-06	1.933096260153e-09	2.577147277626e-09	1.526728792945e-09
1.712400000000e-06	1.840185185150e-09	2.458433656920e-09	1.464587330985e-09
1.712600000000e-06	1.971526337673e-09	2.807748305543e-09	1.360440796683e-09
1.712800000000e-06	1.836967497966e-09	2.576758026815e-09	1.307898618867e-09
1.713000000000e-06	1.933701582814e-09	2.920428127252e-09	1.093874443285e-09
1.713200000000e-06	1.835198735749e-09	2.356095384281e-09	1.616912590479e-09
1.713400000000e-06	1.757877565744e-09	2.753525518346e-09	9.268866070486e-10
1.713600000000e-06	1.750653731239e-09	2.585505339841e-09	1.098506570025e-09
1.713800000000e-06	1.650171177551e-09	2.513687170091e-09	9.415936292712e-10
1.714000000000e-06	1.909223700525e-09	2.914377276163e-09	1.071226160559e-09
1.714200000000e-06	1.621804254220e-09	2.220242747896e-09	1.252970677977e-09
1.714400000000e-06	1.834210603202e-09	2.483335491469e-09	1.436810805014e-09
1.714600000000e-06	1.936600931895e-09	2.680497339634e-09	1.436870919383e-09
1.714800000000e-06	1.775909958822e-09	2.694709874523e-09	1.011488396168e-09
1.715000000000e-06	1.713520556217e-09	2.498616002802e-09	1.094885912846e-09
1.715200000000e-06	1.742492899551e-09	2.617541785233e-09	1.039949748512e-09
1.715400000000e-06	1.880363210833e-09	2.569740360930e-09	1.425289976592e-09
1.715600000000e-06	1.736311905788e-09	2.450016021231e-09	1.174439938644e-09
1.715800000000e-06	1.783416751585e-09	2.513792612865e-09	1.244500986657e-09
1.716000000000e-06	1.539408324972e-09	2.353907450802e-09	8.948339264935e-10
1.716200000000e-06	1.858690096745e-09	2.736443706541e-09	1.163663105988e-09
1.716400000000e-06	1.675772064649e-09	2.799585933611e-09	6.743282109743e-10
1.716600000000e-06	1.867368356195e-09	2.629768335203e-09	1.313147440745e-09
1.716800000000e-06	1.744897750636e-09	2.466170179057e-09	1.205536077555e-09
1.717000000000e-06	1.654234956098e-09	2.712905275616e-09	7.188612290355e-10
1.717200000000e-06	1.865065241956e-09	2.643261213679e-09	1.298648289616e-09
1.717400000000e-06	1.677933861449e-09	2.402050750666e-09	1.133404008682e-09
1.717600000000e-06	1.730264471152e-09	2.566211745591e-09	1.082482457940e-09
1.717800000000e-06	1.656320988937e-09	2.456136830682e-09	1.018515233815e-09
1.718000000000e-06	1.730546751079e-09	2.556265903952e-09	1.086163926909e-09
1.718200000000e-06	1.837094106475e-09	2.702374995711e-09	1.161906269968e-09
1.718400000000e-06	1.766305513401e-09	2.664852045137e-09	1.037783951096e-09
1.718600000000e-06	1.703717835312e-09	2.340577362749e-09	1.270621949883e-09
1.718800000000e-06	1.695667315275e-09	2.299822455585e-09	1.304402590740e-09
1.719000000000e-06	1.619163328171e-09	2.366024964225e-09	1.052331893519e-09
1.719200000000e-06	1.728459118253e-09	2.590141263212e-09	1.021540662815e-09
1.719400000000e-06	1.801551643245e-09	2.676684647716e-09	1.106898934437e-09
1.719600000000e-06	1.514856968770e-09	2.054094230184e-09	1.191408341981e-09
1.719800000000e-06	1.603915723269e-09	2.161511462240e-09	1.235629763520e-09
1.720000000000e-06	1.861426150882e-09	2.662141385190e-09	1.180547078293e-09
1.720200000000e-06	1.749356680198e-09	2.632699925418e-09	1.040738313474e-09
1.720400000000e-06	1.570240037721e-09	2.391689961381e-09	9.041838265277e-10
1.720600000000e-06	1.542761920417e-09	2.512231855268e-09	6.785729998687e-10
1.720800000000e-06	1.598855268343e-09	2.445006615107e-09	8.923720395070e-10
1.721000000000e-06	1.753638210456e-09	2.224486671757e-09	1.538111930521e-09
1.721200000000e-06	1.673444436007e-09	2.512818151464e-09	9.625734627855e-10
1.721400000000e-06	1.612275026644e-09	2.358481226053e-09	1.045951736172e-09
1.721600000000e-06	1.468127621454e-09	2.135407382568e-09	9.529841975696e-10
1.721800000000e-06	1.594992934090e-09	2.387250218020e-09	9.598569703537e-10
1.722000000000e-06	1.669673203630e-09	2.374178574496e-09	1.150733688977e-09
1.722200000000e-06	1.722369213936e-09	2.392525265513e-09	1.262516849041e-09
1.722400000000e-06	1.526562947122e-09	2.321393659075e-09	8.734045229378e-10
1.722600000000e-06	1.727552797208e-09	2.354302204471e-09	1.315199525198e-09
1.722800000000e-06	1.552710941821e-09	2.335658410745e-09	9.184860825610e-10
1.723000000000e-06	1.628191508360e-09	2.355284023504e-09	1.085423028228e-09
1.723200000000e-06	1.415056172237e-09	2.131192263167e-09	8.408813383493e-10
1.723400000000e-06	1.461186810619e-09	2.270881671256e-09	7.811837806751e-10
1.723600000000e-06	1.647838625520e-09	2.620027399402e-09	8.131212567132e-10
1.723800000000e-06	1.633001358775e-09	2.263617046523e-09	1.196634226055e-09
1.724000000000e-06	1.432081601739e-09	2.160269748485e-09	8.594046742299e-10
1.724200000000e-06	1.651137356602e-09	2.493580530159e-09	9.612891072086e-10
1.724400000000e-06	1.517582279317e-09	2.218339206992e-09	9.799755413150e-10
1.724600000000e-06	1.389774147011e-09	2.040924670730e-09	9.057534697971e-10
1.724800000000e-06	1.472585869204e-09	2.111376045482e-09	1.017919858483e-09
1.725000000000e-06	1.359019122913e-09	2.089450955362e-09	7.484760246590e-10
1.725200000000e-06	1.643684593908e-09	2.472196327031e-09	9.646203874340e-10
1.725400000000e-06	1.708592181498e-09	2.555973522327e-09	1.029061266140e-09
1.725600000000e-06	1.393734454047e-09	2.102496069770e-09	8.285476189116e-10
1.725800000000e-06	1.648744870800e-09	2.580344822766e-09	8.404692431349e-10
1.726000000000e-06	1.576469563751e-09	2.279205506459e-09	1.055536815178e-09
1.726200000000e-06	1.614110410798e-09	2.348398755837e-09	1.046256692432e-09
1.726400000000e-06	1.475377638290e-09	2.218154163443e-09	8.673316013130e-10
1.726600000000e-06	1.595466761137e-09	2.521186425192e-09	7.747548962330e-10
1.726800000000e-06	1.632547619532e-09	2.246848771282e-09	1.197641234685e-09
1.727000000000e-06	1.436579234225e-09	1.962858058920e-09	1.103957823865e-09
1.727200000000e-06	1.439993389195e-09	2.264276474256e-09	7.198009594999e-10
1.727400000000e-06	1.462825591664e-09	2.277444533497e-09	7.799305469930e-10
1.727600000000e-06	1.391414009380e-09	1.953302796778e-09	1.017988880466e-09
1.727800000000e-06	1.458675439841e-09	2.108074174470e-09	9.895939460258e-10
1.728000000000e-06	1.434106355328e-09	2.191381778831e-09	8.205189741177e-10
1.728200000000e-06	1.419171929747e-09	2.080556520598e-09	9.008809949842e-10
1.728400000000e-06	1.440345415470e-09	2.136037508766e-09	8.929944298408e-10
1.728600000000e-06	1.579256742186e-09	2.295455922786e-09	1.019830466091e-09
1.728800000000e-06	1.489790689623e-09	2.146333331312e-09	1.010851407020e-09
1.729000000000e-06	1.385965998818e-09	2.143594731591e-09	7.910051865322e-10
1.729200000000e-06	1.428987834801e-09	2.176074269990e-09	7.966880141836e-10
1.729400000000e-06	1.402307522471e-09	2.026876942860e-09	9.833110466023e-10
1.729600000000e-06	1.491554228996e-09	2.044712662754e-09	1.117657189983e-09
1.729800000000e-06	1.512468810726e-09	2.281818058621e-09	8.764793971375e-10
1.730000000000e-06	1.435112501768e-09	2.226891607822e-09	7.603936553604e-10
1.730200000000e-06	1.449927470471e-09	2.147845113533e-09	8.973753882843e-10
1.730400000000e-06	1.382390530407e-09	2.115651594402e-09	7.818790367829e-10
1.730600000000e-06	1.487808164838e-09	2.120832907011e-09	1.038251046117e-09
1.730800000000e-06	1.557397181409e-09	2.192563793188e-09	1.128881880593e-09
1.731000000000e-06	1.413326564272e-09	2.147761319095e-09	8.096347987173e-10
1.731200000000e-06	1.434675360376e-09	1.971768268611e-09	1.086689196717e-09
1.731400000000e-06	1.512404348657e-09	2.338363773004e-09	8.236166807214e-10
1.731600000000e-06	1.446321008482e-09	1.999572621793e-09	1.064015357170e-09
1.731800000000e-06	1.279994967368e-09	1.923313910832e-09	7.677276516011e-10
1.732000000000e-06	1.351511077626e-09	2.081659285826e-09	7.484001504585e-10
1.732200000000e-06	1.326225092988e-09	2.070848347683e-09	6.814392484492e-10
1.732400000000e-06	1.343229630711e-09	2.068718172059e-09	7.534302922320e-10
1.732600000000e-06	1.529901927795e-09	2.228910457498e-09	9.944409141731e-10
1.732800000000e-06	1.369101931096e-09	1.945834066561e-09	9.611249753298e-10
1.733000000000e-06	1.460925224479e-09	2.264745295895e-09	7.704913271218e-10
1.733200000000e-06	1.404743225955e-09	2.070632546818e-09	8.545978911408e-10
1.733400000000e-06	1.529813527161e-09	2.066267302820e-09	1.199881404879e-09
1.733600000000e-06	1.333979548644e-09	1.988136337918e-09	8.270454185041e-10
1.733800000000e-06	1.415405753512e-09	2.074390145976e-09	9.060799483020e-10
1.734000000000e-06	1.434712003771e-09	2.048865704773e-09	9.987440426687e-10
1.734200000000e-06	1.352868696875e-09	2.036755830591e-09	8.052418366143e-10
1.734400000000e-06	1.358910724778e-09	2.085024322190e-09	7.665639905932e-10
1.734600000000e-06	1.407194295736e-09	2.022856114956e-09	9.339740646033e-10
1.734800000000e-06	1.243952578334e-09	1.853456169888e-09	7.660544205575e-10
1.735000000000e-06	1.374059000352e-09	2.092064235898e-09	7.846646857582e-10
1.735200000000e-06	1.291385512142e-09	1.942453327809e-09	7.773582140722e-10
1.735400000000e-06	1.365506099750e-09	1.901312725990e-09	1.001960399631e-09
1.735600000000e-06	1.323926046020e-09	1.942072531037e-09	8.522929110198e-10
1.735800000000e-06	1.307992029405e-09	1.995949756231e-09	7.567437123253e-10
1.736000000000e-06	1.399707435621e-09	2.104080211968e-09	8.228820892481e-10
1.736200000000e-06	1.287162393101e-09	1.833168529288e-09	9.070621548720e-10
1.736400000000e-06	1.235763603858e-09	1.917951617002e-09	6.650796706515e-10
1.736600000000e-06	1.418516972386e-09	2.028762613156e-09	9.574693152662e-10
1.736800000000e-06	1.435773278356e-09	2.049701977988e-09	1.003162545372e-09
1.737000000000e-06	1.337469235877e-09	2.029037026952e-09	7.822896964058e-10
1.737200000000e-06	1.408151584687e-09	2.013821410553e-09	9.536312643411e-10
1.737400000000e-06	1.174773408095e-09	1.717849340991e-09	7.738570444414e-10
1.737600000000e-06	1.296668313599e-09	1.904924113978e-09	8.324408243352e-10
1.737800000000e-06	1.301290880440e-09	1.928366345168e-09	7.720555365544e-10
1.738000000000e-06	1.284427227209e-09	1.902333630915e-09	8.174139988323e-10
1.738200000000e-06	1.212198087063e-09	1.773051688946e-09	7.840926307830e-10
1.738400000000e-06	1.324382846233e-09	2.012183759804e-09	7.825212713215e-10
1.738600000000e-06	1.322322858800e-09	2.059470247512e-09	7.081626819384e-10
1.738800000000e-06	1.248639687871e-09	1.800776003845e-09	8.449582177372e-10
1.739000000000e-06	1.277065951572e-09	1.876738897093e-09	8.232015391390e-10
1.739200000000e-06	1.315180770992e-09	2.007045572436e-09	7.393705293581e-10
1.739400000000e-06	1.377210437814e-09	1.995222527780e-09	8.843137982760e-10
1.739600000000e-06	1.227244858088e-09	1.808605988046e-09	7.677757688146e-10
1.739800000000e-06	1.222178711725e-09	1.759140767409e-09	8.302101498948e-10
1.740000000000e-06	1.311785501443e-09	1.748963478065e-09	1.068560710787e-09
1.740200000000e-06	1.298726320423e-09	2.034181116232e-09	6.639835834187e-10
1.740400000000e-06	1.170444163120e-09	1.682542679318e-09	8.016437803956e-10
1.740600000000e-06	1.273788778959e-09	1.969269654997e-09	6.825729817099e-10
1.740800000000e-06	1.284214483001e-09	1.822193080736e-09	9.040001232969e-10
1.741000000000e-06	1.384409749696e-09	2.059860751487e-09	8.603714415442e-10
1.741200000000e-06	1.245809224099e-09	1.821126585513e-09	7.960524523526e-10
1.741400000000e-06	1.214384006877e-09	1.752081310580e-09	8.116712413866e-10
1.741600000000e-06	1.315245757155e-09	1.917022441456e-09	8.362051164964e-10
1.741800000000e-06	1.211609415579e-09	1.894974177307e-09	6.301808768889e-10
1.742000000000e-06	1.168273878190e-09	1.774158828935e-09	6.729768802987e-10
1.742200000000e-06	1.221552823119e-09	1.728237020978e-09	8.414569906242e-10
1.742400000000e-06	1.170998018278e-09	1.714957191835e-09	7.881339469130e-10
1.742600000000e-06	1.270116394043e-09	1.874271933203e-09	7.777861960082e-10
1.742800000000e-06	1.153991096394e-09	1.729683362992e-09	7.180222994395e-10
1.743000000000e-06	1.204570820962e-09	1.696964001344e-09	8.681772359128e-10
1.743200000000e-06	1.233188769613e-09	1.749431123071e-09	8.681513538357e-10
1.743400000000e-06	1.133071863115e-09	1.758299535897e-09	6.177736921804e-10
1.743600000000e-06	1.202586913945e-09	1.786458894907e-09	7.547728869835e-10
1.743800000000e-06	1.290098040116e-09	1.823536691575e-09	9.323388785577e-10
1.744000000000e-06	1.120375009169e-09	1.869170994476e-09	4.524823303305e-10
1.744200000000e-06	1.164836302282e-09	1.743461974671e-09	7.253735904394e-10
1.744400000000e-06	1.277574592208e-09	1.858450576223e-09	7.967499580651e-10
1.744600000000e-06	1.138260759249e-09	1.716924894332e-09	6.645506101521e-10
1.744800000000e-06	1.274994609830e-09	1.791880109005e-09	9.137313049039e-10
1.745000000000e-06	1.162867536372e-09	1.740911196385e-09	6.897701363592e-10
1.745200000000e-06	1.051496732517e-09	1.533130597619e-09	6.993832807067e-10
1.745400000000e-06	1.184557672778e-09	1.824350220638e-09	6.675490745445e-10
1.745600000000e-06	1.236662549418e-09	1.805487295370e-09	7.939724295163e-10
1.745800000000e-06	1.130776849158e-09	1.730179382299e-09	6.532549052126e-10
1.746000000000e-06	1.166697727366e-09	1.766760514154e-09	6.572978657283e-10
1.746200000000e-06	1.124659619700e-09	1.719254923269e-09	6.484984668743e-10
1.746400000000e-06	1.182210348568e-09	1.778168177149e-09	6.975960516451e-10
1.746600000000e-06	1.171638836498e-09	1.732281140895e-09	7.403344414778e-10
1.746800000000e-06	1.165660906948e-09	1.669207224393e-09	7.984442313841e-10
1.747000000000e-06	1.222631434950e-09	1.857739203959e-09	6.737591423848e-10
1.747200000000e-06	1.262472089977e-09	1.768428004667e-09	9.155513028827e-10
1.747400000000e-06	1.067662158811e-09	1.667246589613e-09	5.705516937878e-10
1.747600000000e-06	1.233638895159e-09	1.860614900107e-09	7.068107446931e-10
1.747800000000e-06	1.124815860182e-09	1.766671175902e-09	5.716552722775e-10
1.748000000000e-06	1.169653234431e-09	1.731061933109e-09	7.452397469721e-10
1.748200000000e-06	1.051195428366e-09	1.456401480655e-09	7.717600040066e-10
1.748400000000e-06	1.153617100878e-09	1.679762961927e-09	7.065015869902e-10
1.748600000000e-06	1.115411117716e-09	1.586141761623e-09	8.031618389156e-10
1.748800000000e-06	1.082860711260e-09	1.585771271910e-09	7.102701178951e-10
1.749000000000e-06	1.117718454341e-09	1.606306409312e-09	7.321006976987e-10
1.749200000000e-06	1.141896338538e-09	1.631079233772e-09	7.808142707252e-10
1.749400000000e-06	1.025749178893e-09	1.566016271474e-09	5.939572676680e-10
1.749600000000e-06	1.217059180476e-09	1.714147978547e-09	8.579729955897e-10
1.749800000000e-06	1.137830119458e-09	1.633467913090e-09	7.549601974815e-10
1.750000000000e-06	1.180208730368e-09	1.654264707535e-09	8.359513720091e-10
1.750200000000e-06	1.147613072344e-09	1.757092194758e-09	6.538391367175e-10
1.750400000000e-06	1.109312700528e-09	1.694884638777e-09	6.133458452928e-10
1.750600000000e-06	1.155493779708e-09	1.691641052627e-09	7.361431747319e-10
1.750800000000e-06	1.047814715301e-09	1.630761958206e-09	5.578896317672e-10
1.751000000000e-06	1.032079482198e-09	1.615723457623e-09	5.658668366185e-10
1.751200000000e-06	1.065442941781e-09	1.639326655071e-09	5.948723007299e-10
1.751400000000e-06	1.125502556150e-09	1.757095312793e-09	5.750824488172e-10
1.751600000000e-06	1.077612289886e-09	1.698880202988e-09	5.450392252925e-10
1.751800000000e-06	1.045399481640e-09	1.576243729768e-09	6.065192139938e-10
1.752000000000e-06	1.071354908587e-09	1.528793423572e-09	7.468449422588e-10
1.752200000000e-06	1.120193427862e-09	1.713806374908e-09	6.455088670905e-10
1.752400000000e-06	1.084245952841e-09	1.529639601255e-09	7.474626319459e-10
1.752600000000e-06	1.089134882563e-09	1.563558401943e-09	7.424596639738e-10
1.752800000000e-06	1.072802930049e-09	1.614646602796e-09	6.274259221893e-10
1.753000000000e-06	1.155351702034e-09	1.768952869132e-09	6.519511761245e-10
1.753200000000e-06	1.023923068762e-09	1.498163054322e-09	6.586772957489e-10
1.753400000000e-06	1.056097377915e-09	1.503579533961e-09	7.548287580754e-10
1.753600000000e-06	1.063927982352e-09	1.582698541866e-09	6.612731783383e-10
1.753800000000e-06	1.015519410373e-09	1.492570794164e-09	6.761768122871e-10
1.754000000000e-06	1.022635550412e-09	1.597707130882e-09	5.335552666805e-10
1.754200000000e-06	1.016489553776e-09	1.399274441616e-09	7.589099191208e-10
1.754400000000e-06	1.074185528545e-09	1.633120039239e-09	6.110253288759e-10
1.754600000000e-06	1.049514414104e-09	1.598101540194e-09	6.411868360573e-10
1.754800000000e-06	9.656156114305e-10	1.355588800707e-09	6.872631656440e-10
1.755000000000e-06	9.933791470066e-10	1.513155405893e-09	5.693871823683e-10
1.755200000000e-06	1.088346706030e-09	1.561062104591e-09	7.378529484611e-10
1.755400000000e-06	1.029864532518e-09	1.432114402224e-09	7.585312010875e-10
1.755600000000e-06	1.018905248013e-09	1.575549568462e-09	5.618389665975e-10
1.755800000000e-06	9.806920126728e-10	1.457885323491e-09	6.211055501662e-10
1.756000000000e-06	9.325954230788e-10	1.356949847785e-09	6.218921973232e-10
1.756200000000e-06	9.722500300245e-10	1.558392386991e-09	4.614960169522e-10
1.756400000000e-06	9.474708557951e-10	1.503412246278e-09	4.624345318452e-10
1.756600000000e-06	1.019711839262e-09	1.547834812880e-09	5.896557350208e-10
1.756800000000e-06	9.610971042856e-10	1.379865645334e-09	6.733859200310e-10
1.757000000000e-06	9.470321041679e-10	1.404966894542e-09	5.808090334878e-10
1.757200000000e-06	1.039698889508e-09	1.531061737061e-09	6.596266195626e-10
1.757400000000e-06	1.001193190671e-09	1.454163795744e-09	6.407330334455e-10
1.757600000000e-06	9.915302437639e-10	1.484380929781e-09	5.898489005121e-10
1.757800000000e-06	9.496152361854e-10	1.449191051676e-09	5.580683725967e-10
1.758000000000e-06	9.927083715069e-10	1.437749607707e-09	6.665682838532e-10
1.758200000000e-06	1.026189604857e-09	1.445056534856e-09	7.509396315730e-10
1.758400000000e-06	9.993993453659e-10	1.501321502027e-09	6.094527907869e-10
1.758600000000e-06	1.059430929542e-09	1.605819055481e-09	6.086741231038e-10
1.758800000000e-06	1.036586885923e-09	1.476458720657e-09	7.137348964775e-10
1.759000000000e-06	9.959209481468e-10	1.491895776496e-09	5.846236680417e-10
1.759200000000e-06	9.474253531757e-10	1.372841272035e-09	6.238085838692e-10
1.759400000000e-06	1.086077453777e-09	1.572091899573e-09	7.222843643957e-10
1.759600000000e-06	9.831083985552e-10	1.441417254221e-09	6.116263896966e-10
1.759800000000e-06	9.757071532898e-10	1.492609740324e-09	5.666765558739e-10
1.760000000000e-06	9.062553598563e-10	1.361421939771e-09	5.503103626603e-10
1.760200000000e-06	1.046178844718e-09	1.483555805818e-09	7.471405309304e-10
1.760400000000e-06	1.019541759431e-09	1.428246263684e-09	7.252714678149e-10
1.760600000000e-06	8.370597742761e-10	1.230175637416e-09	5.360921584930e-10
1.760800000000e-06	9.515650725635e-10	1.403283841792e-09	5.992943281236e-10
1.761000000000e-06	9.425529806142e-10	1.418188456263e-09	5.812408904967e-10
1.761200000000e-06	9.932083050089e-10	1.445759883069e-09	6.641863704928e-10
1.761400000000e-06	9.618228664421e-10	1.425059699849e-09	5.924977390304e-10
1.761600000000e-06	8.889509335557e-10	1.334734493814e-09	5.391374009550e-10
1.761800000000e-06	9.957316305959e-10	1.432968921867e-09	6.730830152923e-10
1.762000000000e-06	9.699948416799e-10	1.481241242223e-09	5.413312953055e-10
1.762200000000e-06	8.547646089295e-10	1.255190687632e-09	5.328799130731e-10
1.762400000000e-06	9.781937159992e-10	1.409760129074e-09	6.502370997674e-10
1.762600000000e-06	8.995234394472e-10	1.311083114129e-09	6.132222971065e-10
1.762800000000e-06	9.522316276688e-10	1.381702276728e-09	6.262436090772e-10
1.763000000000e-06	8.938379245739e-10	1.276820640193e-09	6.867832524335e-10
1.763200000000e-06	8.973455671491e-10	1.314795382745e-09	5.724879111106e-10
1.763400000000e-06	9.682821721255e-10	1.476987408420e-09	5.627690794962e-10
1.763600000000e-06	9.940012911253e-10	1.344071852872e-09	7.679724547499e-10
1.763800000000e-06	9.091736865832e-10	1.347154431274e-09	5.734680225346e-10
1.764000000000e-06	9.425578009422e-10	1.387779812987e-09	6.142958739287e-10
1.764200000000e-06	1.019139656215e-09	1.466342790343e-09	6.595537869907e-10
1.764400000000e-06	9.107748819495e-10	1.342482216329e-09	5.613307783401e-10
1.764600000000e-06	8.901412074659e-10	1.394901499032e-09	4.589581615289e-10
1.764800000000e-06	8.752648601703e-10	1.249087287911e-09	6.181359309431e-10
1.765000000000e-06	9.784353570313e-10	1.437517871022e-09	6.249417403143e-10
1.765200000000e-06	8.667097628414e-10	1.363675416221e-09	4.678349308565e-10
1.765400000000e-06	8.193691616216e-10	1.269425446597e-09	4.270852838712e-10
1.765600000000e-06	9.358668815355e-10	1.335662863224e-09	6.539451890344e-10
1.765800000000e-06	8.601755017082e-10	1.153236882090e-09	6.919177376398e-10
1.766000000000e-06	9.148267249007e-10	1.359249384643e-09	5.663185674316e-10
1.766200000000e-06	8.302232311427e-10	1.263275538965e-09	4.745211814379e-10
1.766400000000e-06	9.125945447214e-10	1.343315892842e-09	6.056455759036e-10
1.766600000000e-06	9.583366382716e-10	1.453299274681e-09	5.439146191195e-10
1.766800000000e-06	9.039919564234e-10	1.348231048307e-09	5.379411496528e-10
1.767000000000e-06	8.931025295455e-10	1.365204040405e-09	4.932534308328e-10
1.767200000000e-06	8.530892088148e-10	1.252628448602e-09	5.558958348940e-10
1.767400000000e-06	9.011900947925e-10	1.305995974659e-09	5.979599571762e-10
1.767600000000e-06	8.447565835367e-10	1.261795843753e-09	5.185785624649e-10
1.767800000000e-06	8.859915373346e-10	1.263829522776e-09	5.969017698841e-10
1.768000000000e-06	7.952317302099e-10	1.186137149625e-09	5.238535754431e-10
1.768200000000e-06	8.772577042133e-10	1.351990786584e-09	4.848814955782e-10
1.768400000000e-06	8.985332690238e-10	1.354587616881e-09	5.264547602089e-10
1.768600000000e-06	9.597465427878e-10	1.401226187002e-09	6.000820922467e-10
1.768800000000e-06	9.192626011141e-10	1.322750387381e-09	6.266175672512e-10
1.769000000000e-06	8.525226117823e-10	1.206786993465e-09	6.119223734149e-10
1.769200000000e-06	9.241598586258e-10	1.364093921978e-09	5.852671855118e-10
