8.048400000000e-06	0.000000000000e+00	0.000000000000e+00	0.000000000000e+00
8.048600000000e-06	0.000000000000e+00	0.000000000000e+00	0.000000000000e+00
8.048800000000e-06	0.000000000000e+00	0.000000000000e+00	0.000000000000e+00
8.049000000000e-06	0.000000000000e+00	0.000000000000e+00	0.000000000000e+00
8.049200000000e-06	0.000000000000e+00	0.000000000000e+00	0.000000000000e+00
8.049400000000e-06	0.000000000000e+00	0.000000000000e+00	0.000000000000e+00
8.049600000000e-06	0.000000000000e+00	0.000000000000e+00	0.000000000000e+00
8.049800000000e-06	0.000000000000e+00	0.000000000000e+00	0.000000000000e+00
8.050000000000e-06	0.000000000000e+00	0.000000000000e+00	0.000000000000e+00
8.050200000000e-06	0.000000000000e+00	0.000000000000e+00	0.000000000000e+00
8.050400000000e-06	0.000000000000e+00	0.000000000000e+00	0.000000000000e+00
8.050600000000e-06	0.000000000000e+00	0.000000000000e+00	0.000000000000e+00
8.050800000000e-06	0.000000000000e+00	0.000000000000e+00	0.000000000000e+00
8.051000000000e-06	0.000000000000e+00	0.000000000000e+00	0.000000000000e+00
8.051200000000e-06	0.000000000000e+00	0.000000000000e+00	0.000000000000e+00
8.051400000000e-06	0.000000000000e+00	0.000000000000e+00	0.000000000000e+00
8.051600000000e-06	0.000000000000e+00	0.000000000000e+00	0.000000000000e+00
8.051800000000e-06	0.000000000000e+00	0.000000000000e+00	0.000000000000e+00
8.052000000000e-06	0.000000000000e+00	0.000000000000e+00	0.000000000000e+00
8.052200000000e-06	0.000000000000e+00	0.000000000000e+00	0.000000000000e+00
8.052400000000e-06	0.000000000000e+00	0.000000000000e+00	0.000000000000e+00
8.052600000000e-06	0.000000000000e+00	0.000000000000e+00	0.000000000000e+00
8.052800000000e-06	0.000000000000e+00	0.000000000000e+00	0.000000000000e+00
8.053000000000e-06	0.000000000000e+00	0.000000000000e+00	0.000000000000e+00
8.053200000000e-06	0.000000000000e+00	0.000000000000e+00	0.000000000000e+00
8.053400000000e-06	0.000000000000e+00	0.000000000000e+00	0.000000000000e+00
8.053600000000e-06	0.000000000000e+00	0.000000000000e+00	0.000000000000e+00
8.053800000000e-06	0.000000000000e+00	0.000000000000e+00	0.000000000000e+00
8.054000000000e-06	0.000000000000e+00	0.000000000000e+00	0.000000000000e+00
8.054200000000e-06	0.000000000000e+00	0.000000000000e+00	0.000000000000e+00
8.054400000000e-06	0.000000000000e+00	0.000000000000e+00	0.000000000000e+00
8.054600000000e-06	0.000000000000e+00	0.000000000000e+00	0.000000000000e+00
8.054800000000e-06	0.000000000000e+00	0.000000000000e+00	0.000000000000e+00
8.055000000000e-06	0.000000000000e+00	0.000000000000e+00	0.000000000000e+00
8.055200000000e-06	0.000000000000e+00	0.000000000000e+00	0.000000000000e+00
8.055400000000e-06	0.000000000000e+00	0.000000000000e+00	0.000000000000e+00
8.055600000000e-06	0.000000000000e+00	0.000000000000e+00	0.000000000000e+00
8.055800000000e-06	0.000000000000e+00	0.000000000000e+00	0.000000000000e+00
8.056000000000e-06	0.000000000000e+00	0.000000000000e+00	0.000000000000e+00
8.056200000000e-06	0.000000000000e+00	0.000000000000e+00	0.000000000000e+00
8.056400000000e-06	0.000000000000e+00	0.000000000000e+00	0.000000000000e+00
8.056600000000e-06	0.000000000000e+00	0.000000000000e+00	0.000000000000e+00
8.056800000000e-06	0.000000000000e+00	0.000000000000e+00	0.000000000000e+00
8.057000000000e-06	0.000000000000e+00	0.000000000000e+00	0.000000000000e+00
8.057200000000e-06	0.000000000000e+00	0.000000000000e+00	0.000000000000e+00
8.057400000000e-06	0.000000000000e+00	0.000000000000e+00	0.000000000000e+00
8.057600000000e-06	0.000000000000e+00	0.000000000000e+00	0.000000000000e+00
8.057800000000e-06	0.000000000000e+00	0.000000000000e+00	0.000000000000e+00
8.058000000000e-06	0.000000000000e+00	0.000000000000e+00	0.000000000000e+00
8.058200000000e-06	0.000000000000e+00	0.000000000000e+00	0.000000000000e+00
8.058400000000e-06	0.000000000000e+00	0.000000000000e+00	0.000000000000e+00
8.058600000000e-06	0.000000000000e+00	0.000000000000e+00	0.000000000000e+00
8.058800000000e-06	0.000000000000e+00	0.000000000000e+00	0.000000000000e+00
8.059000000000e-06	0.000000000000e+00	0.000000000000e+00	0.000000000000e+00
8.059200000000e-06	0.000000000000e+00	0.000000000000e+00	0.000000000000e+00
8.059400000000e-06	0.000000000000e+00	0.000000000000e+00	0.000000000000e+00
8.059600000000e-06	0.000000000000e+00	0.000000000000e+00	0.000000000000e+00
8.059800000000e-06	0.000000000000e+00	0.000000000000e+00	0.000000000000e+00
8.060000000000e-06	0.000000000000e+00	0.000000000000e+00	0.000000000000e+00
8.060200000000e-06	0.000000000000e+00	0.000000000000e+00	0.000000000000e+00
8.060400000000e-06	0.000000000000e+00	0.000000000000e+00	0.000000000000e+00
8.060600000000e-06	0.000000000000e+00	0.000000000000e+00	0.000000000000e+00
8.060800000000e-06	0.000000000000e+00	0.000000000000e+00	0.000000000000e+00
8.061000000000e-06	0.000000000000e+00	0.000000000000e+00	0.000000000000e+00
8.061200000000e-06	0.000000000000e+00	0.000000000000e+00	0.000000000000e+00
8.061400000000e-06	0.000000000000e+00	0.000000000000e+00	0.000000000000e+00
8.061600000000e-06	0.000000000000e+00	0.000000000000e+00	0.000000000000e+00
8.061800000000e-06	0.000000000000e+00	0.000000000000e+00	0.000000000000e+00
8.062000000000e-06	0.000000000000e+00	0.000000000000e+00	0.000000000000e+00
8.062200000000e-06	0.000000000000e+00	0.000000000000e+00	0.000000000000e+00
8.062400000000e-06	0.000000000000e+00	0.000000000000e+00	0.000000000000e+00
8.062600000000e-06	0.000000000000e+00	0.000000000000e+00	0.000000000000e+00
8.062800000000e-06	0.000000000000e+00	0.000000000000e+00	0.000000000000e+00
8.063000000000e-06	0.000000000000e+00	0.000000000000e+00	0.000000000000e+00
8.063200000000e-06	0.000000000000e+00	0.000000000000e+00	0.000000000000e+00
8.063400000000e-06	0.000000000000e+00	0.000000000000e+00	0.000000000000e+00
8.063600000000e-06	0.000000000000e+00	0.000000000000e+00	0.000000000000e+00
8.063800000000e-06	0.000000000000e+00	0.000000000000e+00	0.000000000000e+00
8.064000000000e-06	0.000000000000e+00	0.000000000000e+00	0.000000000000e+00
8.064200000000e-06	0.000000000000e+00	0.000000000000e+00	0.000000000000e+00
8.064400000000e-06	0.000000000000e+00	0.000000000000e+00	0.000000000000e+00
8.064600000000e-06	0.000000000000e+00	0.000000000000e+00	0.000000000000e+00
8.064800000000e-06	0.000000000000e+00	0.000000000000e+00	0.000000000000e+00
8.065000000000e-06	0.000000000000e+00	0.000000000000e+00	0.000000000000e+00
8.065200000000e-06	0.000000000000e+00	0.000000000000e+00	0.000000000000e+00
8.065400000000e-06	0.000000000000e+00	0.000000000000e+00	0.000000000000e+00
8.065600000000e-06	0.000000000000e+00	0.000000000000e+00	0.000000000000e+00
8.065800000000e-06	0.000000000000e+00	0.000000000000e+00	0.000000000000e+00
8.066000000000e-06	0.000000000000e+00	0.000000000000e+00	0.000000000000e+00
8.066200000000e-06	0.000000000000e+00	0.000000000000e+00	0.000000000000e+00
8.066400000000e-06	0.000000000000e+00	0.000000000000e+00	0.000000000000e+00
8.066600000000e-06	0.000000000000e+00	0.000000000000e+00	0.000000000000e+00
8.066800000000e-06	0.000000000000e+00	0.000000000000e+00	0.000000000000e+00
8.067000000000e-06	0.000000000000e+00	0.000000000000e+00	0.000000000000e+00
8.067200000000e-06	0.000000000000e+00	0.000000000000e+00	0.000000000000e+00
8.067400000000e-06	0.000000000000e+00	0.000000000000e+00	0.000000000000e+00
8.067600000000e-06	0.000000000000e+00	0.000000000000e+00	0.000000000000e+00
8.067800000000e-06	0.000000000000e+00	0.000000000000e+00	0.000000000000e+00
8.068000000000e-06	0.000000000000e+00	0.000000000000e+00	0.000000000000e+00
8.068200000000e-06	0.000000000000e+00	0.000000000000e+00	0.000000000000e+00
8.068400000000e-06	0.000000000000e+00	0.000000000000e+00	0.000000000000e+00
8.068600000000e-06	0.000000000000e+00	0.000000000000e+00	0.000000000000e+00
8.068800000000e-06	0.000000000000e+00	0.000000000000e+00	0.000000000000e+00
8.069000000000e-06	0.000000000000e+00	0.000000000000e+00	0.000000000000e+00
8.069200000000e-06	0.000000000000e+00	0.000000000000e+00	0.000000000000e+00
8.069400000000e-06	0.000000000000e+00	0.000000000000e+00	0.000000000000e+00
8.069600000000e-06	0.000000000000e+00	0.000000000000e+00	0.000000000000e+00
8.069800000000e-06	0.000000000000e+00	0.000000000000e+00	0.000000000000e+00
8.070000000000e-06	0.000000000000e+00	0.000000000000e+00	0.000000000000e+00
8.070200000000e-06	0.000000000000e+00	0.000000000000e+00	0.000000000000e+00
8.070400000000e-06	-7.082958541680e-17	-8.113762404550e-17	-7.569279419293e-17
8.070600000000e-06	-1.161496737238e-15	-8.071929903795e-16	-1.865460445591e-15
8.070800000000e-06	1.520640230409e-14	8.162607101008e-14	-6.021426559832e-14
8.071000000000e-06	8.131470257156e-15	1.109162705834e-13	-1.123877495528e-13
8.071200000000e-06	2.325127526658e-15	-9.380371492678e-14	1.174830174585e-13
8.071400000000e-06	-2.261976982681e-14	-9.613994963730e-14	5.938772189449e-14
8.071600000000e-06	-1.958947436149e-16	1.290718106286e-16	-6.303439501217e-16
8.071800000000e-06	7.089711685497e-16	1.372697567156e-15	8.847208305989e-17
8.072000000000e-06	5.711393291993e-17	-7.816399249177e-17	2.326269581476e-16
8.072200000000e-06	4.160894067066e-16	4.400329023600e-16	4.879103640713e-16
8.072400000000e-06	-1.250648364428e-16	1.346064492077e-16	-4.648832306585e-16
8.072600000000e-06	6.461747912439e-16	1.082152786908e-15	2.814372603815e-16
8.072800000000e-06	2.245998694048e-16	3.888759732883e-16	8.257806701054e-17
8.073000000000e-06	0.000000000000e+00	0.000000000000e+00	0.000000000000e+00
8.073200000000e-06	-4.497291395993e-16	-1.581514830229e-15	7.817734625825e-16
8.073400000000e-06	1.329740381494e-15	7.697113081286e-15	-5.885100354238e-15
8.073600000000e-06	-1.302250819730e-13	-3.244530187781e-13	6.805443971720e-14
8.073800000000e-06	-5.641590597538e-14	4.608050148285e-15	-1.430745029692e-13
8.074000000000e-06	7.773765763288e-14	1.008219000403e-13	6.965495767069e-14
8.074200000000e-06	-5.868827560318e-13	-1.588951801824e-13	-1.267336751456e-12
8.074400000000e-06	1.641728453795e-13	1.126432137955e-12	-9.534595142336e-13
8.074600000000e-06	1.541705875750e-12	-5.924013339759e-13	4.556932926346e-12
8.074800000000e-06	-1.782435293293e-12	-8.882677269851e-13	-3.362342102910e-12
8.075000000000e-06	-2.673727630330e-14	-7.207340958307e-14	2.018445922508e-14
8.075200000000e-06	-4.774613268454e-13	-9.965221744968e-13	1.291239584579e-14
8.075400000000e-06	6.752690358875e-13	1.141534672705e-12	3.063504369532e-13
8.075600000000e-06	1.064021191312e-12	1.155045507042e-12	1.260522815574e-12
8.075800000000e-06	-7.181730153075e-14	-8.893677384617e-14	-6.881672171581e-14
8.076000000000e-06	-8.129042522869e-14	-9.243430447687e-14	-8.439108838679e-14
8.076200000000e-06	-1.283405861086e-12	-1.308174565479e-12	-1.622780080501e-12
8.076400000000e-06	-1.054885462547e-13	-1.400873935138e-13	-8.641560529100e-14
8.076600000000e-06	8.910532448039e-14	5.198042590491e-14	1.569721830557e-13
8.076800000000e-06	2.308924060177e-14	-4.490595295878e-14	1.061349561228e-13
8.077000000000e-06	-1.484850301065e-14	-8.740958470155e-13	1.002398545543e-12
8.077200000000e-06	8.879302877935e-15	6.300148608145e-13	-7.187787385181e-13
8.077400000000e-06	1.531341159985e-13	3.440154208346e-13	-4.879507307013e-14
8.077600000000e-06	-1.844720430841e-13	-6.255160272508e-13	2.984431820799e-13
8.077800000000e-06	3.664873173953e-13	5.723759962623e-13	2.067511487912e-13
8.078000000000e-06	-2.582396649170e-13	-5.092028841556e-13	-8.958756336871e-15
8.078200000000e-06	-2.582737423275e-14	-2.949905320245e-13	2.992307996200e-13
8.078400000000e-06	6.102910615101e-13	1.294950905270e-12	-6.455870770750e-14
8.078600000000e-06	-6.640334026923e-13	-7.119689787086e-13	-7.684721409013e-13
8.078800000000e-06	-2.490903631914e-13	-3.381198357793e-13	-1.888845784794e-13
8.079000000000e-06	2.386131921445e-13	2.041061830683e-13	3.353757048445e-13
8.079200000000e-06	-1.197443402746e-13	-2.014198708936e-12	2.126027091805e-12
8.079400000000e-06	-7.191351749548e-13	-6.624551353575e-13	-9.612305310810e-13
8.079600000000e-06	-2.283574607058e-12	-2.450636769157e-12	-2.657221488868e-12
8.079800000000e-06	-1.434554724149e-12	-3.205773780126e-12	3.534607785644e-13
8.080000000000e-06	3.707524415438e-13	-1.261128543330e-12	2.429752239802e-12
8.080200000000e-06	-2.089775680898e-12	-2.581167236018e-12	-2.039102286856e-12
8.080400000000e-06	-8.608494540017e-13	-3.134303227541e-13	-1.726547774934e-12
8.080600000000e-06	-2.410303533482e-12	-1.526747317487e-12	-4.040906796240e-12
8.080800000000e-06	5.090949118134e-13	9.903696240560e-14	1.130476924034e-12
8.081000000000e-06	-3.122337426461e-12	-4.585630441223e-12	-2.123906936822e-12
8.081200000000e-06	-3.654653077712e-12	-2.847404018731e-12	-5.531967369057e-12
8.081400000000e-06	-2.928951642193e-12	-8.693966352028e-12	3.289656346631e-12
8.081600000000e-06	-4.870034154139e-12	-5.996860571593e-12	-4.809132668232e-12
8.081800000000e-06	-2.355535176695e-12	-3.460511834547e-12	-1.662698612340e-12
8.082000000000e-06	-5.767635999498e-12	-6.168588729520e-12	-6.692373371632e-12
8.082200000000e-06	-5.231046127391e-12	-1.183319662962e-11	1.423186608385e-12
8.082400000000e-06	-2.419007713831e-13	-1.795082360392e-12	1.503850362058e-12
8.082600000000e-06	-4.662661430859e-12	-7.450935731864e-12	-2.507525279410e-12
8.082800000000e-06	-1.016676913305e-11	-1.324215384531e-11	-8.971572295281e-12
8.083000000000e-06	-1.295970375678e-11	-2.022807030729e-11	-7.385070991416e-12
8.083200000000e-06	1.169311343096e-12	-3.847623949879e-12	7.465111680290e-12
8.083400000000e-06	-5.450275900566e-12	-1.392109470185e-11	3.403591754748e-12
8.083600000000e-06	-1.458913835591e-11	-1.809738924921e-11	-1.400156360495e-11
8.083800000000e-06	-1.587231516174e-11	-1.586718225194e-11	-1.983203236511e-11
8.084000000000e-06	-1.244197631581e-11	-2.019180480444e-11	-6.205428229932e-12
8.084200000000e-06	-1.825619356764e-11	-2.358591555720e-11	-1.638476366576e-11
8.084400000000e-06	-1.904386542999e-11	-3.237475141490e-11	-7.668087910345e-12
8.084600000000e-06	-2.122495991406e-11	-2.918548663338e-11	-1.699813311691e-11
8.084800000000e-06	-1.794827107553e-11	-3.574763478506e-11	-9.484280427986e-13
8.085000000000e-06	-2.735714138391e-11	-2.771495819021e-11	-3.378196766281e-11
8.085200000000e-06	-2.361454103813e-11	-3.706045037648e-11	-1.318248018165e-11
8.085400000000e-06	-3.654854358403e-11	-4.971597963944e-11	-2.995960388055e-11
8.085600000000e-06	-3.308714605476e-11	-5.675647894527e-11	-1.280017721677e-11
8.085800000000e-06	-3.849774607141e-11	-6.130051468060e-11	-2.068733448184e-11
8.086000000000e-06	-4.243910882141e-11	-5.622589241640e-11	-3.639613048006e-11
8.086200000000e-06	-6.027666992628e-11	-8.056759136721e-11	-5.075052544757e-11
8.086400000000e-06	-4.687539903586e-11	-8.564252272360e-11	-1.188942470356e-11
8.086600000000e-06	-7.383324033984e-11	-1.015896934590e-10	-5.885731145598e-11
8.086800000000e-06	-7.156543039909e-11	-1.129188057798e-10	-3.953257432682e-11
8.087000000000e-06	-6.417418127642e-11	-1.041822089305e-10	-3.220836738945e-11
8.087200000000e-06	-8.224998193634e-11	-1.337511427016e-10	-4.044673458060e-11
8.087400000000e-06	-9.923429974829e-11	-1.553266596158e-10	-5.649481431496e-11
8.087600000000e-06	-9.782106451610e-11	-1.715447124669e-10	-3.323048069336e-11
8.087800000000e-06	-1.024873531513e-10	-1.973688414439e-10	-1.331648622954e-11
8.088000000000e-06	-1.024158428141e-10	-1.578318784991e-10	-6.121768605926e-11
8.088200000000e-06	-1.495283958791e-10	-2.007686236588e-10	-1.257333635369e-10
8.088400000000e-06	-1.573978933305e-10	-2.248932015109e-10	-1.153811466190e-10
8.088600000000e-06	-1.717019842973e-10	-2.502127733353e-10	-1.200760172998e-10
8.088800000000e-06	-1.820717344766e-10	-2.529707091055e-10	-1.432117150498e-10
8.089000000000e-06	-1.729932865211e-10	-2.734143054962e-10	-9.537008766754e-11
8.089200000000e-06	-2.090432553216e-10	-2.905184364119e-10	-1.631819806107e-10
8.089400000000e-06	-2.307167878192e-10	-3.797010135242e-10	-1.081742388685e-10
8.089600000000e-06	-2.800921180503e-10	-4.481337092334e-10	-1.484124718368e-10
8.089800000000e-06	-2.834630333226e-10	-4.446825628463e-10	-1.594897103618e-10
8.090000000000e-06	-3.086191928632e-10	-5.009200205298e-10	-1.540274171988e-10
8.090200000000e-06	-2.973687694836e-10	-4.613348841485e-10	-1.740919741406e-10
8.090400000000e-06	-3.899045526466e-10	-5.938157326369e-10	-2.424685421226e-10
8.090600000000e-06	-3.983672929808e-10	-6.260656552388e-10	-2.234063533583e-10
8.090800000000e-06	-4.581739406560e-10	-6.900890457315e-10	-2.937101158454e-10
8.091000000000e-06	-5.148536861159e-10	-8.150733116304e-10	-2.819833811665e-10
8.091200000000e-06	-5.362790691296e-10	-7.870608568754e-10	-3.689269312382e-10
8.091400000000e-06	-5.727087981960e-10	-9.054315639106e-10	-3.139893958520e-10
8.091600000000e-06	-6.931945196643e-10	-1.159729222164e-09	-3.022526638132e-10
8.091800000000e-06	-6.923957103762e-10	-9.974235637500e-10	-5.001056280537e-10
8.092000000000e-06	-7.710904165525e-10	-1.280036934006e-09	-3.480155030240e-10
8.092200000000e-06	-8.427274879088e-10	-1.209376146872e-09	-6.159990704483e-10
8.092400000000e-06	-1.004389152339e-09	-1.625890698337e-09	-5.035836376886e-10
8.092600000000e-06	-1.070735027750e-09	-1.527441125782e-09	-7.928264774942e-10
8.092800000000e-06	-1.227519742245e-09	-1.700265529420e-09	-9.707495285384e-10
8.093000000000e-06	-1.175550949665e-09	-1.861478601266e-09	-6.422280267057e-10
8.093200000000e-06	-1.360318532998e-09	-2.123446981380e-09	-7.816471012683e-10
8.093400000000e-06	-1.387894807755e-09	-2.244793665235e-09	-6.980290552304e-10
8.093600000000e-06	-1.541125352985e-09	-2.225376793477e-09	-1.111639516535e-09
8.093800000000e-06	-1.505116123058e-09	-2.377572324198e-09	-8.275836892800e-10
8.094000000000e-06	-1.784371559485e-09	-2.372405772009e-09	-1.540541279918e-09
8.094200000000e-06	-1.703859974609e-09	-2.596574780027e-09	-1.059497245157e-09
8.094400000000e-06	-1.711389744777e-09	-2.729519441971e-09	-9.085644370391e-10
8.094600000000e-06	-1.650375344711e-09	-2.592574267603e-09	-9.262535732923e-10
8.094800000000e-06	-1.747292765715e-09	-2.578524452732e-09	-1.192452903024e-09
8.095000000000e-06	-1.358248298516e-09	-2.149134434305e-09	-7.435388007440e-10
8.095200000000e-06	-1.361248855863e-09	-2.064271326047e-09	-8.579698971650e-10
8.095400000000e-06	-1.549009363092e-09	-2.173920430445e-09	-1.192717994218e-09
8.095600000000e-06	-1.776095752684e-09	-2.857901587773e-09	-9.142194017444e-10
8.095800000000e-06	-1.816631299705e-09	-2.635221038674e-09	-1.294065974887e-09
8.096000000000e-06	-1.790437024902e-09	-2.869101138595e-09	-9.329277575870e-10
8.096200000000e-06	-1.853220632042e-09	-2.763379654650e-09	-1.226753922700e-09
8.096400000000e-06	-2.030742392753e-09	-2.927026992721e-09	-1.469578546103e-09
8.096600000000e-06	-2.255682803365e-09	-3.398270949362e-09	-1.450799740469e-09
8.096800000000e-06	-2.149990888623e-09	-3.166229334859e-09	-1.470923184601e-09
8.097000000000e-06	-2.211133412626e-09	-3.513074121040e-09	-1.191406784988e-09
8.097200000000e-06	-2.194477420052e-09	-3.226444929434e-09	-1.509717265418e-09
8.097400000000e-06	-2.437832027312e-09	-3.873857380888e-09	-1.315772644763e-09
8.097600000000e-06	-2.545481843716e-09	-3.807122543729e-09	-1.671452580988e-09
8.097800000000e-06	-2.688390199465e-09	-4.102235302040e-09	-1.659873005417e-09
8.098000000000e-06	-2.776165098698e-09	-4.260848810938e-09	-1.686764277812e-09
8.098200000000e-06	-2.869560014296e-09	-4.102555231741e-09	-2.120458627220e-09
8.098400000000e-06	-2.897892670689e-09	-4.359849335121e-09	-1.869214530653e-09
8.098600000000e-06	-3.158585354748e-09	-4.760163605404e-09	-2.027591752531e-09
8.098800000000e-06	-2.885274082770e-09	-4.338191613142e-09	-1.863813194538e-09
8.099000000000e-06	-3.161842647272e-09	-4.866265884425e-09	-1.903473515773e-09
8.099200000000e-06	-3.452200992677e-09	-4.952214924790e-09	-2.530338350810e-09
8.099400000000e-06	-3.447908291847e-09	-5.063464286431e-09	-2.378896509438e-09
8.099600000000e-06	-3.671244530197e-09	-5.652542306438e-09	-2.209908336578e-09
8.099800000000e-06	-3.477522702680e-09	-5.309755570440e-09	-2.144587590299e-09
8.100000000000e-06	-3.768643991549e-09	-5.591387807923e-09	-2.534443539154e-09
8.100200000000e-06	-3.555270455933e-09	-5.385542838914e-09	-2.246427996821e-09
8.100400000000e-06	-3.760789003034e-09	-5.762726110193e-09	-2.294581694792e-09
8.100600000000e-06	-4.003534914823e-09	-5.831154910235e-09	-2.826258528076e-09
8.100800000000e-06	-4.107784477421e-09	-6.230620560816e-09	-2.590472431218e-09
8.101000000000e-06	-4.108277004148e-09	-6.370641227597e-09	-2.415240904653e-09
8.101200000000e-06	-4.191348599818e-09	-6.196876245030e-09	-2.838760286893e-09
8.101400000000e-06	-4.706499269300e-09	-6.655937729686e-09	-3.572244157645e-09
8.101600000000e-06	-4.504969315184e-09	-6.750944459272e-09	-2.943731953632e-09
8.101800000000e-06	-4.558507114944e-09	-6.839852037910e-09	-2.969722046637e-09
8.102000000000e-06	-4.543885519142e-09	-7.011758251344e-09	-2.714680912605e-09
8.102200000000e-06	-4.823855776069e-09	-6.850553399412e-09	-3.632497529985e-09
8.102400000000e-06	-4.636155007140e-09	-6.997105002580e-09	-2.966319511496e-09
8.102600000000e-06	-4.977271076074e-09	-7.264823902767e-09	-3.495375849412e-09
8.102800000000e-06	-4.943003474581e-09	-7.352056709121e-09	-3.301129131342e-09
8.103000000000e-06	-4.944370523313e-09	-7.193892688750e-09	-3.503532800404e-09
8.103200000000e-06	-5.235508195267e-09	-7.801769599434e-09	-3.477145908088e-09
8.103400000000e-06	-5.313273340109e-09	-7.821035241295e-09	-3.654218144520e-09
8.103600000000e-06	-5.145472456759e-09	-7.598621879719e-09	-3.504299123460e-09
8.103800000000e-06	-5.367680271501e-09	-7.353414433381e-09	-4.380132454954e-09
8.104000000000e-06	-5.510322691452e-09	-8.582567321389e-09	-3.192433846432e-09
8.104200000000e-06	-5.530587431813e-09	-8.318900523408e-09	-3.578018131607e-09
8.104400000000e-06	-5.649331208473e-09	-8.599110273793e-09	-3.522952326068e-09
8.104600000000e-06	-5.671821688991e-09	-8.566529845317e-09	-3.625373304525e-09
8.104800000000e-06	-5.879193332687e-09	-8.565348743931e-09	-4.155697960629e-09
8.105000000000e-06	-5.635952950510e-09	-8.110253725090e-09	-4.113880110096e-09
8.105200000000e-06	-5.835763077327e-09	-8.294548374249e-09	-4.385971878872e-09
8.105400000000e-06	-6.237895600349e-09	-8.714532258597e-09	-4.887864383407e-09
8.105600000000e-06	-5.708009406311e-09	-8.153511374418e-09	-4.242271714240e-09
8.105800000000e-06	-5.986619641087e-09	-8.841108317061e-09	-4.084800576552e-09
8.106000000000e-06	-5.675556108738e-09	-8.248293326742e-09	-4.041175044041e-09
8.106200000000e-06	-6.095099185925e-09	-8.678910260264e-09	-4.568628712621e-09
8.106400000000e-06	-6.469220862504e-09	-9.192439789179e-09	-4.875053899755e-09
8.106600000000e-06	-5.933150665941e-09	-8.697136138826e-09	-4.128770796663e-09
8.106800000000e-06	-6.159938121877e-09	-9.040293503079e-09	-4.275815339337e-09
8.107000000000e-06	-6.251405254565e-09	-8.967303716704e-09	-4.604044015388e-09
8.107200000000e-06	-6.560315069430e-09	-8.987196124380e-09	-5.370694546868e-09
8.107400000000e-06	-6.065928576471e-09	-8.955767100741e-09	-4.144358828586e-09
8.107600000000e-06	-6.252699452448e-09	-8.573712440631e-09	-5.110017694356e-09
8.107800000000e-06	-5.888305264453e-09	-8.606546335269e-09	-4.127571508107e-09
8.108000000000e-06	-6.735004484544e-09	-9.704635093856e-09	-4.914608961564e-09
8.108200000000e-06	-6.367596091256e-09	-9.055278646192e-09	-4.792438807178e-09
8.108400000000e-06	-6.194178219885e-09	-8.650418512166e-09	-4.869730187894e-09
8.108600000000e-06	-6.370769151098e-09	-9.205979345905e-09	-4.612082610675e-09
8.108800000000e-06	-6.236420309345e-09	-8.628941632414e-09	-4.999995925438e-09
8.109000000000e-06	-6.407990647618e-09	-9.431597713484e-09	-4.418003319427e-09
8.109200000000e-06	-6.700593254869e-09	-8.748471430140e-09	-6.044419019878e-09
8.109400000000e-06	-6.026476211246e-09	-9.172434527405e-09	-3.771339425284e-09
8.109600000000e-06	-5.931894726803e-09	-8.722390663747e-09	-4.103551260336e-09
8.109800000000e-06	-6.185449940061e-09	-8.367636964698e-09	-5.210583186579e-09
8.110000000000e-06	-6.738036814396e-09	-9.075764090761e-09	-5.726902059478e-09
8.110200000000e-06	-6.084110580391e-09	-8.941466746407e-09	-4.221837957675e-09
8.110400000000e-06	-6.290850797919e-09	-8.778221335894e-09	-4.960552110296e-09
8.110600000000e-06	-6.180891308208e-09	-9.042210584286e-09	-4.336248536146e-09
8.110800000000e-06	-5.820950959579e-09	-8.237481252240e-09	-4.437976525492e-09
8.111000000000e-06	-6.526662217028e-09	-9.029992845516e-09	-5.240949832592e-09
8.111200000000e-06	-6.327793824425e-09	-9.058862773135e-09	-4.697498721121e-09
8.111400000000e-06	-5.632390762512e-09	-7.948605868071e-09	-4.327008332336e-09
8.111600000000e-06	-6.230330457296e-09	-8.693695646133e-09	-4.909416743956e-09
8.111800000000e-06	-6.087149068131e-09	-8.231768041261e-09	-5.140146679183e-09
8.112000000000e-06	-6.302598471969e-09	-8.403904755382e-09	-5.481170557346e-09
8.112200000000e-06	-6.178348695864e-09	-9.075153937532e-09	-4.294563091220e-09
8.112400000000e-06	-5.702070642543e-09	-8.244997145381e-09	-4.128152814463e-09
8.112600000000e-06	-6.139245267352e-09	-8.166161526162e-09	-5.358456436657e-09
8.112800000000e-06	-5.035543951254e-09	-7.717594128853e-09	-3.087096820470e-09
8.113000000000e-06	-6.136781748051e-09	-8.603816984083e-09	-4.797264259548e-09
8.113200000000e-06	-5.944191555916e-09	-8.701340453848e-09	-4.173042400314e-09
8.113400000000e-06	-5.201793445933e-09	-6.919279702873e-09	-4.550935571337e-09
8.113600000000e-06	-5.529686755903e-09	-7.523154178449e-09	-4.616506509687e-09
8.113800000000e-06	-5.536136351207e-09	-7.829276897304e-09	-4.238899012746e-09
8.114000000000e-06	-5.472076488160e-09	-7.835751013676e-09	-4.060904543561e-09
8.114200000000e-06	-5.657007122042e-09	-7.384280744052e-09	-5.129053889527e-09
8.114400000000e-06	-5.231018398704e-09	-7.482026817081e-09	-3.892928059171e-09
8.114600000000e-06	-5.415534608208e-09	-7.287712490787e-09	-4.638132823231e-09
8.114800000000e-06	-5.651785191893e-09	-7.292052257005e-09	-5.241831884807e-09
8.115000000000e-06	-5.033572529529e-09	-6.656451963084e-09	-4.456539200682e-09
8.115200000000e-06	-5.119517701528e-09	-7.332151461445e-09	-3.795868426580e-09
8.115400000000e-06	-4.945703241904e-09	-6.964812887395e-09	-3.831561680402e-09
8.115600000000e-06	-4.916630360791e-09	-6.929676030181e-09	-3.804659292992e-09
8.115800000000e-06	-4.536114063974e-09	-6.214734517407e-09	-3.742672275544e-09
8.116000000000e-06	-5.465378428180e-09	-7.673343137232e-09	-4.253804355595e-09
8.116200000000e-06	-4.764592894470e-09	-6.025997429010e-09	-4.587938537651e-09
8.116400000000e-06	-5.315343600835e-09	-7.392197828204e-09	-4.241857881776e-09
8.116600000000e-06	-4.487431428687e-09	-5.691988213180e-09	-4.297190818527e-09
8.116800000000e-06	-4.871744673850e-09	-6.710924423900e-09	-3.968750010976e-09
8.117000000000e-06	-4.218503106648e-09	-4.980868852617e-09	-4.514981881507e-09
8.117200000000e-06	-4.719236860179e-09	-6.099323677593e-09	-4.362147167764e-09
8.117400000000e-06	-4.263734734463e-09	-5.934392688109e-09	-3.394689294078e-09
8.117600000000e-06	-4.650691723389e-09	-6.077345839906e-09	-4.224066430643e-09
8.117800000000e-06	-4.872475046555e-09	-6.579330089021e-09	-4.151499121831e-09
8.118000000000e-06	-4.530647650517e-09	-5.843337356279e-09	-4.214980202566e-09
8.118200000000e-06	-4.306353956509e-09	-6.475313094740e-09	-2.804985722913e-09
8.118400000000e-06	-4.505175268830e-09	-5.892384588652e-09	-4.095811355884e-09
8.118600000000e-06	-3.915957961423e-09	-5.418463879122e-09	-3.166326163255e-09
8.118800000000e-06	-3.945518499720e-09	-4.946095882177e-09	-3.859460777393e-09
8.119000000000e-06	-3.752349580174e-09	-5.212944963673e-09	-3.003131283955e-09
8.119200000000e-06	-3.985918954768e-09	-4.966828426778e-09	-3.935887058091e-09
8.119400000000e-06	-3.817722909645e-09	-5.365047360218e-09	-2.978303742608e-09
8.119600000000e-06	-3.594451948668e-09	-4.256145324434e-09	-3.853884786772e-09
8.119800000000e-06	-3.613287926694e-09	-5.067771761850e-09	-2.826050360400e-09
8.120000000000e-06	-3.051818359757e-09	-3.428995129833e-09	-3.516184442700e-09
8.120200000000e-06	-3.552752667113e-09	-5.012445865078e-09	-2.738727160643e-09
8.120400000000e-06	-3.427775969366e-09	-4.224963271160e-09	-3.455941810944e-09
8.120600000000e-06	-3.199882182432e-09	-4.279016090485e-09	-2.782655520641e-09
8.120800000000e-06	-3.356755769774e-09	-4.228241995409e-09	-3.261736627336e-09
8.121000000000e-06	-2.813565943231e-09	-4.299477977043e-09	-1.751589186971e-09
8.121200000000e-06	-3.107837314617e-09	-4.014596091392e-09	-2.889641086682e-09
8.121400000000e-06	-3.491479584528e-09	-4.944507093828e-09	-2.696438439393e-09
8.121600000000e-06	-2.513646641316e-09	-3.205271251340e-09	-2.395459657903e-09
8.121800000000e-06	-2.778432649938e-09	-4.109335933553e-09	-1.895477381575e-09
8.122000000000e-06	-2.873084304643e-09	-3.381913614816e-09	-3.114250983451e-09
8.122200000000e-06	-2.882574244210e-09	-3.931250870677e-09	-2.404911325469e-09
8.122400000000e-06	-3.069205555084e-09	-3.767555616022e-09	-3.123019489520e-09
8.122600000000e-06	-2.297161151564e-09	-3.243110786032e-09	-1.768453896453e-09
8.122800000000e-06	-2.223940343019e-09	-2.577668898612e-09	-2.464439063618e-09
8.123000000000e-06	-2.763943199419e-09	-3.011276504162e-09	-3.317417393106e-09
8.123200000000e-06	-2.487445384128e-09	-3.565050320012e-09	-1.861430946540e-09
8.123400000000e-06	-2.417028233822e-09	-3.398288940190e-09	-1.884092992809e-09
8.123600000000e-06	-2.193349884271e-09	-2.786849542540e-09	-2.111848506665e-09
8.123800000000e-06	-2.256495935080e-09	-2.684937857366e-09	-2.415572694197e-09
8.124000000000e-06	-2.484169898471e-09	-2.510890540895e-09	-3.237333599371e-09
8.124200000000e-06	-1.570362763655e-09	-1.988844845392e-09	-1.506274906489e-09
8.124400000000e-06	-1.580970740453e-09	-2.902386251203e-09	-3.371557941797e-10
8.124600000000e-06	-2.328210508907e-09	-2.791573961043e-09	-2.458959285990e-09
8.124800000000e-06	-1.866266520725e-09	-1.819938452270e-09	-2.524744822900e-09
8.125000000000e-06	-2.108307523692e-09	-2.844837546953e-09	-1.820164028895e-09
8.125200000000e-06	-2.007903594125e-09	-2.202689757547e-09	-2.397164010894e-09
8.125400000000e-06	-1.905514955379e-09	-2.730577349794e-09	-1.418600163893e-09
8.125600000000e-06	-1.805421249233e-09	-1.704632858781e-09	-2.527618989707e-09
8.125800000000e-06	-1.505250930885e-09	-1.714926934854e-09	-1.718013687022e-09
8.126000000000e-06	-1.369359504166e-09	-1.528551645625e-09	-1.590795844916e-09
8.126200000000e-06	-1.505087148268e-09	-2.577181914011e-09	-5.626452696339e-10
8.126400000000e-06	-1.924282150449e-09	-2.718312150458e-09	-1.489318693255e-09
8.126600000000e-06	-1.523362737660e-09	-2.094729131990e-09	-1.256293380145e-09
8.126800000000e-06	-1.666518573265e-09	-1.958681606875e-09	-1.816228504553e-09
8.127000000000e-06	-1.284959284171e-09	-1.526499289330e-09	-1.379049734887e-09
8.127200000000e-06	-9.516377288454e-10	-1.087674927155e-09	-1.083175731725e-09
8.127400000000e-06	-9.957291834588e-10	-1.476651557431e-09	-6.753068661507e-10
8.127600000000e-06	-1.242271739350e-09	-1.490325120962e-09	-1.314443215078e-09
8.127800000000e-06	-1.023621601057e-09	-1.191209119413e-09	-1.130826543086e-09
8.128000000000e-06	-8.654651243800e-10	-1.020502297136e-09	-9.449804296112e-10
8.128200000000e-06	-1.414488419472e-09	-1.859999139846e-09	-1.283356441109e-09
8.128400000000e-06	-7.349247750183e-10	-8.312809032040e-10	-8.504726104237e-10
8.128600000000e-06	-1.009316859920e-09	-1.435761998785e-09	-7.648786458114e-10
8.128800000000e-06	-1.026923645726e-09	-6.556508340703e-10	-1.851710781282e-09
8.129000000000e-06	-8.324672183328e-10	-6.018584444997e-10	-1.411311429617e-09
8.129200000000e-06	-7.982122352998e-10	-1.049692860235e-09	-7.272311375305e-10
8.129400000000e-06	-1.080874149483e-09	-1.281610335095e-09	-1.163029862262e-09
8.129600000000e-06	-6.628470607844e-10	-1.040009356142e-09	-3.797253398968e-10
8.129800000000e-06	-1.173509638670e-09	-1.031251173461e-09	-1.754749398014e-09
8.130000000000e-06	-2.909798603445e-10	-2.932162160549e-10	-3.869614841336e-10
8.130200000000e-06	-5.859430042665e-10	-4.653607525017e-10	-9.437485198991e-10
8.130400000000e-06	-8.237406611221e-10	-7.317850463978e-10	-1.219738479508e-09
8.130600000000e-06	-5.882892074652e-10	-9.517352654973e-10	-2.876072138357e-10
8.130800000000e-06	-1.830527643488e-10	3.714234466524e-10	-9.797936421598e-10
8.131000000000e-06	-5.787432062484e-10	-1.064830451450e-09	-1.196318921860e-10
8.131200000000e-06	-5.713557216511e-10	-7.212429665250e-10	-5.671621555625e-10
8.131400000000e-06	-7.173350164232e-10	-4.613071973783e-10	-1.299735507952e-09
8.131600000000e-06	-5.820232654500e-10	-5.670651274756e-10	-8.001861891203e-10
8.131800000000e-06	-2.459352424654e-10	-6.574971850306e-10	2.309920279722e-10
8.132000000000e-06	-4.196418929030e-10	-6.296658172700e-10	-2.760688498797e-10
8.132200000000e-06	-2.589669492997e-10	1.584341242734e-10	-9.065604825270e-10
8.132400000000e-06	-5.686824865917e-10	-8.643792174817e-10	-3.602015209417e-10
8.132600000000e-06	-2.934662070929e-10	-5.193814909236e-10	-9.342965629249e-11
8.132800000000e-06	7.976372996119e-11	2.315299567894e-10	-1.106892767801e-10
8.133000000000e-06	5.134175323438e-11	4.274196493275e-10	-4.409601294128e-10
8.133200000000e-06	-1.990129037078e-10	-4.150096264288e-10	2.574768141965e-11
8.133400000000e-06	-2.547283695046e-10	1.654109353750e-11	-6.924319851980e-10
8.133600000000e-06	6.713922053509e-11	-3.809010852182e-12	1.885557447359e-10
8.133800000000e-06	-4.810272330764e-10	-5.539728694731e-10	-5.528760189815e-10
8.134000000000e-06	-3.599069696959e-11	-3.193459397115e-10	3.329368110248e-10
8.134200000000e-06	1.359732407149e-10	1.435032963520e-10	1.734681968404e-10
8.134400000000e-06	1.226621773354e-10	5.027383689483e-10	-3.596706456719e-10
8.134600000000e-06	2.303608777048e-10	5.120828374070e-10	-8.417906720940e-11
8.134800000000e-06	1.275113137072e-10	5.229888935919e-10	-3.546253602459e-10
8.135000000000e-06	-1.827218966333e-11	6.862126081838e-11	-1.556431981514e-10
8.135200000000e-06	1.692231923558e-10	4.490387707627e-10	-1.514338796634e-10
8.135400000000e-06	1.745958310579e-10	4.905407460632e-11	4.126610246884e-10
8.135600000000e-06	4.363198029942e-10	1.173328622907e-09	-4.171135458625e-10
8.135800000000e-06	1.618006041600e-10	3.652315389257e-10	-5.457512686084e-11
8.136000000000e-06	4.240892797811e-10	6.627557468149e-10	2.428468720779e-10
8.136200000000e-06	2.601303551133e-10	3.490591174409e-10	2.262645374273e-10
8.136400000000e-06	4.459307736408e-11	2.047540596857e-10	-1.611647295962e-10
8.136600000000e-06	6.255255919015e-10	1.171252919861e-09	1.172763229184e-10
8.136800000000e-06	4.765423096468e-10	7.444147848348e-10	2.671034205852e-10
8.137000000000e-06	4.493929061797e-10	8.980162309832e-10	-1.649314190913e-11
8.137200000000e-06	4.322437242184e-10	4.755863844282e-10	5.069027910834e-10
8.137400000000e-06	2.835008119399e-10	5.631845738202e-10	4.580697494240e-12
8.137600000000e-06	3.711842755981e-10	9.664142154896e-10	-3.086572756375e-10
8.137800000000e-06	4.252449547993e-10	6.980550178074e-10	2.002013284750e-10
8.138000000000e-06	3.120857139006e-10	4.944434743439e-10	1.733491691324e-10
8.138200000000e-06	4.721863781680e-10	6.303619137844e-10	4.209573833813e-10
8.138400000000e-06	5.962093425462e-10	1.743317983909e-09	-7.625840806463e-10
8.138600000000e-06	3.121878835474e-10	4.946586434140e-10	1.765304932994e-10
8.138800000000e-06	6.989126966966e-10	6.922540654499e-10	9.422876135864e-10
8.139000000000e-06	6.052624814446e-10	9.213673008061e-10	3.929354700210e-10
8.139200000000e-06	3.644163441066e-10	4.490698565401e-10	3.661076841321e-10
8.139400000000e-06	6.315788975303e-10	1.149866666790e-09	1.451594211952e-10
8.139600000000e-06	5.800461855995e-10	1.214081351314e-09	-8.437553674372e-11
8.139800000000e-06	9.710024600856e-10	1.363290654184e-09	7.680951770717e-10
8.140000000000e-06	6.757667782676e-10	7.608036472594e-10	7.858854157287e-10
8.140200000000e-06	4.133122897510e-10	8.223136022918e-10	8.723106457861e-12
8.140400000000e-06	7.309501453111e-10	8.420648552788e-10	8.407552063319e-10
8.140600000000e-06	3.328347357726e-10	6.841288861909e-10	-3.064235986167e-11
8.140800000000e-06	5.282495644777e-10	7.719415923736e-10	3.828721264536e-10
8.141000000000e-06	7.188129870620e-10	1.009961840448e-09	5.767986321078e-10
8.141200000000e-06	8.544703210188e-10	1.517350243168e-09	2.325940876646e-10
8.141400000000e-06	9.385837614197e-10	1.408261185666e-09	6.180727126705e-10
8.141600000000e-06	8.616822507416e-10	1.127154050698e-09	7.906633266587e-10
8.141800000000e-06	5.080861371557e-10	7.622314654571e-10	3.299466349928e-10
8.142000000000e-06	7.078053545544e-10	9.392302916232e-10	6.440924838716e-10
8.142200000000e-06	8.008342256763e-10	8.836669360970e-10	9.712216830285e-10
8.142400000000e-06	6.785343565920e-10	8.081195508884e-10	7.255792280077e-10
8.142600000000e-06	9.417409778990e-10	1.434561473831e-09	5.966000465586e-10
8.142800000000e-06	6.752490112611e-10	1.012995735038e-09	4.335718076052e-10
8.143000000000e-06	6.942194024121e-10	9.871774522224e-10	5.387987390921e-10
8.143200000000e-06	8.907205279889e-10	1.250168114039e-09	7.061385421210e-10
8.143400000000e-06	9.608905709654e-10	1.473293169358e-09	5.972768700728e-10
8.143600000000e-06	7.208338271300e-10	9.448406093193e-10	6.583082533295e-10
8.143800000000e-06	8.196578735012e-10	1.051409063532e-09	7.775735550074e-10
8.144000000000e-06	1.132633337281e-09	1.336667695342e-09	1.260040272242e-09
8.144200000000e-06	4.807932327119e-10	1.141817876900e-09	-2.447500776421e-10
8.144400000000e-06	1.086041269288e-09	1.323105094030e-09	1.131943019858e-09
8.144600000000e-06	7.339201613201e-10	1.380035097870e-09	8.381140872975e-11
8.144800000000e-06	1.045094949641e-09	1.235173757273e-09	1.155758346576e-09
8.145000000000e-06	1.052052808250e-09	1.540410519488e-09	7.413265189076e-10
8.145200000000e-06	9.976410020345e-10	1.642840898104e-09	4.589912139995e-10
8.145400000000e-06	9.567119005879e-10	1.527305106288e-09	5.137186775546e-10
8.145600000000e-06	1.021584325596e-09	1.365567201289e-09	9.083561143719e-10
8.145800000000e-06	1.012686381113e-09	1.436874843071e-09	7.843858493274e-10
8.146000000000e-06	8.489634011973e-10	1.115402254198e-09	7.832691391617e-10
8.146200000000e-06	8.316265153319e-10	1.076983654138e-09	7.807588945757e-10
8.146400000000e-06	1.074510628680e-09	1.814441999138e-09	4.365813365002e-10
8.146600000000e-06	1.051086272872e-09	1.382725383736e-09	9.517580695940e-10
8.146800000000e-06	1.275358024597e-09	1.734985552737e-09	1.096974964900e-09
8.147000000000e-06	1.063028312053e-09	1.830150063805e-09	3.800274111693e-10
8.147200000000e-06	9.711575778167e-10	1.105108728001e-09	1.140470811977e-09
8.147400000000e-06	8.946075250795e-10	1.302585474490e-09	6.530600256689e-10
8.147600000000e-06	1.068244681418e-09	1.472235491983e-09	9.000575689666e-10
8.147800000000e-06	8.946315286877e-10	1.448706341727e-09	4.344020931582e-10
8.148000000000e-06	1.047230284422e-09	1.435563425163e-09	8.866531734159e-10
8.148200000000e-06	8.325368275758e-10	1.089304860962e-09	7.684222991515e-10
8.148400000000e-06	9.704638660688e-10	9.899507215526e-10	1.280069832389e-09
8.148600000000e-06	1.050710606863e-09	1.610039104454e-09	6.400603131009e-10
8.148800000000e-06	9.829659958322e-10	1.257951755014e-09	9.616961987429e-10
8.149000000000e-06	1.130767837574e-09	1.914907122967e-09	4.702841921646e-10
8.149200000000e-06	1.075907568967e-09	1.414083957810e-09	9.970536426611e-10
8.149400000000e-06	1.138637960693e-09	1.828304863098e-09	5.696578736236e-10
8.149600000000e-06	1.150728168215e-09	1.627080980525e-09	9.135266947901e-10
8.149800000000e-06	1.322428539697e-09	1.720199852798e-09	1.246964400957e-09
8.150000000000e-06	9.853726642542e-10	1.550607924863e-09	5.625240397208e-10
8.150200000000e-06	1.148068187229e-09	1.534092461868e-09	1.016040275090e-09
8.150400000000e-06	1.287307912008e-09	1.878007726270e-09	9.364987560975e-10
8.150600000000e-06	1.014696850535e-09	1.278764312469e-09	1.013254011226e-09
8.150800000000e-06	1.185141791720e-09	1.554965299474e-09	1.102180573530e-09
8.151000000000e-06	1.353337859873e-09	1.947439559620e-09	9.990328891566e-10
8.151200000000e-06	9.455444291977e-10	1.258050562630e-09	8.544118192888e-10
8.151400000000e-06	1.080126546248e-09	1.341185223006e-09	1.115142664222e-09
8.151600000000e-06	1.312349702534e-09	1.718988877077e-09	1.226100527535e-09
8.151800000000e-06	9.842460799017e-10	1.380307693366e-09	7.939966472212e-10
8.152000000000e-06	1.257754026847e-09	1.950529258532e-09	7.401851996352e-10
8.152200000000e-06	1.201010784286e-09	1.651509529304e-09	9.998424861622e-10
8.152400000000e-06	1.287067417404e-09	1.704678716695e-09	1.173589164021e-09
8.152600000000e-06	1.204458262968e-09	1.668062809799e-09	9.940740902206e-10
8.152800000000e-06	1.421268734912e-09	1.994837754024e-09	1.154300633168e-09
8.153000000000e-06	1.135949075537e-09	1.718051335486e-09	7.321757732175e-10
8.153200000000e-06	8.657470579668e-10	1.207469799082e-09	7.069163380254e-10
8.153400000000e-06	1.282042597198e-09	1.728242575120e-09	1.105598106608e-09
8.153600000000e-06	1.193890674411e-09	1.408788935415e-09	1.325083044858e-09
8.153800000000e-06	1.375938394205e-09	1.971364350578e-09	1.067315314997e-09
8.154000000000e-06	1.162114796225e-09	1.775396599097e-09	7.098009135742e-10
8.154200000000e-06	1.086708829682e-09	1.558587407831e-09	8.212203432522e-10
8.154400000000e-06	1.109714803659e-09	1.617272974419e-09	8.065773821285e-10
8.154600000000e-06	1.223344852257e-09	1.472037184122e-09	1.312102282258e-09
8.154800000000e-06	8.673268152901e-10	1.347318694125e-09	5.187541007701e-10
8.155000000000e-06	1.460746601127e-09	1.907400708853e-09	1.373988519710e-09
8.155200000000e-06	1.137811469041e-09	1.746834061590e-09	7.004990373887e-10
8.155400000000e-06	1.280070565336e-09	1.720302825082e-09	1.122566052358e-09
8.155600000000e-06	1.046529177819e-09	1.665572331272e-09	5.673026532457e-10
8.155800000000e-06	1.243543344077e-09	1.594574372418e-09	1.191788400954e-09
8.156000000000e-06	1.216811761627e-09	1.542187462262e-09	1.196295816477e-09
8.156200000000e-06	9.133177578036e-10	1.421510427233e-09	5.298019848178e-10
8.156400000000e-06	1.256980113957e-09	1.743581894969e-09	1.052040487954e-09
8.156600000000e-06	1.209060896945e-09	1.712506809307e-09	9.579669242833e-10
8.156800000000e-06	1.254283222827e-09	1.724168363318e-09	1.034096024660e-09
8.157000000000e-06	1.066280985010e-09	1.449204693523e-09	9.173580701918e-10
8.157200000000e-06	1.218328461235e-09	1.773753261240e-09	8.774021206651e-10
8.157400000000e-06	1.342291123750e-09	1.624754429283e-09	1.444008063680e-09
8.157600000000e-06	1.257706684285e-09	1.785955064004e-09	9.857946529149e-10
8.157800000000e-06	1.130745311522e-09	1.662277311327e-09	8.032689017254e-10
8.158000000000e-06	1.056625203897e-09	1.470556658501e-09	8.738123454894e-10
8.158200000000e-06	1.090603224033e-09	1.551606321234e-09	8.389647111300e-10
8.158400000000e-06	1.354403724498e-09	1.961399863177e-09	1.017432907776e-09
8.158600000000e-06	1.282535346323e-09	1.840483948034e-09	9.713600671794e-10
8.158800000000e-06	1.295635453503e-09	1.763643154679e-09	1.106700133393e-09
8.159000000000e-06	1.101810113196e-09	1.576175071295e-09	8.425987209387e-10
8.159200000000e-06	1.182621163699e-09	1.503298399024e-09	1.155886143220e-09
8.159400000000e-06	1.435183776332e-09	1.823672708865e-09	1.426575823396e-09
8.159600000000e-06	1.192708082923e-09	1.656329339253e-09	9.979754205600e-10
8.159800000000e-06	9.888512889630e-10	1.367163298597e-09	8.452753766155e-10
8.160000000000e-06	1.218326293414e-09	1.723132163224e-09	9.594070653334e-10
8.160200000000e-06	1.370842559527e-09	2.165772038379e-09	7.563112785022e-10
8.160400000000e-06	1.122318180644e-09	1.494508362514e-09	1.019966350740e-09
8.160600000000e-06	1.005805057207e-09	1.268484285569e-09	1.003771965967e-09
8.160800000000e-06	9.405625801930e-10	1.609733684502e-09	3.653054771634e-10
8.161000000000e-06	1.356185286728e-09	1.751977052524e-09	1.298348521900e-09
8.161200000000e-06	1.384454062755e-09	1.817580884231e-09	1.294873854514e-09
8.161400000000e-06	1.102983310745e-09	1.816197535790e-09	4.972912817758e-10
8.161600000000e-06	1.252441002498e-09	1.590962935943e-09	1.247023892576e-09
8.161800000000e-06	1.085748084557e-09	1.585177563591e-09	7.756262115565e-10
8.162000000000e-06	1.297263268766e-09	1.698846559661e-09	1.218638513690e-09
8.162200000000e-06	1.230369583043e-09	1.773418486932e-09	9.124475561092e-10
8.162400000000e-06	1.429283177848e-09	2.023384027872e-09	1.143669104220e-09
8.162600000000e-06	1.202512087141e-09	1.797274223282e-09	8.002886080896e-10
8.162800000000e-06	1.256134608809e-09	1.884696943971e-09	8.278115668972e-10
8.163000000000e-06	1.181132569651e-09	1.459819132625e-09	1.230261925588e-09
8.163200000000e-06	1.051370837248e-09	1.522319156591e-09	7.914837014015e-10
8.163400000000e-06	1.062271002926e-09	1.474023823635e-09	8.889919570114e-10
8.163600000000e-06	1.180514120334e-09	1.724844443928e-09	8.573980895773e-10
8.163800000000e-06	1.281735110772e-09	1.819449712497e-09	9.859949479084e-10
8.164000000000e-06	9.729781835411e-10	1.501128734742e-09	6.053068396676e-10
8.164200000000e-06	1.295777204679e-09	1.905440564126e-09	9.114572660505e-10
8.164400000000e-06	1.256969807726e-09	1.782887296946e-09	9.921238087973e-10
8.164600000000e-06	1.244782195761e-09	1.780964757580e-09	9.505846976417e-10
