6.312000000000e-07	0.000000000000e+00	0.000000000000e+00	0.000000000000e+00
6.314000000000e-07	0.000000000000e+00	0.000000000000e+00	0.000000000000e+00
6.316000000000e-07	0.000000000000e+00	0.000000000000e+00	0.000000000000e+00
6.318000000000e-07	0.000000000000e+00	0.000000000000e+00	0.000000000000e+00
6.320000000000e-07	0.000000000000e+00	0.000000000000e+00	0.000000000000e+00
6.322000000000e-07	0.000000000000e+00	0.000000000000e+00	0.000000000000e+00
6.324000000000e-07	0.000000000000e+00	0.000000000000e+00	0.000000000000e+00
6.326000000000e-07	0.000000000000e+00	0.000000000000e+00	0.000000000000e+00
6.328000000000e-07	0.000000000000e+00	0.000000000000e+00	0.000000000000e+00
6.330000000000e-07	0.000000000000e+00	0.000000000000e+00	0.000000000000e+00
6.332000000000e-07	0.000000000000e+00	0.000000000000e+00	0.000000000000e+00
6.334000000000e-07	0.000000000000e+00	0.000000000000e+00	0.000000000000e+00
6.336000000000e-07	0.000000000000e+00	0.000000000000e+00	0.000000000000e+00
6.338000000000e-07	0.000000000000e+00	0.000000000000e+00	0.000000000000e+00
6.340000000000e-07	0.000000000000e+00	0.000000000000e+00	0.000000000000e+00
6.342000000000e-07	0.000000000000e+00	0.000000000000e+00	0.000000000000e+00
6.344000000000e-07	0.000000000000e+00	0.000000000000e+00	0.000000000000e+00
6.346000000000e-07	0.000000000000e+00	0.000000000000e+00	0.000000000000e+00
6.348000000000e-07	0.000000000000e+00	0.000000000000e+00	0.000000000000e+00
6.350000000000e-07	0.000000000000e+00	0.000000000000e+00	0.000000000000e+00
6.352000000000e-07	0.000000000000e+00	0.000000000000e+00	0.000000000000e+00
6.354000000000e-07	0.000000000000e+00	0.000000000000e+00	0.000000000000e+00
6.356000000000e-07	0.000000000000e+00	0.000000000000e+00	0.000000000000e+00
6.358000000000e-07	0.000000000000e+00	0.000000000000e+00	0.000000000000e+00
6.360000000000e-07	0.000000000000e+00	0.000000000000e+00	0.000000000000e+00
6.362000000000e-07	0.000000000000e+00	0.000000000000e+00	0.000000000000e+00
6.364000000000e-07	0.000000000000e+00	0.000000000000e+00	0.000000000000e+00
6.366000000000e-07	0.000000000000e+00	0.000000000000e+00	0.000000000000e+00
6.368000000000e-07	0.000000000000e+00	0.000000000000e+00	0.000000000000e+00
6.370000000000e-07	0.000000000000e+00	0.000000000000e+00	0.000000000000e+00
6.372000000000e-07	0.000000000000e+00	0.000000000000e+00	0.000000000000e+00
6.374000000000e-07	0.000000000000e+00	0.000000000000e+00	0.000000000000e+00
6.376000000000e-07	0.000000000000e+00	0.000000000000e+00	0.000000000000e+00
6.378000000000e-07	0.000000000000e+00	0.000000000000e+00	0.000000000000e+00
6.380000000000e-07	0.000000000000e+00	0.000000000000e+00	0.000000000000e+00
6.382000000000e-07	0.000000000000e+00	0.000000000000e+00	0.000000000000e+00
6.384000000000e-07	0.000000000000e+00	0.000000000000e+00	0.000000000000e+00
6.386000000000e-07	0.000000000000e+00	0.000000000000e+00	0.000000000000e+00
6.388000000000e-07	0.000000000000e+00	0.000000000000e+00	0.000000000000e+00
6.390000000000e-07	0.000000000000e+00	0.000000000000e+00	0.000000000000e+00
6.392000000000e-07	0.000000000000e+00	0.000000000000e+00	0.000000000000e+00
6.394000000000e-07	0.000000000000e+00	0.000000000000e+00	0.000000000000e+00
6.396000000000e-07	0.000000000000e+00	0.000000000000e+00	0.000000000000e+00
6.398000000000e-07	0.000000000000e+00	0.000000000000e+00	0.000000000000e+00
6.400000000000e-07	0.000000000000e+00	0.000000000000e+00	0.000000000000e+00
6.402000000000e-07	0.000000000000e+00	0.000000000000e+00	0.000000000000e+00
6.404000000000e-07	0.000000000000e+00	0.000000000000e+00	0.000000000000e+00
6.406000000000e-07	0.000000000000e+00	0.000000000000e+00	0.000000000000e+00
6.408000000000e-07	0.000000000000e+00	0.000000000000e+00	0.000000000000e+00
6.410000000000e-07	0.000000000000e+00	0.000000000000e+00	0.000000000000e+00
6.412000000000e-07	0.000000000000e+00	0.000000000000e+00	0.000000000000e+00
6.414000000000e-07	0.000000000000e+00	0.000000000000e+00	0.000000000000e+00
6.416000000000e-07	0.000000000000e+00	0.000000000000e+00	0.000000000000e+00
6.418000000000e-07	-5.751459451280e-14	-2.914915129410e-13	2.197313451600e-13
6.420000000000e-07	-1.260639776846e-12	-4.295569071127e-13	-2.871462716226e-12
6.422000000000e-07	-7.809290794541e-12	2.005670299412e-12	-2.110579604740e-11
6.424000000000e-07	-6.550882161202e-13	4.013216392776e-12	-7.771834405109e-12
6.426000000000e-07	-8.617214048065e-12	-7.782430317504e-12	-1.755465516643e-11
6.428000000000e-07	-4.587058366034e-12	-4.523835452575e-12	-5.173816264273e-12
6.430000000000e-07	-4.287834971160e-13	-7.490840327448e-12	8.479280049035e-12
6.432000000000e-07	5.122925037880e-14	-2.767347517437e-11	3.033589575226e-11
6.434000000000e-07	-3.512717716798e-11	-1.101249044490e-11	-7.065699098249e-11
6.436000000000e-07	1.202355560490e-11	2.338600421308e-11	1.780069833352e-12
6.438000000000e-07	-6.085996810497e-12	-1.400046105055e-11	-3.178247254436e-12
6.440000000000e-07	-2.715270318207e-13	-7.368089785129e-11	8.601090528390e-11
6.442000000000e-07	-1.243750407974e-12	6.577347536333e-12	-1.090102483481e-11
6.444000000000e-07	-3.112400263515e-11	-1.459370264588e-11	-5.804657705105e-11
6.446000000000e-07	-5.150449598676e-10	-8.106307243631e-10	-2.956110212600e-10
6.448000000000e-07	-2.188383125627e-09	-3.303645765797e-09	-1.384905444963e-09
6.450000000000e-07	-5.008104125685e-10	-7.140691717265e-10	-3.612721954303e-10
6.452000000000e-07	-2.002222531622e-10	-4.121481778869e-10	4.341692712239e-12
6.454000000000e-07	-2.214797697818e-10	-3.806811918314e-10	-8.350363991624e-11
6.456000000000e-07	-3.974259667367e-10	-5.709947420761e-10	-2.890522317384e-10
6.458000000000e-07	-4.213563528231e-10	-5.574281235144e-10	-3.248653309744e-10
6.460000000000e-07	-1.833665601062e-10	-3.379988458158e-10	-4.089176113526e-11
6.462000000000e-07	-6.371066484392e-10	-1.071782145320e-09	-2.628260082266e-10
6.464000000000e-07	-4.131141757227e-10	-4.917088046700e-10	-4.086126644466e-10
6.466000000000e-07	-1.016083589119e-09	-1.506501606771e-09	-6.762281983069e-10
6.468000000000e-07	-9.933784957532e-10	-1.634305357289e-09	-4.941464910347e-10
6.470000000000e-07	-1.878957003075e-09	-2.889582590753e-09	-1.125636409500e-09
6.472000000000e-07	-3.127922382670e-09	-4.948921117212e-09	-1.723654253611e-09
6.474000000000e-07	-5.951276450733e-09	-8.861287761648e-09	-3.899193595438e-09
6.476000000000e-07	-1.278714607855e-08	-2.019758472867e-08	-7.015525217387e-09
6.478000000000e-07	-2.779579875167e-08	-4.391142756499e-08	-1.531842736951e-08
6.480000000000e-07	-1.189113159465e-08	-2.008568096786e-08	-5.028999741910e-09
6.482000000000e-07	-1.223214150620e-09	-8.057910192041e-10	-2.013759118612e-09
6.484000000000e-07	-8.729281192797e-10	-1.512673822851e-09	-3.298432165929e-10
6.486000000000e-07	-1.541123450386e-09	-2.157871899656e-09	-1.176589618835e-09
6.488000000000e-07	-1.541260206764e-09	-2.310289712294e-09	-9.606906968012e-10
6.490000000000e-07	-2.540761860222e-09	-3.674217008224e-09	-1.780597455904e-09
6.492000000000e-07	-2.816574553041e-09	-4.009002941150e-09	-2.089419592113e-09
6.494000000000e-07	-3.464847934674e-09	-5.203798168910e-09	-2.211915857605e-09
6.496000000000e-07	-3.855426943725e-09	-6.229968950162e-09	-1.955269596552e-09
6.498000000000e-07	-3.847980428443e-09	-6.154104889321e-09	-2.022318257030e-09
6.500000000000e-07	-5.209668122486e-09	-8.228958393948e-09	-2.861032870140e-09
6.502000000000e-07	-6.727289203372e-09	-9.123903514717e-09	-5.467147390251e-09
6.504000000000e-07	-7.963639902108e-09	-1.205530610369e-08	-5.002012608130e-09
6.506000000000e-07	-8.050953763052e-09	-1.311453837323e-08	-3.998898343291e-09
6.508000000000e-07	-1.040853967521e-08	-1.623964595714e-08	-5.971343424756e-09
6.510000000000e-07	-1.257539590335e-08	-1.883036923573e-08	-8.112916928379e-09
6.512000000000e-07	-1.361103592744e-08	-2.184939216913e-08	-7.074867130581e-09
6.514000000000e-07	-1.641471964168e-08	-2.573673564604e-08	-9.302790467899e-09
6.516000000000e-07	-1.995161491539e-08	-3.095415614190e-08	-1.159207684661e-08
6.518000000000e-07	-2.041983204100e-08	-3.157654430527e-08	-1.204951422803e-08
6.520000000000e-07	-2.509339519858e-08	-3.784629582415e-08	-1.587895684612e-08
6.522000000000e-07	-2.685933201019e-08	-4.345327683994e-08	-1.361764287847e-08
6.524000000000e-07	-3.143219107422e-08	-4.965719801236e-08	-1.726078241042e-08
6.526000000000e-07	-3.289974773805e-08	-5.152341336390e-08	-1.860173258857e-08
6.528000000000e-07	-3.764903767970e-08	-5.934141527176e-08	-2.085758960566e-08
6.530000000000e-07	-4.106205683869e-08	-6.196617358553e-08	-2.594430145190e-08
6.532000000000e-07	-4.625736139912e-08	-7.285794971166e-08	-2.573885515243e-08
6.534000000000e-07	-4.595757571052e-08	-7.339483557110e-08	-2.440440658759e-08
6.536000000000e-07	-5.258617323619e-08	-8.205667190700e-08	-3.010471455671e-08
6.538000000000e-07	-5.480967188597e-08	-8.655235394979e-08	-3.022059393535e-08
6.540000000000e-07	-5.441109211443e-08	-8.390360049864e-08	-3.225323140781e-08
6.542000000000e-07	-5.470333031820e-08	-8.524663361981e-08	-3.142285338144e-08
6.544000000000e-07	-5.441796634293e-08	-8.618535413274e-08	-2.968692329978e-08
6.546000000000e-07	-5.491224356789e-08	-8.425341345364e-08	-3.307590978140e-08
6.548000000000e-07	-5.184445379306e-08	-8.084608045389e-08	-2.969498531352e-08
6.550000000000e-07	-4.728079091791e-08	-7.537925279355e-08	-2.518226832665e-08
6.552000000000e-07	-4.631651476801e-08	-7.269662972018e-08	-2.601378656048e-08
6.554000000000e-07	-4.289282304129e-08	-6.916257626608e-08	-2.200252512473e-08
6.556000000000e-07	-3.883937537894e-08	-5.998426247149e-08	-2.292949473557e-08
6.558000000000e-07	-3.408002722358e-08	-5.583074978455e-08	-1.642432799953e-08
6.560000000000e-07	-2.734546879358e-08	-4.294952482159e-08	-1.530565815244e-08
6.562000000000e-07	-2.346452050108e-08	-3.723462427848e-08	-1.269964318757e-08
6.564000000000e-07	-1.855981216887e-08	-3.030032140810e-08	-9.057172244328e-09
6.566000000000e-07	-1.416802483191e-08	-2.080431702523e-08	-9.608889549298e-09
6.568000000000e-07	-7.979194890652e-09	-1.142120292319e-08	-5.720716178120e-09
6.570000000000e-07	-3.474012470737e-09	-5.194599188563e-09	-2.223747814183e-09
6.572000000000e-07	-1.320826138447e-09	-2.125128198455e-09	-6.707542839134e-10
6.574000000000e-07	2.195831167530e-09	4.024159668409e-09	5.834805141317e-10
6.576000000000e-07	5.321741323743e-09	8.176644320301e-09	3.232422391901e-09
6.578000000000e-07	6.584391935608e-09	9.588252163348e-09	4.558789470304e-09
6.580000000000e-07	7.957624790238e-09	1.391913679581e-08	2.854937775335e-09
6.582000000000e-07	7.887585150738e-09	1.388203631647e-08	2.718543309989e-09
6.584000000000e-07	7.789140181157e-09	1.302902265812e-08	3.479981087874e-09
6.586000000000e-07	8.519675509816e-09	1.225392716484e-08	6.115653779192e-09
6.588000000000e-07	7.079800768849e-09	1.130053829650e-08	3.767847642031e-09
6.590000000000e-07	7.272361632923e-09	1.174196268876e-08	3.756357686579e-09
6.592000000000e-07	6.320656508881e-09	1.061476659216e-08	2.823771088302e-09
6.594000000000e-07	5.634209484910e-09	8.339152052135e-09	3.705528763772e-09
6.596000000000e-07	6.800786928466e-09	1.151153078177e-08	2.918080636590e-09
6.598000000000e-07	6.014034888892e-09	9.981668128278e-09	2.802337134585e-09
6.600000000000e-07	5.669246955848e-09	8.587101705226e-09	3.549823177799e-09
6.602000000000e-07	5.723237657371e-09	9.392439941498e-09	2.808660744361e-09
6.604000000000e-07	5.366790665981e-09	8.771378225191e-09	2.615858658567e-09
6.606000000000e-07	5.388666069571e-09	8.284874284698e-09	3.307744816390e-09
6.608000000000e-07	4.197952346531e-09	7.350391146330e-09	1.583339633994e-09
6.610000000000e-07	5.128335635613e-09	8.252381596846e-09	2.695011435306e-09
6.612000000000e-07	4.637659192116e-09	7.488509012820e-09	2.401284342572e-09
6.614000000000e-07	4.294864569625e-09	7.118513712173e-09	1.989874725632e-09
6.616000000000e-07	4.234647342375e-09	7.349463828476e-09	1.590556445563e-09
6.618000000000e-07	4.302063550486e-09	6.664513755927e-09	2.528067173888e-09
6.620000000000e-07	4.214192317888e-09	6.486176806399e-09	2.568028918584e-09
6.622000000000e-07	3.985463190535e-09	6.845230959408e-09	1.556732770613e-09
6.624000000000e-07	4.369760585656e-09	6.214645899238e-09	3.192613022766e-09
6.626000000000e-07	3.755347296474e-09	6.235205218774e-09	1.773155634948e-09
6.628000000000e-07	4.230624048985e-09	6.786881227580e-09	2.233019473172e-09
6.630000000000e-07	4.057724128158e-09	6.650691698248e-09	1.996584706066e-09
6.632000000000e-07	3.891797304302e-09	6.005874839244e-09	2.419786936603e-09
6.634000000000e-07	3.776408335242e-09	5.935625044209e-09	2.137008362935e-09
6.636000000000e-07	3.644247858392e-09	5.914971870359e-09	1.867957755912e-09
6.638000000000e-07	3.789513250286e-09	6.354087035785e-09	1.804888869092e-09
6.640000000000e-07	3.850463240155e-09	6.035208284717e-09	2.167050277446e-09
6.642000000000e-07	3.079820532530e-09	5.279886040131e-09	1.292926571553e-09
6.644000000000e-07	3.387807975525e-09	5.621064163750e-09	1.558997371403e-09
6.646000000000e-07	3.441064572025e-09	5.393131868646e-09	1.963737854543e-09
6.648000000000e-07	3.384514765122e-09	5.427189726908e-09	1.815837765406e-09
6.650000000000e-07	3.139242867270e-09	4.753436577678e-09	2.027667417610e-09
6.652000000000e-07	3.098162805878e-09	5.430781703616e-09	1.155336274651e-09
6.654000000000e-07	3.379649724525e-09	5.543769849549e-09	1.637458112667e-09
6.656000000000e-07	3.303315800248e-09	5.551936666775e-09	1.451853435530e-09
6.658000000000e-07	3.362676721257e-09	4.980745687320e-09	2.358043055708e-09
6.660000000000e-07	3.242510158651e-09	5.293090475460e-09	1.623575620866e-09
6.662000000000e-07	3.469413122122e-09	5.224816770650e-09	2.135796909635e-09
6.664000000000e-07	3.176259189772e-09	4.962650672216e-09	1.828897374619e-09
6.666000000000e-07	3.060820450549e-09	4.843539440673e-09	1.781808210154e-09
6.668000000000e-07	3.209856214887e-09	5.020582047140e-09	1.888496390078e-09
6.670000000000e-07	3.086238386914e-09	4.816759447348e-09	1.778162914547e-09
6.672000000000e-07	2.906670297733e-09	4.972428772130e-09	1.170678916886e-09
6.674000000000e-07	2.958995037441e-09	4.677797619752e-09	1.691926037129e-09
6.676000000000e-07	2.890510731871e-09	4.546474318004e-09	1.635755499571e-09
6.678000000000e-07	2.718832021919e-09	4.404582756751e-09	1.465561757852e-09
6.680000000000e-07	3.011504523889e-09	5.090120364759e-09	1.339090666109e-09
6.682000000000e-07	2.593520709764e-09	4.026301836155e-09	1.309003770809e-09
6.684000000000e-07	3.054120275845e-09	4.665388984297e-09	1.938312158996e-09
6.686000000000e-07	2.893705666879e-09	4.512170067093e-09	1.753113434080e-09
6.688000000000e-07	2.605976704030e-09	4.325404914206e-09	1.189493436886e-09
6.690000000000e-07	2.601081111232e-09	4.225844849718e-09	1.333119969170e-09
6.692000000000e-07	2.885624389374e-09	4.867814744147e-09	1.140435161993e-09
6.694000000000e-07	2.628070043669e-09	3.993276477039e-09	1.693735886000e-09
6.696000000000e-07	2.730030264579e-09	4.629037621150e-09	1.170968464857e-09
6.698000000000e-07	2.992267263789e-09	4.629996938740e-09	1.806673504720e-09
6.700000000000e-07	2.853973759057e-09	3.974789266143e-09	2.191110309150e-09
6.702000000000e-07	2.481299188002e-09	3.901800859264e-09	1.444512560867e-09
6.704000000000e-07	2.580466782678e-09	4.185602905159e-09	1.351907358347e-09
6.706000000000e-07	2.998585796769e-09	4.544076792976e-09	1.916939263931e-09
6.708000000000e-07	2.225094321491e-09	3.839269295141e-09	9.676328369945e-10
6.710000000000e-07	2.462616242308e-09	3.855299210359e-09	1.459647255042e-09
6.712000000000e-07	2.249603899378e-09	3.485884270451e-09	1.407649119355e-09
6.714000000000e-07	2.552355470392e-09	4.071292680329e-09	1.503291174493e-09
6.716000000000e-07	2.750405459687e-09	4.461100386008e-09	1.405177446658e-09
6.718000000000e-07	2.679111472374e-09	3.814035358017e-09	1.999535454303e-09
6.720000000000e-07	2.757967168681e-09	4.176720869414e-09	1.795821876779e-09
6.722000000000e-07	2.651960117688e-09	4.396783790432e-09	1.265923435594e-09
6.724000000000e-07	2.430061393852e-09	4.140856554043e-09	1.051683695980e-09
6.726000000000e-07	2.654184673772e-09	4.365993976959e-09	1.292352127789e-09
6.728000000000e-07	2.549161868525e-09	3.848510459479e-09	1.628650016366e-09
6.730000000000e-07	2.410556719767e-09	3.995865146352e-09	1.108762330275e-09
6.732000000000e-07	2.255567133430e-09	3.312855897914e-09	1.526574374464e-09
6.734000000000e-07	2.300381780202e-09	4.002411415523e-09	8.844620416155e-10
6.736000000000e-07	2.623107685573e-09	4.030518101730e-09	1.695965336951e-09
6.738000000000e-07	2.514741471956e-09	4.055972425547e-09	1.356862615025e-09
6.740000000000e-07	2.412690100958e-09	3.933860994448e-09	1.258031856144e-09
6.742000000000e-07	2.225104089907e-09	3.810331673869e-09	9.723235098525e-10
6.744000000000e-07	2.390180640600e-09	3.569128646901e-09	1.635468787566e-09
6.746000000000e-07	2.217571866670e-09	3.508449426525e-09	1.234907818897e-09
6.748000000000e-07	2.597405616063e-09	3.890340707148e-09	1.710217592721e-09
6.750000000000e-07	2.261448939079e-09	3.581372472112e-09	1.331311108943e-09
6.752000000000e-07	2.209746557566e-09	4.017809149860e-09	6.480666996828e-10
6.754000000000e-07	2.363814515133e-09	3.721960351346e-09	1.389575813761e-09
6.756000000000e-07	2.321119657383e-09	4.027127900385e-09	9.033507120421e-10
6.758000000000e-07	2.339518844529e-09	3.761890829563e-09	1.241479282939e-09
6.760000000000e-07	2.318219877475e-09	3.593404151366e-09	1.377958900296e-09
6.762000000000e-07	2.199665542069e-09	3.529374939797e-09	1.213987531213e-09
6.764000000000e-07	2.199651172158e-09	3.743141812323e-09	9.094573645748e-10
6.766000000000e-07	2.307050213488e-09	3.530913861870e-09	1.450049755188e-09
6.768000000000e-07	2.319457448219e-09	3.820879931350e-09	1.157593303044e-09
6.770000000000e-07	2.184209159984e-09	3.534830446608e-09	1.174863436119e-09
6.772000000000e-07	2.148912394830e-09	3.220998605628e-09	1.438752736509e-09
6.774000000000e-07	2.130504005052e-09	3.464660166509e-09	1.104261682679e-09
6.776000000000e-07	2.022125513885e-09	3.205784291029e-09	1.080660713296e-09
6.778000000000e-07	2.112657530408e-09	3.203240916077e-09	1.362981842668e-09
6.780000000000e-07	2.364198877677e-09	3.584061874332e-09	1.450621852873e-09
6.782000000000e-07	2.233031065980e-09	3.632609807998e-09	1.194755138160e-09
6.784000000000e-07	2.214712582934e-09	3.535003571555e-09	1.204233256275e-09
6.786000000000e-07	2.250482719186e-09	3.425777783567e-09	1.462539306288e-09
6.788000000000e-07	2.188888975487e-09	3.374607646387e-09	1.361162796132e-09
6.790000000000e-07	2.008261502671e-09	3.246358581809e-09	9.710615901574e-10
6.792000000000e-07	2.141284293567e-09	3.669433163053e-09	8.585957758445e-10
6.794000000000e-07	2.046053779878e-09	3.385690067592e-09	9.288085479562e-10
6.796000000000e-07	2.149156839270e-09	3.498385091052e-09	1.099439871973e-09
6.798000000000e-07	1.810509838871e-09	3.076810158849e-09	6.584623861136e-10
6.800000000000e-07	2.222641084314e-09	3.501981194745e-09	1.267999001550e-09
6.802000000000e-07	1.943467621911e-09	3.314619253459e-09	8.529576531544e-10
6.804000000000e-07	2.006407909178e-09	3.052841411469e-09	1.290429026017e-09
6.806000000000e-07	1.997812269948e-09	3.008488544589e-09	1.335548845260e-09
6.808000000000e-07	2.103605194279e-09	3.463220406262e-09	9.518572980701e-10
6.810000000000e-07	2.129277637280e-09	3.343051021121e-09	1.264751262378e-09
6.812000000000e-07	1.993658292693e-09	3.037195027334e-09	1.301424895190e-09
6.814000000000e-07	2.009205492733e-09	3.335098094317e-09	9.386965249547e-10
6.816000000000e-07	1.891635783634e-09	3.275703271859e-09	7.478842228977e-10
6.818000000000e-07	1.933329181601e-09	3.142489156698e-09	1.060506901106e-09
6.820000000000e-07	1.971736258284e-09	3.397728257580e-09	8.175804032980e-10
6.822000000000e-07	1.855674817936e-09	2.889849530194e-09	1.094958035183e-09
6.824000000000e-07	2.175880791123e-09	3.310436655481e-09	1.378319213381e-09
6.826000000000e-07	1.907396260334e-09	3.105448717212e-09	9.910913193533e-10
6.828000000000e-07	1.927849967711e-09	2.934436498275e-09	1.218409126014e-09
6.830000000000e-07	2.041617817070e-09	3.074535085013e-09	1.362393748236e-09
6.832000000000e-07	1.956541654835e-09	3.195010616543e-09	9.801210734976e-10
6.834000000000e-07	1.889051888223e-09	3.032229751568e-09	1.043462455611e-09
6.836000000000e-07	2.037456163335e-09	3.125313050073e-09	1.265878815296e-09
6.838000000000e-07	2.079831207494e-09	3.088982478174e-09	1.397531793836e-09
6.840000000000e-07	1.931969354696e-09	2.918502707249e-09	1.233012159970e-09
6.842000000000e-07	1.945654924911e-09	3.038162218382e-09	1.121320371991e-09
6.844000000000e-07	2.044116639796e-09	3.125352388430e-09	1.296355301491e-09
6.846000000000e-07	1.840654887934e-09	3.206738555752e-09	6.907320688951e-10
6.848000000000e-07	1.759977071251e-09	2.863805037175e-09	1.065636409685e-09
6.850000000000e-07	2.104184761975e-09	3.044695036653e-09	1.540536783117e-09
6.852000000000e-07	1.830688665632e-09	3.097025504004e-09	8.097955803723e-10
6.854000000000e-07	1.816334749890e-09	2.803528538511e-09	1.112753004206e-09
6.856000000000e-07	1.862065965100e-09	2.735660817369e-09	1.145231114571e-09
6.858000000000e-07	1.917612528498e-09	2.952799420467e-09	1.223270963349e-09
6.860000000000e-07	1.842585764317e-09	2.798874763515e-09	1.196693683966e-09
6.862000000000e-07	1.704438040831e-09	2.843327800665e-09	7.900384001412e-10
6.864000000000e-07	1.866657641901e-09	3.132989413592e-09	8.935147705882e-10
6.866000000000e-07	1.581916009127e-09	2.465644643533e-09	1.009678513035e-09
6.868000000000e-07	1.872798454453e-09	3.140809090055e-09	8.433928688880e-10
6.870000000000e-07	1.682983986326e-09	2.618255833019e-09	1.049351514225e-09
6.872000000000e-07	1.791949039134e-09	3.067655905033e-09	7.057136007443e-10
6.874000000000e-07	1.951339700015e-09	2.950310725093e-09	1.119682626709e-09
6.876000000000e-07	1.886296313921e-09	3.016727809697e-09	9.863249523129e-10
6.878000000000e-07	1.754239142360e-09	2.751542410799e-09	1.037530583146e-09
6.880000000000e-07	1.969160243791e-09	3.095841299471e-09	1.117187672570e-09
6.882000000000e-07	1.729509770971e-09	2.796961725020e-09	9.219766802173e-10
6.884000000000e-07	1.881857235281e-09	2.948506564976e-09	1.044397236947e-09
6.886000000000e-07	1.757218850114e-09	2.775267945067e-09	1.004332063099e-09
6.888000000000e-07	1.720239432868e-09	2.622129702583e-09	1.128854892237e-09
6.890000000000e-07	1.619617794244e-09	2.654535942585e-09	8.051442000070e-10
6.892000000000e-07	1.694166592899e-09	2.571795686136e-09	1.006168994099e-09
6.894000000000e-07	1.798208442179e-09	2.932255440099e-09	9.022654832921e-10
6.896000000000e-07	1.854404078173e-09	2.989041006946e-09	1.013292760775e-09
6.898000000000e-07	1.652656695965e-09	2.591739613510e-09	1.001226686194e-09
6.900000000000e-07	1.633107157062e-09	2.571893225517e-09	9.841790158415e-10
6.902000000000e-07	1.621664601918e-09	2.553936185683e-09	9.182982173192e-10
6.904000000000e-07	1.662986553324e-09	2.534247491569e-09	1.141513598814e-09
6.906000000000e-07	1.622639917378e-09	2.706895977075e-09	7.545782268156e-10
6.908000000000e-07	1.664045644223e-09	2.815912188678e-09	8.689873386453e-10
6.910000000000e-07	1.777169146265e-09	2.784747005889e-09	1.048312152156e-09
6.912000000000e-07	1.727503438246e-09	2.748736429289e-09	9.401099570490e-10
6.914000000000e-07	1.710645242436e-09	2.742343029258e-09	9.952437128492e-10
6.916000000000e-07	1.650636483696e-09	2.513139173127e-09	1.187096785569e-09
6.918000000000e-07	1.587994303919e-09	2.469449395922e-09	9.809271852865e-10
6.920000000000e-07	1.787121488179e-09	2.993747063806e-09	8.401635282740e-10
6.922000000000e-07	1.732814333666e-09	2.676316042945e-09	1.050265353699e-09
6.924000000000e-07	1.526803931162e-09	2.415353226279e-09	8.562996048953e-10
6.926000000000e-07	1.531086800205e-09	2.331037097272e-09	1.032185449718e-09
6.928000000000e-07	1.705147297885e-09	2.814577449544e-09	8.184846682726e-10
6.930000000000e-07	1.669476969225e-09	2.619569711455e-09	1.026739434065e-09
6.932000000000e-07	1.697862499166e-09	2.898912543366e-09	6.723735728865e-10
6.934000000000e-07	1.664786171767e-09	2.679373315933e-09	8.858946189168e-10
6.936000000000e-07	1.501559779693e-09	2.439076579529e-09	8.501767173909e-10
6.938000000000e-07	1.607464008683e-09	2.540363907902e-09	8.900391503653e-10
6.940000000000e-07	1.648620942327e-09	2.592206035396e-09	1.000574297248e-09
6.942000000000e-07	1.632286269204e-09	2.633106712825e-09	8.897268788959e-10
6.944000000000e-07	1.601234830009e-09	2.361667445186e-09	1.118904608981e-09
6.946000000000e-07	1.511041325377e-09	2.478009660450e-09	7.805072966767e-10
6.948000000000e-07	1.670316320673e-09	2.632807892875e-09	9.598535814196e-10
6.950000000000e-07	1.475708788473e-09	2.379202552808e-09	7.123460080653e-10
6.952000000000e-07	1.593060907363e-09	2.620434128201e-09	8.036088809717e-10
6.954000000000e-07	1.588427432424e-09	2.482203968784e-09	1.062124034798e-09
6.956000000000e-07	1.551659005370e-09	2.503125152504e-09	9.641730075061e-10
6.958000000000e-07	1.435123201166e-09	2.385051888019e-09	6.842267878453e-10
6.960000000000e-07	1.650286823286e-09	2.795620474051e-09	7.063419369698e-10
6.962000000000e-07	1.558469767170e-09	2.598744511105e-09	7.720595385613e-10
6.964000000000e-07	1.494868324923e-09	2.229905531093e-09	1.021969545230e-09
6.966000000000e-07	1.687820936237e-09	2.712864024572e-09	7.901766226525e-10
6.968000000000e-07	1.681274215464e-09	2.607070647760e-09	1.006489298611e-09
6.970000000000e-07	1.468923507865e-09	2.477590404675e-09	6.718455755027e-10
6.972000000000e-07	1.536804614198e-09	2.415543611690e-09	9.308034230041e-10
6.974000000000e-07	1.491281175346e-09	2.328926772102e-09	1.002490213844e-09
6.976000000000e-07	1.568919198207e-09	2.377744721753e-09	9.659775678722e-10
6.978000000000e-07	1.459284195354e-09	2.317522601200e-09	8.128789482122e-10
6.980000000000e-07	1.514194451156e-09	2.366644183971e-09	9.358006461027e-10
6.982000000000e-07	1.429661296058e-09	2.404305476398e-09	6.454614438684e-10
6.984000000000e-07	1.470496188606e-09	2.305415167118e-09	8.410563153034e-10
6.986000000000e-07	1.518436036633e-09	2.554335971863e-09	7.551118697207e-10
6.988000000000e-07	1.601388172925e-09	2.477697024813e-09	1.001218777420e-09
6.990000000000e-07	1.502369594948e-09	2.180099158563e-09	1.033747021162e-09
6.992000000000e-07	1.578791076324e-09	2.544374172944e-09	8.538666241418e-10
6.994000000000e-07	1.595165619764e-09	2.465613759162e-09	9.797780488646e-10
6.996000000000e-07	1.420227749621e-09	2.410268653388e-09	6.741591808563e-10
6.998000000000e-07	1.506689150840e-09	2.371174116125e-09	8.793787405239e-10
7.000000000000e-07	1.482017039271e-09	2.494853590760e-09	6.665359605463e-10
7.002000000000e-07	1.377096365462e-09	2.263125970704e-09	7.082512951874e-10
7.004000000000e-07	1.457685802468e-09	2.296558788433e-09	8.604256575731e-10
7.006000000000e-07	1.487882857423e-09	2.375255101718e-09	8.373120998967e-10
7.008000000000e-07	1.588981306150e-09	2.447210484806e-09	9.893607359990e-10
7.010000000000e-07	1.518384477962e-09	2.267103080836e-09	9.993594489892e-10
7.012000000000e-07	1.387103211728e-09	2.282973717969e-09	7.096643976211e-10
7.014000000000e-07	1.511473713031e-09	2.174974348634e-09	1.173776832736e-09
7.016000000000e-07	1.516430997244e-09	2.283915583666e-09	1.010260765968e-09
7.018000000000e-07	1.270659801956e-09	2.011222605207e-09	6.848766429378e-10
7.020000000000e-07	1.465442273968e-09	2.521058118118e-09	5.964347168509e-10
7.022000000000e-07	1.468540949396e-09	2.280691690155e-09	8.980532828470e-10
7.024000000000e-07	1.278193374290e-09	2.286432272264e-09	4.627572651721e-10
7.026000000000e-07	1.487161704412e-09	2.272806351602e-09	9.613975211134e-10
7.028000000000e-07	1.424977129998e-09	2.338421019744e-09	7.279868683033e-10
7.030000000000e-07	1.376577597521e-09	2.224595823113e-09	7.790351108619e-10
7.032000000000e-07	1.493355085020e-09	2.403534645684e-09	7.712909867255e-10
7.034000000000e-07	1.302975379954e-09	2.042412797538e-09	7.544575579248e-10
7.036000000000e-07	1.350305043773e-09	2.230540096210e-09	5.984943566921e-10
7.038000000000e-07	1.328401853566e-09	2.108798552257e-09	9.014034340209e-10
7.040000000000e-07	1.341936751280e-09	2.036075558140e-09	9.074604016822e-10
7.042000000000e-07	1.312141360583e-09	2.206812679861e-09	6.856594800040e-10
7.044000000000e-07	1.396190518897e-09	2.288089921659e-09	6.998677343062e-10
7.046000000000e-07	1.441993492673e-09	2.321835350037e-09	8.020419961782e-10
7.048000000000e-07	1.317475645887e-09	2.186419693611e-09	6.158290689360e-10
7.050000000000e-07	1.352191344213e-09	2.115837834106e-09	8.207609503159e-10
7.052000000000e-07	1.419786568400e-09	2.081982919533e-09	1.003692865333e-09
7.054000000000e-07	1.288212316790e-09	1.978503211482e-09	7.940077126274e-10
7.056000000000e-07	1.355924868721e-09	2.040806537874e-09	8.517753420556e-10
7.058000000000e-07	1.557557466864e-09	2.453076021356e-09	9.188002273941e-10
7.060000000000e-07	1.560606537312e-09	2.423401274097e-09	9.770750249778e-10
7.062000000000e-07	1.281905416942e-09	2.043643860031e-09	7.035364641323e-10
7.064000000000e-07	1.243862419813e-09	2.086352863041e-09	6.004893926856e-10
7.066000000000e-07	1.420601034442e-09	2.214083173046e-09	8.460374593289e-10
7.068000000000e-07	1.254509820961e-09	2.037664858613e-09	7.115211284631e-10
7.070000000000e-07	1.335632004131e-09	2.087474873275e-09	8.450416208934e-10
7.072000000000e-07	1.294174204663e-09	2.030707016302e-09	7.830013292978e-10
7.074000000000e-07	1.278848783904e-09	2.188248167457e-09	7.139798931701e-10
7.076000000000e-07	1.424267856046e-09	2.150971956068e-09	9.590490752211e-10
7.078000000000e-07	1.254926132655e-09	2.039856189553e-09	6.642531973775e-10
7.080000000000e-07	1.318695508104e-09	2.176494018932e-09	6.536213171665e-10
7.082000000000e-07	1.390400819577e-09	2.194159787790e-09	7.808326453442e-10
7.084000000000e-07	1.314140672944e-09	2.117274763599e-09	7.965028239388e-10
7.086000000000e-07	1.277890568695e-09	2.081512578319e-09	6.411609193136e-10
7.088000000000e-07	1.319804587807e-09	2.046819735514e-09	8.222280101357e-10
7.090000000000e-07	1.220205617627e-09	2.159769728425e-09	4.685257064734e-10
7.092000000000e-07	1.478400158234e-09	2.174358879429e-09	1.065396092423e-09
7.094000000000e-07	1.232886094070e-09	1.797417053781e-09	6.120716218025e-10
7.096000000000e-07	1.369404643431e-09	2.276047859700e-09	6.458991417449e-10
7.098000000000e-07	1.296632006147e-09	2.050333659249e-09	7.491765923045e-10
7.100000000000e-07	1.302592735011e-09	2.050338011667e-09	7.640787155726e-10
7.102000000000e-07	1.364586714935e-09	2.099254373403e-09	8.235031888064e-10
7.104000000000e-07	1.157351717429e-09	1.894392863327e-09	6.940440308182e-10
7.106000000000e-07	1.318599577766e-09	1.894811335748e-09	9.733237504024e-10
7.108000000000e-07	1.305243796445e-09	2.049142856065e-09	7.966696599847e-10
7.110000000000e-07	1.394150954143e-09	2.277564281309e-09	7.046608053860e-10
7.112000000000e-07	1.225755737030e-09	1.998007161779e-09	7.293860985260e-10
7.114000000000e-07	1.310824841255e-09	2.044823363342e-09	7.925131916391e-10
7.116000000000e-07	1.239185658314e-09	1.896886486497e-09	8.024186220196e-10
7.118000000000e-07	1.167245228796e-09	1.915900171498e-09	5.553071138318e-10
7.120000000000e-07	1.229920696881e-09	1.964058885199e-09	6.806798946092e-10
7.122000000000e-07	1.209068841612e-09	1.867110654883e-09	7.531590731072e-10
7.124000000000e-07	1.295978660471e-09	1.958721909892e-09	8.532876995369e-10
7.126000000000e-07	1.359544431501e-09	2.017850722578e-09	9.340771187048e-10
7.128000000000e-07	1.187268983324e-09	1.905792575788e-09	6.376704367977e-10
7.130000000000e-07	1.270352456885e-09	2.076265970239e-09	7.106697409181e-10
7.132000000000e-07	1.028279786891e-09	1.735386356033e-09	4.728230430039e-10
7.134000000000e-07	1.301087491181e-09	1.993258708574e-09	7.932950247620e-10
7.136000000000e-07	1.255841273061e-09	2.026952191994e-09	6.522109413688e-10
7.138000000000e-07	1.332533889926e-09	2.024865656746e-09	8.305611837020e-10
7.140000000000e-07	1.188957160938e-09	1.845222554449e-09	7.183779030885e-10
7.142000000000e-07	1.187988510758e-09	1.944854046906e-09	5.848903970356e-10
7.144000000000e-07	1.168835559534e-09	1.982777589881e-09	5.449323655762e-10
7.146000000000e-07	1.167807664424e-09	1.824516856577e-09	6.499194045553e-10
7.148000000000e-07	1.171483715595e-09	1.899725975473e-09	6.397935049262e-10
7.150000000000e-07	1.261734156867e-09	1.922508483651e-09	8.047903881641e-10
7.152000000000e-07	1.187051303777e-09	1.826256385859e-09	7.298704654006e-10
7.154000000000e-07	1.192904315477e-09	1.896654829276e-09	6.865069248269e-10
7.156000000000e-07	1.179082771777e-09	1.863196315106e-09	6.589829037844e-10
7.158000000000e-07	1.086278355846e-09	1.877267476684e-09	4.225037382726e-10
7.160000000000e-07	1.162972183591e-09	1.799077434223e-09	7.278114791893e-10
7.162000000000e-07	1.137230986757e-09	1.720067665474e-09	7.350544546756e-10
7.164000000000e-07	1.206558504362e-09	1.899389436160e-09	6.521632939196e-10
7.166000000000e-07	1.226187480966e-09	1.854337467172e-09	8.201462660905e-10
7.168000000000e-07	1.123674027991e-09	1.892954710992e-09	5.023674897826e-10
7.170000000000e-07	1.236405179931e-09	1.891853830567e-09	7.866299354319e-10
7.172000000000e-07	1.189271160183e-09	1.783706238326e-09	7.830930706433e-10
7.174000000000e-07	1.219954891757e-09	1.905556901365e-09	7.156894437122e-10
7.176000000000e-07	1.141970686656e-09	1.823904075608e-09	7.125156659750e-10
7.178000000000e-07	1.148969227864e-09	1.761628827762e-09	7.025964458789e-10
7.180000000000e-07	1.190941912895e-09	1.951832764506e-09	5.522705495983e-10
7.182000000000e-07	1.127368457915e-09	1.647295131052e-09	7.773999031536e-10
7.184000000000e-07	1.190364916901e-09	1.769473254560e-09	8.320560479142e-10
7.186000000000e-07	1.058888156951e-09	1.660503852797e-09	6.425131163769e-10
7.188000000000e-07	1.089630849933e-09	1.805489192308e-09	5.406476286635e-10
7.190000000000e-07	1.152620680191e-09	1.818405722756e-09	6.587515635557e-10
7.192000000000e-07	1.084493393033e-09	1.833064662201e-09	5.999556511828e-10
7.194000000000e-07	1.099617171815e-09	1.887708649126e-09	4.793199619299e-10
7.196000000000e-07	1.029229728669e-09	1.688343400983e-09	5.254496133036e-10
7.198000000000e-07	1.126757591417e-09	1.764617647755e-09	6.767117691058e-10
7.200000000000e-07	1.146468503477e-09	1.848277849044e-09	5.989127697200e-10
7.202000000000e-07	1.091566207555e-09	1.730807448915e-09	6.793281505670e-10
7.204000000000e-07	1.134978173509e-09	1.735785491621e-09	6.950303051934e-10
7.206000000000e-07	1.053874226269e-09	1.586614179892e-09	7.001051449696e-10
7.208000000000e-07	1.095496971341e-09	1.771739362766e-09	6.026025980808e-10
7.210000000000e-07	1.081012122486e-09	1.680009460008e-09	6.650103564552e-10
7.212000000000e-07	1.075824997555e-09	1.773489288662e-09	4.772726780963e-10
7.214000000000e-07	1.093000826655e-09	1.755145845188e-09	6.030103277100e-10
7.216000000000e-07	1.120903073774e-09	1.724945864581e-09	6.967361072648e-10
7.218000000000e-07	1.071947378667e-09	1.791388965704e-09	5.145480803834e-10
7.220000000000e-07	9.858991268789e-10	1.699571629578e-09	6.897523361845e-10
7.222000000000e-07	1.120388277363e-09	1.796529729151e-09	6.408639467793e-10
7.224000000000e-07	1.071038978775e-09	1.774682779770e-09	5.290838128314e-10
7.226000000000e-07	1.072817990430e-09	1.641287719297e-09	6.616829258660e-10
7.228000000000e-07	1.172812742576e-09	1.754528887051e-09	7.879272902962e-10
7.230000000000e-07	1.142201168046e-09	1.799140465531e-09	6.594989699084e-10
7.232000000000e-07	1.087371317996e-09	1.720563911167e-09	6.469348139777e-10
7.234000000000e-07	1.094153237443e-09	1.754578606274e-09	5.739852552072e-10
7.236000000000e-07	1.032675829945e-09	1.671361846285e-09	6.391716388402e-10
7.238000000000e-07	9.936180249569e-10	1.626138819708e-09	5.074663669798e-10
7.240000000000e-07	9.940261843521e-10	1.498557216769e-09	6.770066800991e-10
7.242000000000e-07	1.027496046694e-09	1.643881676264e-09	5.487302656755e-10
7.244000000000e-07	1.056244897036e-09	1.582066221013e-09	7.063205099154e-10
7.246000000000e-07	1.110059807631e-09	1.717279710272e-09	6.598849212704e-10
7.248000000000e-07	9.969472112052e-10	1.608753132529e-09	5.665083091512e-10
7.250000000000e-07	1.081689937345e-09	1.661470503621e-09	6.923684827644e-10
7.252000000000e-07	1.007336253970e-09	1.602274035800e-09	5.848528021259e-10
7.254000000000e-07	1.048970965107e-09	1.637946682176e-09	6.290399584487e-10
7.256000000000e-07	9.554841785874e-10	1.531316191356e-09	5.489832670118e-10
7.258000000000e-07	1.076661950823e-09	1.644674934996e-09	6.616560067460e-10
7.260000000000e-07	1.001511831144e-09	1.558181836273e-09	6.161434110922e-10
7.262000000000e-07	9.621858330925e-10	1.463183828612e-09	6.216294688214e-10
7.264000000000e-07	1.087954089738e-09	1.765490746691e-09	6.114661061059e-10
7.266000000000e-07	9.796558322387e-10	1.571047907906e-09	5.587099657940e-10
7.268000000000e-07	1.109027354970e-09	1.651703078225e-09	7.786802325942e-10
7.270000000000e-07	9.978171534969e-10	1.674720899862e-09	4.818181166363e-10
7.272000000000e-07	1.034648331978e-09	1.737995230098e-09	4.824859681640e-10
7.274000000000e-07	9.550444530421e-10	1.521485646652e-09	4.948827529305e-10
7.276000000000e-07	9.673847351941e-10	1.611847699064e-09	5.123994513042e-10
7.278000000000e-07	1.039767333611e-09	1.584659231673e-09	6.330512648319e-10
7.280000000000e-07	1.073851832102e-09	1.583475009024e-09	7.013986239733e-10
7.282000000000e-07	9.471344387525e-10	1.537287792404e-09	5.106251701841e-10
7.284000000000e-07	9.279037695111e-10	1.465052154225e-09	5.618787720825e-10
7.286000000000e-07	1.019352869836e-09	1.569495539357e-09	6.359228760725e-10
7.288000000000e-07	9.611616329128e-10	1.585007946394e-09	5.185355088610e-10
7.290000000000e-07	9.644586690260e-10	1.549833710256e-09	5.516125804380e-10
7.292000000000e-07	1.025180395600e-09	1.539622725885e-09	6.763385490997e-10
7.294000000000e-07	9.656007983597e-10	1.482551914846e-09	6.274946067029e-10
7.296000000000e-07	1.025492117913e-09	1.502483091795e-09	7.000400996737e-10
7.298000000000e-07	1.011402335127e-09	1.668859725028e-09	4.815683793598e-10
7.300000000000e-07	1.045470966891e-09	1.633521916803e-09	5.860161016610e-10
7.302000000000e-07	9.547940762655e-10	1.530922282492e-09	5.270404482795e-10
7.304000000000e-07	1.013176443066e-09	1.549705152460e-09	6.633151301526e-10
7.306000000000e-07	9.438786864433e-10	1.401140409705e-09	6.354661324952e-10
7.308000000000e-07	1.010991887074e-09	1.547882396501e-09	6.648099001870e-10
7.310000000000e-07	9.915897151416e-10	1.569293643749e-09	5.629333212164e-10
7.312000000000e-07	9.770720354559e-10	1.584657316657e-09	5.178199566414e-10
7.314000000000e-07	1.017477947609e-09	1.525291278123e-09	6.781183081573e-10
7.316000000000e-07	9.609100902222e-10	1.464142518314e-09	5.775482848158e-10
7.318000000000e-07	9.353371153491e-10	1.476175274928e-09	4.990519920860e-10
7.320000000000e-07	8.756755265759e-10	1.410935640700e-09	4.447720427119e-10
7.322000000000e-07	9.909857188688e-10	1.575100887606e-09	5.621167561809e-10
7.324000000000e-07	9.611547065730e-10	1.549925633132e-09	5.210824746506e-10
7.326000000000e-07	1.019740762789e-09	1.552580138271e-09	6.185262397604e-10
7.328000000000e-07	9.106144193749e-10	1.437923798518e-09	5.642542066795e-10
7.330000000000e-07	9.118524761239e-10	1.560796758039e-09	3.851957186230e-10
7.332000000000e-07	9.259716479709e-10	1.376631699508e-09	6.366946018958e-10
7.334000000000e-07	9.731346855055e-10	1.519598659937e-09	5.496561114532e-10
7.336000000000e-07	8.987073464211e-10	1.397810984814e-09	5.419901011580e-10
7.338000000000e-07	9.526861703840e-10	1.426498701846e-09	6.356041922598e-10
7.340000000000e-07	9.340828898812e-10	1.516378265893e-09	5.236155476393e-10
7.342000000000e-07	9.238075835580e-10	1.517063392771e-09	4.562217760013e-10
7.344000000000e-07	9.841999940480e-10	1.565551567323e-09	5.828870540503e-10
7.346000000000e-07	9.079217088175e-10	1.389664895472e-09	5.547914639199e-10
7.348000000000e-07	9.446286931645e-10	1.531337303310e-09	5.239650635837e-10
7.350000000000e-07	1.004592720213e-09	1.617841768625e-09	5.710130317842e-10
7.352000000000e-07	9.151565035051e-10	1.418573524394e-09	5.686098968521e-10
7.354000000000e-07	8.558587452277e-10	1.281012938111e-09	6.046856150559e-10
7.356000000000e-07	9.822666152038e-10	1.529136514134e-09	5.368721054487e-10
7.358000000000e-07	8.760621878339e-10	1.396198421439e-09	5.038552942318e-10
7.360000000000e-07	8.723881501832e-10	1.363202235918e-09	4.823648538140e-10
7.362000000000e-07	7.620236046257e-10	1.178872678066e-09	4.688869582909e-10
7.364000000000e-07	9.505095285507e-10	1.501394561947e-09	5.607466163837e-10
7.366000000000e-07	8.681635615451e-10	1.307434376335e-09	6.151445677788e-10
7.368000000000e-07	9.142843531574e-10	1.468027746760e-09	5.301398134975e-10
7.370000000000e-07	9.313267027496e-10	1.421769981838e-09	5.513018202432e-10
7.372000000000e-07	8.299669560490e-10	1.277101001237e-09	5.061776980622e-10
7.374000000000e-07	9.346412489837e-10	1.449427058887e-09	5.705550054124e-10
7.376000000000e-07	8.717860352494e-10	1.419494480321e-09	4.250992525550e-10
7.378000000000e-07	9.630725136213e-10	1.457001098211e-09	6.506413166184e-10
7.380000000000e-07	8.911042685033e-10	1.284974649642e-09	6.734323265585e-10
7.382000000000e-07	8.809575259270e-10	1.479770750598e-09	4.338897820521e-10
7.384000000000e-07	8.685515959078e-10	1.374963692154e-09	5.048245987304e-10
7.386000000000e-07	7.940730491753e-10	1.263956827604e-09	4.323244216368e-10
7.388000000000e-07	8.797002814922e-10	1.389923022165e-09	4.563396168981e-10
7.390000000000e-07	8.843928825361e-10	1.496759208284e-09	4.353186562693e-10
7.392000000000e-07	9.077395458314e-10	1.406285612127e-09	4.576943483803e-10
7.394000000000e-07	8.427330944574e-10	1.323751391112e-09	5.236365803674e-10
7.396000000000e-07	7.902833364772e-10	1.247873098475e-09	4.651800286199e-10
7.398000000000e-07	9.072069332766e-10	1.432269492662e-09	5.348193000012e-10
7.400000000000e-07	9.196650601139e-10	1.439411062806e-09	5.579583357131e-10
7.402000000000e-07	8.695995730650e-10	1.382866825921e-09	4.964753311273e-10
7.404000000000e-07	8.547045994654e-10	1.312326767284e-09	5.397809629363e-10
7.406000000000e-07	7.513081289748e-10	1.276132110137e-09	3.662388101339e-10
7.408000000000e-07	9.143794140684e-10	1.390958425248e-09	5.928255996319e-10
7.410000000000e-07	8.180893223754e-10	1.383827579409e-09	3.290704395460e-10
7.412000000000e-07	8.629976819528e-10	1.358014206110e-09	4.580779787779e-10
7.414000000000e-07	8.104820882056e-10	1.335732066746e-09	4.363654081767e-10
7.416000000000e-07	8.708707816379e-10	1.372933417528e-09	5.123432157807e-10
7.418000000000e-07	8.267971761295e-10	1.325884368519e-09	4.839989283723e-10
7.420000000000e-07	8.950456559776e-10	1.257750744758e-09	6.717183532418e-10
7.422000000000e-07	7.807052690864e-10	1.203712330004e-09	4.918028704116e-10
7.424000000000e-07	8.570108680559e-10	1.349267563528e-09	5.243789461666e-10
7.426000000000e-07	8.106688168907e-10	1.316795632003e-09	4.326986222551e-10
7.428000000000e-07	8.352926954260e-10	1.291889699598e-09	5.093540787152e-10
7.430000000000e-07	8.512206283721e-10	1.220132679419e-09	6.739924304011e-10
7.432000000000e-07	8.114043362056e-10	1.294074962169e-09	4.549338076736e-10
7.434000000000e-07	8.562350045558e-10	1.391284253319e-09	4.848725306685e-10
7.436000000000e-07	8.395192455603e-10	1.293525704726e-09	5.285749722671e-10
7.438000000000e-07	7.652350964337e-10	1.173715794059e-09	4.642806650561e-10
7.440000000000e-07	8.345511174176e-10	1.230526072963e-09	5.038512587611e-10
7.442000000000e-07	8.360413004691e-10	1.343078922355e-09	4.436578535764e-10
7.444000000000e-07	8.512508623843e-10	1.339700094295e-09	4.972613437275e-10
7.446000000000e-07	8.732054492664e-10	1.331040498454e-09	5.780480837813e-10
7.448000000000e-07	8.391547095335e-10	1.184127475798e-09	6.479925965201e-10
7.450000000000e-07	7.875398360279e-10	1.230480179182e-09	4.881436414441e-10
7.452000000000e-07	7.826971602627e-10	1.244701665934e-09	4.163517725671e-10
7.454000000000e-07	8.114056032311e-10	1.238038564420e-09	4.859136801469e-10
7.456000000000e-07	8.049649036478e-10	1.254595891354e-09	4.713321314533e-10
7.458000000000e-07	8.370655172121e-10	1.359256910739e-09	4.595135256895e-10
7.460000000000e-07	7.467931326904e-10	1.178713728158e-09	4.211755940978e-10
7.462000000000e-07	8.794216485875e-10	1.325656827422e-09	5.517271311280e-10
7.464000000000e-07	7.789790999083e-10	1.264149046991e-09	4.072445233589e-10
7.466000000000e-07	8.542570499900e-10	1.215740608970e-09	6.451963265928e-10
7.468000000000e-07	8.781329460487e-10	1.252410034464e-09	6.595432509049e-10
7.470000000000e-07	7.715143939434e-10	1.149096053134e-09	5.555452548708e-10
7.472000000000e-07	8.259918102873e-10	1.305738592855e-09	4.992798373439e-10
7.474000000000e-07	7.442835354723e-10	1.124401948550e-09	5.046003899618e-10
