1.186000000000e-07	0.000000000000e+00	0.000000000000e+00	0.000000000000e+00
1.188000000000e-07	0.000000000000e+00	0.000000000000e+00	0.000000000000e+00
1.190000000000e-07	0.000000000000e+00	0.000000000000e+00	0.000000000000e+00
1.192000000000e-07	0.000000000000e+00	0.000000000000e+00	0.000000000000e+00
1.194000000000e-07	0.000000000000e+00	0.000000000000e+00	0.000000000000e+00
1.196000000000e-07	0.000000000000e+00	0.000000000000e+00	0.000000000000e+00
1.198000000000e-07	0.000000000000e+00	0.000000000000e+00	0.000000000000e+00
1.200000000000e-07	0.000000000000e+00	0.000000000000e+00	0.000000000000e+00
1.202000000000e-07	0.000000000000e+00	0.000000000000e+00	0.000000000000e+00
1.204000000000e-07	0.000000000000e+00	0.000000000000e+00	0.000000000000e+00
1.206000000000e-07	0.000000000000e+00	0.000000000000e+00	0.000000000000e+00
1.208000000000e-07	0.000000000000e+00	0.000000000000e+00	0.000000000000e+00
1.210000000000e-07	0.000000000000e+00	0.000000000000e+00	0.000000000000e+00
1.212000000000e-07	0.000000000000e+00	0.000000000000e+00	0.000000000000e+00
1.214000000000e-07	0.000000000000e+00	0.000000000000e+00	0.000000000000e+00
1.216000000000e-07	0.000000000000e+00	0.000000000000e+00	0.000000000000e+00
1.218000000000e-07	0.000000000000e+00	0.000000000000e+00	0.000000000000e+00
1.220000000000e-07	0.000000000000e+00	0.000000000000e+00	0.000000000000e+00
1.222000000000e-07	0.000000000000e+00	0.000000000000e+00	0.000000000000e+00
1.224000000000e-07	0.000000000000e+00	0.000000000000e+00	0.000000000000e+00
1.226000000000e-07	0.000000000000e+00	0.000000000000e+00	0.000000000000e+00
1.228000000000e-07	0.000000000000e+00	0.000000000000e+00	0.000000000000e+00
1.230000000000e-07	0.000000000000e+00	0.000000000000e+00	0.000000000000e+00
1.232000000000e-07	0.000000000000e+00	0.000000000000e+00	0.000000000000e+00
1.234000000000e-07	0.000000000000e+00	0.000000000000e+00	0.000000000000e+00
1.236000000000e-07	0.000000000000e+00	0.000000000000e+00	0.000000000000e+00
1.238000000000e-07	0.000000000000e+00	0.000000000000e+00	0.000000000000e+00
1.240000000000e-07	0.000000000000e+00	0.000000000000e+00	0.000000000000e+00
1.242000000000e-07	0.000000000000e+00	0.000000000000e+00	0.000000000000e+00
1.244000000000e-07	0.000000000000e+00	0.000000000000e+00	0.000000000000e+00
1.246000000000e-07	0.000000000000e+00	0.000000000000e+00	0.000000000000e+00
1.248000000000e-07	0.000000000000e+00	0.000000000000e+00	0.000000000000e+00
1.250000000000e-07	0.000000000000e+00	0.000000000000e+00	0.000000000000e+00
1.252000000000e-07	0.000000000000e+00	0.000000000000e+00	0.000000000000e+00
1.254000000000e-07	0.000000000000e+00	0.000000000000e+00	0.000000000000e+00
1.256000000000e-07	0.000000000000e+00	0.000000000000e+00	0.000000000000e+00
1.258000000000e-07	0.000000000000e+00	0.000000000000e+00	0.000000000000e+00
1.260000000000e-07	0.000000000000e+00	0.000000000000e+00	0.000000000000e+00
1.262000000000e-07	0.000000000000e+00	0.000000000000e+00	0.000000000000e+00
1.264000000000e-07	0.000000000000e+00	0.000000000000e+00	0.000000000000e+00
1.266000000000e-07	0.000000000000e+00	0.000000000000e+00	0.000000000000e+00
1.268000000000e-07	0.000000000000e+00	0.000000000000e+00	0.000000000000e+00
1.270000000000e-07	0.000000000000e+00	0.000000000000e+00	0.000000000000e+00
1.272000000000e-07	0.000000000000e+00	0.000000000000e+00	0.000000000000e+00
1.274000000000e-07	0.000000000000e+00	0.000000000000e+00	0.000000000000e+00
1.276000000000e-07	0.000000000000e+00	0.000000000000e+00	0.000000000000e+00
1.278000000000e-07	0.000000000000e+00	0.000000000000e+00	0.000000000000e+00
1.280000000000e-07	0.000000000000e+00	0.000000000000e+00	0.000000000000e+00
1.282000000000e-07	0.000000000000e+00	0.000000000000e+00	0.000000000000e+00
1.284000000000e-07	0.000000000000e+00	0.000000000000e+00	0.000000000000e+00
1.286000000000e-07	0.000000000000e+00	0.000000000000e+00	0.000000000000e+00
1.288000000000e-07	6.100539316656e-13	-1.045350105107e-12	2.442663216644e-12
1.290000000000e-07	1.311741351806e-12	3.230253825904e-12	-4.982435680730e-13
1.292000000000e-07	-9.468104090807e-12	1.989521609829e-11	-4.615973155192e-11
1.294000000000e-07	1.781229142025e-10	2.658415217588e-10	1.118072874563e-10
1.296000000000e-07	-8.558583632744e-11	-8.403007537036e-11	-1.177161005949e-10
1.298000000000e-07	-2.459767093262e-11	5.163302158811e-11	-1.507947837016e-10
1.300000000000e-07	1.802211279563e-10	4.669945703694e-10	-1.515170230033e-10
1.302000000000e-07	-7.624401655090e-10	-1.007440672793e-09	-6.430398988675e-10
1.304000000000e-07	1.286364708009e-10	4.473545103521e-12	4.361670895283e-10
1.306000000000e-07	-1.640246057647e-10	-1.730718222017e-10	-1.979099392940e-10
1.308000000000e-07	-1.047492520137e-10	-1.647014963958e-10	-7.621874661087e-11
1.310000000000e-07	-1.954338723144e-10	-2.608515328615e-10	-2.807306089023e-10
1.312000000000e-07	-2.423587942014e-10	-1.716990802001e-10	-3.985106004261e-10
1.314000000000e-07	-2.792253727615e-10	-5.667333696757e-10	2.126726013814e-11
1.316000000000e-07	-1.469264153834e-09	-2.279611175353e-09	-7.855043376095e-10
1.318000000000e-07	-1.449700257005e-09	-1.933531766833e-09	-1.177273717443e-09
1.320000000000e-07	-3.241498952801e-10	-5.943278392573e-10	-9.813816994272e-11
1.322000000000e-07	-4.673463109055e-10	-8.304937491223e-10	-1.674277261161e-10
1.324000000000e-07	-4.353846097374e-10	-6.542474559045e-10	-3.634207647202e-10
1.326000000000e-07	-3.629859298647e-10	-7.684487886494e-10	1.123897788967e-10
1.328000000000e-07	-7.032149174574e-10	-9.094597085377e-10	-6.507890470292e-10
1.330000000000e-07	-6.201598251665e-10	-9.201976418938e-10	-4.603511702322e-10
1.332000000000e-07	-7.775298379108e-10	-1.357519354403e-09	-2.973669888168e-10
1.334000000000e-07	-9.999008533200e-10	-1.750777721499e-09	-4.406630699305e-10
1.336000000000e-07	-1.449079159118e-09	-2.283556901035e-09	-4.385151798436e-10
1.338000000000e-07	-1.736371833954e-09	-2.823814805133e-09	-7.735949560503e-10
1.340000000000e-07	-2.419632696340e-09	-3.992062077225e-09	-1.175897375560e-09
1.342000000000e-07	-3.759146091821e-09	-5.979896400085e-09	-2.024433442303e-09
1.344000000000e-07	-6.183473223729e-09	-9.113050169093e-09	-4.171138467417e-09
1.346000000000e-07	-1.114117574110e-08	-1.806825612636e-08	-5.652589916733e-09
1.348000000000e-07	-1.829471373217e-08	-2.933281769634e-08	-9.644093188767e-09
1.350000000000e-07	-2.014215728995e-08	-3.297098815855e-08	-9.843063368442e-09
1.352000000000e-07	-3.448035871794e-09	-4.892535625622e-09	-2.621239759305e-09
1.354000000000e-07	-9.653142780808e-10	-1.327509979463e-09	-7.511072182203e-10
1.356000000000e-07	-2.417716545714e-09	-3.398746156279e-09	-1.803540856604e-09
1.358000000000e-07	-2.360845015806e-09	-4.086817163599e-09	-8.590214453448e-10
1.360000000000e-07	-2.497617882018e-09	-3.434163936067e-09	-1.951657237457e-09
1.362000000000e-07	-3.685606742988e-09	-5.575657916127e-09	-2.156188590038e-09
1.364000000000e-07	-3.470646662745e-09	-5.877329468726e-09	-1.357079089821e-09
1.366000000000e-07	-4.527520171337e-09	-6.754487198712e-09	-2.850640594740e-09
1.368000000000e-07	-5.664094308461e-09	-9.080439845591e-09	-3.048968603315e-09
1.370000000000e-07	-6.204894450447e-09	-9.678079201987e-09	-3.610088784067e-09
1.372000000000e-07	-8.402158120507e-09	-1.345234290996e-08	-4.471409462004e-09
1.374000000000e-07	-8.193801819351e-09	-1.295236758808e-08	-4.479113467917e-09
1.376000000000e-07	-9.660366795572e-09	-1.473610719468e-08	-5.918611048599e-09
1.378000000000e-07	-1.105225613558e-08	-1.769566766611e-08	-5.894282033999e-09
1.380000000000e-07	-1.349558477071e-08	-2.193855561873e-08	-6.807895036059e-09
1.382000000000e-07	-1.524515810408e-08	-2.394809146221e-08	-8.584462585254e-09
1.384000000000e-07	-1.736027806733e-08	-2.814855093037e-08	-8.878423604086e-09
1.386000000000e-07	-1.957482010897e-08	-3.070267606227e-08	-1.108127182313e-08
1.388000000000e-07	-2.266188535208e-08	-3.391504587134e-08	-1.458163355240e-08
1.390000000000e-07	-2.406858680086e-08	-3.953235846250e-08	-1.154740390521e-08
1.392000000000e-07	-2.767591716930e-08	-4.463149351462e-08	-1.436353223425e-08
1.394000000000e-07	-3.064095014852e-08	-4.812940314017e-08	-1.737114018176e-08
1.396000000000e-07	-3.334681512943e-08	-5.372484927523e-08	-1.721949983978e-08
1.398000000000e-07	-3.627586638512e-08	-5.737342633438e-08	-2.014900026661e-08
1.400000000000e-07	-4.121033146152e-08	-6.397157724338e-08	-2.401033689350e-08
1.402000000000e-07	-4.230003964031e-08	-6.842514732039e-08	-2.168442217477e-08
1.404000000000e-07	-4.389084565880e-08	-7.034829431446e-08	-2.311744799582e-08
1.406000000000e-07	-5.045499580611e-08	-7.932329262576e-08	-2.849994501625e-08
1.408000000000e-07	-5.142911073646e-08	-8.184922737125e-08	-2.784718180808e-08
1.410000000000e-07	-5.131526247069e-08	-8.040878531973e-08	-2.913764543467e-08
1.412000000000e-07	-5.308057330566e-08	-8.305930203006e-08	-3.041268047516e-08
1.414000000000e-07	-5.088064435534e-08	-8.131525176726e-08	-2.702612281798e-08
1.416000000000e-07	-5.152755294149e-08	-7.972792686466e-08	-3.061190595382e-08
1.418000000000e-07	-4.952750137779e-08	-7.914104605152e-08	-2.638262672851e-08
1.420000000000e-07	-4.566757241182e-08	-7.365017497421e-08	-2.359069380404e-08
1.422000000000e-07	-4.365265310163e-08	-6.815134399090e-08	-2.490737890717e-08
1.424000000000e-07	-4.242854596231e-08	-6.842962814270e-08	-2.167175038530e-08
1.426000000000e-07	-3.690919047855e-08	-5.682297511141e-08	-2.216394762055e-08
1.428000000000e-07	-3.411896954026e-08	-5.491308590244e-08	-1.765834808958e-08
1.430000000000e-07	-2.799079146821e-08	-4.528674824370e-08	-1.419558824338e-08
1.432000000000e-07	-2.437335678219e-08	-3.893972945350e-08	-1.282425277969e-08
1.434000000000e-07	-1.980261510719e-08	-3.214693994810e-08	-9.788171398270e-09
1.436000000000e-07	-1.548006780628e-08	-2.460637229679e-08	-8.335676418707e-09
1.438000000000e-07	-1.169399706310e-08	-1.791695419481e-08	-7.076989313701e-09
1.440000000000e-07	-5.273554602048e-09	-7.606634395194e-09	-3.747993373336e-09
1.442000000000e-07	-3.535008208418e-09	-4.584113509376e-09	-3.085203089944e-09
1.444000000000e-07	-2.755381135611e-11	7.359310799324e-10	-8.549802641074e-10
1.446000000000e-07	3.679681477461e-09	4.562563377666e-09	3.499281013755e-09
1.448000000000e-07	5.245774965880e-09	8.953507225871e-09	2.150983288129e-09
1.450000000000e-07	6.412574753789e-09	9.897054057137e-09	3.753092196043e-09
1.452000000000e-07	6.876870494757e-09	1.177800099877e-08	2.888510360387e-09
1.454000000000e-07	7.361609597028e-09	1.204071377803e-08	3.868269295958e-09
1.456000000000e-07	7.943533448526e-09	1.318624249654e-08	3.744857592142e-09
1.458000000000e-07	8.368675422412e-09	1.304769100267e-08	4.841986671918e-09
1.460000000000e-07	7.537183145607e-09	1.230531945451e-08	3.752850382156e-09
1.462000000000e-07	6.797158743976e-09	1.164077107259e-08	2.700842365742e-09
1.464000000000e-07	7.011084415118e-09	1.088269839669e-08	4.111011094920e-09
1.466000000000e-07	5.778603505823e-09	9.471820886332e-09	2.818314950844e-09
1.468000000000e-07	6.683376145695e-09	1.088319528202e-08	3.459427925716e-09
1.470000000000e-07	5.831839386644e-09	9.263031246712e-09	3.190623230243e-09
1.472000000000e-07	5.655861735082e-09	9.596116485078e-09	2.466389259055e-09
1.474000000000e-07	5.466673058147e-09	8.377766496141e-09	3.305940669643e-09
1.476000000000e-07	5.115424055249e-09	7.983648330209e-09	2.934644173769e-09
1.478000000000e-07	5.059118302469e-09	8.259936444212e-09	2.639133661552e-09
1.480000000000e-07	4.996362684591e-09	8.540571347127e-09	2.067871700730e-09
1.482000000000e-07	4.214137315874e-09	7.315566969211e-09	1.638979955075e-09
1.484000000000e-07	4.664221673176e-09	8.237422986010e-09	1.648334762744e-09
1.486000000000e-07	4.562329183990e-09	7.070221499052e-09	2.733463119884e-09
1.488000000000e-07	3.950990950150e-09	6.927515270103e-09	1.466504027120e-09
1.490000000000e-07	4.219552428277e-09	7.106818727307e-09	1.892587255083e-09
1.492000000000e-07	3.953778534933e-09	6.439540643330e-09	2.066374739079e-09
1.494000000000e-07	4.317367776312e-09	6.465065324510e-09	2.760977383359e-09
1.496000000000e-07	3.707825350192e-09	5.828373434356e-09	2.090664671984e-09
1.498000000000e-07	4.047022270620e-09	6.112006858350e-09	2.584111079553e-09
1.500000000000e-07	4.278642619900e-09	7.654149617135e-09	1.371369169967e-09
1.502000000000e-07	3.848443949732e-09	6.053759350400e-09	2.215962639733e-09
1.504000000000e-07	4.003934487541e-09	6.749706576806e-09	1.760969152749e-09
1.506000000000e-07	3.413587478266e-09	5.536750545938e-09	1.744486695200e-09
1.508000000000e-07	3.742776536649e-09	5.816532515185e-09	2.348734719237e-09
1.510000000000e-07	3.515130303055e-09	5.638750595575e-09	2.047019535469e-09
1.512000000000e-07	3.385918032564e-09	5.918455655983e-09	1.273183634291e-09
1.514000000000e-07	3.849929313682e-09	6.214838301160e-09	2.075967408477e-09
1.516000000000e-07	3.793129098501e-09	6.192923774207e-09	1.901782511207e-09
1.518000000000e-07	3.264870431715e-09	5.327264162530e-09	1.592124162591e-09
1.520000000000e-07	3.328243499230e-09	5.584493762317e-09	1.471282827458e-09
1.522000000000e-07	3.421636786774e-09	5.333942609299e-09	2.005207708259e-09
1.524000000000e-07	2.956150606402e-09	4.978221282734e-09	1.246125887270e-09
1.526000000000e-07	3.077074704797e-09	4.932011043718e-09	1.659024929622e-09
1.528000000000e-07	3.490079716577e-09	5.446533572453e-09	1.995367927175e-09
1.530000000000e-07	3.780795219888e-09	5.739488398293e-09	2.477828571236e-09
1.532000000000e-07	3.012669644500e-09	5.168202934080e-09	1.313045292529e-09
1.534000000000e-07	3.042143784621e-09	5.288977225832e-09	1.169177522187e-09
1.536000000000e-07	2.988986321044e-09	4.458461291367e-09	2.088187910185e-09
1.538000000000e-07	3.025578584647e-09	5.462254967092e-09	8.904073821836e-10
1.540000000000e-07	2.902886612698e-09	4.738346747531e-09	1.524688567016e-09
1.542000000000e-07	3.477929349641e-09	5.572850201933e-09	1.968227484803e-09
1.544000000000e-07	3.012547552785e-09	5.233466512279e-09	1.180091895280e-09
1.546000000000e-07	2.674053065718e-09	4.401059022866e-09	1.234401702496e-09
1.548000000000e-07	3.232204830974e-09	4.663744589650e-09	2.336215438076e-09
1.550000000000e-07	2.584998898613e-09	4.751137039702e-09	7.493712307723e-10
1.552000000000e-07	2.783375414434e-09	4.557904440422e-09	1.377197262500e-09
1.554000000000e-07	3.071714502382e-09	5.044393413028e-09	1.526744871360e-09
1.556000000000e-07	2.712137762755e-09	4.607739762952e-09	1.169866394411e-09
1.558000000000e-07	2.834242290619e-09	4.565036337602e-09	1.498447329784e-09
1.560000000000e-07	2.716555626112e-09	4.526676794704e-09	1.292903239245e-09
1.562000000000e-07	2.452595432585e-09	4.075711896631e-09	1.209409701363e-09
1.564000000000e-07	3.015015584400e-09	4.626386740654e-09	1.843680228957e-09
1.566000000000e-07	2.800705427432e-09	4.344785987005e-09	1.665330893271e-09
1.568000000000e-07	2.374879289965e-09	3.920290682244e-09	1.233047232960e-09
1.570000000000e-07	2.743246355142e-09	4.120116115266e-09	1.762765484168e-09
1.572000000000e-07	2.678103431450e-09	4.449661267870e-09	1.225664722812e-09
1.574000000000e-07	2.650727038918e-09	4.019394394716e-09	1.667009569779e-09
1.576000000000e-07	2.435007382712e-09	3.841702044051e-09	1.411959834138e-09
1.578000000000e-07	2.533432149023e-09	4.220846333384e-09	1.223570876270e-09
1.580000000000e-07	2.568371774583e-09	4.049437977507e-09	1.512480773771e-09
1.582000000000e-07	2.502159673638e-09	4.030454114090e-09	1.469586108900e-09
1.584000000000e-07	2.898671815261e-09	4.457074736111e-09	1.803759433759e-09
1.586000000000e-07	2.841679224383e-09	4.871271533495e-09	1.154109920399e-09
1.588000000000e-07	2.653194452345e-09	4.065430001596e-09	1.680140165501e-09
1.590000000000e-07	2.598327721027e-09	4.301080722579e-09	1.207078210982e-09
1.592000000000e-07	2.592319028065e-09	4.001758378196e-09	1.632888336766e-09
1.594000000000e-07	2.433163421119e-09	3.820522274981e-09	1.403789168113e-09
1.596000000000e-07	2.552141219705e-09	4.286656910141e-09	1.129311628223e-09
1.598000000000e-07	2.484518209123e-09	4.171983484338e-09	1.125558776559e-09
1.600000000000e-07	2.523090189477e-09	3.774776006877e-09	1.619690194656e-09
1.602000000000e-07	2.592659476731e-09	4.251642859388e-09	1.324863454899e-09
1.604000000000e-07	2.516847069479e-09	3.898464388606e-09	1.522960987200e-09
1.606000000000e-07	2.210482539890e-09	3.515854602930e-09	1.148800217384e-09
1.608000000000e-07	2.248006685194e-09	3.735501904844e-09	1.071314871335e-09
1.610000000000e-07	2.349584825596e-09	4.084365930148e-09	9.126515051532e-10
1.612000000000e-07	2.245288123620e-09	3.535944996660e-09	1.333934572468e-09
1.614000000000e-07	2.528145394850e-09	4.325860024139e-09	1.130471011371e-09
1.616000000000e-07	2.444282762289e-09	3.750953934775e-09	1.530554592012e-09
1.618000000000e-07	2.250595850944e-09	3.800762213539e-09	9.322716561947e-10
1.620000000000e-07	2.372000205991e-09	4.189074587552e-09	8.616482817240e-10
1.622000000000e-07	2.179634830245e-09	3.632973285280e-09	1.017037556645e-09
1.624000000000e-07	2.384146606528e-09	3.899010218115e-09	1.191306227588e-09
1.626000000000e-07	2.153232988227e-09	3.587481390387e-09	1.011359210938e-09
1.628000000000e-07	2.436294632805e-09	4.090573294059e-09	1.128726050058e-09
1.630000000000e-07	2.229568786259e-09	3.379675653490e-09	1.484728394942e-09
1.632000000000e-07	2.438182699407e-09	3.732961779291e-09	1.717669328004e-09
1.634000000000e-07	1.992923970028e-09	3.621031607899e-09	5.640703995699e-10
1.636000000000e-07	2.264454133684e-09	3.397470690746e-09	1.483930668795e-09
1.638000000000e-07	2.351660250849e-09	3.701139182155e-09	1.367897336165e-09
1.640000000000e-07	2.330005800192e-09	3.629154658328e-09	1.371918547158e-09
1.642000000000e-07	2.233429012904e-09	3.488495575646e-09	1.318741854085e-09
1.644000000000e-07	2.285474206398e-09	3.539809765712e-09	1.331957813448e-09
1.646000000000e-07	2.096536518935e-09	3.641676361263e-09	8.232383253025e-10
1.648000000000e-07	2.349224624965e-09	3.845455583700e-09	1.170157909942e-09
1.650000000000e-07	2.282137916683e-09	3.667608160085e-09	1.233987014437e-09
1.652000000000e-07	2.247465738322e-09	3.505959355762e-09	1.370741577171e-09
1.654000000000e-07	2.111521828430e-09	3.547428195913e-09	1.065114433122e-09
1.656000000000e-07	2.028192828601e-09	3.509674508470e-09	9.945406372406e-10
1.658000000000e-07	2.097130188439e-09	3.436251245247e-09	1.063024468518e-09
1.660000000000e-07	2.143118885435e-09	3.770141662079e-09	8.465149838676e-10
1.662000000000e-07	2.160455323536e-09	3.571210193512e-09	1.007241595094e-09
1.664000000000e-07	2.229552498328e-09	3.515642067590e-09	1.183039038591e-09
1.666000000000e-07	2.012841918182e-09	3.422291233591e-09	9.514648937955e-10
1.668000000000e-07	2.076356604927e-09	3.458991042374e-09	1.009196603315e-09
1.670000000000e-07	2.024566008476e-09	3.458354667830e-09	8.524817974137e-10
1.672000000000e-07	1.948076267648e-09	3.094386659462e-09	1.110791536693e-09
1.674000000000e-07	2.075846991688e-09	3.482431214379e-09	7.475136927879e-10
1.676000000000e-07	1.920555111190e-09	3.269993352601e-09	8.893012973043e-10
1.678000000000e-07	1.953848544540e-09	3.380582784400e-09	8.541339156874e-10
1.680000000000e-07	2.120103015217e-09	3.271298408966e-09	1.322028125615e-09
1.682000000000e-07	1.965448953210e-09	3.141045425552e-09	1.057585730104e-09
1.684000000000e-07	1.868700308185e-09	2.993112732770e-09	9.885512894041e-10
1.686000000000e-07	1.758138742164e-09	2.762756620051e-09	9.983510159450e-10
1.688000000000e-07	1.892728597776e-09	2.897350896391e-09	1.172223681521e-09
1.690000000000e-07	2.179064420951e-09	3.513776892009e-09	1.163514112145e-09
1.692000000000e-07	2.171440405139e-09	3.363500757061e-09	1.115715797873e-09
1.694000000000e-07	2.039956260665e-09	3.362233054839e-09	1.030091942223e-09
1.696000000000e-07	2.033896227334e-09	3.135942343527e-09	1.248558756918e-09
1.698000000000e-07	1.989223540840e-09	3.266780919725e-09	1.061462817084e-09
1.700000000000e-07	1.941706454589e-09	3.084754979872e-09	1.074787645369e-09
1.702000000000e-07	2.002957569958e-09	2.949337376655e-09	1.409933111700e-09
1.704000000000e-07	1.865295089199e-09	2.975925789310e-09	9.787103776347e-10
1.706000000000e-07	1.899042219455e-09	3.165574295036e-09	9.939365501352e-10
1.708000000000e-07	1.964135052029e-09	3.025360676102e-09	1.258703640926e-09
1.710000000000e-07	1.936480938629e-09	3.162885898950e-09	1.018814681843e-09
1.712000000000e-07	1.943061377056e-09	3.017129259477e-09	1.147662349090e-09
1.714000000000e-07	1.722187190308e-09	3.041500661658e-09	6.869608807046e-10
1.716000000000e-07	2.027168133419e-09	3.163106282141e-09	1.204335953848e-09
1.718000000000e-07	2.007191193061e-09	3.156788946344e-09	1.124597926509e-09
1.720000000000e-07	2.096648101582e-09	3.365083221218e-09	1.227851709922e-09
1.722000000000e-07	1.757636239608e-09	2.819119961369e-09	9.266904655194e-10
1.724000000000e-07	1.822927145090e-09	3.051729851527e-09	8.204525754217e-10
1.726000000000e-07	1.892624182046e-09	3.113684800684e-09	9.934835572916e-10
1.728000000000e-07	1.920500598634e-09	3.119198025687e-09	9.565189631202e-10
1.730000000000e-07	1.967997179830e-09	3.052401834085e-09	1.192020626390e-09
1.732000000000e-07	1.690305381755e-09	2.736437498053e-09	9.109563484268e-10
1.734000000000e-07	1.884734716097e-09	3.015273029625e-09	9.903994740371e-10
1.736000000000e-07	1.874912032101e-09	2.918637638923e-09	1.091713265728e-09
1.738000000000e-07	1.642809616088e-09	2.748237691281e-09	7.692348434710e-10
1.740000000000e-07	1.758321020868e-09	2.793532726386e-09	1.021322089667e-09
1.742000000000e-07	1.800894240373e-09	2.988342336690e-09	8.740344903546e-10
1.744000000000e-07	1.913288877101e-09	2.947268058403e-09	1.283598316643e-09
1.746000000000e-07	1.830659424778e-09	2.830128297963e-09	1.136635377741e-09
1.748000000000e-07	1.827537699515e-09	3.044990189074e-09	8.280625395813e-10
1.750000000000e-07	1.919187800182e-09	3.038446522649e-09	1.079899374958e-09
1.752000000000e-07	1.681955423167e-09	2.787351603584e-09	8.428513353301e-10
1.754000000000e-07	1.747137623937e-09	2.759415700632e-09	9.382098881307e-10
1.756000000000e-07	1.598230981500e-09	2.571405616667e-09	8.520174935242e-10
1.758000000000e-07	1.648198664749e-09	2.796300749479e-09	7.558159767818e-10
1.760000000000e-07	1.940428639821e-09	3.127637607344e-09	1.114301537482e-09
1.762000000000e-07	1.773614190296e-09	2.684001812093e-09	1.139013737805e-09
1.764000000000e-07	1.677064791329e-09	2.706104435376e-09	9.538742931197e-10
1.766000000000e-07	1.625331744528e-09	2.740730369647e-09	7.942707993858e-10
1.768000000000e-07	1.633994329203e-09	2.770014421029e-09	7.462130604043e-10
1.770000000000e-07	1.791061996663e-09	3.020926832033e-09	8.064257034911e-10
1.772000000000e-07	1.644955826322e-09	2.708814752011e-09	8.410127286250e-10
1.774000000000e-07	1.784017176393e-09	2.760320188295e-09	1.126118060107e-09
1.776000000000e-07	1.670463534223e-09	2.607041564892e-09	1.004367993288e-09
1.778000000000e-07	1.804809956151e-09	2.889245080930e-09	1.143666114727e-09
1.780000000000e-07	1.662813994440e-09	2.581082078961e-09	1.003546441632e-09
1.782000000000e-07	1.679856059181e-09	2.754927209338e-09	9.631661107707e-10
1.784000000000e-07	1.778681501259e-09	2.973208063319e-09	7.981910643788e-10
1.786000000000e-07	1.622356872221e-09	2.647789182087e-09	8.565000279215e-10
1.788000000000e-07	1.681174126648e-09	2.768455352906e-09	7.840771230625e-10
1.790000000000e-07	1.432202213221e-09	2.581219852005e-09	4.655250188611e-10
1.792000000000e-07	1.684997842238e-09	2.725869377639e-09	9.161205100233e-10
1.794000000000e-07	1.786371415322e-09	2.774867913842e-09	1.092410467425e-09
1.796000000000e-07	1.671429588610e-09	2.742280742751e-09	9.271841217396e-10
1.798000000000e-07	1.605324579495e-09	2.780214097710e-09	6.496512709435e-10
1.800000000000e-07	1.655153225031e-09	2.482629891272e-09	1.085719378174e-09
1.802000000000e-07	1.753024243595e-09	2.921869366246e-09	8.149775120314e-10
1.804000000000e-07	1.782050713206e-09	2.759179566183e-09	1.132170767202e-09
1.806000000000e-07	1.446435784729e-09	2.312518087440e-09	8.299593036382e-10
1.808000000000e-07	1.567235424247e-09	2.760975431368e-09	5.844041759071e-10
1.810000000000e-07	1.696602180348e-09	2.719232039670e-09	9.299103223699e-10
1.812000000000e-07	1.626693913367e-09	2.530073732708e-09	9.197863624312e-10
1.814000000000e-07	1.548558456217e-09	2.478825900671e-09	8.608580324966e-10
1.816000000000e-07	1.568770949910e-09	2.534993306554e-09	8.171803318368e-10
1.818000000000e-07	1.629945034095e-09	2.576461661549e-09	1.021742675742e-09
1.820000000000e-07	1.688347434124e-09	2.736649510591e-09	9.551965343945e-10
1.822000000000e-07	1.558311640522e-09	2.582116311612e-09	8.270386917879e-10
1.824000000000e-07	1.545892411584e-09	2.460032193589e-09	8.352331957672e-10
1.826000000000e-07	1.734365482447e-09	2.845193403280e-09	8.412668168833e-10
1.828000000000e-07	1.440148532120e-09	2.381927240275e-09	7.050817763050e-10
1.830000000000e-07	1.572909674319e-09	2.528004339910e-09	9.188695211309e-10
1.832000000000e-07	1.534018114175e-09	2.530649523481e-09	7.679039672427e-10
1.834000000000e-07	1.583976434701e-09	2.508954113429e-09	8.267372230108e-10
1.836000000000e-07	1.491946782624e-09	2.316041144382e-09	8.261791413909e-10
1.838000000000e-07	1.490432785507e-09	2.485868507939e-09	7.236350497397e-10
1.840000000000e-07	1.569395700597e-09	2.578275621477e-09	8.056908124476e-10
1.842000000000e-07	1.444600146894e-09	2.386698158245e-09	7.607525210385e-10
1.844000000000e-07	1.610826643797e-09	2.686609843080e-09	8.176085833710e-10
1.846000000000e-07	1.590825995024e-09	2.536540077562e-09	7.671036996088e-10
1.848000000000e-07	1.491993460566e-09	2.382767334257e-09	8.413166361718e-10
1.850000000000e-07	1.486425309037e-09	2.270078396076e-09	9.845023011207e-10
1.852000000000e-07	1.535520763671e-09	2.376627785141e-09	9.532032582521e-10
1.854000000000e-07	1.537699024538e-09	2.359297562293e-09	1.014835592822e-09
1.856000000000e-07	1.506957910722e-09	2.487786010897e-09	7.507376653946e-10
1.858000000000e-07	1.606995462442e-09	2.458930827855e-09	9.861704859007e-10
1.860000000000e-07	1.432767130863e-09	2.410119940855e-09	6.377000507791e-10
1.862000000000e-07	1.547830155664e-09	2.391256181046e-09	9.847594037300e-10
1.864000000000e-07	1.521920733434e-09	2.507678261386e-09	7.652496864070e-10
1.866000000000e-07	1.420398004413e-09	2.412213552550e-09	6.816043684757e-10
1.868000000000e-07	1.406840771509e-09	2.342844464121e-09	6.376681097468e-10
1.870000000000e-07	1.565515218288e-09	2.553050845715e-09	8.189646371222e-10
1.872000000000e-07	1.600299779388e-09	2.578495745004e-09	8.580671537675e-10
1.874000000000e-07	1.477025849804e-09	2.558854896096e-09	5.813869753042e-10
1.876000000000e-07	1.355799112916e-09	2.173533523014e-09	7.732915706379e-10
1.878000000000e-07	1.407829559756e-09	2.302603094012e-09	7.461216581495e-10
1.880000000000e-07	1.607159414716e-09	2.558681476069e-09	8.788790067776e-10
1.882000000000e-07	1.556611907409e-09	2.390238116316e-09	9.534328943531e-10
1.884000000000e-07	1.323799177335e-09	2.134526588976e-09	7.360293586020e-10
1.886000000000e-07	1.494605294537e-09	2.433683477151e-09	7.911983511251e-10
1.888000000000e-07	1.491469703505e-09	2.347490988879e-09	7.730414904320e-10
1.890000000000e-07	1.331002014478e-09	2.197898146905e-09	6.167958207028e-10
1.892000000000e-07	1.536098567157e-09	2.409335394939e-09	8.889968451669e-10
1.894000000000e-07	1.570963932697e-09	2.417741441756e-09	9.872871116066e-10
1.896000000000e-07	1.360629813337e-09	2.240850223071e-09	6.393106661084e-10
1.898000000000e-07	1.475873778223e-09	2.135054413854e-09	1.107818872791e-09
1.900000000000e-07	1.338013055462e-09	2.129585023494e-09	7.740154571552e-10
1.902000000000e-07	1.292158502367e-09	2.103248664307e-09	7.231479528618e-10
1.904000000000e-07	1.458860094970e-09	2.319474034681e-09	7.773546113062e-10
1.906000000000e-07	1.454462364148e-09	2.290512491722e-09	8.648305661030e-10
1.908000000000e-07	1.300841540935e-09	1.991586082232e-09	7.702697577185e-10
1.910000000000e-07	1.329120017664e-09	2.122908740780e-09	7.297090839049e-10
1.912000000000e-07	1.472046312317e-09	2.287186313053e-09	8.642090616580e-10
1.914000000000e-07	1.298439353735e-09	2.189227506353e-09	6.294597612676e-10
1.916000000000e-07	1.241857081772e-09	2.142404998197e-09	7.042085684713e-10
1.918000000000e-07	1.455620584952e-09	2.317284998597e-09	8.432100924554e-10
1.920000000000e-07	1.282469191864e-09	2.070529522322e-09	6.882990542458e-10
1.922000000000e-07	1.388617202621e-09	2.167774396277e-09	8.512813680042e-10
1.924000000000e-07	1.379733273807e-09	2.110244329104e-09	7.361045212589e-10
1.926000000000e-07	1.267971238830e-09	2.262212683338e-09	4.712739013877e-10
1.928000000000e-07	1.441847992447e-09	2.217375008369e-09	8.908032030825e-10
1.930000000000e-07	1.451026563952e-09	2.188087056328e-09	8.970454664534e-10
1.932000000000e-07	1.405067051879e-09	2.160184655451e-09	8.939998902567e-10
1.934000000000e-07	1.413861391218e-09	2.287930381795e-09	7.331127977907e-10
1.936000000000e-07	1.403211197414e-09	2.290089200094e-09	7.573556602503e-10
1.938000000000e-07	1.387355327725e-09	2.258430523350e-09	7.714769162129e-10
1.940000000000e-07	1.404538934213e-09	2.241862460622e-09	7.728158006608e-10
1.942000000000e-07	1.325257082022e-09	2.076659344651e-09	8.535439342276e-10
1.944000000000e-07	1.351388993364e-09	2.168115030558e-09	7.467876817813e-10
1.946000000000e-07	1.312867626060e-09	2.234256294791e-09	6.280130621249e-10
1.948000000000e-07	1.304647708941e-09	2.069539265525e-09	7.132608286377e-10
1.950000000000e-07	1.354792111895e-09	2.151334054888e-09	7.025761844256e-10
1.952000000000e-07	1.336392656470e-09	2.136512894432e-09	7.974817427950e-10
1.954000000000e-07	1.386098359655e-09	2.283828235479e-09	7.473652032891e-10
1.956000000000e-07	1.356085727607e-09	2.218820789183e-09	7.527372308470e-10
1.958000000000e-07	1.259934969824e-09	2.119835288207e-09	6.196767691763e-10
1.960000000000e-07	1.371133619149e-09	1.980344160013e-09	9.529813078978e-10
1.962000000000e-07	1.295289747577e-09	2.225065852842e-09	5.616031051256e-10
1.964000000000e-07	1.262608846692e-09	1.986143260426e-09	7.302178291534e-10
1.966000000000e-07	1.206520026036e-09	1.913460808663e-09	6.952474864633e-10
1.968000000000e-07	1.267221142103e-09	1.913268672871e-09	8.639929011123e-10
1.970000000000e-07	1.309122132253e-09	2.078093274346e-09	6.175854998242e-10
1.972000000000e-07	1.338816355675e-09	2.129825627071e-09	7.389402199740e-10
1.974000000000e-07	1.308001051046e-09	2.059003790212e-09	7.816455268338e-10
1.976000000000e-07	1.313112921914e-09	2.228793421492e-09	5.831757689818e-10
1.978000000000e-07	1.276835499001e-09	1.984627090785e-09	7.201701056671e-10
1.980000000000e-07	1.350783998954e-09	1.992488715173e-09	8.381935689070e-10
1.982000000000e-07	1.259939508002e-09	1.932469240063e-09	8.319794967634e-10
1.984000000000e-07	1.250623296771e-09	1.993382237608e-09	6.154570877887e-10
1.986000000000e-07	1.288284019586e-09	1.976562760170e-09	8.734824353333e-10
1.988000000000e-07	1.222907613675e-09	1.956840548872e-09	7.126291695500e-10
1.990000000000e-07	1.322546018662e-09	2.079356818567e-09	7.937504203022e-10
1.992000000000e-07	1.152687357171e-09	1.922525674282e-09	5.562796988699e-10
1.994000000000e-07	1.241923698761e-09	2.091658992088e-09	5.663508880303e-10
1.996000000000e-07	1.190091686368e-09	2.014613711792e-09	5.672809801917e-10
1.998000000000e-07	1.304549899956e-09	2.109727084761e-09	6.860858696590e-10
2.000000000000e-07	1.223363167368e-09	1.916398266969e-09	7.192499688084e-10
2.002000000000e-07	1.331276934646e-09	2.225862644378e-09	8.232575193059e-10
2.004000000000e-07	1.168634231148e-09	1.895015233725e-09	5.598250885519e-10
2.006000000000e-07	1.226447326506e-09	1.969783151685e-09	6.974208587020e-10
2.008000000000e-07	1.214222244464e-09	1.993013074148e-09	6.315618416210e-10
2.010000000000e-07	1.345453339510e-09	1.948520010266e-09	9.697815741197e-10
2.012000000000e-07	1.172220773340e-09	1.998677376318e-09	4.803232837051e-10
2.014000000000e-07	1.100504813400e-09	1.659952281586e-09	7.825815857921e-10
2.016000000000e-07	1.198876764465e-09	1.989617072061e-09	5.916629696474e-10
2.018000000000e-07	1.230994939284e-09	1.913353660081e-09	7.777886076081e-10
2.020000000000e-07	1.298263474342e-09	2.085389018923e-09	6.950765680834e-10
2.022000000000e-07	1.204131086768e-09	1.849781403186e-09	7.224789724556e-10
2.024000000000e-07	1.124748590238e-09	1.743435474223e-09	6.413718632680e-10
2.026000000000e-07	1.257711826477e-09	1.913231977610e-09	7.615005027427e-10
2.028000000000e-07	1.154849255382e-09	1.769825671860e-09	7.379891426197e-10
2.030000000000e-07	1.222759567151e-09	2.053785926205e-09	5.360894172763e-10
2.032000000000e-07	1.208102858782e-09	1.902897492591e-09	7.289864604820e-10
2.034000000000e-07	1.149027971430e-09	1.900778241502e-09	5.795263208171e-10
2.036000000000e-07	1.206231610931e-09	1.887715951249e-09	7.455911587888e-10
2.038000000000e-07	1.340941712177e-09	2.147196326181e-09	7.483525840943e-10
2.040000000000e-07	1.080306082552e-09	1.835961256217e-09	5.125535594853e-10
2.042000000000e-07	1.065338489331e-09	1.822525667850e-09	6.062476062397e-10
2.044000000000e-07	1.050055720263e-09	1.966676961058e-09	3.028300064591e-10
2.046000000000e-07	1.204721601132e-09	1.937819528740e-09	7.501753040389e-10
2.048000000000e-07	1.138534980804e-09	1.791520630280e-09	6.822612310984e-10
2.050000000000e-07	1.222867966416e-09	1.789430462705e-09	8.577362640063e-10
2.052000000000e-07	1.118549143728e-09	1.798960915640e-09	6.545603803506e-10
2.054000000000e-07	1.087071542655e-09	1.719145094140e-09	6.529119400420e-10
2.056000000000e-07	9.966652650100e-10	1.631964922462e-09	5.448746078088e-10
2.058000000000e-07	1.012023842459e-09	1.672654392829e-09	5.027408893563e-10
2.060000000000e-07	1.027991726777e-09	1.762663723316e-09	5.078716886701e-10
2.062000000000e-07	1.170110306986e-09	1.893647187176e-09	6.120458474059e-10
2.064000000000e-07	1.173052331673e-09	1.875471539808e-09	5.558002377828e-10
2.066000000000e-07	1.091029448054e-09	1.751978746382e-09	6.208804395269e-10
2.068000000000e-07	1.091039648631e-09	1.705119261430e-09	6.789561336768e-10
2.070000000000e-07	1.204247678039e-09	1.886367564504e-09	7.641941371886e-10
2.072000000000e-07	1.097195808848e-09	1.888085529371e-09	4.526842455678e-10
2.074000000000e-07	1.155202749661e-09	1.738136070419e-09	7.063765149264e-10
2.076000000000e-07	1.117410897569e-09	1.774993309469e-09	6.430428602541e-10
2.078000000000e-07	1.038471813276e-09	1.725874416478e-09	5.202868207554e-10
2.080000000000e-07	1.118764852241e-09	1.793879728692e-09	7.197538312559e-10
2.082000000000e-07	1.079525660124e-09	1.722331752677e-09	6.833419615385e-10
2.084000000000e-07	1.123700424118e-09	1.881744730131e-09	4.924445783194e-10
2.086000000000e-07	1.110406531486e-09	1.693583903773e-09	7.503134148262e-10
2.088000000000e-07	1.165444393980e-09	1.930709556059e-09	6.545732999935e-10
2.090000000000e-07	1.047089652401e-09	1.743310994229e-09	5.283189330342e-10
2.092000000000e-07	9.988445288412e-10	1.540759356615e-09	6.042053327412e-10
2.094000000000e-07	1.145018211421e-09	1.861052756044e-09	6.296886470848e-10
2.096000000000e-07	1.120616147801e-09	1.805336563662e-09	6.121586012785e-10
2.098000000000e-07	1.035801284439e-09	1.653079812889e-09	5.250140409407e-10
2.100000000000e-07	9.517364823638e-10	1.542291070260e-09	5.367743261983e-10
2.102000000000e-07	1.121374157650e-09	1.846539189838e-09	6.255502402728e-10
2.104000000000e-07	1.089682479235e-09	1.681448417905e-09	6.410418136071e-10
2.106000000000e-07	1.042193839919e-09	1.611590657465e-09	6.109314605897e-10
2.108000000000e-07	1.038985244613e-09	1.652615031904e-09	5.924595423689e-10
2.110000000000e-07	1.122177080412e-09	1.660456323960e-09	7.711696849001e-10
2.112000000000e-07	1.020281130695e-09	1.745716586524e-09	5.363418708958e-10
2.114000000000e-07	1.084584359814e-09	1.727981748616e-09	5.603325233583e-10
2.116000000000e-07	1.118500868939e-09	1.820246048536e-09	5.632222183170e-10
2.118000000000e-07	1.129008323440e-09	1.788059003554e-09	6.498429917124e-10
2.120000000000e-07	1.044133115506e-09	1.660194083644e-09	5.603016490556e-10
2.122000000000e-07	9.853635010357e-10	1.589837193091e-09	5.579223686219e-10
2.124000000000e-07	1.020175195187e-09	1.632527215313e-09	5.129449743222e-10
2.126000000000e-07	1.056128203727e-09	1.716141791443e-09	5.668542666482e-10
2.128000000000e-07	9.894677960439e-10	1.507738546055e-09	6.663788998180e-10
2.130000000000e-07	1.048399031523e-09	1.625895844203e-09	5.291265067464e-10
2.132000000000e-07	9.930143673637e-10	1.693247749997e-09	5.050907388127e-10
2.134000000000e-07	1.003403163386e-09	1.559895362335e-09	6.245722742215e-10
2.136000000000e-07	1.089045646758e-09	1.783429572195e-09	5.392590154906e-10
2.138000000000e-07	9.246414074604e-10	1.499395416645e-09	4.492171907347e-10
2.140000000000e-07	1.038054724290e-09	1.607228260904e-09	6.488950829516e-10
2.142000000000e-07	1.061606140443e-09	1.641676188203e-09	6.459688257825e-10
2.144000000000e-07	9.704465686331e-10	1.643269966086e-09	4.564363334670e-10
2.146000000000e-07	1.038972915720e-09	1.654833027492e-09	5.818110670148e-10
2.148000000000e-07	1.022556605793e-09	1.648131114717e-09	5.430088212518e-10
2.150000000000e-07	9.988918921105e-10	1.586466446644e-09	5.840954712503e-10
2.152000000000e-07	1.027292882724e-09	1.584383704749e-09	6.623731552488e-10
2.154000000000e-07	1.004890598039e-09	1.608140598330e-09	5.709691834866e-10
2.156000000000e-07	9.545623770093e-10	1.504061273244e-09	5.660767186383e-10
2.158000000000e-07	9.678685893761e-10	1.637058012435e-09	4.335847998746e-10
2.160000000000e-07	1.010335518036e-09	1.620787130283e-09	5.657797441984e-10
2.162000000000e-07	9.485997164510e-10	1.530250802348e-09	5.422671842824e-10
2.164000000000e-07	9.590911316139e-10	1.421488899123e-09	6.585935930500e-10
2.166000000000e-07	1.089203130423e-09	1.716732064807e-09	6.515748800295e-10
2.168000000000e-07	9.731935687408e-10	1.420773867804e-09	6.931436287874e-10
2.170000000000e-07	1.002931521376e-09	1.539793638540e-09	5.358694660862e-10
2.172000000000e-07	9.440530265380e-10	1.430458396890e-09	6.136124932465e-10
2.174000000000e-07	9.776253898997e-10	1.447661082383e-09	7.101607434219e-10
2.176000000000e-07	9.385720105878e-10	1.493609315176e-09	4.945739886781e-10
2.178000000000e-07	1.036190423315e-09	1.602607791733e-09	6.463823849086e-10
2.180000000000e-07	1.038584451622e-09	1.633536113003e-09	6.090139985206e-10
2.182000000000e-07	9.905307124208e-10	1.621550894755e-09	5.489032392758e-10
2.184000000000e-07	9.472203505850e-10	1.556542270031e-09	4.730612281138e-10
2.186000000000e-07	9.956496154323e-10	1.544805628565e-09	6.195992202716e-10
2.188000000000e-07	9.942579111646e-10	1.714519519036e-09	3.869845482952e-10
2.190000000000e-07	9.909720964796e-10	1.599651101999e-09	5.465131022661e-10
2.192000000000e-07	8.966861126527e-10	1.448130925877e-09	4.497732239298e-10
2.194000000000e-07	8.688579690018e-10	1.433354539292e-09	4.394675885818e-10
2.196000000000e-07	1.069632551946e-09	1.573759633964e-09	7.219311071149e-10
2.198000000000e-07	9.487176550127e-10	1.511996619463e-09	5.723207487906e-10
2.200000000000e-07	8.847813175056e-10	1.472383533497e-09	4.456464470120e-10
2.202000000000e-07	8.400473763923e-10	1.325166821023e-09	4.958305708588e-10
2.204000000000e-07	8.964078577723e-10	1.485058119525e-09	4.829438977857e-10
2.206000000000e-07	9.423598157328e-10	1.552745635152e-09	4.745398205670e-10
2.208000000000e-07	9.060249817058e-10	1.503025999209e-09	5.178092842353e-10
2.210000000000e-07	9.886353031927e-10	1.620755853977e-09	5.187398383646e-10
2.212000000000e-07	8.912113037683e-10	1.401345420431e-09	5.662681570162e-10
2.214000000000e-07	1.073183879528e-09	1.688645844490e-09	6.087145785814e-10
2.216000000000e-07	9.724882563264e-10	1.459609822305e-09	5.845758135038e-10
2.218000000000e-07	9.181214983118e-10	1.327415977366e-09	6.282931850654e-10
2.220000000000e-07	9.628022950484e-10	1.471619565087e-09	6.149354565612e-10
2.222000000000e-07	9.934943112326e-10	1.592614150233e-09	5.556810222848e-10
2.224000000000e-07	8.958716830858e-10	1.431595238838e-09	5.394086835482e-10
2.226000000000e-07	8.648503125843e-10	1.296301495744e-09	5.900619390173e-10
2.228000000000e-07	9.395021177336e-10	1.585397082326e-09	4.190749394660e-10
2.230000000000e-07	8.967980591275e-10	1.441745958898e-09	5.035747345027e-10
2.232000000000e-07	9.114964775403e-10	1.459800310010e-09	5.004167132941e-10
2.234000000000e-07	8.804896660242e-10	1.374924223114e-09	4.569152451962e-10
2.236000000000e-07	8.721356542572e-10	1.523312842021e-09	3.575658168135e-10
2.238000000000e-07	8.831456104745e-10	1.480368133005e-09	4.413527346292e-10
2.240000000000e-07	8.491084524727e-10	1.322169133291e-09	5.309525724500e-10
2.242000000000e-07	8.742597205252e-10	1.272502672524e-09	6.084413353483e-10
2.244000000000e-07	9.063008885614e-10	1.433756873602e-09	5.631907060207e-10
2.246000000000e-07	8.754616123643e-10	1.263026967043e-09	6.729800527489e-10
2.248000000000e-07	9.004244900499e-10	1.433621731295e-09	4.825063381481e-10
2.250000000000e-07	8.739155289729e-10	1.408856181320e-09	5.092786202265e-10
2.252000000000e-07	8.478673700249e-10	1.313373881913e-09	5.536688216960e-10
2.254000000000e-07	8.635446646836e-10	1.385963803864e-09	4.866126163000e-10
2.256000000000e-07	8.190153345953e-10	1.375206898984e-09	4.951850336974e-10
2.258000000000e-07	8.522731247019e-10	1.316011170216e-09	5.085230502384e-10
2.260000000000e-07	8.276329872836e-10	1.338928897563e-09	4.238571020910e-10
2.262000000000e-07	8.677806566335e-10	1.325028435004e-09	5.307477438015e-10
2.264000000000e-07	9.098663823148e-10	1.364983329076e-09	6.357230902516e-10
2.266000000000e-07	9.636443154713e-10	1.459871236286e-09	6.465692002566e-10
2.268000000000e-07	8.211037360060e-10	1.365989886094e-09	4.003323912240e-10
2.270000000000e-07	8.552292370864e-10	1.305492625886e-09	4.968771405091e-10
2.272000000000e-07	8.167725563123e-10	1.364327530596e-09	3.855377263684e-10
2.274000000000e-07	8.281588919331e-10	1.371649550502e-09	3.960886494838e-10
2.276000000000e-07	8.414951535375e-10	1.328500904869e-09	4.984838883899e-10
2.278000000000e-07	8.823598046202e-10	1.349391141041e-09	5.677479861783e-10
2.280000000000e-07	9.004950263582e-10	1.379127086335e-09	5.144777949378e-10
2.282000000000e-07	7.968204654713e-10	1.360590300451e-09	3.578832919483e-10
2.284000000000e-07	9.167270498024e-10	1.458922276811e-09	5.237587337159e-10
2.286000000000e-07	8.267382900659e-10	1.264939758491e-09	5.410060652076e-10
2.288000000000e-07	8.551450164335e-10	1.306374996308e-09	5.666805204034e-10
2.290000000000e-07	8.059283590462e-10	1.241501742494e-09	5.106929515793e-10
2.292000000000e-07	8.923469008118e-10	1.400770741859e-09	5.219947259555e-10
2.294000000000e-07	8.529724480011e-10	1.295093122484e-09	5.125806907036e-10
2.296000000000e-07	8.362816114296e-10	1.278017518912e-09	4.864101071425e-10
2.298000000000e-07	8.804530977704e-10	1.462542684320e-09	4.387764222898e-10
2.300000000000e-07	8.261152172245e-10	1.282431159093e-09	5.270276075231e-10
2.302000000000e-07	7.766425640381e-10	1.234981578412e-09	4.589090811800e-10
2.304000000000e-07	7.855517288125e-10	1.272694500269e-09	4.621441227862e-10
2.306000000000e-07	8.286866860459e-10	1.305956349994e-09	4.770350479685e-10
2.308000000000e-07	8.318192177873e-10	1.370953871759e-09	4.398740809886e-10
2.310000000000e-07	8.230597943669e-10	1.333730254930e-09	4.535093246284e-10
2.312000000000e-07	8.996274967222e-10	1.453778854102e-09	4.970128123568e-10
2.314000000000e-07	7.920618677652e-10	1.322742271334e-09	3.812884879020e-10
2.316000000000e-07	8.328892536670e-10	1.220501727784e-09	5.444867078863e-10
2.318000000000e-07	8.441300940753e-10	1.450684192849e-09	4.365619426215e-10
2.320000000000e-07	7.580294887119e-10	1.220231194153e-09	4.258340394487e-10
2.322000000000e-07	8.423293396321e-10	1.324111888969e-09	5.255338581558e-10
2.324000000000e-07	8.543451958315e-10	1.269442624862e-09	5.484687176131e-10
2.326000000000e-07	8.399460472245e-10	1.309360074391e-09	4.636143521759e-10
2.328000000000e-07	8.302869854579e-10	1.313805699335e-09	4.920479760601e-10
2.330000000000e-07	8.383898467085e-10	1.388431679215e-09	4.192849303733e-10
2.332000000000e-07	8.040157613247e-10	1.159250396219e-09	5.699972261929e-10
2.334000000000e-07	7.692244146420e-10	1.191928529235e-09	4.725665130343e-10
2.336000000000e-07	8.143758563767e-10	1.230928706427e-09	5.052838490440e-10
2.338000000000e-07	8.211302273384e-10	1.281265235286e-09	4.959376726013e-10
2.340000000000e-07	7.868298279189e-10	1.223579873687e-09	6.268617187817e-10
2.342000000000e-07	6.859027190871e-10	1.119336796141e-09	5.175570615270e-10
2.344000000000e-07	8.580031772945e-10	1.351138605257e-09	4.854777658725e-10
2.346000000000e-07	8.100757513357e-10	1.288540750995e-09	3.411338113510e-10
2.348000000000e-07	7.915626319658e-10	1.215395649723e-09	5.059963839233e-10
