4.648200000000e-06	0.000000000000e+00	0.000000000000e+00	0.000000000000e+00
4.648400000000e-06	0.000000000000e+00	0.000000000000e+00	0.000000000000e+00
4.648600000000e-06	0.000000000000e+00	0.000000000000e+00	0.000000000000e+00
4.648800000000e-06	0.000000000000e+00	0.000000000000e+00	0.000000000000e+00
4.649000000000e-06	0.000000000000e+00	0.000000000000e+00	0.000000000000e+00
4.649200000000e-06	0.000000000000e+00	0.000000000000e+00	0.000000000000e+00
4.649400000000e-06	0.000000000000e+00	0.000000000000e+00	0.000000000000e+00
4.649600000000e-06	0.000000000000e+00	0.000000000000e+00	0.000000000000e+00
4.649800000000e-06	0.000000000000e+00	0.000000000000e+00	0.000000000000e+00
4.650000000000e-06	0.000000000000e+00	0.000000000000e+00	0.000000000000e+00
4.650200000000e-06	0.000000000000e+00	0.000000000000e+00	0.000000000000e+00
4.650400000000e-06	0.000000000000e+00	0.000000000000e+00	0.000000000000e+00
4.650600000000e-06	0.000000000000e+00	0.000000000000e+00	0.000000000000e+00
4.650800000000e-06	0.000000000000e+00	0.000000000000e+00	0.000000000000e+00
4.651000000000e-06	0.000000000000e+00	0.000000000000e+00	0.000000000000e+00
4.651200000000e-06	0.000000000000e+00	0.000000000000e+00	0.000000000000e+00
4.651400000000e-06	0.000000000000e+00	0.000000000000e+00	0.000000000000e+00
4.651600000000e-06	0.000000000000e+00	0.000000000000e+00	0.000000000000e+00
4.651800000000e-06	0.000000000000e+00	0.000000000000e+00	0.000000000000e+00
4.652000000000e-06	0.000000000000e+00	0.000000000000e+00	0.000000000000e+00
4.652200000000e-06	0.000000000000e+00	0.000000000000e+00	0.000000000000e+00
4.652400000000e-06	0.000000000000e+00	0.000000000000e+00	0.000000000000e+00
4.652600000000e-06	0.000000000000e+00	0.000000000000e+00	0.000000000000e+00
4.652800000000e-06	0.000000000000e+00	0.000000000000e+00	0.000000000000e+00
4.653000000000e-06	0.000000000000e+00	0.000000000000e+00	0.000000000000e+00
4.653200000000e-06	0.000000000000e+00	0.000000000000e+00	0.000000000000e+00
4.653400000000e-06	0.000000000000e+00	0.000000000000e+00	0.000000000000e+00
4.653600000000e-06	0.000000000000e+00	0.000000000000e+00	0.000000000000e+00
4.653800000000e-06	0.000000000000e+00	0.000000000000e+00	0.000000000000e+00
4.654000000000e-06	0.000000000000e+00	0.000000000000e+00	0.000000000000e+00
4.654200000000e-06	0.000000000000e+00	0.000000000000e+00	0.000000000000e+00
4.654400000000e-06	0.000000000000e+00	0.000000000000e+00	0.000000000000e+00
4.654600000000e-06	0.000000000000e+00	0.000000000000e+00	0.000000000000e+00
4.654800000000e-06	0.000000000000e+00	0.000000000000e+00	0.000000000000e+00
4.655000000000e-06	0.000000000000e+00	0.000000000000e+00	0.000000000000e+00
4.655200000000e-06	0.000000000000e+00	0.000000000000e+00	0.000000000000e+00
4.655400000000e-06	0.000000000000e+00	0.000000000000e+00	0.000000000000e+00
4.655600000000e-06	0.000000000000e+00	0.000000000000e+00	0.000000000000e+00
4.655800000000e-06	0.000000000000e+00	0.000000000000e+00	0.000000000000e+00
4.656000000000e-06	0.000000000000e+00	0.000000000000e+00	0.000000000000e+00
4.656200000000e-06	0.000000000000e+00	0.000000000000e+00	0.000000000000e+00
4.656400000000e-06	0.000000000000e+00	0.000000000000e+00	0.000000000000e+00
4.656600000000e-06	0.000000000000e+00	0.000000000000e+00	0.000000000000e+00
4.656800000000e-06	0.000000000000e+00	0.000000000000e+00	0.000000000000e+00
4.657000000000e-06	0.000000000000e+00	0.000000000000e+00	0.000000000000e+00
4.657200000000e-06	0.000000000000e+00	0.000000000000e+00	0.000000000000e+00
4.657400000000e-06	0.000000000000e+00	0.000000000000e+00	0.000000000000e+00
4.657600000000e-06	0.000000000000e+00	0.000000000000e+00	0.000000000000e+00
4.657800000000e-06	0.000000000000e+00	0.000000000000e+00	0.000000000000e+00
4.658000000000e-06	0.000000000000e+00	0.000000000000e+00	0.000000000000e+00
4.658200000000e-06	0.000000000000e+00	0.000000000000e+00	0.000000000000e+00
4.658400000000e-06	0.000000000000e+00	0.000000000000e+00	0.000000000000e+00
4.658600000000e-06	0.000000000000e+00	0.000000000000e+00	0.000000000000e+00
4.658800000000e-06	0.000000000000e+00	0.000000000000e+00	0.000000000000e+00
4.659000000000e-06	0.000000000000e+00	0.000000000000e+00	0.000000000000e+00
4.659200000000e-06	0.000000000000e+00	0.000000000000e+00	0.000000000000e+00
4.659400000000e-06	0.000000000000e+00	0.000000000000e+00	0.000000000000e+00
4.659600000000e-06	0.000000000000e+00	0.000000000000e+00	0.000000000000e+00
4.659800000000e-06	0.000000000000e+00	0.000000000000e+00	0.000000000000e+00
4.660000000000e-06	0.000000000000e+00	0.000000000000e+00	0.000000000000e+00
4.660200000000e-06	0.000000000000e+00	0.000000000000e+00	0.000000000000e+00
4.660400000000e-06	0.000000000000e+00	0.000000000000e+00	0.000000000000e+00
4.660600000000e-06	0.000000000000e+00	0.000000000000e+00	0.000000000000e+00
4.660800000000e-06	0.000000000000e+00	0.000000000000e+00	0.000000000000e+00
4.661000000000e-06	0.000000000000e+00	0.000000000000e+00	0.000000000000e+00
4.661200000000e-06	0.000000000000e+00	0.000000000000e+00	0.000000000000e+00
4.661400000000e-06	0.000000000000e+00	0.000000000000e+00	0.000000000000e+00
4.661600000000e-06	0.000000000000e+00	0.000000000000e+00	0.000000000000e+00
4.661800000000e-06	0.000000000000e+00	0.000000000000e+00	0.000000000000e+00
4.662000000000e-06	0.000000000000e+00	0.000000000000e+00	0.000000000000e+00
4.662200000000e-06	0.000000000000e+00	0.000000000000e+00	0.000000000000e+00
4.662400000000e-06	0.000000000000e+00	0.000000000000e+00	0.000000000000e+00
4.662600000000e-06	0.000000000000e+00	0.000000000000e+00	0.000000000000e+00
4.662800000000e-06	0.000000000000e+00	0.000000000000e+00	0.000000000000e+00
4.663000000000e-06	0.000000000000e+00	0.000000000000e+00	0.000000000000e+00
4.663200000000e-06	0.000000000000e+00	0.000000000000e+00	0.000000000000e+00
4.663400000000e-06	0.000000000000e+00	0.000000000000e+00	0.000000000000e+00
4.663600000000e-06	0.000000000000e+00	0.000000000000e+00	0.000000000000e+00
4.663800000000e-06	0.000000000000e+00	0.000000000000e+00	0.000000000000e+00
4.664000000000e-06	0.000000000000e+00	0.000000000000e+00	0.000000000000e+00
4.664200000000e-06	0.000000000000e+00	0.000000000000e+00	0.000000000000e+00
4.664400000000e-06	0.000000000000e+00	0.000000000000e+00	0.000000000000e+00
4.664600000000e-06	0.000000000000e+00	0.000000000000e+00	0.000000000000e+00
4.664800000000e-06	0.000000000000e+00	0.000000000000e+00	0.000000000000e+00
4.665000000000e-06	0.000000000000e+00	0.000000000000e+00	0.000000000000e+00
4.665200000000e-06	0.000000000000e+00	0.000000000000e+00	0.000000000000e+00
4.665400000000e-06	0.000000000000e+00	0.000000000000e+00	0.000000000000e+00
4.665600000000e-06	0.000000000000e+00	0.000000000000e+00	0.000000000000e+00
4.665800000000e-06	0.000000000000e+00	0.000000000000e+00	0.000000000000e+00
4.666000000000e-06	0.000000000000e+00	0.000000000000e+00	0.000000000000e+00
4.666200000000e-06	0.000000000000e+00	0.000000000000e+00	0.000000000000e+00
4.666400000000e-06	0.000000000000e+00	0.000000000000e+00	0.000000000000e+00
4.666600000000e-06	0.000000000000e+00	0.000000000000e+00	0.000000000000e+00
4.666800000000e-06	0.000000000000e+00	0.000000000000e+00	0.000000000000e+00
4.667000000000e-06	0.000000000000e+00	0.000000000000e+00	0.000000000000e+00
4.667200000000e-06	0.000000000000e+00	0.000000000000e+00	0.000000000000e+00
4.667400000000e-06	0.000000000000e+00	0.000000000000e+00	0.000000000000e+00
4.667600000000e-06	0.000000000000e+00	0.000000000000e+00	0.000000000000e+00
4.667800000000e-06	0.000000000000e+00	0.000000000000e+00	0.000000000000e+00
4.668000000000e-06	0.000000000000e+00	0.000000000000e+00	0.000000000000e+00
4.668200000000e-06	0.000000000000e+00	0.000000000000e+00	0.000000000000e+00
4.668400000000e-06	0.000000000000e+00	0.000000000000e+00	0.000000000000e+00
4.668600000000e-06	7.521279752809e-17	4.836185584333e-17	1.209996897895e-16
4.668800000000e-06	-2.179495009664e-16	-4.395636306057e-16	6.986072383347e-18
4.669000000000e-06	-6.032213166633e-17	2.768206689684e-16	-4.739318732617e-16
4.669200000000e-06	0.000000000000e+00	0.000000000000e+00	0.000000000000e+00
4.669400000000e-06	-1.016135340456e-17	9.475581185791e-17	-1.373069467137e-16
4.669600000000e-06	-3.171026643574e-17	-8.476261485481e-17	2.585554149899e-17
4.669800000000e-06	0.000000000000e+00	0.000000000000e+00	0.000000000000e+00
4.670000000000e-06	7.217069284710e-17	3.025204133405e-17	1.354486604369e-16
4.670200000000e-06	0.000000000000e+00	0.000000000000e+00	0.000000000000e+00
4.670400000000e-06	0.000000000000e+00	0.000000000000e+00	0.000000000000e+00
4.670600000000e-06	0.000000000000e+00	0.000000000000e+00	0.000000000000e+00
4.670800000000e-06	0.000000000000e+00	0.000000000000e+00	0.000000000000e+00
4.671000000000e-06	6.638466039039e-17	9.205279624215e-17	4.781843331422e-17
4.671200000000e-06	0.000000000000e+00	0.000000000000e+00	0.000000000000e+00
4.671400000000e-06	0.000000000000e+00	0.000000000000e+00	0.000000000000e+00
4.671600000000e-06	2.358116112461e-17	-5.963691801350e-18	6.320825757730e-17
4.671800000000e-06	0.000000000000e+00	0.000000000000e+00	0.000000000000e+00
4.672000000000e-06	0.000000000000e+00	0.000000000000e+00	0.000000000000e+00
4.672200000000e-06	0.000000000000e+00	0.000000000000e+00	0.000000000000e+00
4.672400000000e-06	0.000000000000e+00	0.000000000000e+00	0.000000000000e+00
4.672600000000e-06	0.000000000000e+00	0.000000000000e+00	0.000000000000e+00
4.672800000000e-06	0.000000000000e+00	0.000000000000e+00	0.000000000000e+00
4.673000000000e-06	0.000000000000e+00	0.000000000000e+00	0.000000000000e+00
4.673200000000e-06	0.000000000000e+00	0.000000000000e+00	0.000000000000e+00
4.673400000000e-06	-1.917863959937e-17	-4.738280068600e-17	1.099194432486e-17
4.673600000000e-06	-1.424154901377e-15	-2.009769184628e-15	-9.504306104688e-16
4.673800000000e-06	-3.864211263815e-15	2.748904198222e-14	-4.258937297860e-14
4.674000000000e-06	8.238200387415e-14	4.693820159944e-13	-3.734832983357e-13
4.674200000000e-06	1.404160785735e-13	-2.754364170886e-14	3.725780561820e-13
4.674400000000e-06	-4.443092565316e-13	-6.106747823725e-13	-3.278985225968e-13
4.674600000000e-06	3.606496946487e-13	-2.025609597092e-13	1.116671374022e-12
4.674800000000e-06	-1.856290541259e-13	2.309547796007e-13	-7.286964216136e-13
4.675000000000e-06	-6.192673865407e-14	-5.492943223326e-14	-8.248544062996e-14
4.675200000000e-06	3.953791680319e-14	-1.589708077096e-14	1.146120056165e-13
4.675400000000e-06	2.625135919148e-14	-6.315679343787e-15	7.021681390757e-14
4.675600000000e-06	4.760658702900e-14	-1.360081231117e-13	2.832945415884e-13
4.675800000000e-06	1.815904154983e-13	3.692304745978e-13	-8.725260021234e-15
4.676000000000e-06	-1.843829430507e-13	3.605401393144e-13	-8.841351258987e-13
4.676200000000e-06	1.878141447007e-14	-9.277375383270e-14	1.573928128348e-13
4.676400000000e-06	-2.305340450528e-14	-3.855635965820e-14	-8.741565537342e-15
4.676600000000e-06	3.683035760444e-14	-2.184707682945e-14	1.155723203139e-13
4.676800000000e-06	-9.687898757443e-14	3.099972310723e-14	-2.740825204461e-13
4.677000000000e-06	5.038265302957e-14	-1.289441278694e-13	2.788593933301e-13
4.677200000000e-06	-1.574937313470e-14	1.176121150525e-13	-1.821903394777e-13
4.677400000000e-06	-4.769856687099e-14	-7.366467543145e-14	-2.460147461554e-14
4.677600000000e-06	5.134194518437e-14	3.996371762866e-14	7.447466219565e-14
4.677800000000e-06	4.737095757034e-14	-5.103142432653e-14	1.771718058445e-13
4.678000000000e-06	-9.518449567672e-14	-2.180848569910e-13	3.450021095335e-14
4.678200000000e-06	-6.138092184539e-14	-1.159235148417e-13	-9.007040409398e-15
4.678400000000e-06	-5.536864582085e-14	5.034368265754e-14	-1.948006393823e-13
4.678600000000e-06	-1.684765829568e-13	-5.600911410964e-13	2.691774574634e-13
4.678800000000e-06	-1.278131662667e-13	-1.225137855597e-13	-1.575890643498e-13
4.679000000000e-06	-3.243493232778e-13	-3.477503389349e-13	-3.416645430802e-13
4.679200000000e-06	-7.896014135570e-14	-1.958906752808e-13	3.224270052796e-14
4.679400000000e-06	-1.592844806401e-13	-1.348113801167e-13	-2.265223237995e-13
4.679600000000e-06	1.358544118118e-13	6.630761342766e-15	3.131069972802e-13
4.679800000000e-06	-2.345772422848e-13	-2.803229335184e-13	-2.203322921886e-13
4.680000000000e-06	-7.082718668277e-13	-4.712612442715e-13	-1.108969650777e-12
4.680200000000e-06	-3.051265544754e-13	1.064845965430e-14	-7.066785038024e-13
4.680400000000e-06	2.902429663638e-13	1.505952778992e-13	4.932319540992e-13
4.680600000000e-06	-4.348751039669e-13	-1.119188525306e-12	2.982409966313e-13
4.680800000000e-06	-5.285376025856e-13	-2.842671945877e-13	-9.118760182322e-13
4.681000000000e-06	-1.497488035468e-12	-3.452843682615e-12	5.778682381810e-13
4.681200000000e-06	-7.978808981800e-13	-7.565061272534e-13	-9.898124934282e-13
4.681400000000e-06	-4.167334410973e-13	6.166944768379e-14	-1.061854352385e-12
4.681600000000e-06	-3.431552817004e-13	-8.990867800698e-13	2.576134488942e-13
4.681800000000e-06	-1.814613483373e-12	-8.112004649223e-13	-3.329759326103e-12
4.682000000000e-06	1.854606866264e-13	2.546130217362e-13	1.407960608927e-13
4.682200000000e-06	-8.143694992005e-13	1.271991771346e-12	-3.469711792827e-12
4.682400000000e-06	-7.463716497706e-13	-1.133549561333e-12	-4.554702239271e-13
4.682600000000e-06	-3.404312447472e-12	-4.740832752445e-12	-2.419449104425e-12
4.682800000000e-06	-4.096085504648e-13	-1.611890817116e-12	9.558361980341e-13
4.683000000000e-06	-3.558984874608e-12	-8.461978122499e-13	-7.458484520504e-12
4.683200000000e-06	-3.454973253489e-12	-9.022928909553e-12	2.609542838076e-12
4.683400000000e-06	6.706588501113e-13	-2.854164174228e-13	1.936625670433e-12
4.683600000000e-06	-3.465343726754e-12	-4.490597138682e-12	-2.887926068636e-12
4.683800000000e-06	-1.074095623748e-12	-5.495651979945e-13	-1.772434229419e-12
4.684000000000e-06	-2.917664445621e-12	-3.445638181724e-12	-2.806448326937e-12
4.684200000000e-06	-3.920906607178e-12	-6.627807527033e-12	-1.346673152286e-12
4.684400000000e-06	-1.063364177191e-12	-1.759396347191e-12	-4.501158218070e-13
4.684600000000e-06	-4.432446952545e-12	-5.387056871088e-12	-4.072997842613e-12
4.684800000000e-06	-2.048393095059e-12	-5.636457180669e-12	1.904438240004e-12
4.685000000000e-06	-3.103698024300e-12	-3.454486798495e-12	-3.277337501391e-12
4.685200000000e-06	-6.148010360619e-12	-7.199021025542e-12	-5.969011330668e-12
4.685400000000e-06	-6.058507751313e-12	-7.767190449700e-12	-5.006435464564e-12
4.685600000000e-06	-7.649434966966e-12	-1.045345535967e-11	-5.711547493945e-12
4.685800000000e-06	-2.282337131900e-12	-5.179435302335e-12	8.235506370015e-13
4.686000000000e-06	-6.757302577817e-12	-1.493709616277e-11	1.883725904313e-12
4.686200000000e-06	-3.260361010539e-12	-4.236648213219e-12	-2.598134582550e-12
4.686400000000e-06	-8.830293568142e-12	-8.114622621232e-12	-1.132879705328e-11
4.686600000000e-06	-6.912101417119e-12	-8.894326287191e-12	-5.705977737770e-12
4.686800000000e-06	-9.154850564088e-12	-1.460901013572e-11	-4.247473377343e-12
4.687000000000e-06	-5.540668067289e-12	-5.701538615339e-12	-6.282895139397e-12
4.687200000000e-06	-6.476948452375e-12	-1.917308454205e-12	-1.313242015278e-11
4.687400000000e-06	-7.556630439501e-12	-6.042721480994e-12	-1.068640659390e-11
4.687600000000e-06	-2.288343465318e-11	-3.591183649727e-11	-1.119361360102e-11
4.687800000000e-06	-1.558221724591e-11	-1.845878036435e-11	-1.485337340807e-11
4.688000000000e-06	-1.780367578562e-11	-2.244933286776e-11	-1.541005984375e-11
4.688200000000e-06	-1.941179526926e-11	-1.785147047044e-11	-2.482454481335e-11
4.688400000000e-06	-2.238621551928e-11	-3.101758438780e-11	-1.589224652829e-11
4.688600000000e-06	-1.302237296187e-11	-1.769412667853e-11	-9.770298745876e-12
4.688800000000e-06	-1.947059447269e-11	-3.610325782374e-11	-2.900011901994e-12
4.689000000000e-06	-3.441119596504e-11	-5.030865629107e-11	-2.114713156806e-11
4.689200000000e-06	-2.196489920215e-11	-3.770807884700e-11	-6.376466011278e-12
4.689400000000e-06	-1.881267307192e-11	-2.556240483849e-11	-1.454007709768e-11
4.689600000000e-06	-2.683952034110e-11	-2.812616095799e-11	-2.987696552030e-11
4.689800000000e-06	-3.500063783859e-11	-3.615212275551e-11	-3.996265127259e-11
4.690000000000e-06	-2.487148968454e-11	-2.195206373797e-11	-3.269619250599e-11
4.690200000000e-06	-3.268728819862e-11	-4.202131548844e-11	-2.674371512520e-11
4.690400000000e-06	-3.294405407796e-11	-3.634986127398e-11	-3.454739937599e-11
4.690600000000e-06	-4.260019571630e-11	-5.001554018072e-11	-4.104186773170e-11
4.690800000000e-06	-3.937747941712e-11	-6.451392770209e-11	-1.573649852585e-11
4.691000000000e-06	-6.024825139829e-11	-7.253735486690e-11	-5.587471960009e-11
4.691200000000e-06	-6.346676136913e-11	-9.312465341468e-11	-3.827752566588e-11
4.691400000000e-06	-4.253099416051e-11	-6.462128940525e-11	-2.311109291654e-11
4.691600000000e-06	-5.534467966707e-11	-8.544951700571e-11	-2.815979737155e-11
4.691800000000e-06	-6.661638870666e-11	-8.014572668618e-11	-6.187535265535e-11
4.692000000000e-06	-6.738159807147e-11	-9.188552777677e-11	-4.909354293828e-11
4.692200000000e-06	-8.072015228909e-11	-1.192332792829e-10	-4.763147878094e-11
4.692400000000e-06	-6.874822604429e-11	-1.181680549643e-10	-2.086022824643e-11
4.692600000000e-06	-1.022866773903e-10	-1.215513598738e-10	-9.540137375262e-11
4.692800000000e-06	-8.325188045471e-11	-8.949103448922e-11	-8.985704012524e-11
4.693000000000e-06	-6.989486483367e-11	-1.218542017714e-10	-1.816329078478e-11
4.693200000000e-06	-9.710235311680e-11	-1.360897061106e-10	-6.618062266137e-11
4.693400000000e-06	-7.380268516797e-11	-5.627895507070e-11	-1.082817126520e-10
4.693600000000e-06	-1.287780864945e-10	-1.985702439582e-10	-6.567421195531e-11
4.693800000000e-06	-1.156265069463e-10	-1.540400762949e-10	-8.792174943004e-11
4.694000000000e-06	-9.852720627286e-11	-1.191263620628e-10	-9.044643653206e-11
4.694200000000e-06	-1.229604921528e-10	-2.081895255252e-10	-3.988919462534e-11
4.694400000000e-06	-1.204772588491e-10	-1.331554265706e-10	-1.244955532303e-10
4.694600000000e-06	-1.733219932717e-10	-2.216798508180e-10	-1.440835056785e-10
4.694800000000e-06	-1.182725493136e-10	-1.499815341751e-10	-9.940019174052e-11
4.695000000000e-06	-1.554231412566e-10	-2.551188187800e-10	-5.945549986556e-11
4.695200000000e-06	-1.433513445890e-10	-1.864169300463e-10	-1.152485662645e-10
4.695400000000e-06	-1.645359713901e-10	-2.061897508135e-10	-1.412917576950e-10
4.695600000000e-06	-2.146986556952e-10	-3.031264325928e-10	-1.424436033825e-10
4.695800000000e-06	-2.247726106607e-10	-2.894510415374e-10	-1.829632069034e-10
4.696000000000e-06	-2.296125102787e-10	-3.305470917201e-10	-1.444891505723e-10
4.696200000000e-06	-2.045747970138e-10	-2.987549437278e-10	-1.230328571138e-10
4.696400000000e-06	-2.081372797717e-10	-2.943067928864e-10	-1.373676971555e-10
4.696600000000e-06	-2.462142189295e-10	-3.549517188507e-10	-1.535226455662e-10
4.696800000000e-06	-2.502342316194e-10	-3.125259816032e-10	-2.157108572623e-10
4.697000000000e-06	-3.056847844329e-10	-4.231024525020e-10	-2.129575921109e-10
4.697200000000e-06	-2.124221224610e-10	-2.739879644457e-10	-1.721351560682e-10
4.697400000000e-06	-2.797194751353e-10	-3.853707446970e-10	-1.962335566759e-10
4.697600000000e-06	-3.151869600090e-10	-4.887349854911e-10	-1.543701521666e-10
4.697800000000e-06	-3.321071341485e-10	-5.063158633611e-10	-1.725559435682e-10
4.698000000000e-06	-2.831909410576e-10	-3.594920837416e-10	-2.362724596813e-10
4.698200000000e-06	-3.552924819269e-10	-4.262141186732e-10	-3.274419957894e-10
4.698400000000e-06	-3.906322915314e-10	-5.331208772843e-10	-2.794942045750e-10
4.698600000000e-06	-4.055963465151e-10	-5.490819475132e-10	-2.951426231256e-10
4.698800000000e-06	-4.055454157578e-10	-5.537094671306e-10	-2.898521423482e-10
4.699000000000e-06	-4.189063476707e-10	-6.218266565736e-10	-2.374121007957e-10
4.699200000000e-06	-4.442964066434e-10	-5.499045509777e-10	-3.867325020423e-10
4.699400000000e-06	-4.785141335920e-10	-6.365021326762e-10	-3.627398051759e-10
4.699600000000e-06	-5.013501943762e-10	-7.065978860696e-10	-3.314126360732e-10
4.699800000000e-06	-5.267318975074e-10	-7.300614520363e-10	-3.616041168435e-10
4.700000000000e-06	-5.098965956438e-10	-6.601071040708e-10	-4.071255951003e-10
4.700200000000e-06	-5.432033398620e-10	-7.556408517236e-10	-3.698961473999e-10
4.700400000000e-06	-6.410752783741e-10	-9.022017878318e-10	-4.216975276167e-10
4.700600000000e-06	-6.122816053481e-10	-8.436927830727e-10	-4.252240341305e-10
4.700800000000e-06	-6.663922514896e-10	-9.023773385536e-10	-4.828278089731e-10
4.701000000000e-06	-6.510559019616e-10	-9.492996965939e-10	-3.874377204938e-10
4.701200000000e-06	-6.343520135229e-10	-9.642763632674e-10	-3.283376210448e-10
4.701400000000e-06	-6.014968089491e-10	-7.282402902961e-10	-5.419425284719e-10
4.701600000000e-06	-7.050684938995e-10	-9.433975088882e-10	-5.230314705055e-10
4.701800000000e-06	-8.262884984815e-10	-1.049427903601e-09	-6.845445361642e-10
4.702000000000e-06	-7.714499086354e-10	-1.224828527951e-09	-3.323327388154e-10
4.702200000000e-06	-8.081149687112e-10	-9.902293092808e-10	-7.119954480731e-10
4.702400000000e-06	-8.850766465378e-10	-1.151805604634e-09	-6.954389438565e-10
4.702600000000e-06	-9.563413025921e-10	-1.251718658162e-09	-7.446970057958e-10
4.702800000000e-06	-9.368176609039e-10	-1.225483111052e-09	-7.282298512852e-10
4.703000000000e-06	-9.693831736155e-10	-1.127433065450e-09	-9.288499035847e-10
4.703200000000e-06	-8.763743848285e-10	-1.417623669220e-09	-3.398856380438e-10
4.703400000000e-06	-1.067735149251e-09	-1.504749936504e-09	-6.933361692311e-10
4.703600000000e-06	-1.011385731928e-09	-1.344478764232e-09	-7.606893047453e-10
4.703800000000e-06	-1.115933747041e-09	-1.569568117968e-09	-7.273994679797e-10
4.704000000000e-06	-1.176529082504e-09	-1.704033155463e-09	-7.032357535404e-10
4.704200000000e-06	-1.092303797270e-09	-1.472252452708e-09	-7.913089014267e-10
4.704400000000e-06	-1.170277910631e-09	-1.634873847591e-09	-7.754018801646e-10
4.704600000000e-06	-1.279650840167e-09	-1.795709079453e-09	-8.393702849395e-10
4.704800000000e-06	-1.147176531135e-09	-1.420932107353e-09	-9.894467819448e-10
4.705000000000e-06	-1.191725663231e-09	-1.508707144340e-09	-9.841351264592e-10
4.705200000000e-06	-1.250316410544e-09	-1.716630757769e-09	-8.646508837499e-10
4.705400000000e-06	-1.378123283866e-09	-2.081282052189e-09	-7.147555412369e-10
4.705600000000e-06	-1.412320045125e-09	-1.750546708913e-09	-1.213275657203e-09
4.705800000000e-06	-1.377503115251e-09	-1.945317341956e-09	-8.824513610492e-10
4.706000000000e-06	-1.445087675809e-09	-2.104555578000e-09	-8.458138625552e-10
4.706200000000e-06	-1.400677428527e-09	-1.904901271537e-09	-9.891200035690e-10
4.706400000000e-06	-1.333164846244e-09	-1.925791951152e-09	-7.999201598768e-10
4.706600000000e-06	-1.547322430815e-09	-2.111804735006e-09	-1.079754033531e-09
4.706800000000e-06	-1.536312210438e-09	-2.004598508243e-09	-1.190512834991e-09
4.707000000000e-06	-1.612626945651e-09	-2.179515659577e-09	-1.153110718891e-09
4.707200000000e-06	-1.744882846388e-09	-2.416835395969e-09	-1.172017830580e-09
4.707400000000e-06	-1.764175707739e-09	-2.771994057966e-09	-7.677792910882e-10
4.707600000000e-06	-1.649385560266e-09	-2.330389230837e-09	-1.048501179915e-09
4.707800000000e-06	-1.730989705005e-09	-2.380934298870e-09	-1.181109269164e-09
4.708000000000e-06	-1.644918302421e-09	-2.311893765924e-09	-1.057839868948e-09
4.708200000000e-06	-1.713690442724e-09	-2.195996258613e-09	-1.374811465194e-09
4.708400000000e-06	-1.734917887075e-09	-2.587244301417e-09	-9.322681820428e-10
4.708600000000e-06	-1.725759663417e-09	-2.191372940034e-09	-1.408540610543e-09
4.708800000000e-06	-1.953866254943e-09	-2.755633675741e-09	-1.245985583855e-09
4.709000000000e-06	-1.963781167927e-09	-2.673116171903e-09	-1.372453651127e-09
4.709200000000e-06	-1.779326680886e-09	-2.208005990507e-09	-1.514491625391e-09
4.709400000000e-06	-1.882776355789e-09	-2.645083917711e-09	-1.212155522977e-09
4.709600000000e-06	-1.975798337150e-09	-2.463108172777e-09	-1.665778383744e-09
4.709800000000e-06	-2.084001024014e-09	-2.742775911399e-09	-1.575099197698e-09
4.710000000000e-06	-1.980684392763e-09	-2.894768963184e-09	-1.130443954527e-09
4.710200000000e-06	-2.091903434589e-09	-2.864557229739e-09	-1.437087576145e-09
4.710400000000e-06	-2.139842458220e-09	-3.033056742429e-09	-1.336501245308e-09
4.710600000000e-06	-2.095974870884e-09	-3.087082782977e-09	-1.162679203592e-09
4.710800000000e-06	-2.107170537822e-09	-2.981381747869e-09	-1.324904440544e-09
4.711000000000e-06	-2.318825729239e-09	-3.215617906794e-09	-1.537047448615e-09
4.711200000000e-06	-2.228640540913e-09	-3.296005800025e-09	-1.219007102547e-09
4.711400000000e-06	-2.298487172353e-09	-2.912952300682e-09	-1.871855749658e-09
4.711600000000e-06	-2.228769801335e-09	-3.149174704800e-09	-1.405472566231e-09
4.711800000000e-06	-2.443360788285e-09	-3.362747108223e-09	-1.650021043973e-09
4.712000000000e-06	-2.472176468572e-09	-3.349872975333e-09	-1.736702194198e-09
4.712200000000e-06	-2.457985214871e-09	-3.586263274746e-09	-1.399651315190e-09
4.712400000000e-06	-2.372461589040e-09	-3.118170946607e-09	-1.782658482419e-09
4.712600000000e-06	-2.707374801447e-09	-3.033282490936e-09	-2.703715946034e-09
4.712800000000e-06	-2.469609533270e-09	-3.530086069066e-09	-1.495805296534e-09
4.713000000000e-06	-2.784498618417e-09	-3.945436202422e-09	-1.732099391011e-09
4.713200000000e-06	-2.592413248658e-09	-3.762166344232e-09	-1.496150619842e-09
4.713400000000e-06	-2.553618315564e-09	-3.393441147200e-09	-1.865702145819e-09
4.713600000000e-06	-2.789698332006e-09	-3.848576934777e-09	-1.861737863490e-09
4.713800000000e-06	-2.742907834084e-09	-3.646914607674e-09	-2.001887336919e-09
4.714000000000e-06	-2.808926594811e-09	-3.737824391124e-09	-2.044094162625e-09
4.714200000000e-06	-2.880950302531e-09	-3.820619935693e-09	-2.114588268235e-09
4.714400000000e-06	-2.699613900167e-09	-3.652686565420e-09	-1.889239055085e-09
4.714600000000e-06	-2.751213657707e-09	-4.003627359352e-09	-1.565683896647e-09
4.714800000000e-06	-2.942164000155e-09	-4.060847904985e-09	-1.953801809651e-09
4.715000000000e-06	-2.892987595540e-09	-4.004900641045e-09	-1.907657603652e-09
4.715200000000e-06	-2.715456467148e-09	-3.791153923998e-09	-1.747971967811e-09
4.715400000000e-06	-3.018190484162e-09	-4.191168211439e-09	-1.970144163722e-09
4.715600000000e-06	-2.821146179661e-09	-3.649014677775e-09	-2.183072495750e-09
4.715800000000e-06	-3.217636914531e-09	-4.165549559636e-09	-2.477991267351e-09
4.716000000000e-06	-2.861938086337e-09	-4.046705904027e-09	-1.769884423619e-09
4.716200000000e-06	-3.007240955964e-09	-4.134875619115e-09	-2.006731085733e-09
4.716400000000e-06	-3.252586339314e-09	-4.344334516315e-09	-2.334429096479e-09
4.716600000000e-06	-3.075987306165e-09	-3.949710325050e-09	-2.411463138323e-09
4.716800000000e-06	-3.383014750612e-09	-4.672802624091e-09	-2.227206609869e-09
4.717000000000e-06	-2.985463523732e-09	-3.691660815794e-09	-2.516444382693e-09
4.717200000000e-06	-3.323816504365e-09	-4.767986533869e-09	-1.961638920324e-09
4.717400000000e-06	-3.240295257434e-09	-4.581175097449e-09	-1.992761034867e-09
4.717600000000e-06	-3.074236133466e-09	-4.181463305398e-09	-2.104484370452e-09
4.717800000000e-06	-3.409839345771e-09	-4.516350364847e-09	-2.485510836260e-09
4.718000000000e-06	-3.219345977826e-09	-4.501840878541e-09	-2.040441950714e-09
4.718200000000e-06	-3.425282072274e-09	-4.501232194227e-09	-2.541534272549e-09
4.718400000000e-06	-3.418096312888e-09	-4.625557016935e-09	-2.364573821337e-09
4.718600000000e-06	-3.719268716256e-09	-4.789440861249e-09	-2.880463647391e-09
4.718800000000e-06	-3.591319056229e-09	-4.823433691243e-09	-2.526118413198e-09
4.719000000000e-06	-3.385540392131e-09	-4.830621182462e-09	-2.020584276580e-09
4.719200000000e-06	-3.093194949059e-09	-3.966219061854e-09	-2.411740995530e-09
4.719400000000e-06	-3.518638922752e-09	-4.727670540342e-09	-2.464433115694e-09
4.719600000000e-06	-3.424068987464e-09	-4.456120655204e-09	-2.587849194334e-09
4.719800000000e-06	-3.620185828240e-09	-5.049200441584e-09	-2.301027220182e-09
4.720000000000e-06	-3.521115587050e-09	-4.544460661433e-09	-2.704127387714e-09
4.720200000000e-06	-3.534019867637e-09	-5.077902725454e-09	-2.046030128466e-09
4.720400000000e-06	-3.279068958157e-09	-4.550076406908e-09	-2.110120169006e-09
4.720600000000e-06	-3.329604239416e-09	-4.444492673651e-09	-2.365325359441e-09
4.720800000000e-06	-3.466380657752e-09	-4.283262376291e-09	-2.903567793414e-09
4.721000000000e-06	-3.734546749760e-09	-5.044779652251e-09	-2.572583917079e-09
4.721200000000e-06	-3.518561750244e-09	-4.832040481940e-09	-2.321039046521e-09
4.721400000000e-06	-3.485199112676e-09	-4.499858413903e-09	-2.661449464890e-09
4.721600000000e-06	-3.941083448626e-09	-5.396555625707e-09	-2.625077697743e-09
4.721800000000e-06	-3.964759886295e-09	-5.013362481453e-09	-3.167858122832e-09
4.722000000000e-06	-3.578911922870e-09	-4.575314858658e-09	-2.791243233593e-09
4.722200000000e-06	-3.605368645678e-09	-4.849073089143e-09	-2.507230504147e-09
4.722400000000e-06	-3.400147970807e-09	-4.426493658795e-09	-2.548626406692e-09
4.722600000000e-06	-3.225804616579e-09	-4.073787615568e-09	-2.578011822901e-09
4.722800000000e-06	-3.707464392843e-09	-5.021575462295e-09	-2.522899186473e-09
4.723000000000e-06	-3.989694452924e-09	-5.384206913664e-09	-2.739062061895e-09
4.723200000000e-06	-3.418078334000e-09	-4.620821326620e-09	-2.334348809688e-09
4.723400000000e-06	-3.771204573639e-09	-4.859353672415e-09	-2.880377127965e-09
4.723600000000e-06	-3.700268591314e-09	-5.200326898626e-09	-2.267662134003e-09
4.723800000000e-06	-3.706087592153e-09	-4.881974056195e-09	-2.690509373266e-09
4.724000000000e-06	-3.840212247516e-09	-5.186731300579e-09	-2.624756660284e-09
4.724200000000e-06	-3.741045399161e-09	-5.062651498630e-09	-2.545156756641e-09
4.724400000000e-06	-3.136716726397e-09	-4.035607407168e-09	-2.394798788854e-09
4.724600000000e-06	-3.618720366433e-09	-4.812997815644e-09	-2.557615717301e-09
4.724800000000e-06	-3.646787332268e-09	-4.623394856863e-09	-2.872432913611e-09
4.725000000000e-06	-3.435086354921e-09	-4.585345656208e-09	-2.408424342559e-09
4.725200000000e-06	-3.535246678141e-09	-4.480366692791e-09	-2.785517051469e-09
4.725400000000e-06	-3.396151252434e-09	-4.068523733207e-09	-2.975207810670e-09
4.725600000000e-06	-3.450304095502e-09	-4.462830008177e-09	-2.601512920978e-09
4.725800000000e-06	-3.611538088854e-09	-5.003963925862e-09	-2.287292239301e-09
4.726000000000e-06	-3.640088033527e-09	-4.804992120419e-09	-2.608312433803e-09
4.726200000000e-06	-3.872767965854e-09	-5.220175276555e-09	-2.638183004434e-09
4.726400000000e-06	-3.459117033526e-09	-4.521682636008e-09	-2.537026156896e-09
4.726600000000e-06	-3.520163447989e-09	-4.619401674908e-09	-2.561479334392e-09
4.726800000000e-06	-3.571786952316e-09	-4.842158819409e-09	-2.391238265923e-09
4.727000000000e-06	-3.345891356342e-09	-4.259745645143e-09	-2.602267420873e-09
4.727200000000e-06	-3.314332367265e-09	-3.966039757316e-09	-2.899703432108e-09
4.727400000000e-06	-3.796052144262e-09	-5.230261988544e-09	-2.431305895131e-09
4.727600000000e-06	-3.542624547241e-09	-4.198991402505e-09	-3.161118272237e-09
4.727800000000e-06	-3.422390982588e-09	-5.061597079859e-09	-1.729388838213e-09
4.728000000000e-06	-3.519540747348e-09	-4.238385373177e-09	-3.042391132873e-09
4.728200000000e-06	-3.844992889279e-09	-5.403396340770e-09	-2.318965072123e-09
4.728400000000e-06	-3.195289110486e-09	-4.366068782259e-09	-2.076382925020e-09
4.728600000000e-06	-3.640674032192e-09	-4.776996906981e-09	-2.632095613024e-09
4.728800000000e-06	-3.577051969621e-09	-5.126601027422e-09	-2.020466226184e-09
4.729000000000e-06	-3.248695319828e-09	-4.277319178858e-09	-2.324292972386e-09
4.729200000000e-06	-3.506534001258e-09	-4.098954495350e-09	-3.183911658585e-09
4.729400000000e-06	-3.479249026736e-09	-4.570427600218e-09	-2.496389550233e-09
4.729600000000e-06	-3.392089848644e-09	-3.970379003992e-09	-3.069561312539e-09
4.729800000000e-06	-4.012539352569e-09	-5.379885628050e-09	-2.745270362303e-09
4.730000000000e-06	-2.765703460825e-09	-3.969425036468e-09	-1.532854878878e-09
4.730200000000e-06	-3.361170770689e-09	-4.237875429289e-09	-2.639942574117e-09
4.730400000000e-06	-3.722162499649e-09	-5.076528093475e-09	-2.430274395976e-09
4.730600000000e-06	-3.300556470246e-09	-4.256855516004e-09	-2.463450234672e-09
4.730800000000e-06	-3.045054829621e-09	-3.625533011514e-09	-2.664779162446e-09
4.731000000000e-06	-3.244067146251e-09	-4.866008887299e-09	-1.523791307501e-09
4.731200000000e-06	-3.259623206506e-09	-4.332448391326e-09	-2.257758332501e-09
4.731400000000e-06	-3.633049197932e-09	-4.519243284508e-09	-2.929494788083e-09
4.731600000000e-06	-3.633473096181e-09	-4.357668896676e-09	-3.142182886115e-09
4.731800000000e-06	-2.718174596033e-09	-3.419329504627e-09	-2.128387084645e-09
4.732000000000e-06	-3.045040821658e-09	-4.168304997162e-09	-1.951350246482e-09
4.732200000000e-06	-3.375869247080e-09	-4.653041421188e-09	-2.115896494416e-09
4.732400000000e-06	-3.099886784194e-09	-3.828693213314e-09	-2.523742043182e-09
4.732600000000e-06	-2.967225348441e-09	-3.761516282738e-09	-2.281058045322e-09
4.732800000000e-06	-2.957537251066e-09	-3.634559995939e-09	-2.428430278273e-09
4.733000000000e-06	-2.967493286813e-09	-3.787692533340e-09	-2.247714230789e-09
4.733200000000e-06	-3.434986421528e-09	-4.430837558291e-09	-2.541898723880e-09
4.733400000000e-06	-2.771446986528e-09	-3.704051411780e-09	-1.876384831817e-09
4.733600000000e-06	-2.910879060343e-09	-3.706306583187e-09	-2.215244404022e-09
4.733800000000e-06	-2.883420471290e-09	-3.686622918953e-09	-2.165069339292e-09
4.734000000000e-06	-2.366130425948e-09	-2.900136443444e-09	-1.946843850806e-09
4.734200000000e-06	-3.113421246580e-09	-4.298088033316e-09	-1.926933061095e-09
4.734400000000e-06	-2.818779819309e-09	-3.372448753742e-09	-2.419870701964e-09
4.734600000000e-06	-2.913742226923e-09	-3.511171672776e-09	-2.471739737781e-09
4.734800000000e-06	-2.942826733625e-09	-3.895824806370e-09	-2.031899095392e-09
4.735000000000e-06	-2.685646248639e-09	-3.243025496537e-09	-2.263514826079e-09
4.735200000000e-06	-2.846102303975e-09	-3.666796306951e-09	-2.089684480137e-09
4.735400000000e-06	-2.764269260609e-09	-3.355361488979e-09	-2.300597651474e-09
4.735600000000e-06	-3.064249055296e-09	-3.366784461820e-09	-3.027149526546e-09
4.735800000000e-06	-2.681144130909e-09	-3.484765446925e-09	-1.932972880147e-09
4.736000000000e-06	-2.696501323913e-09	-3.762442089960e-09	-1.596347989037e-09
4.736200000000e-06	-2.501170602524e-09	-3.000632826272e-09	-2.119894550730e-09
4.736400000000e-06	-2.950819604689e-09	-3.891540808846e-09	-2.044621770959e-09
4.736600000000e-06	-2.568887819349e-09	-3.128427884930e-09	-2.124346203120e-09
4.736800000000e-06	-2.709263308320e-09	-3.325562234672e-09	-2.196881563318e-09
4.737000000000e-06	-2.489420766514e-09	-3.121044477372e-09	-1.930297019721e-09
4.737200000000e-06	-2.424673014292e-09	-2.984874576197e-09	-1.949299876748e-09
4.737400000000e-06	-2.488146202226e-09	-3.061988838409e-09	-2.011356696889e-09
4.737600000000e-06	-2.247235140432e-09	-2.625811257343e-09	-1.993068504838e-09
4.737800000000e-06	-2.916036966468e-09	-3.910568909761e-09	-1.935310489991e-09
4.738000000000e-06	-2.185893227317e-09	-2.692414304223e-09	-1.746662868612e-09
4.738200000000e-06	-2.177729225469e-09	-2.446541112319e-09	-2.046851940646e-09
4.738400000000e-06	-2.545602329784e-09	-3.277167580787e-09	-1.853119530907e-09
4.738600000000e-06	-2.431768512515e-09	-3.592173727732e-09	-1.153256887052e-09
4.738800000000e-06	-2.245273266879e-09	-2.644481616773e-09	-1.955311449770e-09
4.739000000000e-06	-2.343160220039e-09	-2.847500432640e-09	-1.916301551983e-09
4.739200000000e-06	-2.403041229413e-09	-2.799119748581e-09	-2.135293391388e-09
4.739400000000e-06	-1.901132611314e-09	-2.317127032289e-09	-1.532545280157e-09
4.739600000000e-06	-2.270523173592e-09	-3.341979053569e-09	-1.086306658652e-09
4.739800000000e-06	-1.964007262964e-09	-2.371195568744e-09	-1.615231568542e-09
4.740000000000e-06	-2.107764926775e-09	-2.794606583480e-09	-1.417242231653e-09
4.740200000000e-06	-2.106588851313e-09	-2.590029631040e-09	-1.680528796857e-09
4.740400000000e-06	-2.228609346198e-09	-3.107482039881e-09	-1.286150293677e-09
4.740600000000e-06	-2.002590984012e-09	-2.208538244951e-09	-1.929248002215e-09
4.740800000000e-06	-2.013050141649e-09	-2.685702501343e-09	-1.321060142563e-09
4.741000000000e-06	-1.792145626961e-09	-1.858772791317e-09	-1.871714051888e-09
4.741200000000e-06	-2.246228045248e-09	-2.711183124339e-09	-1.856118874453e-09
4.741400000000e-06	-1.696487338751e-09	-1.894280538170e-09	-1.597804646904e-09
4.741600000000e-06	-2.471944086380e-09	-3.024880789488e-09	-1.986102039264e-09
4.741800000000e-06	-1.951288386813e-09	-2.721650931895e-09	-1.120433444472e-09
4.742000000000e-06	-1.331426303752e-09	-1.429231526459e-09	-1.309560004926e-09
4.742200000000e-06	-1.786407935911e-09	-2.180048688504e-09	-1.425940098650e-09
4.742400000000e-06	-1.768995238707e-09	-2.205409810296e-09	-1.348228646098e-09
4.742600000000e-06	-1.841329512876e-09	-2.072673024939e-09	-1.702753186867e-09
4.742800000000e-06	-1.638200736958e-09	-1.743529639261e-09	-1.631620616020e-09
4.743000000000e-06	-1.880449805844e-09	-2.278159053117e-09	-1.526886374202e-09
4.743200000000e-06	-1.867718989661e-09	-2.737149642519e-09	-8.824722117072e-10
4.743400000000e-06	-1.357056866116e-09	-1.400921918869e-09	-1.419255511065e-09
4.743600000000e-06	-1.548033776610e-09	-2.401174352136e-09	-5.349988415506e-10
4.743800000000e-06	-1.543988194646e-09	-1.735508387362e-09	-1.421359160586e-09
4.744000000000e-06	-1.870377794317e-09	-2.086274838910e-09	-1.741442566115e-09
4.744200000000e-06	-9.571912201099e-10	-1.052674540757e-09	-8.895701093587e-10
4.744400000000e-06	-1.676245609203e-09	-2.192905019048e-09	-1.123911032905e-09
4.744600000000e-06	-8.149133305584e-10	-8.575611726692e-10	-8.071264526633e-10
4.744800000000e-06	-1.013904362117e-09	-1.616602748401e-09	-2.615362228486e-10
4.745000000000e-06	-1.873744716315e-09	-1.881650563756e-09	-2.031523964835e-09
4.745200000000e-06	-1.334494785107e-09	-1.217845945447e-09	-1.583208479505e-09
4.745400000000e-06	-1.201860189511e-09	-1.131841265523e-09	-1.381740936212e-09
4.745600000000e-06	-1.854464905092e-09	-2.324905535965e-09	-1.382159491832e-09
4.745800000000e-06	-1.189491987601e-09	-1.533159320388e-09	-8.029496978451e-10
4.746000000000e-06	-1.314263207241e-09	-1.499631119327e-09	-1.159894348481e-09
4.746200000000e-06	-1.420362317698e-09	-1.905058470309e-09	-8.811537441477e-10
4.746400000000e-06	-9.864184085691e-10	-1.119417759712e-09	-8.658571892842e-10
4.746600000000e-06	-1.321791082179e-09	-1.405007180871e-09	-1.305615015195e-09
4.746800000000e-06	-1.315823622488e-09	-1.643551157729e-09	-9.654900219598e-10
4.747000000000e-06	-7.788515807221e-10	-8.884049787050e-10	-6.606416653178e-10
4.747200000000e-06	-1.207667452005e-09	-9.320642271120e-10	-1.647283814234e-09
4.747400000000e-06	-1.260035363473e-09	-1.817031868236e-09	-5.904180906270e-10
4.747600000000e-06	-9.050002094481e-10	-1.457698311796e-09	-2.121540665358e-10
4.747800000000e-06	-1.027543293034e-09	-1.391503557506e-09	-5.882144202662e-10
4.748000000000e-06	-1.330177401063e-09	-1.418721766076e-09	-1.304340063636e-09
4.748200000000e-06	-1.108425928070e-09	-9.282701800262e-10	-1.407996369263e-09
4.748400000000e-06	-1.023608312454e-09	-1.336892702723e-09	-6.658524873393e-10
4.748600000000e-06	-1.069941481157e-09	-1.495765066289e-09	-5.526868790186e-10
4.748800000000e-06	-1.129590636734e-09	-1.438078714080e-09	-7.795885654853e-10
4.749000000000e-06	-8.678963276150e-10	-9.645188378196e-10	-7.706254427033e-10
4.749200000000e-06	-7.197415430351e-10	-7.342924266783e-10	-7.101370254890e-10
4.749400000000e-06	-1.163647120260e-09	-1.293640659636e-09	-1.049573917941e-09
4.749600000000e-06	-1.057125199415e-09	-9.855021953664e-10	-1.214540008517e-09
4.749800000000e-06	-9.030327615302e-10	-1.239136348247e-09	-4.953240818393e-10
4.750000000000e-06	-8.043779929131e-10	-1.014059758095e-09	-5.483501399938e-10
4.750200000000e-06	-8.913145505289e-10	-6.931462579879e-10	-1.193477316182e-09
4.750400000000e-06	-7.527644177593e-10	-7.986098502970e-10	-7.026599356903e-10
4.750600000000e-06	-7.950473690826e-10	-8.570978776522e-10	-7.351011603791e-10
4.750800000000e-06	-5.168445833622e-10	-4.593116546144e-10	-5.934589774147e-10
4.751000000000e-06	-8.939757544507e-10	-9.431665612007e-10	-8.585402397631e-10
4.751200000000e-06	-7.949565716176e-10	-7.154612145208e-10	-9.197616662578e-10
4.751400000000e-06	-6.630368359949e-10	-9.782270675031e-10	-2.425593687000e-10
4.751600000000e-06	-6.276682657666e-10	-6.026992580714e-10	-6.632689172638e-10
4.751800000000e-06	-5.616878999596e-10	-4.403398844777e-10	-7.224834421504e-10
4.752000000000e-06	-3.977891228498e-10	-4.287027197430e-10	-3.239389285342e-10
4.752200000000e-06	-3.412263502745e-10	-4.893674669723e-10	-9.958400364540e-11
4.752400000000e-06	-5.474778080661e-10	-7.313263695314e-10	-2.897176975711e-10
4.752600000000e-06	-6.361980487672e-10	-4.592100014633e-10	-8.680075463852e-10
4.752800000000e-06	-2.370751743293e-10	-2.521973969826e-10	-1.701471385238e-10
4.753000000000e-06	-7.880561241810e-10	-8.345287681913e-10	-7.368095334146e-10
4.753200000000e-06	-6.352506373799e-10	-8.287314150157e-10	-3.614577685291e-10
4.753400000000e-06	-5.532893951458e-10	-4.206933145425e-10	-7.128434655175e-10
4.753600000000e-06	-2.472883912467e-10	5.470965149634e-11	-6.107095375748e-10
4.753800000000e-06	-5.237691748705e-10	-2.866405054671e-10	-8.239803084232e-10
4.754000000000e-06	-7.755476659378e-10	-9.853935198897e-10	-4.966095702472e-10
4.754200000000e-06	-8.929513801134e-11	-2.050869614339e-10	1.379530395013e-10
4.754400000000e-06	-4.402554070514e-10	-6.593802035125e-10	-1.083255891735e-10
4.754600000000e-06	-5.378588154931e-10	-4.739060555216e-10	-6.069483978449e-10
4.754800000000e-06	2.437222080834e-11	-1.103439472276e-10	2.822782351592e-10
4.755000000000e-06	-3.399473097272e-10	-3.338155410291e-10	-3.218977599646e-10
4.755200000000e-06	-3.246459471222e-10	-4.910339270492e-10	-5.209685742335e-11
4.755400000000e-06	-1.462745858288e-10	1.699512236235e-10	-5.059571433452e-10
4.755600000000e-06	-2.964036204662e-10	-1.703220531530e-10	-4.237850901268e-10
4.755800000000e-06	-2.501087291135e-10	-4.391318064731e-10	5.935060905420e-11
4.756000000000e-06	-2.447542072595e-10	-1.880371354605e-10	-2.681859727501e-10
4.756200000000e-06	-1.053022997789e-10	3.481160640777e-10	-6.628387244463e-10
4.756400000000e-06	-2.694899515179e-10	-3.756425059341e-10	-7.200152682111e-11
4.756600000000e-06	-3.039033759609e-10	-3.391955375655e-10	-2.113739389101e-10
4.756800000000e-06	-1.972243113625e-10	-2.421607668479e-10	-7.203360887134e-11
4.757000000000e-06	-5.568168321324e-10	-5.749884232558e-10	-5.025100937315e-10
4.757200000000e-06	-3.533726868567e-11	5.948424207052e-11	-9.422384101717e-11
4.757400000000e-06	-1.312274615045e-10	-1.590468288136e-10	-2.354179094773e-11
4.757600000000e-06	-3.978153913411e-11	-4.122206844316e-11	4.874095319810e-11
4.757800000000e-06	-1.092136315092e-10	-1.243111867928e-10	-3.012219016118e-11
4.758000000000e-06	-5.648953796682e-11	9.403787355757e-12	-6.940251054074e-11
4.758200000000e-06	4.614913775612e-11	2.429509427145e-10	-1.362083374246e-10
4.758400000000e-06	1.658624879889e-10	5.238188301649e-11	4.215145202132e-10
4.758600000000e-06	4.281070137993e-11	6.875240265106e-11	9.414288832565e-11
4.758800000000e-06	1.053495330636e-10	2.916867473892e-10	-6.110177791491e-11
4.759000000000e-06	-2.363528052589e-10	-3.902387572333e-10	2.693449301028e-11
4.759200000000e-06	-1.726765369788e-10	-2.779048635020e-10	4.763347769426e-11
4.759400000000e-06	-2.493363604396e-10	-8.259174343184e-11	-4.201162882967e-10
4.759600000000e-06	3.739032748587e-10	6.406161680548e-10	1.423310902902e-10
4.759800000000e-06	2.181128803510e-10	4.307428946500e-10	3.880156741412e-11
4.760000000000e-06	-1.197525083900e-11	-2.190028405817e-10	3.506641988428e-10
4.760200000000e-06	1.299286944688e-10	1.350967775446e-10	2.150948266962e-10
4.760400000000e-06	-4.484639306117e-11	1.871803697975e-10	-2.696654144013e-10
4.760600000000e-06	2.265951467951e-10	5.282807403170e-10	-7.815723884059e-11
4.760800000000e-06	-3.570677207686e-11	-2.180188025603e-10	2.921376696309e-10
4.761000000000e-06	6.099548596163e-10	6.125431712658e-10	7.669390095998e-10
4.761200000000e-06	1.181713701785e-10	1.681798807133e-10	1.472468804279e-10
4.761400000000e-06	1.652521923379e-10	4.118337727254e-10	-6.671969062680e-11
4.761600000000e-06	-1.633351648033e-10	-6.818174427161e-11	-2.253403760928e-10
4.761800000000e-06	8.419264967413e-11	-6.132122655928e-11	3.891418183340e-10
4.762000000000e-06	-1.070348116806e-11	2.091964526220e-10	-2.133929144014e-10
4.762200000000e-06	1.233706553206e-10	2.586428340233e-10	4.312345768324e-11
4.762400000000e-06	1.030769850521e-10	4.974783504167e-10	-3.460618086237e-10
4.762600000000e-06	3.925841808931e-10	5.933808662748e-10	2.445703703060e-10
4.762800000000e-06	5.427177864870e-10	4.810707289569e-10	7.797656684600e-10
4.763000000000e-06	2.279622133955e-10	2.098795389120e-10	3.707268263886e-10
4.763200000000e-06	2.934013743905e-10	8.351896348612e-10	-3.301148133436e-10
4.763400000000e-06	1.064782944735e-10	4.257163604453e-10	-2.222204806510e-10
4.763600000000e-06	4.407436539241e-10	4.915673676928e-10	5.088053157685e-10
4.763800000000e-06	4.948050364958e-10	8.118411632866e-10	1.922531738743e-10
4.764000000000e-06	3.318390717880e-10	5.424676043186e-10	1.684006232957e-10
4.764200000000e-06	1.139020614784e-10	5.632494169633e-10	-4.114230959417e-10
4.764400000000e-06	5.019762928680e-10	4.844908832259e-10	6.670381884470e-10
