-3.602000000000e-06	0.000000000000e+00	0.000000000000e+00	0.000000000000e+00
-3.601800000000e-06	0.000000000000e+00	0.000000000000e+00	0.000000000000e+00
-3.601600000000e-06	0.000000000000e+00	0.000000000000e+00	0.000000000000e+00
-3.601400000000e-06	0.000000000000e+00	0.000000000000e+00	0.000000000000e+00
-3.601200000000e-06	0.000000000000e+00	0.000000000000e+00	0.000000000000e+00
-3.601000000000e-06	0.000000000000e+00	0.000000000000e+00	0.000000000000e+00
-3.600800000000e-06	0.000000000000e+00	0.000000000000e+00	0.000000000000e+00
-3.600600000000e-06	0.000000000000e+00	0.000000000000e+00	0.000000000000e+00
-3.600400000000e-06	0.000000000000e+00	0.000000000000e+00	0.000000000000e+00
-3.600200000000e-06	0.000000000000e+00	0.000000000000e+00	0.000000000000e+00
-3.600000000000e-06	0.000000000000e+00	0.000000000000e+00	0.000000000000e+00
-3.599800000000e-06	0.000000000000e+00	0.000000000000e+00	0.000000000000e+00
-3.599600000000e-06	0.000000000000e+00	0.000000000000e+00	0.000000000000e+00
-3.599400000000e-06	0.000000000000e+00	0.000000000000e+00	0.000000000000e+00
-3.599200000000e-06	0.000000000000e+00	0.000000000000e+00	0.000000000000e+00
-3.599000000000e-06	0.000000000000e+00	0.000000000000e+00	0.000000000000e+00
-3.598800000000e-06	0.000000000000e+00	0.000000000000e+00	0.000000000000e+00
-3.598600000000e-06	0.000000000000e+00	0.000000000000e+00	0.000000000000e+00
-3.598400000000e-06	0.000000000000e+00	0.000000000000e+00	0.000000000000e+00
-3.598200000000e-06	0.000000000000e+00	0.000000000000e+00	0.000000000000e+00
-3.598000000000e-06	0.000000000000e+00	0.000000000000e+00	0.000000000000e+00
-3.597800000000e-06	0.000000000000e+00	0.000000000000e+00	0.000000000000e+00
-3.597600000000e-06	0.000000000000e+00	0.000000000000e+00	0.000000000000e+00
-3.597400000000e-06	0.000000000000e+00	0.000000000000e+00	0.000000000000e+00
-3.597200000000e-06	0.000000000000e+00	0.000000000000e+00	0.000000000000e+00
-3.597000000000e-06	0.000000000000e+00	0.000000000000e+00	0.000000000000e+00
-3.596800000000e-06	0.000000000000e+00	0.000000000000e+00	0.000000000000e+00
-3.596600000000e-06	0.000000000000e+00	0.000000000000e+00	0.000000000000e+00
-3.596400000000e-06	0.000000000000e+00	0.000000000000e+00	0.000000000000e+00
-3.596200000000e-06	0.000000000000e+00	0.000000000000e+00	0.000000000000e+00
-3.596000000000e-06	0.000000000000e+00	0.000000000000e+00	0.000000000000e+00
-3.595800000000e-06	0.000000000000e+00	0.000000000000e+00	0.000000000000e+00
-3.595600000000e-06	0.000000000000e+00	0.000000000000e+00	0.000000000000e+00
-3.595400000000e-06	0.000000000000e+00	0.000000000000e+00	0.000000000000e+00
-3.595200000000e-06	0.000000000000e+00	0.000000000000e+00	0.000000000000e+00
-3.595000000000e-06	0.000000000000e+00	0.000000000000e+00	0.000000000000e+00
-3.594800000000e-06	0.000000000000e+00	0.000000000000e+00	0.000000000000e+00
-3.594600000000e-06	0.000000000000e+00	0.000000000000e+00	0.000000000000e+00
-3.594400000000e-06	0.000000000000e+00	0.000000000000e+00	0.000000000000e+00
-3.594200000000e-06	0.000000000000e+00	0.000000000000e+00	0.000000000000e+00
-3.594000000000e-06	0.000000000000e+00	0.000000000000e+00	0.000000000000e+00
-3.593800000000e-06	0.000000000000e+00	0.000000000000e+00	0.000000000000e+00
-3.593600000000e-06	0.000000000000e+00	0.000000000000e+00	0.000000000000e+00
-3.593400000000e-06	0.000000000000e+00	0.000000000000e+00	0.000000000000e+00
-3.593200000000e-06	0.000000000000e+00	0.000000000000e+00	0.000000000000e+00
-3.593000000000e-06	0.000000000000e+00	0.000000000000e+00	0.000000000000e+00
-3.592800000000e-06	0.000000000000e+00	0.000000000000e+00	0.000000000000e+00
-3.592600000000e-06	0.000000000000e+00	0.000000000000e+00	0.000000000000e+00
-3.592400000000e-06	0.000000000000e+00	0.000000000000e+00	0.000000000000e+00
-3.592200000000e-06	0.000000000000e+00	0.000000000000e+00	0.000000000000e+00
-3.592000000000e-06	0.000000000000e+00	0.000000000000e+00	0.000000000000e+00
-3.591800000000e-06	0.000000000000e+00	0.000000000000e+00	0.000000000000e+00
-3.591600000000e-06	0.000000000000e+00	0.000000000000e+00	0.000000000000e+00
-3.591400000000e-06	0.000000000000e+00	0.000000000000e+00	0.000000000000e+00
-3.591200000000e-06	0.000000000000e+00	0.000000000000e+00	0.000000000000e+00
-3.591000000000e-06	0.000000000000e+00	0.000000000000e+00	0.000000000000e+00
-3.590800000000e-06	0.000000000000e+00	0.000000000000e+00	0.000000000000e+00
-3.590600000000e-06	0.000000000000e+00	0.000000000000e+00	0.000000000000e+00
-3.590400000000e-06	0.000000000000e+00	0.000000000000e+00	0.000000000000e+00
-3.590200000000e-06	0.000000000000e+00	0.000000000000e+00	0.000000000000e+00
-3.590000000000e-06	0.000000000000e+00	0.000000000000e+00	0.000000000000e+00
-3.589800000000e-06	0.000000000000e+00	0.000000000000e+00	0.000000000000e+00
-3.589600000000e-06	0.000000000000e+00	0.000000000000e+00	0.000000000000e+00
-3.589400000000e-06	0.000000000000e+00	0.000000000000e+00	0.000000000000e+00
-3.589200000000e-06	0.000000000000e+00	0.000000000000e+00	0.000000000000e+00
-3.589000000000e-06	0.000000000000e+00	0.000000000000e+00	0.000000000000e+00
-3.588800000000e-06	0.000000000000e+00	0.000000000000e+00	0.000000000000e+00
-3.588600000000e-06	0.000000000000e+00	0.000000000000e+00	0.000000000000e+00
-3.588400000000e-06	0.000000000000e+00	0.000000000000e+00	0.000000000000e+00
-3.588200000000e-06	0.000000000000e+00	0.000000000000e+00	0.000000000000e+00
-3.588000000000e-06	0.000000000000e+00	0.000000000000e+00	0.000000000000e+00
-3.587800000000e-06	0.000000000000e+00	0.000000000000e+00	0.000000000000e+00
-3.587600000000e-06	0.000000000000e+00	0.000000000000e+00	0.000000000000e+00
-3.587400000000e-06	0.000000000000e+00	0.000000000000e+00	0.000000000000e+00
-3.587200000000e-06	0.000000000000e+00	0.000000000000e+00	0.000000000000e+00
-3.587000000000e-06	0.000000000000e+00	0.000000000000e+00	0.000000000000e+00
-3.586800000000e-06	0.000000000000e+00	0.000000000000e+00	0.000000000000e+00
-3.586600000000e-06	0.000000000000e+00	0.000000000000e+00	0.000000000000e+00
-3.586400000000e-06	0.000000000000e+00	0.000000000000e+00	0.000000000000e+00
-3.586200000000e-06	0.000000000000e+00	0.000000000000e+00	0.000000000000e+00
-3.586000000000e-06	0.000000000000e+00	0.000000000000e+00	0.000000000000e+00
-3.585800000000e-06	0.000000000000e+00	0.000000000000e+00	0.000000000000e+00
-3.585600000000e-06	0.000000000000e+00	0.000000000000e+00	0.000000000000e+00
-3.585400000000e-06	0.000000000000e+00	0.000000000000e+00	0.000000000000e+00
-3.585200000000e-06	0.000000000000e+00	0.000000000000e+00	0.000000000000e+00
-3.585000000000e-06	0.000000000000e+00	0.000000000000e+00	0.000000000000e+00
-3.584800000000e-06	0.000000000000e+00	0.000000000000e+00	0.000000000000e+00
-3.584600000000e-06	0.000000000000e+00	0.000000000000e+00	0.000000000000e+00
-3.584400000000e-06	0.000000000000e+00	0.000000000000e+00	0.000000000000e+00
-3.584200000000e-06	0.000000000000e+00	0.000000000000e+00	0.000000000000e+00
-3.584000000000e-06	0.000000000000e+00	0.000000000000e+00	0.000000000000e+00
-3.583800000000e-06	0.000000000000e+00	0.000000000000e+00	0.000000000000e+00
-3.583600000000e-06	0.000000000000e+00	0.000000000000e+00	0.000000000000e+00
-3.583400000000e-06	0.000000000000e+00	0.000000000000e+00	0.000000000000e+00
-3.583200000000e-06	0.000000000000e+00	0.000000000000e+00	0.000000000000e+00
-3.583000000000e-06	0.000000000000e+00	0.000000000000e+00	0.000000000000e+00
-3.582800000000e-06	0.000000000000e+00	0.000000000000e+00	0.000000000000e+00
-3.582600000000e-06	0.000000000000e+00	0.000000000000e+00	0.000000000000e+00
-3.582400000000e-06	0.000000000000e+00	0.000000000000e+00	0.000000000000e+00
-3.582200000000e-06	0.000000000000e+00	0.000000000000e+00	0.000000000000e+00
-3.582000000000e-06	0.000000000000e+00	0.000000000000e+00	0.000000000000e+00
-3.581800000000e-06	0.000000000000e+00	0.000000000000e+00	0.000000000000e+00
-3.581600000000e-06	0.000000000000e+00	0.000000000000e+00	0.000000000000e+00
-3.581400000000e-06	0.000000000000e+00	0.000000000000e+00	0.000000000000e+00
-3.581200000000e-06	0.000000000000e+00	0.000000000000e+00	0.000000000000e+00
-3.581000000000e-06	0.000000000000e+00	0.000000000000e+00	0.000000000000e+00
-3.580800000000e-06	0.000000000000e+00	0.000000000000e+00	0.000000000000e+00
-3.580600000000e-06	0.000000000000e+00	0.000000000000e+00	0.000000000000e+00
-3.580400000000e-06	0.000000000000e+00	0.000000000000e+00	0.000000000000e+00
-3.580200000000e-06	0.000000000000e+00	0.000000000000e+00	0.000000000000e+00
-3.580000000000e-06	0.000000000000e+00	0.000000000000e+00	0.000000000000e+00
-3.579800000000e-06	0.000000000000e+00	0.000000000000e+00	0.000000000000e+00
-3.579600000000e-06	0.000000000000e+00	0.000000000000e+00	0.000000000000e+00
-3.579400000000e-06	0.000000000000e+00	0.000000000000e+00	0.000000000000e+00
-3.579200000000e-06	0.000000000000e+00	0.000000000000e+00	0.000000000000e+00
-3.579000000000e-06	0.000000000000e+00	0.000000000000e+00	0.000000000000e+00
-3.578800000000e-06	0.000000000000e+00	0.000000000000e+00	0.000000000000e+00
-3.578600000000e-06	0.000000000000e+00	0.000000000000e+00	0.000000000000e+00
-3.578400000000e-06	0.000000000000e+00	0.000000000000e+00	0.000000000000e+00
-3.578200000000e-06	0.000000000000e+00	0.000000000000e+00	0.000000000000e+00
-3.578000000000e-06	0.000000000000e+00	0.000000000000e+00	0.000000000000e+00
-3.577800000000e-06	0.000000000000e+00	0.000000000000e+00	0.000000000000e+00
-3.577600000000e-06	0.000000000000e+00	0.000000000000e+00	0.000000000000e+00
-3.577400000000e-06	0.000000000000e+00	0.000000000000e+00	0.000000000000e+00
-3.577200000000e-06	0.000000000000e+00	0.000000000000e+00	0.000000000000e+00
-3.577000000000e-06	0.000000000000e+00	0.000000000000e+00	0.000000000000e+00
-3.576800000000e-06	0.000000000000e+00	0.000000000000e+00	0.000000000000e+00
-3.576600000000e-06	0.000000000000e+00	0.000000000000e+00	0.000000000000e+00
-3.576400000000e-06	0.000000000000e+00	0.000000000000e+00	0.000000000000e+00
-3.576200000000e-06	0.000000000000e+00	0.000000000000e+00	0.000000000000e+00
-3.576000000000e-06	0.000000000000e+00	0.000000000000e+00	0.000000000000e+00
-3.575800000000e-06	0.000000000000e+00	0.000000000000e+00	0.000000000000e+00
-3.575600000000e-06	0.000000000000e+00	0.000000000000e+00	0.000000000000e+00
-3.575400000000e-06	0.000000000000e+00	0.000000000000e+00	0.000000000000e+00
-3.575200000000e-06	0.000000000000e+00	0.000000000000e+00	0.000000000000e+00
-3.575000000000e-06	0.000000000000e+00	0.000000000000e+00	0.000000000000e+00
-3.574800000000e-06	0.000000000000e+00	0.000000000000e+00	0.000000000000e+00
-3.574600000000e-06	0.000000000000e+00	0.000000000000e+00	0.000000000000e+00
-3.574400000000e-06	1.198299924030e-17	1.823321949607e-17	6.331661423537e-18
-3.574200000000e-06	-1.173081834921e-17	-1.795278677791e-17	-6.083101046801e-18
-3.574000000000e-06	-5.743046305872e-17	-8.672767556143e-17	-3.106845671339e-17
-3.573800000000e-06	-4.314300823843e-16	-6.557444464400e-16	-2.282380544279e-16
-3.573600000000e-06	3.816419093610e-16	5.890513962878e-16	1.914914882152e-16
-3.573400000000e-06	-3.047534716083e-15	-4.242375323052e-15	-2.059231865801e-15
-3.573200000000e-06	-2.998674123262e-15	-1.510614816641e-14	1.063737372527e-14
-3.573000000000e-06	5.972421006267e-15	1.339913974614e-14	-1.895342773191e-15
-3.572800000000e-06	4.396793451640e-15	6.876647355391e-15	2.130074298636e-15
-3.572600000000e-06	2.941596795409e-15	3.238736789448e-15	2.967656765344e-15
-3.572400000000e-06	7.797510501170e-15	1.328777201787e-14	2.426734800507e-15
-3.572200000000e-06	7.692916123250e-15	1.172947672666e-14	3.988258946936e-15
-3.572000000000e-06	7.459592555229e-15	1.796538215803e-14	-3.789486816092e-15
-3.571800000000e-06	-2.747953691568e-13	-7.092601293607e-13	1.980709263259e-13
-3.571600000000e-06	2.784981375349e-13	-4.616720333005e-13	1.176481824889e-12
-3.571400000000e-06	7.856382321751e-13	1.622809518150e-12	-9.353347330938e-14
-3.571200000000e-06	-3.208673561316e-13	-9.462764899163e-14	-6.248765295414e-13
-3.571000000000e-06	-7.425419765250e-14	-2.217622879268e-13	8.806726881266e-14
-3.570800000000e-06	-4.118714080683e-14	2.535809033876e-13	-3.901436799905e-13
-3.570600000000e-06	1.811287298823e-13	1.009575771774e-13	2.969173722359e-13
-3.570400000000e-06	-6.653922846340e-13	-1.299506659395e-12	-8.861595891135e-15
-3.570200000000e-06	-5.564107471638e-13	-3.054186636130e-13	-9.176851635834e-13
-3.570000000000e-06	-3.857629582266e-13	-2.105658895349e-13	-6.381431901110e-13
-3.569800000000e-06	-1.802954843514e-13	-1.191853746250e-13	-2.711691355099e-13
-3.569600000000e-06	1.470751757772e-15	-1.132459813018e-13	1.375525454602e-13
-3.569400000000e-06	-1.713468118490e-13	-1.963686999862e-13	-1.657658226843e-13
-3.569200000000e-06	-8.109733753983e-14	-1.440603111546e-13	-1.928524123133e-14
-3.569000000000e-06	2.544941590707e-13	4.891984220105e-13	1.347144185789e-14
-3.568800000000e-06	-2.908840086458e-14	-2.068562153197e-14	-4.171301977326e-14
-3.568600000000e-06	-3.930024561867e-14	1.142343132149e-14	-1.037677648800e-13
-3.568400000000e-06	2.836912554345e-13	4.110182228315e-13	1.673391495297e-13
-3.568200000000e-06	-8.133391792307e-14	-2.725406532992e-13	1.324486822206e-13
-3.568000000000e-06	1.907536719611e-14	1.968273577901e-13	-1.860997349073e-13
-3.567800000000e-06	-1.054571296267e-12	-1.443318063140e-12	-7.237384565340e-13
-3.567600000000e-06	-8.450653153524e-14	-1.793197452412e-13	1.652364585911e-14
-3.567400000000e-06	-3.654593890662e-14	2.135156558701e-13	-3.323862894020e-13
-3.567200000000e-06	3.175663805504e-13	2.335493816972e-13	4.515970900556e-13
-3.567000000000e-06	-6.968983343712e-13	-5.581388122241e-13	-9.404219250614e-13
-3.566800000000e-06	-1.102052044931e-12	-1.235243852776e-12	-1.074057782545e-12
-3.566600000000e-06	-3.471855070092e-13	-2.537555794838e-13	-4.954028842670e-13
-3.566400000000e-06	6.781089636985e-13	-3.059570598845e-13	1.898491101176e-12
-3.566200000000e-06	6.639787863474e-14	-1.510820690357e-12	1.902821543383e-12
-3.566000000000e-06	-1.218890985189e-12	-7.029345301057e-13	-1.942907332824e-12
-3.565800000000e-06	-8.189800775475e-13	-2.310930972840e-12	8.307239882866e-13
-3.565600000000e-06	8.300353686405e-13	2.966574322923e-12	-1.563069772939e-12
-3.565400000000e-06	-7.629602428860e-13	5.834867030988e-13	-2.416316106118e-12
-3.565200000000e-06	-2.931726782804e-12	-5.362077355503e-12	-4.307758484547e-13
-3.565000000000e-06	-2.322494383560e-12	-1.844629656270e-12	-3.148768763691e-12
-3.564800000000e-06	8.889964773977e-13	-6.009483516807e-13	2.727942754775e-12
-3.564600000000e-06	2.142325340070e-13	-2.451950559747e-13	7.572287161733e-13
-3.564400000000e-06	1.071299107968e-12	1.936663283181e-12	2.072974589363e-13
-3.564200000000e-06	-2.522837671220e-12	-4.125989409546e-12	-9.275394029326e-13
-3.564000000000e-06	-3.595457791556e-12	-5.484102601504e-12	-1.771325203095e-12
-3.563800000000e-06	-3.642352954885e-13	2.113520287164e-13	-1.053573979589e-12
-3.563600000000e-06	1.505185668133e-12	9.960494834622e-13	2.236007045117e-12
-3.563400000000e-06	-3.136715396339e-12	-4.347111092176e-12	-2.071129298243e-12
-3.563200000000e-06	6.032240269819e-13	9.672923675277e-13	2.058059739898e-13
-3.563000000000e-06	-8.494838628358e-13	-1.315904236696e-12	-4.046859635767e-13
-3.562800000000e-06	-1.075804651063e-12	-1.203102661958e-12	-1.028821956262e-12
-3.562600000000e-06	-5.661914021251e-13	-8.346193920450e-13	-3.168524769554e-13
-3.562400000000e-06	-9.709641564870e-13	-1.465082076194e-13	-2.015750607600e-12
-3.562200000000e-06	-1.334489689689e-12	-3.794587314942e-12	1.375858953055e-12
-3.562000000000e-06	-2.258167911816e-12	-5.209579880358e-12	9.616711471034e-13
-3.561800000000e-06	-3.023930748752e-14	-2.244784823755e-12	2.556338609631e-12
-3.561600000000e-06	-2.182429292630e-12	-2.708609158862e-12	-1.851590804698e-12
-3.561400000000e-06	-5.493176448357e-12	-7.763543491699e-12	-3.440688539127e-12
-3.561200000000e-06	9.205060914309e-13	3.157515410566e-12	-1.582489761737e-12
-3.561000000000e-06	-2.782109442037e-12	-2.449042063416e-12	-3.470457601257e-12
-3.560800000000e-06	-1.593673385758e-12	-2.325900337381e-12	-8.882058231947e-13
-3.560600000000e-06	-1.643874334790e-12	-6.297871328328e-12	3.632051420015e-12
-3.560400000000e-06	-1.997184626068e-12	-6.757179920373e-12	3.350845486471e-12
-3.560200000000e-06	-6.602906854908e-12	-7.600250818245e-12	-6.124653382788e-12
-3.560000000000e-06	-6.154531829524e-12	-1.195450291113e-11	-4.518068901052e-14
-3.559800000000e-06	-5.481445894718e-12	-3.790752524909e-12	-8.066602128370e-12
-3.559600000000e-06	2.050612081187e-12	1.563754854924e-12	2.844943272207e-12
-3.559400000000e-06	-2.050685943337e-12	-3.530946700687e-12	-5.325081379800e-13
-3.559200000000e-06	1.980825176083e-13	1.533743479897e-12	-1.339692939735e-12
-3.559000000000e-06	-3.458367470265e-12	-4.049394783889e-12	-3.103284628295e-12
-3.558800000000e-06	-7.945600281804e-12	-9.304908548836e-12	-7.176580650303e-12
-3.558600000000e-06	-5.216800881693e-12	-1.201631267759e-11	2.150260581926e-12
-3.558400000000e-06	3.270452037013e-13	1.494492524625e-12	-9.790334201145e-13
-3.558200000000e-06	-8.871626121284e-12	-1.085713725933e-11	-7.423372976730e-12
-3.558000000000e-06	-8.748165403941e-12	-1.427617785648e-11	-3.162678702868e-12
-3.557800000000e-06	-1.507625113555e-12	-2.340691780842e-12	-6.834818678438e-13
-3.557600000000e-06	-8.610388792657e-13	-3.576095555596e-12	2.279800869449e-12
-3.557400000000e-06	-1.014470979084e-11	-1.194899924692e-11	-9.053112744611e-12
-3.557200000000e-06	5.159475801923e-14	4.405943151493e-13	-4.056898215471e-13
-3.557000000000e-06	-5.318295712946e-12	-4.227390365452e-12	-7.082523482137e-12
-3.556800000000e-06	-6.263387610043e-13	4.409161670074e-13	-1.909909980550e-12
-3.556600000000e-06	-1.088575646287e-11	-1.198647584513e-11	-1.070499970700e-11
-3.556400000000e-06	-5.362102441662e-12	-6.722110669811e-12	-4.216209191828e-12
-3.556200000000e-06	-2.988268629443e-12	-7.337322284788e-12	1.812770915573e-12
-3.556000000000e-06	-1.003904699047e-11	-1.571062831035e-11	-4.387483655958e-12
-3.555800000000e-06	-1.785697910118e-11	-2.567603052773e-11	-1.039133941976e-11
-3.555600000000e-06	-2.946405757563e-12	-5.511110086462e-12	-1.946468889752e-13
-3.555400000000e-06	-1.113851960008e-11	-1.116471511147e-11	-1.214618984667e-11
-3.555200000000e-06	-9.534614049939e-12	-1.583221666028e-11	-3.073849376443e-12
-3.555000000000e-06	-1.520576762908e-11	-2.553219337442e-11	-4.595775195764e-12
-3.554800000000e-06	-1.331959825579e-11	-1.800612751086e-11	-8.981619625777e-12
-3.554600000000e-06	-4.539110876091e-12	-4.472020948119e-12	-5.072927660397e-12
-3.554400000000e-06	-4.863815892532e-12	-1.038913672847e-11	1.266791152862e-12
-3.554200000000e-06	-1.289837389589e-11	-1.086934918459e-11	-1.646229323347e-11
-3.554000000000e-06	-2.141702170917e-11	-3.961017216683e-11	-2.067679446117e-12
-3.553800000000e-06	-1.708695158806e-11	-1.573565686945e-11	-2.030957532362e-11
-3.553600000000e-06	-1.526875259988e-11	-3.483008986960e-11	6.310524324804e-12
-3.553400000000e-06	-8.419362455659e-12	-1.088251973041e-11	-6.263096180050e-12
-3.553200000000e-06	-1.054897081706e-11	-1.165466220057e-11	-1.019171940347e-11
-3.553000000000e-06	-1.587912258287e-11	-3.147822383915e-11	1.042164647511e-12
-3.552800000000e-06	-1.523110078042e-11	-3.021151271099e-11	8.386458552347e-13
-3.552600000000e-06	-2.115722157682e-11	-2.730615875184e-11	-1.578500178906e-11
-3.552400000000e-06	-1.219451118744e-11	-1.533203154901e-11	-9.474097942716e-12
-3.552200000000e-06	-1.911345895331e-11	-2.802038210433e-11	-1.034298753871e-11
-3.552000000000e-06	-1.063049978325e-11	-1.141892986977e-11	-1.068458363041e-11
-3.551800000000e-06	-3.166786207823e-11	-2.965532464461e-11	-3.673869502242e-11
-3.551600000000e-06	-1.099463485630e-11	-1.994240041022e-11	-1.491469119872e-12
-3.551400000000e-06	-1.170951755875e-11	-2.229996795122e-11	-3.141084221644e-13
-3.551200000000e-06	-3.002558026688e-11	-3.255907253759e-11	-2.972375299484e-11
-3.551000000000e-06	-3.250699790114e-11	-5.386260537313e-11	-1.034193538177e-11
-3.550800000000e-06	-3.461400939778e-11	-6.019906743205e-11	-7.661648345956e-12
-3.550600000000e-06	-1.468670412132e-11	-2.621146882231e-11	-2.304071358745e-12
-3.550400000000e-06	-3.704972332250e-11	-5.235545822652e-11	-2.174958603096e-11
-3.550200000000e-06	-3.225491524734e-11	-3.805413623995e-11	-2.826841349422e-11
-3.550000000000e-06	-3.527697815075e-11	-5.752683830589e-11	-1.217021342554e-11
-3.549800000000e-06	-4.552826151470e-11	-7.259601365016e-11	-1.745865081521e-11
-3.549600000000e-06	-3.379925841641e-11	-4.584511335042e-11	-2.239237402505e-11
-3.549400000000e-06	-3.753078359831e-11	-6.123563734813e-11	-1.266433278826e-11
-3.549200000000e-06	-2.003710162937e-11	-1.580265509611e-11	-2.658415844358e-11
-3.549000000000e-06	-1.214656000049e-11	-3.417206447958e-11	1.286997341058e-11
-3.548800000000e-06	-3.595372786598e-11	-3.994372746457e-11	-3.422202816540e-11
-3.548600000000e-06	-2.100557727933e-11	-4.979419827482e-11	1.070779728590e-11
-3.548400000000e-06	-5.868938748221e-11	-7.308518184792e-11	-4.630593100083e-11
-3.548200000000e-06	-1.783904070865e-11	-1.966466179965e-11	-1.705330424558e-11
-3.548000000000e-06	-6.150385584573e-11	-8.127969368582e-11	-4.322715496205e-11
-3.547800000000e-06	-6.349588426452e-11	-1.166253971245e-10	-6.066055060221e-12
-3.547600000000e-06	-6.110623621770e-11	-8.890138210100e-11	-3.344625710203e-11
-3.547400000000e-06	-3.951355856155e-11	-5.640500790486e-11	-2.265843863778e-11
-3.547200000000e-06	-3.874358507951e-11	-6.627243396840e-11	-9.049727043323e-12
-3.547000000000e-06	-3.902827425850e-11	-2.714578832249e-11	-5.629510968547e-11
-3.546800000000e-06	-4.839807294141e-11	-5.389033802489e-11	-4.569742454230e-11
-3.546600000000e-06	-2.872373877894e-11	-7.719338655458e-11	2.609901086477e-11
-3.546400000000e-06	-8.413866466695e-11	-1.182320273570e-10	-5.031437154563e-11
-3.546200000000e-06	-7.896737732723e-11	-1.135357989769e-10	-4.457023850238e-11
-3.546000000000e-06	-4.682859515461e-11	-7.017254878620e-11	-2.267624954051e-11
-3.545800000000e-06	-6.351289869773e-11	-8.685965353705e-11	-4.098586206484e-11
-3.545600000000e-06	-5.723217334159e-11	-9.649250701866e-11	-1.541092692038e-11
-3.545400000000e-06	-4.319319733238e-11	-6.470880332113e-11	-2.081818669338e-11
-3.545200000000e-06	-6.119849078514e-11	-9.255335969780e-11	-2.290753019777e-11
-3.545000000000e-06	-6.348823489077e-11	-9.701485043692e-11	-2.937507939736e-11
-3.544800000000e-06	-1.222067309767e-10	-2.055384697294e-10	-3.286347244225e-11
-3.544600000000e-06	-8.920213629123e-11	-1.011944760486e-10	-8.166923836425e-11
-3.544400000000e-06	-6.721193169180e-11	-7.735240686018e-11	-6.103085489379e-11
-3.544200000000e-06	-4.069570661023e-11	-6.935781588359e-11	-9.560680844239e-12
-3.544000000000e-06	-7.576974360173e-11	-1.203624100637e-10	-2.688160600463e-11
-3.543800000000e-06	-9.118468908742e-11	-1.222792374313e-10	-6.247050799342e-11
-3.543600000000e-06	-8.184223054764e-11	-1.062657802829e-10	-6.026819181857e-11
-3.543400000000e-06	-3.959498975442e-11	-5.922853041360e-11	-2.023627624697e-11
-3.543200000000e-06	-1.087667024944e-10	-1.841138021871e-10	-2.795511424575e-11
-3.543000000000e-06	-1.120050619521e-10	-1.064217751047e-10	-1.263334660612e-10
-3.542800000000e-06	-8.380429148124e-11	-1.406446851931e-10	-2.232682727151e-11
-3.542600000000e-06	-9.618753107835e-11	-1.530350350673e-10	-3.648866961548e-11
-3.542400000000e-06	-1.061300941997e-10	-1.417688441560e-10	-7.138718006994e-11
-3.542200000000e-06	-1.254294218625e-10	-1.439490048347e-10	-1.110246834466e-10
-3.542000000000e-06	-1.135122795172e-10	-1.557955270550e-10	-7.352147355611e-11
-3.541800000000e-06	-1.010231591009e-10	-1.539082642440e-10	-4.576475160185e-11
-3.541600000000e-06	-8.158997067405e-11	-1.539594210671e-10	-1.673379121951e-12
-3.541400000000e-06	-1.195095652315e-10	-2.045403415032e-10	-2.727754176058e-11
-3.541200000000e-06	-1.220051566160e-10	-1.644008058200e-10	-8.025031485121e-11
-3.541000000000e-06	-1.191501974512e-10	-2.210240136491e-10	-7.178472376960e-12
-3.540800000000e-06	-9.446193886331e-11	-1.219481370723e-10	-6.792269629871e-11
-3.540600000000e-06	-1.454174051598e-10	-1.886634396204e-10	-1.046280063569e-10
-3.540400000000e-06	-1.625080184394e-10	-2.658234392431e-10	-5.082381057726e-11
-3.540200000000e-06	-1.109550080894e-10	-1.531623339365e-10	-6.762370854147e-11
-3.540000000000e-06	-1.353262975683e-10	-2.094294024359e-10	-5.664601382375e-11
-3.539800000000e-06	-1.726472376035e-10	-2.131994295514e-10	-1.358594968566e-10
-3.539600000000e-06	-1.288870290425e-10	-1.513141610451e-10	-1.102977107045e-10
-3.539400000000e-06	-1.794183253370e-10	-2.791988840387e-10	-7.280385816582e-11
-3.539200000000e-06	-1.169250603167e-10	-1.644154384037e-10	-6.780108592247e-11
-3.539000000000e-06	-1.493134025522e-10	-2.165722568874e-10	-7.887318891562e-11
-3.538800000000e-06	-1.521885359894e-10	-2.107161851239e-10	-9.308560613152e-11
-3.538600000000e-06	-2.000796202602e-10	-2.998839117274e-10	-9.396174732667e-11
-3.538400000000e-06	-1.466165750577e-10	-2.250679620027e-10	-6.265695364467e-11
-3.538200000000e-06	-2.667511374159e-10	-3.556750769581e-10	-1.774406986678e-10
-3.538000000000e-06	-9.639870894581e-11	-1.369354645665e-10	-5.454135114697e-11
-3.537800000000e-06	-1.949325163337e-10	-2.782702528287e-10	-1.074780478521e-10
-3.537600000000e-06	-1.459026832591e-10	-2.674802675413e-10	-1.109879249549e-11
-3.537400000000e-06	-1.851607030337e-10	-2.824880710366e-10	-8.086106808370e-11
-3.537200000000e-06	-1.652922694838e-10	-2.297758059611e-10	-9.865075664649e-11
-3.537000000000e-06	-1.873273381027e-10	-2.297192383791e-10	-1.476429871161e-10
-3.536800000000e-06	-2.106272675652e-10	-3.004137428697e-10	-1.169091020028e-10
-3.536600000000e-06	-2.178041992071e-10	-3.204794430170e-10	-1.087242100025e-10
-3.536400000000e-06	-3.281875028393e-10	-4.793142173943e-10	-1.683488981816e-10
-3.536200000000e-06	-2.061103346529e-10	-3.046747092612e-10	-1.012314132899e-10
-3.536000000000e-06	-1.818555244065e-10	-2.129515825326e-10	-1.546944786295e-10
-3.535800000000e-06	-2.883501123419e-10	-4.068250024677e-10	-1.645043176754e-10
-3.535600000000e-06	-2.135890856469e-10	-3.036951649610e-10	-1.182951865176e-10
-3.535400000000e-06	-1.968772638790e-10	-3.309709616437e-10	-4.863514453531e-11
-3.535200000000e-06	-3.744424705246e-10	-5.153800792510e-10	-2.274058934330e-10
-3.535000000000e-06	-2.452690710407e-10	-2.647580899370e-10	-2.343816549065e-10
-3.534800000000e-06	-2.251141086726e-10	-4.024903018910e-10	-2.694961646911e-11
-3.534600000000e-06	-2.107256657523e-10	-3.173904156723e-10	-9.609665279126e-11
-3.534400000000e-06	-3.128847825994e-10	-4.911440393579e-10	-1.182029626546e-10
-3.534200000000e-06	-2.135761996740e-10	-2.512809485095e-10	-1.797180371595e-10
-3.534000000000e-06	-3.625956285068e-10	-5.622579153394e-10	-1.445775519561e-10
-3.533800000000e-06	-3.122284891404e-10	-4.362621601674e-10	-1.806992809131e-10
-3.533600000000e-06	-2.741458177177e-10	-3.869376249550e-10	-1.542258071530e-10
-3.533400000000e-06	-2.625091905518e-10	-4.113770743422e-10	-9.979735187584e-11
-3.533200000000e-06	-3.130833788499e-10	-4.687790510953e-10	-1.433884367193e-10
-3.533000000000e-06	-3.206541580449e-10	-4.411146237417e-10	-1.946166594020e-10
-3.532800000000e-06	-3.154728843399e-10	-4.770451016531e-10	-1.396946882122e-10
-3.532600000000e-06	-3.272760732160e-10	-5.271030542442e-10	-1.068551787560e-10
-3.532400000000e-06	-3.489060666745e-10	-4.874856431784e-10	-2.016756844888e-10
-3.532200000000e-06	-3.780589345972e-10	-5.708390776019e-10	-1.669593420541e-10
-3.532000000000e-06	-3.246971304263e-10	-4.362555060098e-10	-2.079545525065e-10
-3.531800000000e-06	-3.402431693466e-10	-4.025590615302e-10	-2.820346716699e-10
-3.531600000000e-06	-4.144399608783e-10	-6.135930592655e-10	-1.969016954433e-10
-3.531400000000e-06	-3.318029388440e-10	-4.870266990933e-10	-1.632463593247e-10
-3.531200000000e-06	-4.658461356659e-10	-6.451492942522e-10	-2.738129734436e-10
-3.531000000000e-06	-3.321562334479e-10	-5.483134576373e-10	-9.085316362087e-11
-3.530800000000e-06	-3.852819456479e-10	-5.038556965078e-10	-2.626143770896e-10
-3.530600000000e-06	-3.621503810303e-10	-5.253218758292e-10	-1.841297400128e-10
-3.530400000000e-06	-4.090541773687e-10	-4.964667129198e-10	-3.226002629255e-10
-3.530200000000e-06	-4.082010014768e-10	-5.989519581330e-10	-1.999619674853e-10
-3.530000000000e-06	-4.419493066648e-10	-6.589387059878e-10	-2.039414307706e-10
-3.529800000000e-06	-4.685560077426e-10	-6.401702739260e-10	-2.848482917577e-10
-3.529600000000e-06	-3.794741838224e-10	-5.888651219417e-10	-1.459093175386e-10
-3.529400000000e-06	-4.266772182165e-10	-5.615794416571e-10	-2.840691198037e-10
-3.529200000000e-06	-4.449109339784e-10	-6.167147624088e-10	-2.598237268163e-10
-3.529000000000e-06	-4.993196285123e-10	-7.833552015463e-10	-1.829569418833e-10
-3.528800000000e-06	-3.350625326169e-10	-5.105165104443e-10	-1.398724311469e-10
-3.528600000000e-06	-6.814239743615e-10	-9.296745278707e-10	-4.138058493046e-10
-3.528400000000e-06	-4.921533483109e-10	-6.742522625642e-10	-2.962758956934e-10
-3.528200000000e-06	-4.772879893768e-10	-7.354897060113e-10	-1.890639616761e-10
-3.528000000000e-06	-4.773001146384e-10	-6.846639255450e-10	-2.506488964960e-10
-3.527800000000e-06	-6.535394986052e-10	-8.382132246794e-10	-4.584811254442e-10
-3.527600000000e-06	-4.577294230924e-10	-5.805188496473e-10	-3.294577109560e-10
-3.527400000000e-06	-4.523624152452e-10	-6.644817847162e-10	-2.180473445543e-10
-3.527200000000e-06	-5.925420028739e-10	-9.996825114720e-10	-1.313515324508e-10
-3.527000000000e-06	-6.113156735885e-10	-8.780984770099e-10	-3.175216864647e-10
-3.526800000000e-06	-5.005322794114e-10	-6.602031897764e-10	-3.289385452692e-10
-3.526600000000e-06	-4.957734525361e-10	-8.011125783524e-10	-1.511720488962e-10
-3.526400000000e-06	-7.508013864494e-10	-1.011258974230e-09	-4.684874878654e-10
-3.526200000000e-06	-7.211895193644e-10	-1.008138983366e-09	-4.055397430107e-10
-3.526000000000e-06	-4.935250627919e-10	-6.353055288325e-10	-3.422644254252e-10
-3.525800000000e-06	-6.811606033387e-10	-8.964689908172e-10	-4.485741322480e-10
-3.525600000000e-06	-4.788352320791e-10	-7.630121053312e-10	-1.561686833910e-10
-3.525400000000e-06	-6.626162263748e-10	-9.069116317823e-10	-3.929789432932e-10
-3.525200000000e-06	-7.550628582346e-10	-9.197992416923e-10	-5.858053345466e-10
-3.525000000000e-06	-6.100539545806e-10	-8.255992037162e-10	-3.737180841497e-10
-3.524800000000e-06	-5.653089523571e-10	-8.230088724529e-10	-2.771980972361e-10
-3.524600000000e-06	-6.391013504648e-10	-9.976444645183e-10	-2.327000707808e-10
-3.524400000000e-06	-5.563902070836e-10	-8.677055907397e-10	-2.026423563635e-10
-3.524200000000e-06	-6.853185367514e-10	-8.892433034478e-10	-4.668032691867e-10
-3.524000000000e-06	-7.497282956755e-10	-9.880415010471e-10	-4.889712820746e-10
-3.523800000000e-06	-6.483689305771e-10	-9.530391849417e-10	-3.064790671495e-10
-3.523600000000e-06	-7.680590319021e-10	-1.210631082073e-09	-2.640841035562e-10
-3.523400000000e-06	-7.597603690044e-10	-1.063101129404e-09	-4.215148455049e-10
-3.523200000000e-06	-6.743854771187e-10	-9.273111323591e-10	-3.925875330010e-10
-3.523000000000e-06	-6.428901868748e-10	-9.949012876408e-10	-2.412079398500e-10
-3.522800000000e-06	-7.955568432297e-10	-1.169912228734e-09	-3.723760587009e-10
-3.522600000000e-06	-6.504823650531e-10	-8.500637513606e-10	-4.313886011952e-10
-3.522400000000e-06	-8.328439478100e-10	-1.084910327060e-09	-5.558402178304e-10
-3.522200000000e-06	-7.327026022726e-10	-1.182030838893e-09	-2.176425240885e-10
-3.522000000000e-06	-6.869624273101e-10	-9.603832148132e-10	-3.780924517815e-10
-3.521800000000e-06	-8.432274873805e-10	-1.125062306139e-09	-5.307671844773e-10
-3.521600000000e-06	-7.848612939807e-10	-1.135002566377e-09	-3.883613654444e-10
-3.521400000000e-06	-8.545045791132e-10	-1.232533054341e-09	-4.262330163685e-10
-3.521200000000e-06	-8.727000819108e-10	-1.271959686633e-09	-4.190957934612e-10
-3.521000000000e-06	-6.999828072622e-10	-9.933441034981e-10	-3.655305836236e-10
-3.520800000000e-06	-9.033886697380e-10	-1.270817171970e-09	-4.886797356941e-10
-3.520600000000e-06	-6.908151544498e-10	-9.901311174901e-10	-3.505207717649e-10
-3.520400000000e-06	-9.770397130565e-10	-1.404494460280e-09	-4.919297409084e-10
-3.520200000000e-06	-8.391458188783e-10	-1.233889196708e-09	-3.896235313590e-10
-3.520000000000e-06	-7.234827931049e-10	-7.675943150093e-10	-6.876217992470e-10
-3.519800000000e-06	-9.686753906563e-10	-1.544327124632e-09	-3.048364029993e-10
-3.519600000000e-06	-9.424432342479e-10	-1.297700534068e-09	-5.374069295903e-10
-3.519400000000e-06	-1.123437375213e-09	-1.537488996366e-09	-6.527599450293e-10
-3.519200000000e-06	-9.349051622213e-10	-1.229701303750e-09	-6.024939663910e-10
-3.519000000000e-06	-8.685058608119e-10	-1.247716378774e-09	-4.350678913897e-10
-3.518800000000e-06	-9.203759980943e-10	-1.422126520965e-09	-3.391453955417e-10
-3.518600000000e-06	-1.041073017250e-09	-1.324144103904e-09	-7.244977535876e-10
-3.518400000000e-06	-8.257337718337e-10	-1.141933517090e-09	-4.670547516266e-10
-3.518200000000e-06	-8.890652030472e-10	-1.195629211640e-09	-5.401861012219e-10
-3.518000000000e-06	-9.375926520231e-10	-1.405927383012e-09	-3.950961919511e-10
-3.517800000000e-06	-9.474187286709e-10	-1.423740511831e-09	-3.966939105398e-10
-3.517600000000e-06	-1.006438714396e-09	-1.359513283586e-09	-6.030763385504e-10
-3.517400000000e-06	-1.000177063945e-09	-1.482986410632e-09	-4.412667334213e-10
-3.517200000000e-06	-8.915475395941e-10	-1.330203132473e-09	-3.829588766985e-10
-3.517000000000e-06	-9.547709173759e-10	-1.365892522494e-09	-4.814260217644e-10
-3.516800000000e-06	-9.012022425199e-10	-1.372957403584e-09	-3.531471047166e-10
-3.516600000000e-06	-9.736899870599e-10	-1.409606359002e-09	-4.678319316040e-10
-3.516400000000e-06	-9.410935235531e-10	-1.336450144081e-09	-4.817353246610e-10
-3.516200000000e-06	-1.049005700701e-09	-1.577728343156e-09	-4.297527567456e-10
-3.516000000000e-06	-9.945152765641e-10	-1.383695933013e-09	-5.450006588102e-10
-3.515800000000e-06	-1.051227422699e-09	-1.485445129751e-09	-5.482066888027e-10
-3.515600000000e-06	-1.064301588152e-09	-1.656763271329e-09	-3.744056167403e-10
-3.515400000000e-06	-1.070211381276e-09	-1.603364197410e-09	-4.476408465301e-10
-3.515200000000e-06	-1.328090863127e-09	-1.703252708591e-09	-8.962707285806e-10
-3.515000000000e-06	-1.269792508839e-09	-1.630675292024e-09	-8.540090275378e-10
-3.514800000000e-06	-1.209617155145e-09	-1.744758852005e-09	-5.849861062104e-10
-3.514600000000e-06	-1.128366503978e-09	-1.611891594270e-09	-5.626119723760e-10
-3.514400000000e-06	-1.045079595820e-09	-1.502212641202e-09	-5.095753624824e-10
-3.514200000000e-06	-1.501156225788e-09	-1.996324758046e-09	-9.265427806109e-10
-3.514000000000e-06	-1.095727442371e-09	-1.608952402946e-09	-4.947466955117e-10
-3.513800000000e-06	-9.348822322275e-10	-1.444152682037e-09	-3.342949059588e-10
-3.513600000000e-06	-1.318639211734e-09	-1.772021523877e-09	-7.900874310508e-10
-3.513400000000e-06	-1.344117133696e-09	-1.678520820848e-09	-9.553689920614e-10
-3.513200000000e-06	-1.043633689145e-09	-1.519152417333e-09	-4.836407169432e-10
-3.513000000000e-06	-1.170514034653e-09	-1.778768530530e-09	-4.534582903464e-10
-3.512800000000e-06	-1.330837373997e-09	-1.953646748323e-09	-5.949641498269e-10
-3.512600000000e-06	-1.082595012205e-09	-1.573120319371e-09	-5.034070099490e-10
-3.512400000000e-06	-1.189985610543e-09	-1.584547807472e-09	-7.252543110976e-10
-3.512200000000e-06	-1.126121021248e-09	-1.545908427416e-09	-6.344872416757e-10
-3.512000000000e-06	-1.130151054210e-09	-1.581371687193e-09	-5.994907830111e-10
-3.511800000000e-06	-1.258108187000e-09	-1.620656150605e-09	-8.315391000246e-10
-3.511600000000e-06	-1.404145572652e-09	-2.013628602880e-09	-6.856026395818e-10
-3.511400000000e-06	-1.261425364685e-09	-1.781729651468e-09	-6.447190630479e-10
-3.511200000000e-06	-1.303043035680e-09	-1.602352052232e-09	-9.496666518057e-10
-3.511000000000e-06	-1.154405801104e-09	-1.571934784691e-09	-6.588648706629e-10
-3.510800000000e-06	-1.171810147133e-09	-1.623015672468e-09	-6.356699811851e-10
-3.510600000000e-06	-1.332010330297e-09	-2.137797427667e-09	-3.729712739214e-10
-3.510400000000e-06	-1.236675390981e-09	-1.610618614949e-09	-7.915555684344e-10
-3.510200000000e-06	-1.424156186039e-09	-2.050198960644e-09	-6.806582309508e-10
-3.510000000000e-06	-1.219686912241e-09	-1.653386611983e-09	-7.000104634704e-10
-3.509800000000e-06	-1.140166760010e-09	-1.561489534468e-09	-6.347091504988e-10
-3.509600000000e-06	-1.485355346230e-09	-2.246332485577e-09	-5.766334274150e-10
-3.509400000000e-06	-1.283820429099e-09	-1.987398524869e-09	-4.433109976422e-10
-3.509200000000e-06	-1.390507711538e-09	-1.836579184836e-09	-8.556168590408e-10
-3.509000000000e-06	-1.440202557717e-09	-2.045966288066e-09	-7.153421244875e-10
-3.508800000000e-06	-1.472950976058e-09	-1.993819977788e-09	-8.490793506871e-10
-3.508600000000e-06	-1.215613788234e-09	-1.841938837322e-09	-4.628393761729e-10
-3.508400000000e-06	-1.392822551354e-09	-2.018432158642e-09	-6.422169715036e-10
-3.508200000000e-06	-1.317141620315e-09	-1.701597800862e-09	-8.537858506431e-10
-3.508000000000e-06	-1.516405698017e-09	-1.854913441324e-09	-1.108567140079e-09
-3.507800000000e-06	-1.136671679289e-09	-1.673673951832e-09	-4.876834060797e-10
-3.507600000000e-06	-1.549974025690e-09	-2.260944833944e-09	-6.931264593344e-10
-3.507400000000e-06	-1.229439068505e-09	-1.699311335735e-09	-6.600745168500e-10
-3.507200000000e-06	-1.551594309781e-09	-1.984512432156e-09	-1.027337420096e-09
-3.507000000000e-06	-1.571258022106e-09	-2.153390381203e-09	-8.660425845034e-10
-3.506800000000e-06	-1.389831318735e-09	-1.855430184426e-09	-8.252675240065e-10
-3.506600000000e-06	-1.237373592955e-09	-1.757115566922e-09	-6.060620667414e-10
-3.506400000000e-06	-1.384668968959e-09	-2.122449220719e-09	-4.909624585536e-10
-3.506200000000e-06	-1.435334824552e-09	-1.939738497397e-09	-8.230677818209e-10
-3.506000000000e-06	-1.730021754022e-09	-2.225064695236e-09	-1.124538328380e-09
-3.505800000000e-06	-1.577167903450e-09	-2.042679141587e-09	-1.008396546078e-09
-3.505600000000e-06	-1.712349365812e-09	-2.356944484517e-09	-9.302751712930e-10
-3.505400000000e-06	-1.456754162728e-09	-2.075996773384e-09	-7.033636357125e-10
-3.505200000000e-06	-1.195416200850e-09	-1.808329978239e-09	-4.484314951305e-10
-3.505000000000e-06	-1.387456254601e-09	-1.939693150069e-09	-7.108385043993e-10
-3.504800000000e-06	-1.666015911906e-09	-2.208220556614e-09	-9.971986608301e-10
-3.504600000000e-06	-1.515832649014e-09	-2.126258482017e-09	-7.677357018931e-10
-3.504400000000e-06	-1.550672002482e-09	-2.192690059887e-09	-7.619944404513e-10
-3.504200000000e-06	-1.377338620225e-09	-1.740119306997e-09	-9.258691790358e-10
-3.504000000000e-06	-1.475452796956e-09	-2.062507451401e-09	-7.519670319473e-10
-3.503800000000e-06	-1.463840357328e-09	-2.354811114324e-09	-3.804639338430e-10
-3.503600000000e-06	-1.878903943730e-09	-2.658880663027e-09	-9.212093596147e-10
-3.503400000000e-06	-1.546908809990e-09	-2.053128438275e-09	-9.220675877664e-10
-3.503200000000e-06	-1.733509429745e-09	-2.329997137772e-09	-9.949777803469e-10
-3.503000000000e-06	-1.381775865129e-09	-2.099925031687e-09	-4.965245603441e-10
-3.502800000000e-06	-1.384949892643e-09	-1.996847978713e-09	-6.280397899042e-10
-3.502600000000e-06	-1.618772099396e-09	-2.228920162941e-09	-8.603162601595e-10
-3.502400000000e-06	-1.583570695194e-09	-2.191252175791e-09	-8.299673606099e-10
-3.502200000000e-06	-1.559793369215e-09	-1.785268393771e-09	-1.262490972729e-09
-3.502000000000e-06	-1.408561495237e-09	-2.130675575946e-09	-5.176950468976e-10
-3.501800000000e-06	-1.397820796751e-09	-1.934623079099e-09	-7.242703759040e-10
-3.501600000000e-06	-1.504342252211e-09	-1.966689819945e-09	-9.244090808540e-10
-3.501400000000e-06	-1.770751640687e-09	-2.339676804573e-09	-1.057206456948e-09
-3.501200000000e-06	-1.470758635713e-09	-2.141720082594e-09	-6.370298901126e-10
-3.501000000000e-06	-1.641403126886e-09	-2.288648278905e-09	-8.317571037667e-10
-3.500800000000e-06	-1.586280278529e-09	-2.392478391600e-09	-5.883847076102e-10
-3.500600000000e-06	-1.738974562704e-09	-2.208682121783e-09	-1.138757137918e-09
-3.500400000000e-06	-1.192335278643e-09	-1.508572876415e-09	-7.817853611337e-10
-3.500200000000e-06	-1.759737482029e-09	-2.693683530162e-09	-5.987401856920e-10
-3.500000000000e-06	-1.577759706996e-09	-2.242799288101e-09	-7.429127637997e-10
-3.499800000000e-06	-1.829882217475e-09	-2.621749860166e-09	-8.393627632859e-10
-3.499600000000e-06	-1.461357102222e-09	-1.896385936049e-09	-9.055281948599e-10
-3.499400000000e-06	-1.665988069437e-09	-2.386591287881e-09	-7.588993270731e-10
-3.499200000000e-06	-1.529557529324e-09	-2.279108677945e-09	-5.896416617233e-10
-3.499000000000e-06	-1.695395012554e-09	-2.111174126337e-09	-1.152071473996e-09
-3.498800000000e-06	-1.944098802269e-09	-2.850536387148e-09	-8.066870131276e-10
-3.498600000000e-06	-1.658732156294e-09	-2.334294539342e-09	-8.057093099686e-10
-3.498400000000e-06	-1.528555117050e-09	-2.124064070030e-09	-7.737980224053e-10
-3.498200000000e-06	-1.680838143569e-09	-2.362701438318e-09	-8.153143649562e-10
-3.498000000000e-06	-1.279651536028e-09	-1.697052743809e-09	-7.406088800322e-10
-3.497800000000e-06	-1.602413471084e-09	-2.059185050047e-09	-1.008467238066e-09
-3.497600000000e-06	-1.681744163039e-09	-2.159696935226e-09	-1.063537784776e-09
-3.497400000000e-06	-1.866663260806e-09	-2.601499204424e-09	-9.333712574878e-10
-3.497200000000e-06	-1.362125923944e-09	-1.822454440278e-09	-7.654031403512e-10
-3.497000000000e-06	-1.814835698933e-09	-2.368857339142e-09	-1.092899820495e-09
-3.496800000000e-06	-1.492024286093e-09	-1.968493792243e-09	-8.697792388862e-10
-3.496600000000e-06	-1.953837311900e-09	-2.660012216568e-09	-1.049283763834e-09
-3.496400000000e-06	-1.748350194592e-09	-2.172401224987e-09	-1.186899624878e-09
-3.496200000000e-06	-1.698610953789e-09	-2.274757353798e-09	-9.542498551825e-10
-3.496000000000e-06	-1.506716619097e-09	-2.044387199194e-09	-8.086182456104e-10
-3.495800000000e-06	-1.704489005045e-09	-2.610733172973e-09	-5.603265816516e-10
-3.495600000000e-06	-1.743111208640e-09	-2.228396698504e-09	-1.105073027087e-09
-3.495400000000e-06	-1.643404288427e-09	-2.168364610592e-09	-9.563038479208e-10
-3.495200000000e-06	-1.360257708876e-09	-2.054331852900e-09	-4.744746032101e-10
-3.495000000000e-06	-1.629087144255e-09	-2.518100565932e-09	-4.960925715977e-10
-3.494800000000e-06	-1.807393262738e-09	-2.317740052169e-09	-1.128223280037e-09
-3.494600000000e-06	-1.532788117680e-09	-2.088795107416e-09	-8.096061811682e-10
-3.494400000000e-06	-1.616079245019e-09	-2.411308927947e-09	-5.906961035063e-10
-3.494200000000e-06	-1.877020055161e-09	-2.626435575180e-09	-9.084989166244e-10
-3.494000000000e-06	-1.590172394613e-09	-2.242690234220e-09	-7.490401450120e-10
-3.493800000000e-06	-1.747881465705e-09	-2.342342195885e-09	-9.690401508080e-10
-3.493600000000e-06	-1.525986243075e-09	-2.034073360529e-09	-8.535703703588e-10
-3.493400000000e-06	-1.584820888686e-09	-1.929249821949e-09	-1.105189735290e-09
-3.493200000000e-06	-1.873523283153e-09	-2.562429138241e-09	-9.734085318749e-10
-3.493000000000e-06	-1.439712367134e-09	-2.217526555130e-09	-4.425068324473e-10
-3.492800000000e-06	-1.806954832886e-09	-2.427062217925e-09	-9.871142344649e-10
-3.492600000000e-06	-1.607134023859e-09	-2.412443725900e-09	-5.710018593128e-10
-3.492400000000e-06	-1.275250314468e-09	-1.876845685995e-09	-4.926001739914e-10
-3.492200000000e-06	-1.788218081293e-09	-2.360641196752e-09	-1.018200177448e-09
-3.492000000000e-06	-1.573928258727e-09	-2.233154982280e-09	-7.109324154342e-10
-3.491800000000e-06	-1.791068578784e-09	-2.303402984513e-09	-1.098472303944e-09
-3.491600000000e-06	-1.806543926514e-09	-2.468574098274e-09	-9.267577778709e-10
-3.491400000000e-06	-1.586598553580e-09	-2.271520956729e-09	-6.937228003033e-10
-3.491200000000e-06	-1.918882046470e-09	-2.748754061323e-09	-8.351237604770e-10
-3.491000000000e-06	-1.460480521342e-09	-1.856801796688e-09	-9.149777790466e-10
-3.490800000000e-06	-1.645335458805e-09	-2.417742524382e-09	-6.419552015398e-10
-3.490600000000e-06	-1.561637692055e-09	-2.036490952602e-09	-9.165549245357e-10
-3.490400000000e-06	-1.696464826030e-09	-2.280387773200e-09	-9.128245125790e-10
-3.490200000000e-06	-1.820884710824e-09	-2.490866052549e-09	-9.314263805312e-10
-3.490000000000e-06	-1.505105327433e-09	-2.395410465423e-09	-3.574143233192e-10
-3.489800000000e-06	-1.478397117878e-09	-1.928563733397e-09	-8.565187314997e-10
-3.489600000000e-06	-1.395226230246e-09	-1.951976053932e-09	-6.486121237603e-10
-3.489400000000e-06	-1.742283991652e-09	-2.459393052298e-09	-7.922365278351e-10
-3.489200000000e-06	-1.583594581520e-09	-2.017778262405e-09	-9.724695630592e-10
-3.489000000000e-06	-1.739650588796e-09	-2.537407045171e-09	-6.921259461816e-10
-3.488800000000e-06	-1.623941694413e-09	-2.165054515590e-09	-8.887057734737e-10
-3.488600000000e-06	-1.811127160896e-09	-2.308845539738e-09	-1.116454462655e-09
-3.488400000000e-06	-1.734033737000e-09	-2.082533530820e-09	-1.223109130137e-09
-3.488200000000e-06	-1.448673955682e-09	-1.958627708334e-09	-7.568470212663e-10
-3.488000000000e-06	-1.759928134106e-09	-2.563513894172e-09	-6.943859823761e-10
-3.487800000000e-06	-1.816335671377e-09	-2.568544527771e-09	-8.153314721768e-10
-3.487600000000e-06	-1.535470456818e-09	-1.872533972820e-09	-1.046331346040e-09
-3.487400000000e-06	-1.472121491348e-09	-1.990231133555e-09	-7.587737474672e-10
-3.487200000000e-06	-1.528282408082e-09	-2.221490973966e-09	-6.068523918511e-10
-3.487000000000e-06	-1.420709421349e-09	-1.856573808541e-09	-8.088337294115e-10
-3.486800000000e-06	-1.556544512857e-09	-2.232476538103e-09	-6.506961430338e-10
-3.486600000000e-06	-1.557849048243e-09	-1.911006882934e-09	-1.037971900281e-09
-3.486400000000e-06	-1.451662272652e-09	-2.371502976725e-09	-2.535213820165e-10
-3.486200000000e-06	-1.515560245162e-09	-2.052622676713e-09	-7.762521126879e-10
-3.486000000000e-06	-1.524822251177e-09	-1.975074428816e-09	-8.899664851014e-10
-3.485800000000e-06	-2.169361935395e-09	-2.939290692617e-09	-1.117598648984e-09
