1.154620000000e-05	0.000000000000e+00	0.000000000000e+00	0.000000000000e+00
1.154640000000e-05	0.000000000000e+00	0.000000000000e+00	0.000000000000e+00
1.154660000000e-05	0.000000000000e+00	0.000000000000e+00	0.000000000000e+00
1.154680000000e-05	0.000000000000e+00	0.000000000000e+00	0.000000000000e+00
1.154700000000e-05	0.000000000000e+00	0.000000000000e+00	0.000000000000e+00
1.154720000000e-05	0.000000000000e+00	0.000000000000e+00	0.000000000000e+00
1.154740000000e-05	0.000000000000e+00	0.000000000000e+00	0.000000000000e+00
1.154760000000e-05	0.000000000000e+00	0.000000000000e+00	0.000000000000e+00
1.154780000000e-05	0.000000000000e+00	0.000000000000e+00	0.000000000000e+00
1.154800000000e-05	0.000000000000e+00	0.000000000000e+00	0.000000000000e+00
1.154820000000e-05	0.000000000000e+00	0.000000000000e+00	0.000000000000e+00
1.154840000000e-05	0.000000000000e+00	0.000000000000e+00	0.000000000000e+00
1.154860000000e-05	0.000000000000e+00	0.000000000000e+00	0.000000000000e+00
1.154880000000e-05	0.000000000000e+00	0.000000000000e+00	0.000000000000e+00
1.154900000000e-05	0.000000000000e+00	0.000000000000e+00	0.000000000000e+00
1.154920000000e-05	0.000000000000e+00	0.000000000000e+00	0.000000000000e+00
1.154940000000e-05	0.000000000000e+00	0.000000000000e+00	0.000000000000e+00
1.154960000000e-05	0.000000000000e+00	0.000000000000e+00	0.000000000000e+00
1.154980000000e-05	0.000000000000e+00	0.000000000000e+00	0.000000000000e+00
1.155000000000e-05	0.000000000000e+00	0.000000000000e+00	0.000000000000e+00
1.155020000000e-05	0.000000000000e+00	0.000000000000e+00	0.000000000000e+00
1.155040000000e-05	0.000000000000e+00	0.000000000000e+00	0.000000000000e+00
1.155060000000e-05	0.000000000000e+00	0.000000000000e+00	0.000000000000e+00
1.155080000000e-05	0.000000000000e+00	0.000000000000e+00	0.000000000000e+00
1.155100000000e-05	0.000000000000e+00	0.000000000000e+00	0.000000000000e+00
1.155120000000e-05	0.000000000000e+00	0.000000000000e+00	0.000000000000e+00
1.155140000000e-05	0.000000000000e+00	0.000000000000e+00	0.000000000000e+00
1.155160000000e-05	0.000000000000e+00	0.000000000000e+00	0.000000000000e+00
1.155180000000e-05	0.000000000000e+00	0.000000000000e+00	0.000000000000e+00
1.155200000000e-05	0.000000000000e+00	0.000000000000e+00	0.000000000000e+00
1.155220000000e-05	0.000000000000e+00	0.000000000000e+00	0.000000000000e+00
1.155240000000e-05	0.000000000000e+00	0.000000000000e+00	0.000000000000e+00
1.155260000000e-05	0.000000000000e+00	0.000000000000e+00	0.000000000000e+00
1.155280000000e-05	0.000000000000e+00	0.000000000000e+00	0.000000000000e+00
1.155300000000e-05	0.000000000000e+00	0.000000000000e+00	0.000000000000e+00
1.155320000000e-05	0.000000000000e+00	0.000000000000e+00	0.000000000000e+00
1.155340000000e-05	0.000000000000e+00	0.000000000000e+00	0.000000000000e+00
1.155360000000e-05	0.000000000000e+00	0.000000000000e+00	0.000000000000e+00
1.155380000000e-05	0.000000000000e+00	0.000000000000e+00	0.000000000000e+00
1.155400000000e-05	0.000000000000e+00	0.000000000000e+00	0.000000000000e+00
1.155420000000e-05	0.000000000000e+00	0.000000000000e+00	0.000000000000e+00
1.155440000000e-05	0.000000000000e+00	0.000000000000e+00	0.000000000000e+00
1.155460000000e-05	0.000000000000e+00	0.000000000000e+00	0.000000000000e+00
1.155480000000e-05	0.000000000000e+00	0.000000000000e+00	0.000000000000e+00
1.155500000000e-05	0.000000000000e+00	0.000000000000e+00	0.000000000000e+00
1.155520000000e-05	0.000000000000e+00	0.000000000000e+00	0.000000000000e+00
1.155540000000e-05	0.000000000000e+00	0.000000000000e+00	0.000000000000e+00
1.155560000000e-05	0.000000000000e+00	0.000000000000e+00	0.000000000000e+00
1.155580000000e-05	0.000000000000e+00	0.000000000000e+00	0.000000000000e+00
1.155600000000e-05	0.000000000000e+00	0.000000000000e+00	0.000000000000e+00
1.155620000000e-05	0.000000000000e+00	0.000000000000e+00	0.000000000000e+00
1.155640000000e-05	0.000000000000e+00	0.000000000000e+00	0.000000000000e+00
1.155660000000e-05	0.000000000000e+00	0.000000000000e+00	0.000000000000e+00
1.155680000000e-05	0.000000000000e+00	0.000000000000e+00	0.000000000000e+00
1.155700000000e-05	0.000000000000e+00	0.000000000000e+00	0.000000000000e+00
1.155720000000e-05	0.000000000000e+00	0.000000000000e+00	0.000000000000e+00
1.155740000000e-05	0.000000000000e+00	0.000000000000e+00	0.000000000000e+00
1.155760000000e-05	0.000000000000e+00	0.000000000000e+00	0.000000000000e+00
1.155780000000e-05	0.000000000000e+00	0.000000000000e+00	0.000000000000e+00
1.155800000000e-05	0.000000000000e+00	0.000000000000e+00	0.000000000000e+00
1.155820000000e-05	0.000000000000e+00	0.000000000000e+00	0.000000000000e+00
1.155840000000e-05	0.000000000000e+00	0.000000000000e+00	0.000000000000e+00
1.155860000000e-05	0.000000000000e+00	0.000000000000e+00	0.000000000000e+00
1.155880000000e-05	0.000000000000e+00	0.000000000000e+00	0.000000000000e+00
1.155900000000e-05	0.000000000000e+00	0.000000000000e+00	0.000000000000e+00
1.155920000000e-05	0.000000000000e+00	0.000000000000e+00	0.000000000000e+00
1.155940000000e-05	0.000000000000e+00	0.000000000000e+00	0.000000000000e+00
1.155960000000e-05	0.000000000000e+00	0.000000000000e+00	0.000000000000e+00
1.155980000000e-05	0.000000000000e+00	0.000000000000e+00	0.000000000000e+00
1.156000000000e-05	0.000000000000e+00	0.000000000000e+00	0.000000000000e+00
1.156020000000e-05	0.000000000000e+00	0.000000000000e+00	0.000000000000e+00
1.156040000000e-05	0.000000000000e+00	0.000000000000e+00	0.000000000000e+00
1.156060000000e-05	0.000000000000e+00	0.000000000000e+00	0.000000000000e+00
1.156080000000e-05	0.000000000000e+00	0.000000000000e+00	0.000000000000e+00
1.156100000000e-05	0.000000000000e+00	0.000000000000e+00	0.000000000000e+00
1.156120000000e-05	0.000000000000e+00	0.000000000000e+00	0.000000000000e+00
1.156140000000e-05	0.000000000000e+00	0.000000000000e+00	0.000000000000e+00
1.156160000000e-05	0.000000000000e+00	0.000000000000e+00	0.000000000000e+00
1.156180000000e-05	0.000000000000e+00	0.000000000000e+00	0.000000000000e+00
1.156200000000e-05	0.000000000000e+00	0.000000000000e+00	0.000000000000e+00
1.156220000000e-05	0.000000000000e+00	0.000000000000e+00	0.000000000000e+00
1.156240000000e-05	0.000000000000e+00	0.000000000000e+00	0.000000000000e+00
1.156260000000e-05	0.000000000000e+00	0.000000000000e+00	0.000000000000e+00
1.156280000000e-05	0.000000000000e+00	0.000000000000e+00	0.000000000000e+00
1.156300000000e-05	0.000000000000e+00	0.000000000000e+00	0.000000000000e+00
1.156320000000e-05	0.000000000000e+00	0.000000000000e+00	0.000000000000e+00
1.156340000000e-05	0.000000000000e+00	0.000000000000e+00	0.000000000000e+00
1.156360000000e-05	0.000000000000e+00	0.000000000000e+00	0.000000000000e+00
1.156380000000e-05	0.000000000000e+00	0.000000000000e+00	0.000000000000e+00
1.156400000000e-05	0.000000000000e+00	0.000000000000e+00	0.000000000000e+00
1.156420000000e-05	0.000000000000e+00	0.000000000000e+00	0.000000000000e+00
1.156440000000e-05	0.000000000000e+00	0.000000000000e+00	0.000000000000e+00
1.156460000000e-05	0.000000000000e+00	0.000000000000e+00	0.000000000000e+00
1.156480000000e-05	0.000000000000e+00	0.000000000000e+00	0.000000000000e+00
1.156500000000e-05	0.000000000000e+00	0.000000000000e+00	0.000000000000e+00
1.156520000000e-05	0.000000000000e+00	0.000000000000e+00	0.000000000000e+00
1.156540000000e-05	0.000000000000e+00	0.000000000000e+00	0.000000000000e+00
1.156560000000e-05	0.000000000000e+00	0.000000000000e+00	0.000000000000e+00
1.156580000000e-05	0.000000000000e+00	0.000000000000e+00	0.000000000000e+00
1.156600000000e-05	0.000000000000e+00	0.000000000000e+00	0.000000000000e+00
1.156620000000e-05	0.000000000000e+00	0.000000000000e+00	0.000000000000e+00
1.156640000000e-05	0.000000000000e+00	0.000000000000e+00	0.000000000000e+00
1.156660000000e-05	0.000000000000e+00	0.000000000000e+00	0.000000000000e+00
1.156680000000e-05	0.000000000000e+00	0.000000000000e+00	0.000000000000e+00
1.156700000000e-05	0.000000000000e+00	0.000000000000e+00	0.000000000000e+00
1.156720000000e-05	0.000000000000e+00	0.000000000000e+00	0.000000000000e+00
1.156740000000e-05	0.000000000000e+00	0.000000000000e+00	0.000000000000e+00
1.156760000000e-05	0.000000000000e+00	0.000000000000e+00	0.000000000000e+00
1.156780000000e-05	0.000000000000e+00	0.000000000000e+00	0.000000000000e+00
1.156800000000e-05	0.000000000000e+00	0.000000000000e+00	0.000000000000e+00
1.156820000000e-05	0.000000000000e+00	0.000000000000e+00	0.000000000000e+00
1.156840000000e-05	0.000000000000e+00	0.000000000000e+00	0.000000000000e+00
1.156860000000e-05	0.000000000000e+00	0.000000000000e+00	0.000000000000e+00
1.156880000000e-05	0.000000000000e+00	0.000000000000e+00	0.000000000000e+00
1.156900000000e-05	0.000000000000e+00	0.000000000000e+00	0.000000000000e+00
1.156920000000e-05	0.000000000000e+00	0.000000000000e+00	0.000000000000e+00
1.156940000000e-05	0.000000000000e+00	0.000000000000e+00	0.000000000000e+00
1.156960000000e-05	0.000000000000e+00	0.000000000000e+00	0.000000000000e+00
1.156980000000e-05	0.000000000000e+00	0.000000000000e+00	0.000000000000e+00
1.157000000000e-05	0.000000000000e+00	0.000000000000e+00	0.000000000000e+00
1.157020000000e-05	0.000000000000e+00	0.000000000000e+00	0.000000000000e+00
1.157040000000e-05	0.000000000000e+00	0.000000000000e+00	0.000000000000e+00
1.157060000000e-05	0.000000000000e+00	0.000000000000e+00	0.000000000000e+00
1.157080000000e-05	0.000000000000e+00	0.000000000000e+00	0.000000000000e+00
1.157100000000e-05	0.000000000000e+00	0.000000000000e+00	0.000000000000e+00
1.157120000000e-05	0.000000000000e+00	0.000000000000e+00	0.000000000000e+00
1.157140000000e-05	0.000000000000e+00	0.000000000000e+00	0.000000000000e+00
1.157160000000e-05	0.000000000000e+00	0.000000000000e+00	0.000000000000e+00
1.157180000000e-05	0.000000000000e+00	0.000000000000e+00	0.000000000000e+00
1.157200000000e-05	0.000000000000e+00	0.000000000000e+00	0.000000000000e+00
1.157220000000e-05	0.000000000000e+00	0.000000000000e+00	0.000000000000e+00
1.157240000000e-05	0.000000000000e+00	0.000000000000e+00	0.000000000000e+00
1.157260000000e-05	0.000000000000e+00	0.000000000000e+00	0.000000000000e+00
1.157280000000e-05	0.000000000000e+00	0.000000000000e+00	0.000000000000e+00
1.157300000000e-05	0.000000000000e+00	0.000000000000e+00	0.000000000000e+00
1.157320000000e-05	0.000000000000e+00	0.000000000000e+00	0.000000000000e+00
1.157340000000e-05	0.000000000000e+00	0.000000000000e+00	0.000000000000e+00
1.157360000000e-05	0.000000000000e+00	0.000000000000e+00	0.000000000000e+00
1.157380000000e-05	0.000000000000e+00	0.000000000000e+00	0.000000000000e+00
1.157400000000e-05	0.000000000000e+00	0.000000000000e+00	0.000000000000e+00
1.157420000000e-05	0.000000000000e+00	0.000000000000e+00	0.000000000000e+00
1.157440000000e-05	0.000000000000e+00	0.000000000000e+00	0.000000000000e+00
1.157460000000e-05	0.000000000000e+00	0.000000000000e+00	0.000000000000e+00
1.157480000000e-05	-9.293773162187e-18	-5.213232440988e-18	-1.679479566055e-17
1.157500000000e-05	9.732045999414e-18	5.720293967400e-18	1.727812385420e-17
1.157520000000e-05	-1.118556586428e-17	-1.796754561807e-17	-6.738317833454e-18
1.157540000000e-05	4.699001395156e-16	2.929483629389e-16	8.154986953486e-16
1.157560000000e-05	-3.842404314181e-16	-2.217381004099e-16	-6.876561494746e-16
1.157580000000e-05	8.185427092735e-16	1.700156729106e-15	3.177912158627e-17
1.157600000000e-05	-3.159430491775e-15	2.379731298331e-16	-8.051158813190e-15
1.157620000000e-05	-7.052593241675e-15	-9.026731047248e-15	-6.852222801628e-15
1.157640000000e-05	-2.486742689757e-15	-3.756321923286e-15	-1.751987536239e-15
1.157660000000e-05	5.267336693246e-17	-1.861177790053e-15	2.309498516527e-15
1.157680000000e-05	-2.837262708779e-15	-5.932404066730e-16	-6.312122470585e-15
1.157700000000e-05	1.041611578758e-14	7.218252696068e-15	1.725895927146e-14
1.157720000000e-05	-5.266061100217e-14	-9.537703607746e-14	-1.846821057389e-14
1.157740000000e-05	-2.297635969743e-14	-8.568952693440e-14	4.361200686297e-14
1.157760000000e-05	-7.577188792988e-16	-4.559666126242e-14	5.160410907359e-14
1.157780000000e-05	8.067909070073e-14	1.441180559467e-13	3.052808764581e-14
1.157800000000e-05	1.617889624994e-14	2.084147260498e-15	3.765864477678e-14
1.157820000000e-05	-1.085810970001e-13	-4.678559095062e-14	-2.136494008068e-13
1.157840000000e-05	-1.762123574106e-13	-3.765544863989e-13	5.886607525421e-15
1.157860000000e-05	1.130535423213e-13	1.592141680457e-13	9.286957270644e-14
1.157880000000e-05	-1.069458094948e-14	-2.319824903087e-14	7.836140222777e-16
1.157900000000e-05	8.505797637034e-14	8.439181839372e-14	1.112105238952e-13
1.157920000000e-05	-9.577484465407e-14	-2.398200513016e-13	4.368046372787e-14
1.157940000000e-05	-5.325318012446e-14	6.375127972797e-14	-2.064538928773e-13
1.157960000000e-05	-2.592185694700e-14	-1.688092214253e-13	1.360996012922e-13
1.157980000000e-05	-3.822188423517e-14	1.998886107752e-14	-1.197527394985e-13
1.158000000000e-05	-7.048703267140e-16	-9.137616135252e-15	9.134202209132e-15
1.158020000000e-05	3.561896714842e-14	5.090457184403e-15	8.239494441772e-14
1.158040000000e-05	-1.996876102938e-13	-4.255828010743e-13	4.105704691849e-15
1.158060000000e-05	-1.205047144956e-13	-2.224891953917e-13	-3.731355106481e-14
1.158080000000e-05	-5.874998278484e-14	-7.570046872082e-14	-5.645163925492e-14
1.158100000000e-05	1.350443119060e-13	1.395213748500e-13	1.711762293012e-13
1.158120000000e-05	-1.945987151754e-13	-4.717803770139e-13	7.249451735507e-14
1.158140000000e-05	-1.730592183994e-13	-1.192961668821e-13	-2.896048201150e-13
1.158160000000e-05	-2.261797265067e-13	-3.469226622238e-13	-1.552742843256e-13
1.158180000000e-05	-2.500208196965e-13	-2.484126080785e-13	-3.296604180067e-13
1.158200000000e-05	-6.771264136950e-13	-1.062475585340e-12	-4.331359234150e-13
1.158220000000e-05	2.982834767425e-13	7.913251462850e-13	-1.894810092580e-13
1.158240000000e-05	2.882837395650e-14	-3.378486935116e-13	4.665744868698e-13
1.158260000000e-05	-1.530147315006e-13	-2.332770659949e-13	-1.050628584164e-13
1.158280000000e-05	-1.042149227530e-13	-1.846670325029e-13	-4.298325403953e-14
1.158300000000e-05	-3.926134195818e-13	-5.496664891671e-13	-3.328591652902e-13
1.158320000000e-05	-4.606694807393e-14	-2.730294974037e-13	2.089945887403e-13
1.158340000000e-05	-8.637576439975e-13	-1.476836550127e-13	-1.979793849926e-12
1.158360000000e-05	-2.910461632235e-13	-6.438197853022e-13	3.667065084669e-14
1.158380000000e-05	3.767502343487e-13	-4.704920730439e-13	1.480358771938e-12
1.158400000000e-05	-6.253037999497e-13	-7.357049392497e-13	-7.050704479528e-13
1.158420000000e-05	7.987275151197e-15	2.292571150227e-12	-2.640463752113e-12
1.158440000000e-05	2.081904484289e-13	7.097350344049e-13	-3.075155775414e-13
1.158460000000e-05	-1.280698916904e-12	-3.456149885063e-12	8.640861698955e-13
1.158480000000e-05	5.966577950366e-13	-5.780543126760e-13	2.152441696373e-12
1.158500000000e-05	-1.936932057339e-12	-2.810550433520e-12	-1.506267187522e-12
1.158520000000e-05	-1.285358610862e-12	-2.082785695117e-12	-7.453718932794e-13
1.158540000000e-05	1.509884875918e-13	-4.308689053752e-13	8.745429032849e-13
1.158560000000e-05	-1.870044645569e-12	-2.459117432387e-12	-1.770021103828e-12
1.158580000000e-05	-2.580445567071e-13	6.669295254861e-13	-1.413300200867e-12
1.158600000000e-05	6.686581914649e-13	-7.035527948615e-13	2.502006326564e-12
1.158620000000e-05	-2.748401551128e-12	-5.430453023896e-12	-4.736759094473e-13
1.158640000000e-05	-8.671917090446e-13	4.062867730573e-14	-2.211385534458e-12
1.158660000000e-05	-7.888551671177e-13	-2.898208177285e-12	1.448562331487e-12
1.158680000000e-05	-9.871489687097e-13	4.503021962455e-13	-3.010985325015e-12
1.158700000000e-05	-1.065915751983e-12	-2.067573672360e-12	-2.204406761291e-13
1.158720000000e-05	-4.568720739502e-13	-9.177308942272e-13	-5.890450127702e-14
1.158740000000e-05	2.859580534036e-13	1.236237318764e-13	5.753053477190e-13
1.158760000000e-05	-2.653952668295e-12	-4.110399467213e-12	-1.796081172068e-12
1.158780000000e-05	7.675661607092e-13	2.720347141069e-13	1.588065808189e-12
1.158800000000e-05	-3.831429056407e-13	-1.630819676867e-12	9.571446408064e-13
1.158820000000e-05	7.747009713285e-13	-1.469567566161e-12	3.659920447150e-12
1.158840000000e-05	-2.780782880582e-12	-3.349329241927e-12	-3.022389529422e-12
1.158860000000e-05	-2.446055613067e-12	-6.334487457560e-12	1.356899335479e-12
1.158880000000e-05	-3.741339529370e-13	-2.392308835356e-12	1.893379649866e-12
1.158900000000e-05	-4.144630118975e-12	-5.675966770942e-12	-3.717608483995e-12
1.158920000000e-05	-1.523540270334e-13	2.196325648229e-13	-6.403437363503e-13
1.158940000000e-05	-8.884623824466e-13	-3.691320374365e-12	2.138049411279e-12
1.158960000000e-05	-5.242708786789e-12	-8.624605642042e-12	-2.969798871817e-12
1.158980000000e-05	1.247744046500e-12	1.654149695925e-14	3.103646391061e-12
1.159000000000e-05	-4.647341063958e-12	-5.202565852636e-12	-5.497507285122e-12
1.159020000000e-05	-4.138914819765e-12	-5.609409677826e-12	-3.753849839159e-12
1.159040000000e-05	-1.680680772821e-12	-2.227694454515e-12	-1.607305824082e-12
1.159060000000e-05	-5.439225682618e-13	-4.742470232528e-12	4.260768061574e-12
1.159080000000e-05	-4.375056646151e-12	-5.308161127223e-12	-4.675024198136e-12
1.159100000000e-05	-4.769597502819e-12	-9.295343540885e-12	-1.001303590929e-12
1.159120000000e-05	-4.128271652281e-12	-4.287171704253e-12	-5.288995069364e-12
1.159140000000e-05	-5.139890678243e-12	-1.063509347749e-11	-3.413839926469e-13
1.159160000000e-05	-2.135012182364e-12	-2.845601385206e-12	-2.009875188630e-12
1.159180000000e-05	-4.819623468883e-12	-9.395277388592e-12	-9.400987819379e-13
1.159200000000e-05	-5.471594690274e-12	-3.677885940185e-12	-9.394042607751e-12
1.159220000000e-05	-5.760038293009e-12	-8.359381400289e-12	-4.556848008303e-12
1.159240000000e-05	-7.571949726713e-12	-1.096809521575e-11	-6.120317990845e-12
1.159260000000e-05	-2.784179933992e-13	-2.135052073548e-13	-4.725828581043e-13
1.159280000000e-05	-3.979465201057e-12	-9.729758499242e-12	1.477495136601e-12
1.159300000000e-05	-4.484157193434e-12	-7.606874514041e-12	-2.328972322909e-12
1.159320000000e-05	-3.191371541912e-12	-1.332002250154e-11	7.781007678490e-12
1.159340000000e-05	-5.978845727045e-12	-9.586344421793e-12	-3.779211895288e-12
1.159360000000e-05	-7.735031116525e-12	-1.224562399864e-11	-4.982938114605e-12
1.159380000000e-05	-1.852089645367e-13	-6.663471644776e-13	3.773476561783e-13
1.159400000000e-05	-8.334924497522e-12	-1.264995425008e-11	-6.031485016583e-12
1.159420000000e-05	-1.037891889996e-11	-1.674580596280e-11	-6.321642282869e-12
1.159440000000e-05	-6.019925254743e-12	-1.465362975980e-11	2.095089812514e-12
1.159460000000e-05	-7.055123705384e-12	-1.088394189633e-11	-4.971002155802e-12
1.159480000000e-05	-1.021510590150e-11	-2.036968582457e-11	-1.642525857331e-12
1.159500000000e-05	-9.905726579706e-12	-1.301853563786e-11	-9.557234453473e-12
1.159520000000e-05	-1.064651656725e-11	-1.737290907238e-11	-6.284605311798e-12
1.159540000000e-05	-2.783200511405e-12	-1.187369760970e-11	6.997321070156e-12
1.159560000000e-05	-1.864902093291e-11	-2.385337193004e-11	-1.878953820654e-11
1.159580000000e-05	-9.919236559905e-12	-1.748668552167e-11	-4.290514889125e-12
1.159600000000e-05	-7.248005570136e-12	-1.516349704373e-11	-3.621017280133e-13
1.159620000000e-05	-6.254509457010e-12	-1.990034215489e-11	7.883666916678e-12
1.159640000000e-05	-1.554628682055e-11	-2.707029999119e-11	-7.251762067590e-12
1.159660000000e-05	-1.281930134357e-11	-1.551514675918e-11	-1.404646083924e-11
1.159680000000e-05	-1.238584533957e-11	-3.009088361280e-11	4.430375925658e-12
1.159700000000e-05	-1.932851571328e-11	-2.735003225547e-11	-1.647246488757e-11
1.159720000000e-05	-3.987931799872e-12	-1.660113470019e-11	9.612894582231e-12
1.159740000000e-05	-2.402609920371e-11	-3.204933260498e-11	-2.279846242431e-11
1.159760000000e-05	-1.556854566212e-11	-2.260409460051e-11	-1.255731925905e-11
1.159780000000e-05	-1.961477761573e-11	-3.187370763845e-11	-1.175706789155e-11
1.159800000000e-05	-1.179001623408e-11	-2.745654007566e-11	2.615324029950e-12
1.159820000000e-05	-2.281727730670e-11	-3.005795485444e-11	-2.216403209356e-11
1.159840000000e-05	-1.408214429513e-11	-2.128847293038e-11	-1.047098050013e-11
1.159860000000e-05	-2.326712899348e-11	-3.627876331329e-11	-1.582223177175e-11
1.159880000000e-05	-2.026687120759e-11	-3.125528422781e-11	-1.431891855878e-11
1.159900000000e-05	-1.022469125311e-11	-3.439835222043e-11	1.494391994175e-11
1.159920000000e-05	-2.101138463830e-11	-3.700341816341e-11	-9.352957950915e-12
1.159940000000e-05	-2.216061904904e-11	-4.442960090690e-11	-3.331464966705e-12
1.159960000000e-05	-2.290284073804e-11	-2.730010423361e-11	-2.566463140846e-11
1.159980000000e-05	-1.323466335119e-11	-2.490193511839e-11	-3.944036482027e-12
1.160000000000e-05	-3.761434272933e-11	-5.780737920540e-11	-2.688014181967e-11
1.160020000000e-05	-2.039480096408e-11	-3.692966892432e-11	-7.978347709460e-12
1.160040000000e-05	-1.721003839492e-11	-3.831165797884e-11	1.940797050903e-12
1.160060000000e-05	-2.527783150904e-11	-4.249122734185e-11	-1.377412787659e-11
1.160080000000e-05	-2.782803252783e-11	-6.814981174595e-11	1.034106939283e-11
1.160100000000e-05	-2.247182337839e-11	-4.553447201229e-11	-2.832378064618e-12
1.160120000000e-05	-2.919820288670e-11	-5.143457869785e-11	-1.304892764817e-11
1.160140000000e-05	-3.613647929802e-11	-6.099354389438e-11	-1.932557285096e-11
1.160160000000e-05	-4.957587187068e-11	-5.637616640165e-11	-5.897350042042e-11
1.160180000000e-05	-1.264499689681e-11	-3.846830608149e-11	1.363476874382e-11
1.160200000000e-05	-4.356252888063e-11	-8.267821246105e-11	-1.248965671355e-11
1.160220000000e-05	-4.154085351680e-11	-8.149660941464e-11	-8.730296655561e-12
1.160240000000e-05	-5.405992190031e-11	-8.805971119799e-11	-3.277031483453e-11
1.160260000000e-05	-4.205926574629e-11	-7.138186178432e-11	-2.216188908019e-11
1.160280000000e-05	-3.704409215002e-11	-6.741702340953e-11	-1.382504285176e-11
1.160300000000e-05	-6.492169972647e-11	-1.010414286662e-10	-4.512125116338e-11
1.160320000000e-05	-4.505535994927e-11	-7.215558597102e-11	-2.892863847041e-11
1.160340000000e-05	-4.945905552745e-11	-8.558339557177e-11	-2.405079061479e-11
1.160360000000e-05	-4.872933650411e-11	-8.282536137999e-11	-2.564104137664e-11
1.160380000000e-05	-3.402889272249e-11	-5.907784292127e-11	-1.627464666761e-11
1.160400000000e-05	-2.497892934519e-11	-7.895393339689e-11	3.046901471061e-11
1.160420000000e-05	-6.511991992915e-11	-1.070437582468e-10	-3.858581324576e-11
1.160440000000e-05	-5.822659855596e-11	-1.121941427051e-10	-1.489529677904e-11
1.160460000000e-05	-8.380645165102e-11	-1.287916674098e-10	-6.049349562846e-11
1.160480000000e-05	-6.833740478431e-11	-1.115998122250e-10	-4.156139323976e-11
1.160500000000e-05	-8.921860935448e-11	-1.641551936345e-10	-3.191165680684e-11
1.160520000000e-05	-6.418277526780e-11	-1.113269670116e-10	-3.133971989868e-11
1.160540000000e-05	-6.916810957120e-11	-1.258423263515e-10	-2.646968931132e-11
1.160560000000e-05	-6.461586266482e-11	-1.402898743457e-10	2.335882487056e-12
1.160580000000e-05	-9.035495317044e-11	-1.674426454271e-10	-3.108762306359e-11
1.160600000000e-05	-7.216368093482e-11	-1.094424327472e-10	-5.400575885036e-11
1.160620000000e-05	-7.615286035540e-11	-1.375588225685e-10	-3.058767113494e-11
1.160640000000e-05	-7.611629045505e-11	-1.120654511596e-10	-6.121707803890e-11
1.160660000000e-05	-6.791898925267e-11	-1.240942194215e-10	-2.578786444739e-11
1.160680000000e-05	-8.649026454010e-11	-1.833478737089e-10	-2.214261575202e-12
1.160700000000e-05	-7.259010500479e-11	-1.229509808197e-10	-3.898666397530e-11
1.160720000000e-05	-1.053883427118e-10	-1.745917876817e-10	-6.155095491436e-11
1.160740000000e-05	-8.713735436199e-11	-1.477407763596e-10	-4.657513157771e-11
1.160760000000e-05	-7.449992473297e-11	-1.432512466911e-10	-1.954681927097e-11
1.160780000000e-05	-1.480641655434e-10	-2.194612963022e-10	-1.173113071930e-10
1.160800000000e-05	-6.528707987883e-11	-1.452250062063e-10	6.499728235527e-12
1.160820000000e-05	-1.216928802621e-10	-1.843959930218e-10	-9.172472080005e-11
1.160840000000e-05	-9.476173167877e-11	-1.869038656553e-10	-1.952610722948e-11
1.160860000000e-05	-1.358862197425e-10	-2.500387975910e-10	-4.940893355811e-11
1.160880000000e-05	-1.126704637014e-10	-2.072210836037e-10	-4.108140775465e-11
1.160900000000e-05	-1.286919627659e-10	-2.228035788126e-10	-6.376623228420e-11
1.160920000000e-05	-1.276581170622e-10	-1.949989762587e-10	-9.490740690924e-11
1.160940000000e-05	-1.417976863619e-10	-2.581755485848e-10	-5.540386578263e-11
1.160960000000e-05	-1.330193043283e-10	-2.278386612481e-10	-6.919161563133e-11
1.160980000000e-05	-1.165406602031e-10	-2.293532677376e-10	-2.473050083738e-11
1.161000000000e-05	-1.530579396156e-10	-2.834965697442e-10	-5.363671902458e-11
1.161020000000e-05	-1.566348198340e-10	-2.323017623050e-10	-1.247971222630e-10
1.161040000000e-05	-1.413830507755e-10	-2.919744138618e-10	-1.408789158865e-11
1.161060000000e-05	-1.625269132535e-10	-2.847796081466e-10	-7.692482964443e-11
1.161080000000e-05	-1.937874803703e-10	-3.326530459512e-10	-1.005916101027e-10
1.161100000000e-05	-1.643991139659e-10	-2.555952090311e-10	-1.166530565673e-10
1.161120000000e-05	-1.323029504368e-10	-2.464848771283e-10	-4.517998529643e-11
1.161140000000e-05	-1.901497688394e-10	-2.982315711148e-10	-1.325078517463e-10
1.161160000000e-05	-1.302222504134e-10	-2.893658691734e-10	1.148654228865e-11
1.161180000000e-05	-1.755216237040e-10	-3.434985427434e-10	-4.015191895966e-11
1.161200000000e-05	-2.439021957770e-10	-4.142694939330e-10	-1.318092558908e-10
1.161220000000e-05	-2.292650682613e-10	-3.566410075371e-10	-1.633040748168e-10
1.161240000000e-05	-2.217053582951e-10	-3.402114718074e-10	-1.637314570771e-10
1.161260000000e-05	-2.196253448460e-10	-3.408569092850e-10	-1.578909638251e-10
1.161280000000e-05	-2.182462136973e-10	-4.127467315360e-10	-6.798065212822e-11
1.161300000000e-05	-2.171233963920e-10	-4.268761645942e-10	-4.832702877620e-11
1.161320000000e-05	-2.828598509197e-10	-4.634804424128e-10	-1.740696483942e-10
1.161340000000e-05	-1.314429101345e-10	-2.852009861435e-10	3.040460906166e-12
1.161360000000e-05	-2.713155440790e-10	-4.657386258417e-10	-1.418442301245e-10
1.161380000000e-05	-2.734459424312e-10	-4.620108946093e-10	-1.516507939557e-10
1.161400000000e-05	-2.413037875317e-10	-4.330012152485e-10	-1.039351381008e-10
1.161420000000e-05	-2.413164404279e-10	-3.879462249649e-10	-1.578844851095e-10
1.161440000000e-05	-2.498922344860e-10	-4.664791276069e-10	-8.563376841056e-11
1.161460000000e-05	-3.263494367210e-10	-5.040590814443e-10	-2.384821795492e-10
1.161480000000e-05	-2.907328061164e-10	-4.765326506775e-10	-1.794568577073e-10
1.161500000000e-05	-3.215423803207e-10	-5.440563584452e-10	-1.779182017727e-10
1.161520000000e-05	-2.188419802822e-10	-4.241857084351e-10	-5.715119879763e-11
1.161540000000e-05	-3.068308847896e-10	-5.434117219163e-10	-1.408581591997e-10
1.161560000000e-05	-3.015714968604e-10	-4.837754043584e-10	-1.993552099401e-10
1.161580000000e-05	-3.414087903063e-10	-5.350571404359e-10	-2.411228911014e-10
1.161600000000e-05	-2.754634773133e-10	-4.648069143994e-10	-1.555394595003e-10
1.161620000000e-05	-3.701324981402e-10	-6.279569189348e-10	-2.035664537019e-10
1.161640000000e-05	-2.958531349610e-10	-5.287217137663e-10	-1.317692626622e-10
1.161660000000e-05	-3.338917619147e-10	-5.188163296027e-10	-2.414742631310e-10
1.161680000000e-05	-3.214461706221e-10	-6.534728228628e-10	-4.769465140984e-11
1.161700000000e-05	-3.631483760926e-10	-6.350213188464e-10	-1.774292050830e-10
1.161720000000e-05	-4.155490378891e-10	-6.442083968902e-10	-3.032649963647e-10
1.161740000000e-05	-3.259811406698e-10	-5.508110853077e-10	-1.828958380896e-10
1.161760000000e-05	-4.044637618344e-10	-7.578263578945e-10	-1.371165697267e-10
1.161780000000e-05	-4.274801599951e-10	-6.569322664094e-10	-3.193899097945e-10
1.161800000000e-05	-4.709716491111e-10	-7.922814201889e-10	-2.690004602326e-10
1.161820000000e-05	-4.120648928116e-10	-6.491547930798e-10	-2.891739928470e-10
1.161840000000e-05	-4.068709344410e-10	-7.314575539521e-10	-1.762885436613e-10
1.161860000000e-05	-4.500659473859e-10	-7.553328024366e-10	-2.595971314384e-10
1.161880000000e-05	-4.541019897669e-10	-7.671658779587e-10	-2.566414464556e-10
1.161900000000e-05	-5.026499269784e-10	-7.632957167208e-10	-3.880616172937e-10
1.161920000000e-05	-5.119945829545e-10	-8.955637525037e-10	-2.525962917920e-10
1.161940000000e-05	-5.621882903929e-10	-8.339651037150e-10	-4.585084200035e-10
1.161960000000e-05	-4.718399447672e-10	-7.907167286213e-10	-2.747026876744e-10
1.161980000000e-05	-5.374910939558e-10	-9.905602124273e-10	-2.048458704879e-10
1.162000000000e-05	-5.626536748623e-10	-9.441489550173e-10	-3.271907120806e-10
1.162020000000e-05	-5.062485077628e-10	-8.712850506368e-10	-2.683005221970e-10
1.162040000000e-05	-5.504674338916e-10	-9.073515956968e-10	-3.398922536205e-10
1.162060000000e-05	-5.314151163305e-10	-9.365143724863e-10	-2.558130385698e-10
1.162080000000e-05	-4.947130866055e-10	-8.526308488014e-10	-2.606158109296e-10
1.162100000000e-05	-5.896931562175e-10	-9.932123137461e-10	-3.398349807870e-10
1.162120000000e-05	-5.787936730434e-10	-9.175353623429e-10	-4.024357033941e-10
1.162140000000e-05	-5.998107747884e-10	-9.238723467708e-10	-4.504996158181e-10
1.162160000000e-05	-5.965457792867e-10	-1.103266487666e-09	-2.248170602901e-10
1.162180000000e-05	-6.728623455164e-10	-1.058942927449e-09	-4.772420392604e-10
1.162200000000e-05	-4.560659071787e-10	-8.816026306897e-10	-1.266674768936e-10
1.162220000000e-05	-6.329939025969e-10	-1.158648278447e-09	-2.531766151044e-10
1.162240000000e-05	-7.293208321697e-10	-1.132682899320e-09	-5.377163822754e-10
1.162260000000e-05	-6.431683375743e-10	-9.841207870495e-10	-4.923127095257e-10
1.162280000000e-05	-5.264223400173e-10	-1.013248120368e-09	-1.522423849146e-10
1.162300000000e-05	-6.675396480241e-10	-1.173884892288e-09	-3.259779324961e-10
1.162320000000e-05	-6.959166351188e-10	-1.137128688515e-09	-4.441677153881e-10
1.162340000000e-05	-7.530207970708e-10	-1.203247015641e-09	-5.152781136259e-10
1.162360000000e-05	-7.056913328102e-10	-1.255445769090e-09	-3.289361421026e-10
1.162380000000e-05	-6.941160442688e-10	-1.175310336353e-09	-3.948728788005e-10
1.162400000000e-05	-7.680181864647e-10	-1.217424461360e-09	-5.392394176871e-10
1.162420000000e-05	-8.632505181747e-10	-1.347430489828e-09	-6.313095138391e-10
1.162440000000e-05	-7.557720852344e-10	-1.297378578846e-09	-4.099120954593e-10
1.162460000000e-05	-7.202023198622e-10	-1.183190527395e-09	-4.553625952396e-10
1.162480000000e-05	-9.242353543278e-10	-1.557474003865e-09	-5.371893467629e-10
1.162500000000e-05	-8.651287753581e-10	-1.424118326392e-09	-5.443982279578e-10
1.162520000000e-05	-7.794919916422e-10	-1.308191155323e-09	-4.610287276140e-10
1.162540000000e-05	-7.113652403799e-10	-1.243089104367e-09	-3.625941163090e-10
1.162560000000e-05	-9.347746909049e-10	-1.495135347240e-09	-6.424498113997e-10
1.162580000000e-05	-8.557665402825e-10	-1.344720014944e-09	-6.165129620356e-10
1.162600000000e-05	-8.179467974618e-10	-1.387928271123e-09	-4.659545056987e-10
1.162620000000e-05	-8.933155683457e-10	-1.489385711965e-09	-5.430471538570e-10
1.162640000000e-05	-9.077817658592e-10	-1.552116373179e-09	-5.036112939177e-10
1.162660000000e-05	-9.399583641304e-10	-1.521283236248e-09	-6.255802685351e-10
1.162680000000e-05	-9.062409068134e-10	-1.555152076846e-09	-4.961040224247e-10
1.162700000000e-05	-8.590807603996e-10	-1.445607995888e-09	-5.070914462233e-10
1.162720000000e-05	-9.379458597494e-10	-1.562044501190e-09	-5.713619000748e-10
1.162740000000e-05	-9.620627698351e-10	-1.725417271793e-09	-4.384052729563e-10
1.162760000000e-05	-1.046751055784e-09	-1.663685256978e-09	-7.366813963463e-10
1.162780000000e-05	-1.036309085581e-09	-1.799668989480e-09	-5.439145965321e-10
1.162800000000e-05	-1.062716662109e-09	-1.773760435546e-09	-6.442402955749e-10
1.162820000000e-05	-9.232618693158e-10	-1.528984661934e-09	-5.740738406633e-10
1.162840000000e-05	-1.143856860673e-09	-1.843633603616e-09	-7.783288964618e-10
1.162860000000e-05	-1.113771343764e-09	-1.830218092953e-09	-7.127063990128e-10
1.162880000000e-05	-9.074326957572e-10	-1.551842539759e-09	-5.082471059780e-10
1.162900000000e-05	-1.088843363255e-09	-1.674169620783e-09	-8.378662836594e-10
1.162920000000e-05	-1.114150357309e-09	-1.820920237413e-09	-7.259861360362e-10
1.162940000000e-05	-1.012038296315e-09	-1.669218582768e-09	-6.411789950856e-10
1.162960000000e-05	-1.256183986975e-09	-2.040674409384e-09	-8.356009640912e-10
1.162980000000e-05	-1.168707700591e-09	-1.916186209256e-09	-7.567912373278e-10
1.163000000000e-05	-1.289194531580e-09	-1.957331319227e-09	-1.023456148905e-09
1.163020000000e-05	-1.191821512682e-09	-1.792130092680e-09	-9.706107033044e-10
1.163040000000e-05	-1.071505153389e-09	-1.832956040305e-09	-6.014631682902e-10
1.163060000000e-05	-1.037295838359e-09	-1.846346581885e-09	-4.957095626681e-10
1.163080000000e-05	-1.281311873506e-09	-1.994987850063e-09	-9.593780704316e-10
1.163100000000e-05	-1.125281593413e-09	-1.878789946025e-09	-6.907512717263e-10
1.163120000000e-05	-1.233251521496e-09	-1.945106533250e-09	-8.949737901791e-10
1.163140000000e-05	-1.136258409169e-09	-1.900581963386e-09	-6.925911147487e-10
1.163160000000e-05	-1.262560169286e-09	-2.047112975068e-09	-8.485114169482e-10
1.163180000000e-05	-1.203608492641e-09	-1.986326674231e-09	-7.665775606952e-10
1.163200000000e-05	-1.348054238735e-09	-2.130445713127e-09	-9.771731288363e-10
1.163220000000e-05	-1.096127022865e-09	-2.017169041377e-09	-4.460562207093e-10
1.163240000000e-05	-1.306983487748e-09	-2.080238642095e-09	-9.276720625380e-10
1.163260000000e-05	-1.450412985926e-09	-2.383152574964e-09	-9.392479430680e-10
1.163280000000e-05	-1.320647453890e-09	-2.094348990837e-09	-9.476900778174e-10
1.163300000000e-05	-1.249548100875e-09	-2.076190639160e-09	-7.838244224101e-10
1.163320000000e-05	-1.375789864579e-09	-2.235297138619e-09	-9.231215489571e-10
1.163340000000e-05	-1.338433080857e-09	-2.264093629561e-09	-7.893703598551e-10
1.163360000000e-05	-1.393612979138e-09	-2.202691679653e-09	-1.012250198120e-09
1.163380000000e-05	-1.177511479594e-09	-2.020113633920e-09	-6.627976554745e-10
1.163400000000e-05	-1.562957019023e-09	-2.438249946403e-09	-1.172143164659e-09
1.163420000000e-05	-1.570300170430e-09	-2.442017908250e-09	-1.192198681658e-09
1.163440000000e-05	-1.481651012709e-09	-2.423598663096e-09	-9.808211577714e-10
1.163460000000e-05	-1.443113265706e-09	-2.333842288890e-09	-9.853222139553e-10
1.163480000000e-05	-1.393654098380e-09	-2.284697217705e-09	-9.147861965542e-10
1.163500000000e-05	-1.434667898953e-09	-2.311935357626e-09	-9.935829458735e-10
1.163520000000e-05	-1.418453978064e-09	-2.430617955392e-09	-8.053331993619e-10
1.163540000000e-05	-1.477169312265e-09	-2.545882148954e-09	-8.196057795678e-10
1.163560000000e-05	-1.524832709051e-09	-2.575032045912e-09	-9.102236666629e-10
1.163580000000e-05	-1.541172690621e-09	-2.316292290594e-09	-1.273322032680e-09
1.163600000000e-05	-1.321640142342e-09	-2.070562413177e-09	-9.890578306044e-10
1.163620000000e-05	-1.612875383191e-09	-2.658629888163e-09	-1.045239051741e-09
1.163640000000e-05	-1.652506214812e-09	-2.563581151728e-09	-1.269572741843e-09
1.163660000000e-05	-1.551368050388e-09	-2.396031815465e-09	-1.204172062413e-09
1.163680000000e-05	-1.523727547904e-09	-2.386049892283e-09	-1.141869326098e-09
1.163700000000e-05	-1.560530705948e-09	-2.540161659049e-09	-1.053229169602e-09
1.163720000000e-05	-1.316333966422e-09	-2.202990969876e-09	-8.173539698403e-10
1.163740000000e-05	-1.650408804582e-09	-2.782270018274e-09	-9.995522139382e-10
1.163760000000e-05	-1.751181883768e-09	-2.776059530313e-09	-1.273294754470e-09
1.163780000000e-05	-1.799768333835e-09	-2.742618957232e-09	-1.448915339791e-09
1.163800000000e-05	-1.497407193964e-09	-2.135704501081e-09	-1.384577402089e-09
1.163820000000e-05	-1.656455025774e-09	-2.777547832999e-09	-1.023416519076e-09
1.163840000000e-05	-1.824761864497e-09	-2.833193929066e-09	-1.404504165398e-09
1.163860000000e-05	-1.775808969538e-09	-2.886032791164e-09	-1.211183962345e-09
1.163880000000e-05	-1.712138711836e-09	-2.924720982089e-09	-9.943172800926e-10
1.163900000000e-05	-1.786241894509e-09	-2.843220712877e-09	-1.293108583580e-09
1.163920000000e-05	-1.724719669869e-09	-2.846711843284e-09	-1.125667470068e-09
1.163940000000e-05	-1.770719970667e-09	-3.016032246955e-09	-1.042872885201e-09
1.163960000000e-05	-1.885017269857e-09	-2.670002893490e-09	-1.770451254159e-09
1.163980000000e-05	-1.718307720718e-09	-2.854666138236e-09	-1.097698934116e-09
1.164000000000e-05	-2.063059247437e-09	-3.269179929115e-09	-1.512536122504e-09
1.164020000000e-05	-1.957209244684e-09	-2.915593336646e-09	-1.664500569387e-09
1.164040000000e-05	-1.431755756733e-09	-2.642983855500e-09	-5.947523735314e-10
1.164060000000e-05	-1.888084418966e-09	-2.887823037889e-09	-1.515275853170e-09
1.164080000000e-05	-1.633294601476e-09	-2.704946390420e-09	-1.060777382459e-09
1.164100000000e-05	-1.724002361891e-09	-2.742303901431e-09	-1.256364230177e-09
1.164120000000e-05	-1.916902500261e-09	-3.118668169690e-09	-1.312951060977e-09
1.164140000000e-05	-1.833301648083e-09	-2.947487794568e-09	-1.301164410746e-09
1.164160000000e-05	-1.938831314095e-09	-3.166981210211e-09	-1.311012326003e-09
1.164180000000e-05	-2.092248599873e-09	-3.301141992415e-09	-1.558540654111e-09
1.164200000000e-05	-1.674040876841e-09	-2.734113165769e-09	-1.141176401563e-09
1.164220000000e-05	-1.817343692015e-09	-2.995724866079e-09	-1.198316714856e-09
1.164240000000e-05	-1.821379898135e-09	-2.615887809514e-09	-1.683457453818e-09
1.164260000000e-05	-1.892051363488e-09	-3.177901732056e-09	-1.177456328443e-09
1.164280000000e-05	-2.163409318192e-09	-3.512258755742e-09	-1.499051066301e-09
1.164300000000e-05	-1.897984326301e-09	-3.099923265788e-09	-1.294858117132e-09
1.164320000000e-05	-1.939833324606e-09	-3.097436294917e-09	-1.408840861255e-09
1.164340000000e-05	-2.098972873474e-09	-3.211592918497e-09	-1.697047169358e-09
1.164360000000e-05	-1.891829266988e-09	-2.898872462471e-09	-1.524263395863e-09
1.164380000000e-05	-1.884739490880e-09	-3.162549787608e-09	-1.184469268293e-09
1.164400000000e-05	-1.835267617996e-09	-3.352799499028e-09	-8.153228899341e-10
1.164420000000e-05	-2.057376951760e-09	-2.911860672933e-09	-1.957895998818e-09
1.164440000000e-05	-2.049441872202e-09	-3.270337050837e-09	-1.496259724058e-09
1.164460000000e-05	-2.212837984168e-09	-3.534147071035e-09	-1.612692615111e-09
1.164480000000e-05	-2.182255241106e-09	-3.440639697863e-09	-1.642912904047e-09
1.164500000000e-05	-2.131550568492e-09	-3.235573989217e-09	-1.765036899711e-09
1.164520000000e-05	-2.121509524215e-09	-3.295350792153e-09	-1.662876881696e-09
1.164540000000e-05	-2.066004345357e-09	-3.491533762429e-09	-1.269280590809e-09
1.164560000000e-05	-2.219001427899e-09	-3.275494599301e-09	-1.950322892440e-09
1.164580000000e-05	-1.877819297209e-09	-3.090892050356e-09	-1.259027965333e-09
1.164600000000e-05	-2.150903752557e-09	-3.251156242073e-09	-1.802806408479e-09
1.164620000000e-05	-2.104812578011e-09	-3.565801988451e-09	-1.285459718721e-09
1.164640000000e-05	-1.933938849807e-09	-3.210144147608e-09	-1.269086344886e-09
1.164660000000e-05	-2.215570111191e-09	-3.463016357326e-09	-1.712641488888e-09
1.164680000000e-05	-2.241865214275e-09	-3.305290357287e-09	-1.984372329529e-09
1.164700000000e-05	-2.017122778934e-09	-3.453345432385e-09	-1.193112957025e-09
1.164720000000e-05	-1.913683707316e-09	-3.333895827080e-09	-1.068958981234e-09
1.164740000000e-05	-2.121163455288e-09	-3.072074915851e-09	-1.949864642023e-09
1.164760000000e-05	-2.188448570766e-09	-3.292356925721e-09	-1.859800241682e-09
1.164780000000e-05	-2.186097261433e-09	-3.697977900078e-09	-1.353066160688e-09
1.164800000000e-05	-2.197868123509e-09	-3.454326941404e-09	-1.691026844371e-09
1.164820000000e-05	-2.141699566698e-09	-3.416884411968e-09	-1.580385502041e-09
1.164840000000e-05	-2.126124200717e-09	-3.225811936767e-09	-1.777877345318e-09
1.164860000000e-05	-2.079446974327e-09	-3.174079106529e-09	-1.719174891743e-09
1.164880000000e-05	-2.210941979529e-09	-3.460560222594e-09	-1.717182337046e-09
1.164900000000e-05	-2.264939679179e-09	-3.528835585548e-09	-1.777509051138e-09
1.164920000000e-05	-2.280857155016e-09	-3.534416014346e-09	-1.816106883732e-09
1.164940000000e-05	-2.285322828349e-09	-3.615756313607e-09	-1.730907648664e-09
1.164960000000e-05	-2.190525143470e-09	-3.508756189700e-09	-1.609407212176e-09
1.164980000000e-05	-2.301665309197e-09	-3.704958087901e-09	-1.669661509331e-09
1.165000000000e-05	-2.270894628644e-09	-3.596360603379e-09	-1.718675234955e-09
1.165020000000e-05	-2.173498015771e-09	-3.485721531581e-09	-1.598217787749e-09
1.165040000000e-05	-2.167778915114e-09	-3.186086995334e-09	-1.951245323039e-09
1.165060000000e-05	-2.299921725228e-09	-3.625613396669e-09	-1.767079636784e-09
1.165080000000e-05	-2.151703299280e-09	-3.085522343436e-09	-2.031601480364e-09
1.165100000000e-05	-2.203666134008e-09	-3.742827040017e-09	-1.362711209322e-09
1.165120000000e-05	-2.339259956822e-09	-3.795930388491e-09	-1.665834351712e-09
1.165140000000e-05	-2.185764679447e-09	-3.361222139245e-09	-1.788438946551e-09
1.165160000000e-05	-2.215221531776e-09	-3.501415576008e-09	-1.696656394458e-09
1.165180000000e-05	-2.051286039613e-09	-3.263894306297e-09	-1.548016189338e-09
1.165200000000e-05	-2.113797188961e-09	-3.054645514702e-09	-1.978824376911e-09
1.165220000000e-05	-2.048942120089e-09	-3.231433978776e-09	-1.581576323579e-09
1.165240000000e-05	-2.324955510678e-09	-3.727567334443e-09	-1.716153409187e-09
1.165260000000e-05	-2.414675597153e-09	-3.917185004582e-09	-1.732710405480e-09
1.165280000000e-05	-2.197532335564e-09	-3.419981750360e-09	-1.756598646759e-09
1.165300000000e-05	-2.098633457709e-09	-3.298496485216e-09	-1.641115300559e-09
1.165320000000e-05	-2.256679075570e-09	-3.302056634488e-09	-2.065086891086e-09
1.165340000000e-05	-2.251128538750e-09	-3.395389595981e-09	-1.933458367863e-09
1.165360000000e-05	-2.269789896505e-09	-3.400304747942e-09	-1.982867062067e-09
1.165380000000e-05	-2.204224406249e-09	-3.356678901560e-09	-1.860605432527e-09
1.165400000000e-05	-2.169073441462e-09	-3.618288337366e-09	-1.436875625151e-09
1.165420000000e-05	-2.243624364794e-09	-3.630204036757e-09	-1.627883482305e-09
1.165440000000e-05	-2.325921070952e-09	-3.463085287153e-09	-2.059342290278e-09
1.165460000000e-05	-2.392662166026e-09	-3.838863838522e-09	-1.769814627778e-09
1.165480000000e-05	-2.085866267511e-09	-3.140094155083e-09	-1.810319532285e-09
1.165500000000e-05	-2.237107204194e-09	-3.434516161488e-09	-1.870131540101e-09
1.165520000000e-05	-2.263870380285e-09	-3.614611458930e-09	-1.708716877192e-09
1.165540000000e-05	-2.140911022734e-09	-3.281300419645e-09	-1.784254299889e-09
1.165560000000e-05	-2.274508062391e-09	-3.367364061354e-09	-2.046875682121e-09
1.165580000000e-05	-2.140156665128e-09	-3.334983682227e-09	-1.719438821846e-09
1.165600000000e-05	-2.124835695430e-09	-3.348203926260e-09	-1.666454887708e-09
1.165620000000e-05	-2.281791550823e-09	-3.490578122483e-09	-1.916341437694e-09
1.165640000000e-05	-2.198158231469e-09	-3.321680197621e-09	-1.899028134937e-09
1.165660000000e-05	-2.057153986936e-09	-3.484259154158e-09	-1.310975955710e-09
1.165680000000e-05	-2.244951964690e-09	-3.732970032358e-09	-1.520163057074e-09
1.165700000000e-05	-2.466597881535e-09	-3.537412873146e-09	-2.368931466245e-09
1.165720000000e-05	-2.097484052091e-09	-3.347870769177e-09	-1.592393393066e-09
1.165740000000e-05	-1.956494056147e-09	-3.174423119286e-09	-1.427480447588e-09
1.165760000000e-05	-2.384967031313e-09	-3.732304141233e-09	-1.905664909655e-09
1.165780000000e-05	-2.300540654399e-09	-3.494240473247e-09	-1.974835817713e-09
1.165800000000e-05	-2.119438582943e-09	-3.087176041362e-09	-1.984171737413e-09
1.165820000000e-05	-2.225312781513e-09	-3.320795484487e-09	-1.984271775054e-09
1.165840000000e-05	-2.378219706350e-09	-3.770870870653e-09	-1.846435828959e-09
1.165860000000e-05	-2.091980606068e-09	-3.127758187716e-09	-1.863985992960e-09
1.165880000000e-05	-2.221574986149e-09	-3.355590181792e-09	-1.940388105846e-09
1.165900000000e-05	-1.983518241336e-09	-2.960778993656e-09	-1.780590373153e-09
1.165920000000e-05	-2.223158187576e-09	-3.472973371267e-09	-1.788486294889e-09
1.165940000000e-05	-2.213085909962e-09	-3.335044682855e-09	-1.937413860079e-09
1.165960000000e-05	-2.013385817037e-09	-3.270645183140e-09	-1.475200226974e-09
1.165980000000e-05	-2.074123907904e-09	-3.226988366259e-09	-1.701669148545e-09
1.166000000000e-05	-2.178481380284e-09	-3.034280595510e-09	-2.227199821432e-09
1.166020000000e-05	-2.014121979847e-09	-3.625749811781e-09	-1.036303192949e-09
1.166040000000e-05	-2.245113078240e-09	-3.406489268467e-09	-1.943010994215e-09
1.166060000000e-05	-2.263451853927e-09	-3.273649262392e-09	-2.164522364808e-09
1.166080000000e-05	-2.068998188428e-09	-3.031344807376e-09	-1.933280038818e-09
1.166100000000e-05	-2.207717669394e-09	-3.320394558384e-09	-1.950817076518e-09
1.166120000000e-05	-2.296766514001e-09	-3.679569276817e-09	-1.753578568895e-09
1.166140000000e-05	-2.144065805874e-09	-3.209853327870e-09	-1.917188893613e-09
1.166160000000e-05	-1.984620853116e-09	-3.025217813405e-09	-1.703884328702e-09
1.166180000000e-05	-2.330060205206e-09	-3.485951209770e-09	-2.088923635162e-09
1.166200000000e-05	-1.986927937851e-09	-3.071792879955e-09	-1.662934528820e-09
1.166220000000e-05	-2.044300996984e-09	-3.085922127249e-09	-1.802216103287e-09
1.166240000000e-05	-1.993525070927e-09	-3.004900693793e-09	-1.762396205827e-09
