1.128400000000e-06	0.000000000000e+00	0.000000000000e+00	0.000000000000e+00
1.128600000000e-06	0.000000000000e+00	0.000000000000e+00	0.000000000000e+00
1.128800000000e-06	0.000000000000e+00	0.000000000000e+00	0.000000000000e+00
1.129000000000e-06	0.000000000000e+00	0.000000000000e+00	0.000000000000e+00
1.129200000000e-06	0.000000000000e+00	0.000000000000e+00	0.000000000000e+00
1.129400000000e-06	0.000000000000e+00	0.000000000000e+00	0.000000000000e+00
1.129600000000e-06	0.000000000000e+00	0.000000000000e+00	0.000000000000e+00
1.129800000000e-06	0.000000000000e+00	0.000000000000e+00	0.000000000000e+00
1.130000000000e-06	0.000000000000e+00	0.000000000000e+00	0.000000000000e+00
1.130200000000e-06	0.000000000000e+00	0.000000000000e+00	0.000000000000e+00
1.130400000000e-06	0.000000000000e+00	0.000000000000e+00	0.000000000000e+00
1.130600000000e-06	0.000000000000e+00	0.000000000000e+00	0.000000000000e+00
1.130800000000e-06	0.000000000000e+00	0.000000000000e+00	0.000000000000e+00
1.131000000000e-06	0.000000000000e+00	0.000000000000e+00	0.000000000000e+00
1.131200000000e-06	0.000000000000e+00	0.000000000000e+00	0.000000000000e+00
1.131400000000e-06	0.000000000000e+00	0.000000000000e+00	0.000000000000e+00
1.131600000000e-06	0.000000000000e+00	0.000000000000e+00	0.000000000000e+00
1.131800000000e-06	0.000000000000e+00	0.000000000000e+00	0.000000000000e+00
1.132000000000e-06	0.000000000000e+00	0.000000000000e+00	0.000000000000e+00
1.132200000000e-06	0.000000000000e+00	0.000000000000e+00	0.000000000000e+00
1.132400000000e-06	0.000000000000e+00	0.000000000000e+00	0.000000000000e+00
1.132600000000e-06	0.000000000000e+00	0.000000000000e+00	0.000000000000e+00
1.132800000000e-06	0.000000000000e+00	0.000000000000e+00	0.000000000000e+00
1.133000000000e-06	0.000000000000e+00	0.000000000000e+00	0.000000000000e+00
1.133200000000e-06	0.000000000000e+00	0.000000000000e+00	0.000000000000e+00
1.133400000000e-06	0.000000000000e+00	0.000000000000e+00	0.000000000000e+00
1.133600000000e-06	0.000000000000e+00	0.000000000000e+00	0.000000000000e+00
1.133800000000e-06	0.000000000000e+00	0.000000000000e+00	0.000000000000e+00
1.134000000000e-06	0.000000000000e+00	0.000000000000e+00	0.000000000000e+00
1.134200000000e-06	0.000000000000e+00	0.000000000000e+00	0.000000000000e+00
1.134400000000e-06	0.000000000000e+00	0.000000000000e+00	0.000000000000e+00
1.134600000000e-06	0.000000000000e+00	0.000000000000e+00	0.000000000000e+00
1.134800000000e-06	0.000000000000e+00	0.000000000000e+00	0.000000000000e+00
1.135000000000e-06	0.000000000000e+00	0.000000000000e+00	0.000000000000e+00
1.135200000000e-06	0.000000000000e+00	0.000000000000e+00	0.000000000000e+00
1.135400000000e-06	0.000000000000e+00	0.000000000000e+00	0.000000000000e+00
1.135600000000e-06	0.000000000000e+00	0.000000000000e+00	0.000000000000e+00
1.135800000000e-06	0.000000000000e+00	0.000000000000e+00	0.000000000000e+00
1.136000000000e-06	0.000000000000e+00	0.000000000000e+00	0.000000000000e+00
1.136200000000e-06	0.000000000000e+00	0.000000000000e+00	0.000000000000e+00
1.136400000000e-06	0.000000000000e+00	0.000000000000e+00	0.000000000000e+00
1.136600000000e-06	0.000000000000e+00	0.000000000000e+00	0.000000000000e+00
1.136800000000e-06	0.000000000000e+00	0.000000000000e+00	0.000000000000e+00
1.137000000000e-06	0.000000000000e+00	0.000000000000e+00	0.000000000000e+00
1.137200000000e-06	0.000000000000e+00	0.000000000000e+00	0.000000000000e+00
1.137400000000e-06	0.000000000000e+00	0.000000000000e+00	0.000000000000e+00
1.137600000000e-06	0.000000000000e+00	0.000000000000e+00	0.000000000000e+00
1.137800000000e-06	0.000000000000e+00	0.000000000000e+00	0.000000000000e+00
1.138000000000e-06	0.000000000000e+00	0.000000000000e+00	0.000000000000e+00
1.138200000000e-06	0.000000000000e+00	0.000000000000e+00	0.000000000000e+00
1.138400000000e-06	0.000000000000e+00	0.000000000000e+00	0.000000000000e+00
1.138600000000e-06	0.000000000000e+00	0.000000000000e+00	0.000000000000e+00
1.138800000000e-06	0.000000000000e+00	0.000000000000e+00	0.000000000000e+00
1.139000000000e-06	0.000000000000e+00	0.000000000000e+00	0.000000000000e+00
1.139200000000e-06	0.000000000000e+00	0.000000000000e+00	0.000000000000e+00
1.139400000000e-06	0.000000000000e+00	0.000000000000e+00	0.000000000000e+00
1.139600000000e-06	0.000000000000e+00	0.000000000000e+00	0.000000000000e+00
1.139800000000e-06	0.000000000000e+00	0.000000000000e+00	0.000000000000e+00
1.140000000000e-06	0.000000000000e+00	0.000000000000e+00	0.000000000000e+00
1.140200000000e-06	0.000000000000e+00	0.000000000000e+00	0.000000000000e+00
1.140400000000e-06	0.000000000000e+00	0.000000000000e+00	0.000000000000e+00
1.140600000000e-06	0.000000000000e+00	0.000000000000e+00	0.000000000000e+00
1.140800000000e-06	0.000000000000e+00	0.000000000000e+00	0.000000000000e+00
1.141000000000e-06	0.000000000000e+00	0.000000000000e+00	0.000000000000e+00
1.141200000000e-06	0.000000000000e+00	0.000000000000e+00	0.000000000000e+00
1.141400000000e-06	0.000000000000e+00	0.000000000000e+00	0.000000000000e+00
1.141600000000e-06	0.000000000000e+00	0.000000000000e+00	0.000000000000e+00
1.141800000000e-06	0.000000000000e+00	0.000000000000e+00	0.000000000000e+00
1.142000000000e-06	0.000000000000e+00	0.000000000000e+00	0.000000000000e+00
1.142200000000e-06	0.000000000000e+00	0.000000000000e+00	0.000000000000e+00
1.142400000000e-06	0.000000000000e+00	0.000000000000e+00	0.000000000000e+00
1.142600000000e-06	0.000000000000e+00	0.000000000000e+00	0.000000000000e+00
1.142800000000e-06	0.000000000000e+00	0.000000000000e+00	0.000000000000e+00
1.143000000000e-06	1.858976724871e-15	-2.905460813264e-15	7.550387778664e-15
1.143200000000e-06	-3.371413395391e-15	-1.140922851546e-14	4.430109599503e-15
1.143400000000e-06	1.753331060919e-14	4.029890728097e-14	-2.581624505462e-15
1.143600000000e-06	-2.040463137616e-14	-4.499448921744e-14	5.056594758306e-16
1.143800000000e-06	-1.512413651297e-14	-3.899638520680e-15	-3.063499474784e-14
1.144000000000e-06	-3.600587621486e-15	-2.930869496968e-15	-5.070260432880e-15
1.144200000000e-06	8.642424825859e-15	5.001287651021e-14	-3.419777342817e-14
1.144400000000e-06	5.811118217392e-13	4.104990925582e-13	9.313741566547e-13
1.144600000000e-06	-4.228921367801e-13	-3.779703933612e-13	-5.859486838244e-13
1.144800000000e-06	-3.249116413775e-15	2.187749202464e-14	-3.309376155602e-14
1.145000000000e-06	9.325293525504e-14	2.119210422843e-13	-1.392279466785e-14
1.145200000000e-06	1.136354502353e-14	7.720354196679e-13	-8.659145628294e-13
1.145400000000e-06	-9.459240063046e-13	-6.333622195742e-13	-1.651362117365e-12
1.145600000000e-06	-7.919434934026e-13	-1.930448406808e-12	2.595282239971e-13
1.145800000000e-06	5.623631254383e-13	1.437799658574e-12	-2.714534689386e-13
1.146000000000e-06	-5.629294671621e-13	-1.571521242209e-12	4.149788924836e-13
1.146200000000e-06	-1.113871763562e-12	-1.081186306201e-12	-1.231761540701e-12
1.146400000000e-06	4.440389343037e-13	-1.655867306946e-12	3.121975705570e-12
1.146600000000e-06	1.517111731656e-12	7.008613001373e-13	2.983095604611e-12
1.146800000000e-06	-4.755552460678e-12	-1.145595544753e-11	2.335238734971e-12
1.147000000000e-06	4.913111273461e-12	7.087259682258e-12	3.299984904003e-12
1.147200000000e-06	3.076394706731e-13	3.922507690248e-12	-3.584088591618e-12
1.147400000000e-06	2.602940850850e-12	2.685751293707e-12	3.273040954044e-12
1.147600000000e-06	-3.683623600598e-13	-2.602538128517e-12	1.997572333872e-12
1.147800000000e-06	-2.311006704582e-12	-1.005753759623e-12	-4.427356216650e-12
1.148000000000e-06	-4.074504953211e-12	-4.743421112393e-12	-4.291597855333e-12
1.148200000000e-06	3.250332269547e-12	7.770237043468e-12	-8.301027834281e-13
1.148400000000e-06	1.093413454724e-12	-3.559880340099e-12	6.095658782767e-12
1.148600000000e-06	-6.148319163862e-12	-7.391972228258e-12	-5.629016362505e-12
1.148800000000e-06	-1.818074780354e-12	1.297099461128e-12	-5.418702092900e-12
1.149000000000e-06	-3.062364065485e-12	-7.702123531703e-12	2.257515515543e-12
1.149200000000e-06	-1.431105078531e-12	-2.645293431919e-12	-1.332760614730e-12
1.149400000000e-06	-1.714133232441e-11	-2.014792207342e-11	-1.929978771762e-11
1.149600000000e-06	-3.190694176546e-11	-5.182473267041e-11	-1.837105281208e-11
1.149800000000e-06	-1.204589319412e-11	-2.343155909875e-11	-3.653365873986e-12
1.150000000000e-06	-4.405492228479e-11	-6.201074751731e-11	-3.650272554839e-11
1.150200000000e-06	-2.440390190426e-11	-5.980422186630e-11	9.873106323698e-12
1.150400000000e-06	-7.448396068559e-11	-8.661805524153e-11	-8.419520583820e-11
1.150600000000e-06	-1.233155571787e-10	-2.073154362145e-10	-6.345972443872e-11
1.150800000000e-06	-1.676815332120e-10	-2.575784753609e-10	-1.122940784479e-10
1.151000000000e-06	-3.126546082999e-10	-4.845891603839e-10	-2.056185050829e-10
1.151200000000e-06	-4.848162885990e-10	-7.799496566791e-10	-2.853425162059e-10
1.151400000000e-06	-6.804772844164e-10	-1.223750449060e-09	-2.576270162633e-10
1.151600000000e-06	-1.297131982879e-09	-2.134988077251e-09	-7.180913461691e-10
1.151800000000e-06	-2.397300555494e-09	-3.891186837980e-09	-1.386505533511e-09
1.152000000000e-06	-2.230599820212e-09	-3.747489800039e-09	-1.158064771758e-09
1.152200000000e-06	-2.248013730352e-09	-3.581994706903e-09	-1.381778025974e-09
1.152400000000e-06	-2.225434618467e-09	-3.910803528032e-09	-9.665450078956e-10
1.152600000000e-06	-2.091679774123e-09	-3.330064009352e-09	-1.295722911506e-09
1.152800000000e-06	-2.330738989049e-09	-3.908728901236e-09	-1.223085457157e-09
1.153000000000e-06	-2.071842597794e-09	-3.459604084654e-09	-1.111758126116e-09
1.153200000000e-06	-2.309718920980e-09	-3.558468988595e-09	-1.565372220984e-09
1.153400000000e-06	-2.225250343791e-09	-3.893363744859e-09	-1.005368796352e-09
1.153600000000e-06	-2.156244043851e-09	-3.367816673955e-09	-1.433335883116e-09
1.153800000000e-06	-2.068247358132e-09	-3.583140371067e-09	-9.780428453510e-10
1.154000000000e-06	-2.166030681190e-09	-3.555612823430e-09	-1.238033110198e-09
1.154200000000e-06	-2.241498063418e-09	-3.599816121576e-09	-1.381576392888e-09
1.154400000000e-06	-2.155202246202e-09	-3.345851016689e-09	-1.459207400440e-09
1.154600000000e-06	-2.328570011831e-09	-3.963512478759e-09	-1.195569645719e-09
1.154800000000e-06	-2.545608163154e-09	-4.294757754039e-09	-1.350107216448e-09
1.155000000000e-06	-2.669321155133e-09	-4.273968783404e-09	-1.661153573566e-09
1.155200000000e-06	-2.924773707475e-09	-5.121893038945e-09	-1.343802400252e-09
1.155400000000e-06	-5.888544768802e-09	-9.673359965019e-09	-3.448208935920e-09
1.155600000000e-06	-3.899013166191e-09	-6.608509044342e-09	-2.067602760625e-09
1.155800000000e-06	-1.254307595602e-09	-1.773266547749e-09	-1.063490009443e-09
1.156000000000e-06	-1.082527849001e-09	-1.875955303577e-09	-5.423618460629e-10
1.156200000000e-06	-1.133246565266e-09	-1.809380656567e-09	-7.336266388345e-10
1.156400000000e-06	-1.016790800461e-09	-1.857813833897e-09	-4.028452695023e-10
1.156600000000e-06	-9.993439987168e-10	-1.699359507535e-09	-5.326831799055e-10
1.156800000000e-06	-9.468380459671e-10	-1.738198507065e-09	-3.552138475292e-10
1.157000000000e-06	-1.455113142987e-09	-2.429079604947e-09	-8.172398702311e-10
1.157200000000e-06	-1.321668338288e-09	-2.217348180087e-09	-7.104988801066e-10
1.157400000000e-06	-1.618918916563e-09	-2.766257939793e-09	-8.042273654923e-10
1.157600000000e-06	-2.452120436976e-09	-4.003800902106e-09	-1.406661537647e-09
1.157800000000e-06	-3.583115190227e-09	-5.836732163332e-09	-2.034382955200e-09
1.158000000000e-06	-5.266202069783e-09	-8.439859700671e-09	-3.129723250513e-09
1.158200000000e-06	-7.630775511907e-09	-1.306575107366e-08	-3.573969720991e-09
1.158400000000e-06	-1.294079895364e-08	-2.068725429230e-08	-7.709422324136e-09
1.158600000000e-06	-1.856276021217e-08	-3.044776434921e-08	-1.020162505013e-08
1.158800000000e-06	-2.513879513866e-08	-4.225687522944e-08	-1.272283782100e-08
1.159000000000e-06	-3.795625052078e-08	-6.163548445189e-08	-2.171214416929e-08
1.159200000000e-06	-4.816917428912e-08	-7.906923100316e-08	-2.675677367139e-08
1.159400000000e-06	-5.547027285416e-08	-9.211314160265e-08	-2.982286366440e-08
1.159600000000e-06	-6.571555166231e-08	-1.079287695851e-07	-3.688624392424e-08
1.159800000000e-06	-7.070973317031e-08	-1.163575744093e-07	-3.973755316620e-08
1.160000000000e-06	-7.101693412615e-08	-1.179402295247e-07	-3.901657506783e-08
1.160200000000e-06	-6.608861408730e-08	-1.086329507290e-07	-3.785358477481e-08
1.160400000000e-06	-6.387965010344e-08	-1.050975661531e-07	-3.670669082873e-08
1.160600000000e-06	-5.658387978937e-08	-9.523056683331e-08	-3.040226658364e-08
1.160800000000e-06	-4.976621698677e-08	-8.133036285351e-08	-2.962752710627e-08
1.161000000000e-06	-4.482284386027e-08	-7.482516954440e-08	-2.513772762726e-08
1.161200000000e-06	-4.007251055731e-08	-6.551381759008e-08	-2.416090039193e-08
1.161400000000e-06	-3.618601269673e-08	-6.036531558951e-08	-2.061903335530e-08
1.161600000000e-06	-2.962625025817e-08	-4.956192925409e-08	-1.686182130003e-08
1.161800000000e-06	-2.613934116257e-08	-4.447007696064e-08	-1.415895751491e-08
1.162000000000e-06	-2.227423274757e-08	-3.707121995543e-08	-1.305408703878e-08
1.162200000000e-06	-1.962097812176e-08	-3.340976833320e-08	-1.076813598482e-08
1.162400000000e-06	-1.784589435696e-08	-2.982811187127e-08	-1.047704112350e-08
1.162600000000e-06	-1.307213670087e-08	-2.269665569879e-08	-6.869659032106e-09
1.162800000000e-06	-1.285155888517e-08	-2.167797031308e-08	-7.459532104067e-09
1.163000000000e-06	-1.095317060753e-08	-1.745947575539e-08	-7.544862822207e-09
1.163200000000e-06	-9.481586810846e-09	-1.655809329504e-08	-5.014697202174e-09
1.163400000000e-06	-7.994455775735e-09	-1.313893849437e-08	-5.180010094495e-09
1.163600000000e-06	-6.789014409119e-09	-1.257480453047e-08	-2.866058605968e-09
1.163800000000e-06	-6.114656466624e-09	-8.895294573277e-09	-5.344652489211e-09
1.164000000000e-06	-4.544354099818e-09	-7.720996272351e-09	-2.835830710342e-09
1.164200000000e-06	-3.705944851427e-09	-5.386309139056e-09	-3.352747145728e-09
1.164400000000e-06	-3.950772841292e-09	-6.238911646604e-09	-2.995124629275e-09
1.164600000000e-06	-2.276171458168e-09	-3.432653578932e-09	-2.059316092439e-09
1.164800000000e-06	-1.859213686816e-09	-3.077687077176e-09	-1.377484620864e-09
1.165000000000e-06	-1.695611167153e-09	-3.340350577057e-09	-7.285614433345e-10
1.165200000000e-06	-9.947119766515e-10	-1.874971356270e-09	-6.303802300435e-10
1.165400000000e-06	-6.869130608326e-10	-1.455448379213e-09	-3.443083573457e-10
1.165600000000e-06	-9.056395371171e-10	-2.205578775931e-09	-3.319126869948e-11
1.165800000000e-06	-6.770954722752e-11	3.213522748126e-11	-4.812135763174e-10
1.166000000000e-06	8.493848039386e-10	1.965764537181e-09	-3.768147506058e-10
1.166200000000e-06	4.441701075405e-11	-6.796194626164e-10	6.172179336495e-10
1.166400000000e-06	-6.977115829166e-11	9.888630703254e-10	-1.477903526450e-09
1.166600000000e-06	9.439328253263e-10	1.619637092499e-09	2.493567317890e-10
1.166800000000e-06	1.009806531365e-09	1.030612373827e-09	1.074105825044e-09
1.167000000000e-06	9.690626344877e-10	1.637447883074e-09	3.279172674738e-10
1.167200000000e-06	1.271856208730e-09	1.696541760415e-09	9.706735618638e-10
1.167400000000e-06	1.006820177348e-09	1.368810601657e-09	7.132827499495e-10
1.167600000000e-06	8.617425846682e-10	1.345861338012e-09	4.123065243117e-10
1.167800000000e-06	1.572958144591e-09	3.270658101262e-09	2.621480604181e-11
1.168000000000e-06	2.123558450172e-09	3.466635519832e-09	1.151948140190e-09
1.168200000000e-06	1.884624593790e-09	2.420614765369e-09	1.724024608042e-09
1.168400000000e-06	2.562580541090e-09	4.586231863985e-09	9.723905677836e-10
1.168600000000e-06	2.017437234721e-09	3.040697220017e-09	1.375050672975e-09
1.168800000000e-06	1.012439202529e-09	2.058749868439e-09	-2.439022083556e-11
1.169000000000e-06	1.539138337120e-09	3.379304311893e-09	-1.809731135775e-10
1.169200000000e-06	2.011036007400e-09	3.349974907299e-09	1.005606406059e-09
1.169400000000e-06	1.910732042516e-09	3.142854149371e-09	1.000572002025e-09
1.169600000000e-06	2.234070637504e-09	3.712074626720e-09	1.171354659876e-09
1.169800000000e-06	2.424158395296e-09	4.318721434594e-09	9.657831927140e-10
1.170000000000e-06	2.626506683400e-09	3.866962579767e-09	1.972678060798e-09
1.170200000000e-06	2.420395037701e-09	4.238347602772e-09	1.067471346209e-09
1.170400000000e-06	2.319067330119e-09	4.561650122775e-09	4.620537365316e-10
1.170600000000e-06	2.512427191635e-09	4.181299021198e-09	1.382600859164e-09
1.170800000000e-06	1.974503741436e-09	3.023871739889e-09	1.358513046399e-09
1.171000000000e-06	2.237279897301e-09	4.419216688713e-09	4.426688286072e-10
1.171200000000e-06	2.483919760437e-09	4.216259756107e-09	1.266224061269e-09
1.171400000000e-06	2.757500711520e-09	5.060983239365e-09	9.694974054804e-10
1.171600000000e-06	2.097047120023e-09	3.196339551775e-09	1.426611103859e-09
1.171800000000e-06	2.523322085492e-09	4.405867347828e-09	1.142366521420e-09
1.172000000000e-06	2.641967264261e-09	3.030848339791e-09	2.981320591771e-09
1.172200000000e-06	1.930270902668e-09	3.943082290239e-09	2.504955687882e-10
1.172400000000e-06	2.572244379033e-09	3.854586654602e-09	1.872265663307e-09
1.172600000000e-06	2.645852876445e-09	5.110200522305e-09	7.241998702045e-10
1.172800000000e-06	2.202491880715e-09	3.918427606367e-09	9.038431995995e-10
1.173000000000e-06	2.660483545593e-09	4.467743534290e-09	1.457727362761e-09
1.173200000000e-06	2.513156181798e-09	4.073842093508e-09	1.484335783607e-09
1.173400000000e-06	2.518575729372e-09	4.552825147200e-09	9.854971810423e-10
1.173600000000e-06	2.459848876898e-09	4.129107085742e-09	1.336123243191e-09
1.173800000000e-06	2.682012948884e-09	4.873574824829e-09	1.056503614018e-09
1.174000000000e-06	2.010457841091e-09	3.940079871462e-09	4.596305022844e-10
1.174200000000e-06	2.557012952533e-09	4.890235230639e-09	7.683447838686e-10
1.174400000000e-06	2.119536080503e-09	2.974583224999e-09	1.758596947912e-09
1.174600000000e-06	2.488303254852e-09	3.887113390185e-09	1.684194201924e-09
1.174800000000e-06	2.488036878395e-09	4.010657374155e-09	1.547064345443e-09
1.175000000000e-06	2.332645470208e-09	4.308770803209e-09	8.530448634803e-10
1.175200000000e-06	2.634592297214e-09	4.175852804342e-09	1.696284624472e-09
1.175400000000e-06	2.121018989493e-09	3.501321563116e-09	1.201591837569e-09
1.175600000000e-06	2.984641772079e-09	5.026908213638e-09	1.655512067852e-09
1.175800000000e-06	2.162396950904e-09	4.049288050526e-09	7.166441813362e-10
1.176000000000e-06	2.334306248341e-09	4.380808664842e-09	7.705304811746e-10
1.176200000000e-06	2.422207496609e-09	4.063938695932e-09	1.330815614466e-09
1.176400000000e-06	2.394067678799e-09	4.160137205206e-09	1.159043973998e-09
1.176600000000e-06	2.381585628445e-09	4.226230418829e-09	1.076423176285e-09
1.176800000000e-06	2.343335681697e-09	4.098644137944e-09	1.109547791899e-09
1.177000000000e-06	2.501036639607e-09	4.455126817296e-09	1.096647423913e-09
1.177200000000e-06	2.017269389772e-09	3.951320299262e-09	4.730551208556e-10
1.177400000000e-06	2.568670194293e-09	4.142033178597e-09	1.597303654196e-09
1.177600000000e-06	1.967353219345e-09	3.618407103764e-09	7.157114737837e-10
1.177800000000e-06	2.700815521776e-09	4.341897720467e-09	1.754622478923e-09
1.178000000000e-06	2.297554972151e-09	3.592775746894e-09	1.558589721566e-09
1.178200000000e-06	2.700906299242e-09	4.731107885440e-09	1.311405628210e-09
1.178400000000e-06	2.459194116993e-09	4.302553655616e-09	1.145182344287e-09
1.178600000000e-06	2.454576206777e-09	4.389712642989e-09	1.083994490456e-09
1.178800000000e-06	2.243224176099e-09	3.967350353870e-09	1.003203504512e-09
1.179000000000e-06	2.365928151262e-09	4.363969377844e-09	8.868005712889e-10
1.179200000000e-06	2.325762239023e-09	3.456837503947e-09	1.771335999731e-09
1.179400000000e-06	2.402103643927e-09	3.955296920395e-09	1.431979858198e-09
1.179600000000e-06	2.355956507667e-09	4.255576173146e-09	9.925122442493e-10
1.179800000000e-06	2.149113669998e-09	4.015155607956e-09	7.391467859886e-10
1.180000000000e-06	2.310697035120e-09	4.229416583993e-09	9.324717964941e-10
1.180200000000e-06	2.408418782984e-09	3.464392086517e-09	1.968690710048e-09
1.180400000000e-06	2.449714071791e-09	4.032091994783e-09	1.462854108953e-09
1.180600000000e-06	2.405514197906e-09	4.451769249421e-09	8.999086242035e-10
1.180800000000e-06	2.303516887047e-09	3.516236508388e-09	1.669250457168e-09
1.181000000000e-06	2.317884714912e-09	4.263573195122e-09	8.743545376697e-10
1.181200000000e-06	2.414102818699e-09	3.940485239809e-09	1.472693307822e-09
1.181400000000e-06	2.272516958303e-09	4.029622980670e-09	1.032533729131e-09
1.181600000000e-06	2.266541623209e-09	3.907804381117e-09	1.158726040134e-09
1.181800000000e-06	2.261772304005e-09	3.585192876941e-09	1.496641388010e-09
1.182000000000e-06	2.347553776684e-09	3.958985730095e-09	1.307042958423e-09
1.182200000000e-06	2.124224460890e-09	3.767606663019e-09	9.786750855545e-10
1.182400000000e-06	2.211294723103e-09	3.808396832400e-09	1.159279284534e-09
1.182600000000e-06	2.028539043293e-09	3.668786047322e-09	8.383586062497e-10
1.182800000000e-06	2.267142923147e-09	3.718215535537e-09	1.357516431286e-09
1.183000000000e-06	2.299126750984e-09	4.020260443579e-09	1.133774231815e-09
1.183200000000e-06	2.236823692301e-09	3.520435681078e-09	1.523238894806e-09
1.183400000000e-06	2.288428661541e-09	4.140965472274e-09	9.727554933311e-10
1.183600000000e-06	2.213934279249e-09	3.944899835924e-09	9.747952861224e-10
1.183800000000e-06	2.395815499287e-09	3.843708810390e-09	1.553813187071e-09
1.184000000000e-06	2.212288937418e-09	3.758679368987e-09	1.193221908167e-09
1.184200000000e-06	2.197752818252e-09	3.715831187620e-09	1.188435913004e-09
1.184400000000e-06	2.407037012133e-09	4.189904883486e-09	1.208200651305e-09
1.184600000000e-06	2.031893510942e-09	3.491747969368e-09	1.042122117084e-09
1.184800000000e-06	2.343994549164e-09	4.113643720302e-09	1.127496012682e-09
1.185000000000e-06	2.164959012525e-09	3.564911405253e-09	1.275125471091e-09
1.185200000000e-06	2.059014064088e-09	3.678253183449e-09	9.219905410382e-10
1.185400000000e-06	2.036718087265e-09	3.250040426332e-09	1.321758044032e-09
1.185600000000e-06	2.388346833326e-09	3.771668527364e-09	1.632940335580e-09
1.185800000000e-06	2.142533218032e-09	4.095091139074e-09	6.651551304117e-10
1.186000000000e-06	2.440582876961e-09	3.865191374625e-09	1.658401623192e-09
1.186200000000e-06	1.903610891960e-09	3.329906338671e-09	9.177994533900e-10
1.186400000000e-06	1.965412388851e-09	3.304989481722e-09	1.096241103835e-09
1.186600000000e-06	2.451441679396e-09	3.974466830775e-09	1.563677366349e-09
1.186800000000e-06	2.134541370114e-09	3.765119930256e-09	1.010947945120e-09
1.187000000000e-06	2.015721622960e-09	3.499345572126e-09	1.001770881623e-09
1.187200000000e-06	1.962690459753e-09	3.594642666890e-09	7.638286603989e-10
1.187400000000e-06	1.993007017978e-09	3.510952273627e-09	9.672294409019e-10
1.187600000000e-06	2.163243101051e-09	3.650018185802e-09	1.210997856566e-09
1.187800000000e-06	1.905641929115e-09	3.221018072526e-09	1.052658170938e-09
1.188000000000e-06	1.993688111583e-09	3.225706655964e-09	1.272510855128e-09
1.188200000000e-06	2.146913631180e-09	3.756844611318e-09	1.050311205142e-09
1.188400000000e-06	1.999515102307e-09	3.351404192464e-09	1.155627755896e-09
1.188600000000e-06	2.178546161478e-09	3.564273331060e-09	1.357421440306e-09
1.188800000000e-06	1.991721589823e-09	3.416558373999e-09	1.023704455442e-09
1.189000000000e-06	1.918576869276e-09	3.138311746201e-09	1.186902909485e-09
1.189200000000e-06	2.068522706930e-09	3.565120487746e-09	1.094718813461e-09
1.189400000000e-06	1.843469676039e-09	3.272234833653e-09	8.804251390239e-10
1.189600000000e-06	1.982406610459e-09	3.644047884534e-09	7.671228857620e-10
1.189800000000e-06	1.965844367600e-09	3.199140686136e-09	1.227480263966e-09
1.190000000000e-06	2.178846116704e-09	3.788803182430e-09	1.108864163640e-09
1.190200000000e-06	1.974251118205e-09	3.311939865141e-09	1.123418837619e-09
1.190400000000e-06	1.928481203855e-09	3.208770761623e-09	1.133686340959e-09
1.190600000000e-06	2.184586847340e-09	3.662701608776e-09	1.258159744462e-09
1.190800000000e-06	1.677609533514e-09	2.912045687780e-09	8.447376494914e-10
1.191000000000e-06	1.909856635502e-09	3.251566631077e-09	1.039108048851e-09
1.191200000000e-06	1.990022192747e-09	3.231942218098e-09	1.251104079169e-09
1.191400000000e-06	2.026609151334e-09	3.431599986220e-09	1.131221941146e-09
1.191600000000e-06	2.077148186661e-09	3.815385799091e-09	8.227425972610e-10
1.191800000000e-06	1.872099222308e-09	3.135814718069e-09	1.087162037669e-09
1.192000000000e-06	1.966776304612e-09	3.448247667103e-09	9.807920964171e-10
1.192200000000e-06	1.941515120488e-09	3.212552076265e-09	1.159185427858e-09
1.192400000000e-06	1.946159907922e-09	3.124167782659e-09	1.284167338790e-09
1.192600000000e-06	1.860348259578e-09	3.201682494025e-09	9.624536257149e-10
1.192800000000e-06	1.871865923546e-09	3.179233375870e-09	9.921379672771e-10
1.193000000000e-06	1.838017244693e-09	3.222443023500e-09	9.152932115349e-10
1.193200000000e-06	1.905956491762e-09	3.574837370287e-09	6.702502508229e-10
1.193400000000e-06	1.809893977149e-09	3.062350902528e-09	1.016497651481e-09
1.193600000000e-06	1.905563371516e-09	3.103036620426e-09	1.197686824764e-09
1.193800000000e-06	1.931695159625e-09	3.387702209149e-09	9.220870335717e-10
1.194000000000e-06	1.788790364633e-09	2.898735788462e-09	1.140361770368e-09
1.194200000000e-06	1.914656046071e-09	3.444773708232e-09	8.278734462362e-10
1.194400000000e-06	1.944930217221e-09	3.472844544560e-09	8.822559126129e-10
1.194600000000e-06	1.803722945661e-09	3.080469269922e-09	9.723557041192e-10
1.194800000000e-06	1.704404205447e-09	2.917492289987e-09	9.330752080281e-10
1.195000000000e-06	1.928224066534e-09	3.101438903781e-09	1.259976253376e-09
1.195200000000e-06	1.834443465920e-09	3.293161363211e-09	8.180286506972e-10
1.195400000000e-06	1.792199941704e-09	3.029389768755e-09	9.986534914986e-10
1.195600000000e-06	1.676472872427e-09	2.961809501236e-09	8.117771595506e-10
1.195800000000e-06	1.883439620163e-09	3.029717737857e-09	1.225438012257e-09
1.196000000000e-06	1.934025472358e-09	3.179865484654e-09	1.172430877611e-09
1.196200000000e-06	1.666889989927e-09	2.930504087397e-09	8.066921340005e-10
1.196400000000e-06	1.729995153329e-09	2.812175937001e-09	1.098157805676e-09
1.196600000000e-06	1.925920350318e-09	3.117688064431e-09	1.213646615612e-09
1.196800000000e-06	1.850084360000e-09	2.964854271796e-09	1.216647899708e-09
1.197000000000e-06	1.820383320877e-09	3.190449319537e-09	9.145076831322e-10
1.197200000000e-06	1.921065803922e-09	3.365732978154e-09	9.506267128641e-10
1.197400000000e-06	1.752877358632e-09	2.972787187577e-09	9.729419749736e-10
1.197600000000e-06	1.616572814841e-09	2.635109203841e-09	1.010579287693e-09
1.197800000000e-06	1.765279159703e-09	3.017889683111e-09	9.589018505552e-10
1.198000000000e-06	1.393027924863e-09	2.535780144993e-09	5.418487063819e-10
1.198200000000e-06	1.679043049734e-09	2.764549974376e-09	1.030942039282e-09
1.198400000000e-06	1.769676777272e-09	2.941022273088e-09	1.050010872167e-09
1.198600000000e-06	1.904475393708e-09	3.274210663277e-09	1.025562591344e-09
1.198800000000e-06	1.512834933966e-09	2.656352588594e-09	7.251058174357e-10
1.199000000000e-06	1.885038565594e-09	3.086086837929e-09	1.186231565595e-09
1.199200000000e-06	1.628605698624e-09	2.888400205765e-09	7.612007583002e-10
1.199400000000e-06	1.666611636371e-09	2.855044130714e-09	8.957020518931e-10
1.199600000000e-06	1.753037253477e-09	3.307871532762e-09	6.182783876469e-10
1.199800000000e-06	1.538166288670e-09	2.615298688948e-09	8.282339892032e-10
1.200000000000e-06	1.870496833966e-09	2.852617925158e-09	1.404807489530e-09
1.200200000000e-06	1.482893244254e-09	2.683071624770e-09	6.242271877482e-10
1.200400000000e-06	1.601097210263e-09	2.768794660611e-09	8.319277448478e-10
1.200600000000e-06	1.768024617669e-09	3.030676185961e-09	9.567906729948e-10
1.200800000000e-06	1.535971631601e-09	2.651901857601e-09	8.057257214942e-10
1.201000000000e-06	1.739931338866e-09	2.916767071277e-09	1.047850986747e-09
1.201200000000e-06	1.713297158563e-09	2.732223380239e-09	1.115649365213e-09
1.201400000000e-06	1.848840447001e-09	3.071894801028e-09	1.128609141374e-09
1.201600000000e-06	1.702356809025e-09	2.699545322935e-09	1.146797672657e-09
1.201800000000e-06	1.643956976995e-09	2.760006823683e-09	9.541157293557e-10
1.202000000000e-06	1.631753451039e-09	2.751190529401e-09	9.856608023659e-10
1.202200000000e-06	1.543401282429e-09	2.875193952191e-09	5.645547258250e-10
1.202400000000e-06	1.556611816954e-09	2.783707028854e-09	6.714582088954e-10
1.202600000000e-06	1.632163989455e-09	2.697671604576e-09	9.887676528446e-10
1.202800000000e-06	1.707596556894e-09	2.913154457333e-09	9.320178847447e-10
1.203000000000e-06	1.786779230041e-09	3.198972137487e-09	8.421559003987e-10
1.203200000000e-06	1.611955568383e-09	2.655959304204e-09	9.803295382568e-10
1.203400000000e-06	1.532473886943e-09	2.609871763675e-09	8.296377754701e-10
1.203600000000e-06	1.581771441552e-09	2.826909758847e-09	7.209605545358e-10
1.203800000000e-06	1.608036675051e-09	2.921703264580e-09	6.806516927287e-10
1.204000000000e-06	1.631695208645e-09	2.772063731845e-09	9.022406597659e-10
1.204200000000e-06	1.624956296949e-09	2.623326397925e-09	1.041700270284e-09
1.204400000000e-06	1.600020321088e-09	2.661006825674e-09	9.582171400051e-10
1.204600000000e-06	1.683284119346e-09	2.786525058767e-09	1.003722596650e-09
1.204800000000e-06	1.498291447494e-09	2.602113487271e-09	7.540034390309e-10
1.205000000000e-06	1.519061049806e-09	2.635979287687e-09	8.066844671429e-10
1.205200000000e-06	1.632896694979e-09	2.777358575271e-09	9.113201115844e-10
1.205400000000e-06	1.621241656436e-09	2.665792873964e-09	1.005587932110e-09
1.205600000000e-06	1.534770240573e-09	2.631896783894e-09	8.072647710539e-10
1.205800000000e-06	1.440653673328e-09	2.533743486870e-09	6.861717457999e-10
1.206000000000e-06	1.605616969549e-09	2.762635989991e-09	8.626638317257e-10
1.206200000000e-06	1.538341800857e-09	2.593907417740e-09	8.730252214432e-10
1.206400000000e-06	1.581189703317e-09	2.687360966053e-09	8.675754960979e-10
1.206600000000e-06	1.495618712674e-09	2.432646662083e-09	9.641399669904e-10
1.206800000000e-06	1.497287801130e-09	2.365622265537e-09	1.025058676887e-09
1.207000000000e-06	1.521917724696e-09	2.760522531819e-09	6.611657996492e-10
1.207200000000e-06	1.553790519327e-09	2.560393533705e-09	9.505766589576e-10
1.207400000000e-06	1.539664902318e-09	2.701330560075e-09	7.719076424587e-10
1.207600000000e-06	1.334606855629e-09	2.330675206453e-09	6.790251506510e-10
1.207800000000e-06	1.481220420188e-09	2.489242244175e-09	8.615957778440e-10
1.208000000000e-06	1.476394067968e-09	2.392344568381e-09	9.452212178054e-10
1.208200000000e-06	1.510178029671e-09	2.590488693147e-09	8.077635553741e-10
1.208400000000e-06	1.526187852470e-09	2.645000553553e-09	8.106224839217e-10
1.208600000000e-06	1.394446513983e-09	2.379393116786e-09	7.302627039735e-10
1.208800000000e-06	1.463069477935e-09	2.394671181252e-09	9.267396973156e-10
1.209000000000e-06	1.597096420544e-09	2.677593921489e-09	9.269919573751e-10
1.209200000000e-06	1.390649032052e-09	2.385707592725e-09	7.773908554140e-10
1.209400000000e-06	1.359264032901e-09	2.245196435817e-09	8.208132210261e-10
1.209600000000e-06	1.530254304466e-09	2.630071000641e-09	8.288689027008e-10
1.209800000000e-06	1.443296962402e-09	2.544167730316e-09	7.107506612066e-10
1.210000000000e-06	1.215183928935e-09	2.152502227620e-09	5.838363554604e-10
1.210200000000e-06	1.440596745706e-09	2.325333118375e-09	9.386744010191e-10
1.210400000000e-06	1.380928449508e-09	2.395884023944e-09	7.165307079217e-10
1.210600000000e-06	1.479836818102e-09	2.382985544887e-09	9.671142685579e-10
1.210800000000e-06	1.348225258286e-09	2.329293329548e-09	7.217908391706e-10
1.211000000000e-06	1.402012512820e-09	2.428293894348e-09	7.248485688124e-10
1.211200000000e-06	1.671401694014e-09	2.784098997510e-09	1.028089704271e-09
1.211400000000e-06	1.433394043746e-09	2.304094233724e-09	9.109167847356e-10
1.211600000000e-06	1.504214200722e-09	2.557507346106e-09	8.339703560594e-10
1.211800000000e-06	1.357524164348e-09	2.333925697874e-09	7.195132626322e-10
1.212000000000e-06	1.458662268670e-09	2.428719232824e-09	8.719186986219e-10
1.212200000000e-06	1.506929889098e-09	2.406232119430e-09	1.004273472192e-09
1.212400000000e-06	1.466483688053e-09	2.411565939076e-09	9.131935090640e-10
1.212600000000e-06	1.587432666853e-09	2.575559009929e-09	1.004008401560e-09
1.212800000000e-06	1.394055154419e-09	2.402979912747e-09	7.274081887729e-10
1.213000000000e-06	1.388685559002e-09	2.395620344430e-09	7.266222079900e-10
1.213200000000e-06	1.407652664763e-09	2.453935437564e-09	7.243549281648e-10
1.213400000000e-06	1.505702386586e-09	2.531116755220e-09	8.593291298876e-10
1.213600000000e-06	1.305232286208e-09	2.294854811775e-09	6.289312566750e-10
1.213800000000e-06	1.436668665942e-09	2.362970367040e-09	9.121146078961e-10
1.214000000000e-06	1.372430414990e-09	2.152493353976e-09	9.644194427527e-10
1.214200000000e-06	1.361820686455e-09	2.424742299619e-09	6.321606425542e-10
1.214400000000e-06	1.371501561368e-09	2.355020173100e-09	7.366621635964e-10
1.214600000000e-06	1.357400472555e-09	2.385845848252e-09	6.614164988089e-10
1.214800000000e-06	1.379891863240e-09	2.377593383939e-09	7.249208257935e-10
1.215000000000e-06	1.362907347347e-09	2.372583806997e-09	6.943987311668e-10
1.215200000000e-06	1.488022066869e-09	2.382050621886e-09	1.023259218729e-09
1.215400000000e-06	1.513779643977e-09	2.570342329020e-09	8.759810294440e-10
1.215600000000e-06	1.339133260156e-09	2.432537508198e-09	5.667414244588e-10
1.215800000000e-06	1.279664869205e-09	2.236314230317e-09	6.392909026935e-10
1.216000000000e-06	1.410783694207e-09	2.287108835113e-09	9.262878971118e-10
1.216200000000e-06	1.412270286072e-09	2.400111796700e-09	7.877632830491e-10
1.216400000000e-06	1.291849619348e-09	2.100812842279e-09	8.257447627021e-10
1.216600000000e-06	1.347757662415e-09	2.205480994898e-09	8.314198115106e-10
1.216800000000e-06	1.317330786807e-09	2.192157207247e-09	7.808602182403e-10
1.217000000000e-06	1.278195184810e-09	2.178732521044e-09	6.942697675832e-10
1.217200000000e-06	1.325229706455e-09	2.271172607072e-09	7.293112273122e-10
1.217400000000e-06	1.434529487642e-09	2.307042697359e-09	9.502753247231e-10
1.217600000000e-06	1.252465373123e-09	2.262175171530e-09	5.467691770480e-10
1.217800000000e-06	1.403073524495e-09	2.331430975274e-09	8.488840629122e-10
1.218000000000e-06	1.354851582845e-09	2.129341888219e-09	9.359191097901e-10
1.218200000000e-06	1.197643905254e-09	1.924787367873e-09	7.884833699144e-10
1.218400000000e-06	1.253654337146e-09	2.044147654332e-09	7.906954393881e-10
1.218600000000e-06	1.354827213707e-09	2.148732192418e-09	9.492188507634e-10
1.218800000000e-06	1.276939947470e-09	2.234257229816e-09	6.357933040808e-10
1.219000000000e-06	1.301185821209e-09	2.181367272656e-09	7.434718386524e-10
1.219200000000e-06	1.279219882058e-09	2.200035624729e-09	6.920915618749e-10
1.219400000000e-06	1.403274901838e-09	2.305185409394e-09	8.790838971440e-10
1.219600000000e-06	1.185694917231e-09	1.989785507828e-09	6.866595777811e-10
1.219800000000e-06	1.245199161461e-09	2.185447525036e-09	5.992814108251e-10
1.220000000000e-06	1.223568869961e-09	2.090665766957e-09	6.711863791416e-10
1.220200000000e-06	1.244880842738e-09	2.062905218665e-09	7.660901313694e-10
1.220400000000e-06	1.188168915248e-09	2.020046554248e-09	6.608216703988e-10
1.220600000000e-06	1.282776951018e-09	2.121387505353e-09	7.785828200168e-10
1.220800000000e-06	1.223117469451e-09	2.063676549709e-09	6.907435625171e-10
1.221000000000e-06	1.135068481816e-09	2.037827413292e-09	4.954318538185e-10
1.221200000000e-06	1.272980410731e-09	2.097497216002e-09	7.901003140747e-10
1.221400000000e-06	1.334101492327e-09	2.153879302422e-09	8.827871144431e-10
1.221600000000e-06	1.266321406289e-09	2.137485637938e-09	7.348536155756e-10
1.221800000000e-06	1.343112180281e-09	2.239953026138e-09	7.917687700820e-10
1.222000000000e-06	1.334154213126e-09	2.330559207148e-09	6.972226947496e-10
1.222200000000e-06	1.155525802697e-09	1.944789909457e-09	6.627883568943e-10
1.222400000000e-06	1.337600015816e-09	2.193403213581e-09	8.355363448765e-10
1.222600000000e-06	1.236160237680e-09	2.112600954115e-09	6.863510699049e-10
1.222800000000e-06	1.184820309407e-09	2.009208446785e-09	6.716995937048e-10
1.223000000000e-06	1.221533281623e-09	2.124462968516e-09	6.406260918727e-10
1.223200000000e-06	1.209808737474e-09	2.044149649093e-09	6.736596196601e-10
1.223400000000e-06	1.162892123130e-09	2.016913412114e-09	5.839586543751e-10
1.223600000000e-06	1.208932210874e-09	2.051032086508e-09	6.960153810844e-10
1.223800000000e-06	1.247447066906e-09	2.032021639881e-09	7.926134222784e-10
1.224000000000e-06	1.282852474608e-09	2.037042882386e-09	8.753222148405e-10
1.224200000000e-06	1.143804109579e-09	1.954247399499e-09	6.323083998862e-10
1.224400000000e-06	1.134844916664e-09	1.919457768899e-09	6.189230725526e-10
1.224600000000e-06	1.190738209004e-09	1.997203983858e-09	6.851499297097e-10
1.224800000000e-06	1.033462695933e-09	1.791990210085e-09	5.602965515698e-10
1.225000000000e-06	1.176185422587e-09	2.057902545461e-09	6.020094236998e-10
1.225200000000e-06	1.154080451801e-09	2.029878318832e-09	5.778996013726e-10
1.225400000000e-06	1.210551308706e-09	1.954728454010e-09	7.889168209494e-10
1.225600000000e-06	1.127128994239e-09	1.749292130273e-09	8.257732296949e-10
1.225800000000e-06	1.077257341715e-09	1.791578877993e-09	6.207017229086e-10
1.226000000000e-06	1.156123912674e-09	1.960111538628e-09	6.542523223393e-10
1.226200000000e-06	1.183765589066e-09	1.968614469223e-09	7.143201029252e-10
1.226400000000e-06	1.142843262985e-09	1.945851333792e-09	6.469304519855e-10
1.226600000000e-06	1.083483552017e-09	1.790422739955e-09	6.446362944808e-10
1.226800000000e-06	1.170016547886e-09	2.000231855541e-09	6.617555217856e-10
1.227000000000e-06	1.200720143840e-09	1.969335292122e-09	7.483900466037e-10
1.227200000000e-06	1.137908663459e-09	1.937816294760e-09	6.290185803473e-10
1.227400000000e-06	1.187129881410e-09	2.067589403109e-09	6.013000835324e-10
1.227600000000e-06	1.048779131780e-09	1.817611991284e-09	5.684287716576e-10
1.227800000000e-06	1.138765554071e-09	1.952100091084e-09	6.091034025525e-10
1.228000000000e-06	1.230926109024e-09	1.975187528449e-09	8.520239410452e-10
1.228200000000e-06	1.171892231171e-09	1.920881122247e-09	7.220405110695e-10
1.228400000000e-06	1.197631562659e-09	2.004482111500e-09	7.189312899617e-10
1.228600000000e-06	1.076643441391e-09	1.881260489766e-09	5.481840286488e-10
1.228800000000e-06	1.061307715195e-09	1.830589008188e-09	5.590570470072e-10
1.229000000000e-06	1.062640319138e-09	1.859851578528e-09	5.271516310270e-10
1.229200000000e-06	1.110264190641e-09	1.802066378501e-09	7.153481077527e-10
1.229400000000e-06	1.148775993317e-09	1.924816391960e-09	6.976480495442e-10
1.229600000000e-06	1.133226342243e-09	2.060782245717e-09	4.833459633350e-10
1.229800000000e-06	1.058833834049e-09	1.790380677155e-09	6.137688591399e-10
1.230000000000e-06	1.124184514167e-09	1.934477472701e-09	6.010775624345e-10
1.230200000000e-06	1.161574206348e-09	1.800218312169e-09	8.420550331925e-10
1.230400000000e-06	1.022250739945e-09	1.759599523438e-09	5.418942538702e-10
1.230600000000e-06	1.050401440363e-09	1.815260636611e-09	5.425766698211e-10
1.230800000000e-06	1.138877665585e-09	1.923845026127e-09	6.725819328094e-10
1.231000000000e-06	1.156791942190e-09	1.932680127124e-09	6.866821213055e-10
1.231200000000e-06	1.018924302765e-09	1.765433075658e-09	5.426691763345e-10
1.231400000000e-06	1.100034853486e-09	1.794514481611e-09	7.034945852912e-10
1.231600000000e-06	1.052567059735e-09	1.818433090994e-09	5.744182947057e-10
1.231800000000e-06	1.151794218232e-09	1.951985732798e-09	6.501134365213e-10
1.232000000000e-06	9.779017257772e-10	1.687439890394e-09	5.177023149280e-10
1.232200000000e-06	1.095022757831e-09	1.788410778940e-09	7.167543764624e-10
1.232400000000e-06	1.084213281563e-09	1.835278168135e-09	6.032527648736e-10
1.232600000000e-06	1.055272038387e-09	1.762567905532e-09	5.928418431570e-10
1.232800000000e-06	1.096300903935e-09	1.756615377515e-09	7.157744182403e-10
1.233000000000e-06	1.063343633555e-09	1.836385820757e-09	5.582902887675e-10
1.233200000000e-06	1.099593144830e-09	1.795475807135e-09	6.961082065094e-10
1.233400000000e-06	1.159325114193e-09	1.800464716567e-09	8.441721897157e-10
1.233600000000e-06	1.159234703811e-09	1.896669879201e-09	7.149234322587e-10
1.233800000000e-06	1.070979041509e-09	1.812331243316e-09	6.049981048311e-10
1.234000000000e-06	1.080714492758e-09	1.669036549033e-09	8.121268180312e-10
1.234200000000e-06	1.027066961203e-09	1.773217735494e-09	5.634892967282e-10
1.234400000000e-06	1.111509975504e-09	1.900675019908e-09	6.319113160132e-10
1.234600000000e-06	1.095271145829e-09	1.928760118669e-09	5.473907549514e-10
1.234800000000e-06	1.031306724786e-09	1.734570865609e-09	5.764553656820e-10
1.235000000000e-06	1.048932913839e-09	1.718981595703e-09	6.825157034934e-10
1.235200000000e-06	1.032296181930e-09	1.724969502215e-09	6.138527914574e-10
1.235400000000e-06	9.593320054477e-10	1.735105526864e-09	4.179394094317e-10
1.235600000000e-06	9.543237729555e-10	1.620789412829e-09	5.460265870318e-10
1.235800000000e-06	1.065832187703e-09	1.738584573668e-09	6.734871702438e-10
1.236000000000e-06	1.024857998490e-09	1.706158434405e-09	6.132202214335e-10
1.236200000000e-06	1.062604048825e-09	1.819331905987e-09	6.046143171233e-10
1.236400000000e-06	1.093546545959e-09	1.705859807194e-09	7.902839455429e-10
1.236600000000e-06	9.733933223668e-10	1.621694679355e-09	6.004325086047e-10
1.236800000000e-06	1.072762871640e-09	1.877852681277e-09	5.416881122304e-10
1.237000000000e-06	9.688342785753e-10	1.645990560063e-09	5.442865796827e-10
1.237200000000e-06	1.006338647106e-09	1.773010055079e-09	4.803864153697e-10
1.237400000000e-06	9.967981917262e-10	1.645741857746e-09	6.137515933275e-10
1.237600000000e-06	9.630173999301e-10	1.599810288198e-09	5.574262573415e-10
1.237800000000e-06	1.065510807403e-09	1.579885048825e-09	5.723135929016e-10
1.238000000000e-06	1.037002550943e-09	1.587736010570e-09	7.817537711156e-10
1.238200000000e-06	9.578132637430e-10	1.570459174095e-09	5.795815510353e-10
1.238400000000e-06	9.837900420702e-10	1.637014385784e-09	5.777999846285e-10
1.238600000000e-06	9.767936841911e-10	1.615108086264e-09	6.042555703862e-10
1.238800000000e-06	1.004267201782e-09	1.623061746601e-09	6.653910385502e-10
1.239000000000e-06	9.912292623295e-10	1.629512422058e-09	6.188346451949e-10
1.239200000000e-06	1.040229628768e-09	1.730781615507e-09	6.343316445012e-10
1.239400000000e-06	9.321250205956e-10	1.581512673891e-09	5.205414747218e-10
1.239600000000e-06	9.032682884217e-10	1.499124425765e-09	5.650103941054e-10
1.239800000000e-06	1.061806231864e-09	1.866408535326e-09	5.316154129295e-10
1.240000000000e-06	9.931955825877e-10	1.646719638993e-09	6.107613467301e-10
1.240200000000e-06	9.528939133676e-10	1.647186935791e-09	4.956238877614e-10
1.240400000000e-06	9.289119032389e-10	1.639051092191e-09	4.412891043669e-10
1.240600000000e-06	9.164772523747e-10	1.461984472273e-09	6.241101952501e-10
1.240800000000e-06	9.808953105807e-10	1.598229645310e-09	6.229027702493e-10
1.241000000000e-06	8.178817265038e-10	1.334953722121e-09	5.174766958317e-10
1.241200000000e-06	9.800308729805e-10	1.676806873784e-09	5.468592460862e-10
1.241400000000e-06	1.034013483400e-09	1.702915318609e-09	6.134632661889e-10
1.241600000000e-06	9.187777709401e-10	1.480861331803e-09	5.878767757248e-10
1.241800000000e-06	9.051026102629e-10	1.638418907469e-09	4.191933062156e-10
1.242000000000e-06	9.769241119556e-10	1.514542842567e-09	7.006931004193e-10
1.242200000000e-06	9.375746780307e-10	1.613525784805e-09	5.186339879355e-10
1.242400000000e-06	9.881032991204e-10	1.766004416599e-09	4.817413672071e-10
1.242600000000e-06	9.103309007582e-10	1.572626874752e-09	4.680533814823e-10
1.242800000000e-06	8.459516269379e-10	1.394977903490e-09	5.048025113016e-10
1.243000000000e-06	8.505152344420e-10	1.472911808762e-09	4.425266024966e-10
1.243200000000e-06	9.417159458791e-10	1.595355266742e-09	5.485399168220e-10
1.243400000000e-06	1.013625040949e-09	1.625847498206e-09	6.855944160405e-10
1.243600000000e-06	1.041168333219e-09	1.692527703248e-09	6.662829314863e-10
1.243800000000e-06	8.784171479522e-10	1.596972394270e-09	3.764772592362e-10
1.244000000000e-06	8.911587481166e-10	1.416870812838e-09	6.140922821951e-10
1.244200000000e-06	8.988005386796e-10	1.646884852827e-09	3.736671404336e-10
1.244400000000e-06	9.284096828724e-10	1.523018837950e-09	5.318535960731e-10
1.244600000000e-06	8.715234881772e-10	1.436621397000e-09	5.463444000011e-10
