1.585800000000e-06	0.000000000000e+00	0.000000000000e+00	0.000000000000e+00
1.586000000000e-06	0.000000000000e+00	0.000000000000e+00	0.000000000000e+00
1.586200000000e-06	0.000000000000e+00	0.000000000000e+00	0.000000000000e+00
1.586400000000e-06	0.000000000000e+00	0.000000000000e+00	0.000000000000e+00
1.586600000000e-06	0.000000000000e+00	0.000000000000e+00	0.000000000000e+00
1.586800000000e-06	0.000000000000e+00	0.000000000000e+00	0.000000000000e+00
1.587000000000e-06	0.000000000000e+00	0.000000000000e+00	0.000000000000e+00
1.587200000000e-06	0.000000000000e+00	0.000000000000e+00	0.000000000000e+00
1.587400000000e-06	0.000000000000e+00	0.000000000000e+00	0.000000000000e+00
1.587600000000e-06	0.000000000000e+00	0.000000000000e+00	0.000000000000e+00
1.587800000000e-06	0.000000000000e+00	0.000000000000e+00	0.000000000000e+00
1.588000000000e-06	0.000000000000e+00	0.000000000000e+00	0.000000000000e+00
1.588200000000e-06	0.000000000000e+00	0.000000000000e+00	0.000000000000e+00
1.588400000000e-06	0.000000000000e+00	0.000000000000e+00	0.000000000000e+00
1.588600000000e-06	0.000000000000e+00	0.000000000000e+00	0.000000000000e+00
1.588800000000e-06	0.000000000000e+00	0.000000000000e+00	0.000000000000e+00
1.589000000000e-06	0.000000000000e+00	0.000000000000e+00	0.000000000000e+00
1.589200000000e-06	0.000000000000e+00	0.000000000000e+00	0.000000000000e+00
1.589400000000e-06	0.000000000000e+00	0.000000000000e+00	0.000000000000e+00
1.589600000000e-06	0.000000000000e+00	0.000000000000e+00	0.000000000000e+00
1.589800000000e-06	0.000000000000e+00	0.000000000000e+00	0.000000000000e+00
1.590000000000e-06	0.000000000000e+00	0.000000000000e+00	0.000000000000e+00
1.590200000000e-06	0.000000000000e+00	0.000000000000e+00	0.000000000000e+00
1.590400000000e-06	0.000000000000e+00	0.000000000000e+00	0.000000000000e+00
1.590600000000e-06	0.000000000000e+00	0.000000000000e+00	0.000000000000e+00
1.590800000000e-06	0.000000000000e+00	0.000000000000e+00	0.000000000000e+00
1.591000000000e-06	0.000000000000e+00	0.000000000000e+00	0.000000000000e+00
1.591200000000e-06	0.000000000000e+00	0.000000000000e+00	0.000000000000e+00
1.591400000000e-06	0.000000000000e+00	0.000000000000e+00	0.000000000000e+00
1.591600000000e-06	0.000000000000e+00	0.000000000000e+00	0.000000000000e+00
1.591800000000e-06	0.000000000000e+00	0.000000000000e+00	0.000000000000e+00
1.592000000000e-06	0.000000000000e+00	0.000000000000e+00	0.000000000000e+00
1.592200000000e-06	0.000000000000e+00	0.000000000000e+00	0.000000000000e+00
1.592400000000e-06	0.000000000000e+00	0.000000000000e+00	0.000000000000e+00
1.592600000000e-06	0.000000000000e+00	0.000000000000e+00	0.000000000000e+00
1.592800000000e-06	0.000000000000e+00	0.000000000000e+00	0.000000000000e+00
1.593000000000e-06	0.000000000000e+00	0.000000000000e+00	0.000000000000e+00
1.593200000000e-06	0.000000000000e+00	0.000000000000e+00	0.000000000000e+00
1.593400000000e-06	0.000000000000e+00	0.000000000000e+00	0.000000000000e+00
1.593600000000e-06	0.000000000000e+00	0.000000000000e+00	0.000000000000e+00
1.593800000000e-06	0.000000000000e+00	0.000000000000e+00	0.000000000000e+00
1.594000000000e-06	0.000000000000e+00	0.000000000000e+00	0.000000000000e+00
1.594200000000e-06	0.000000000000e+00	0.000000000000e+00	0.000000000000e+00
1.594400000000e-06	0.000000000000e+00	0.000000000000e+00	0.000000000000e+00
1.594600000000e-06	0.000000000000e+00	0.000000000000e+00	0.000000000000e+00
1.594800000000e-06	0.000000000000e+00	0.000000000000e+00	0.000000000000e+00
1.595000000000e-06	0.000000000000e+00	0.000000000000e+00	0.000000000000e+00
1.595200000000e-06	0.000000000000e+00	0.000000000000e+00	0.000000000000e+00
1.595400000000e-06	0.000000000000e+00	0.000000000000e+00	0.000000000000e+00
1.595600000000e-06	0.000000000000e+00	0.000000000000e+00	0.000000000000e+00
1.595800000000e-06	0.000000000000e+00	0.000000000000e+00	0.000000000000e+00
1.596000000000e-06	0.000000000000e+00	0.000000000000e+00	0.000000000000e+00
1.596200000000e-06	0.000000000000e+00	0.000000000000e+00	0.000000000000e+00
1.596400000000e-06	0.000000000000e+00	0.000000000000e+00	0.000000000000e+00
1.596600000000e-06	0.000000000000e+00	0.000000000000e+00	0.000000000000e+00
1.596800000000e-06	0.000000000000e+00	0.000000000000e+00	0.000000000000e+00
1.597000000000e-06	0.000000000000e+00	0.000000000000e+00	0.000000000000e+00
1.597200000000e-06	0.000000000000e+00	0.000000000000e+00	0.000000000000e+00
1.597400000000e-06	0.000000000000e+00	0.000000000000e+00	0.000000000000e+00
1.597600000000e-06	0.000000000000e+00	0.000000000000e+00	0.000000000000e+00
1.597800000000e-06	0.000000000000e+00	0.000000000000e+00	0.000000000000e+00
1.598000000000e-06	0.000000000000e+00	0.000000000000e+00	0.000000000000e+00
1.598200000000e-06	0.000000000000e+00	0.000000000000e+00	0.000000000000e+00
1.598400000000e-06	0.000000000000e+00	0.000000000000e+00	0.000000000000e+00
1.598600000000e-06	0.000000000000e+00	0.000000000000e+00	0.000000000000e+00
1.598800000000e-06	0.000000000000e+00	0.000000000000e+00	0.000000000000e+00
1.599000000000e-06	0.000000000000e+00	0.000000000000e+00	0.000000000000e+00
1.599200000000e-06	0.000000000000e+00	0.000000000000e+00	0.000000000000e+00
1.599400000000e-06	0.000000000000e+00	0.000000000000e+00	0.000000000000e+00
1.599600000000e-06	0.000000000000e+00	0.000000000000e+00	0.000000000000e+00
1.599800000000e-06	0.000000000000e+00	0.000000000000e+00	0.000000000000e+00
1.600000000000e-06	0.000000000000e+00	0.000000000000e+00	0.000000000000e+00
1.600200000000e-06	0.000000000000e+00	0.000000000000e+00	0.000000000000e+00
1.600400000000e-06	0.000000000000e+00	0.000000000000e+00	0.000000000000e+00
1.600600000000e-06	0.000000000000e+00	0.000000000000e+00	0.000000000000e+00
1.600800000000e-06	0.000000000000e+00	0.000000000000e+00	0.000000000000e+00
1.601000000000e-06	0.000000000000e+00	0.000000000000e+00	0.000000000000e+00
1.601200000000e-06	0.000000000000e+00	0.000000000000e+00	0.000000000000e+00
1.601400000000e-06	0.000000000000e+00	0.000000000000e+00	0.000000000000e+00
1.601600000000e-06	0.000000000000e+00	0.000000000000e+00	0.000000000000e+00
1.601800000000e-06	0.000000000000e+00	0.000000000000e+00	0.000000000000e+00
1.602000000000e-06	-2.646212991294e-16	-1.318536606864e-14	1.369796637512e-14
1.602200000000e-06	0.000000000000e+00	0.000000000000e+00	0.000000000000e+00
1.602400000000e-06	-5.852011747158e-15	-6.043344999277e-15	-7.369744884203e-15
1.602600000000e-06	0.000000000000e+00	0.000000000000e+00	0.000000000000e+00
1.602800000000e-06	6.526196196364e-15	7.019238210375e-15	7.935019409523e-15
1.603000000000e-06	0.000000000000e+00	0.000000000000e+00	0.000000000000e+00
1.603200000000e-06	-4.685362600283e-16	-4.293493595487e-16	-6.293710841900e-16
1.603400000000e-06	-5.337624314408e-16	-1.647209034188e-16	-1.022478555458e-15
1.603600000000e-06	-8.141241512607e-16	-7.340554246950e-16	-1.363370287784e-15
1.603800000000e-06	-2.690079111381e-14	-2.629713922809e-14	-3.301183579749e-14
1.604000000000e-06	9.495042691639e-15	2.152429000440e-14	-2.608624921084e-15
1.604200000000e-06	1.327444730819e-14	2.218748768732e-14	7.485292578970e-15
1.604400000000e-06	-4.365179609669e-15	-2.962759567278e-15	-6.451631157004e-15
1.604600000000e-06	4.314126112049e-15	3.315681208544e-16	9.800036106575e-15
1.604800000000e-06	-2.489659891678e-13	-2.115454496753e-13	-3.516597745642e-13
1.605000000000e-06	9.306819427427e-15	-3.147239128117e-14	5.706010551312e-14
1.605200000000e-06	4.105101374132e-14	-3.829911815950e-14	1.433710025013e-13
1.605400000000e-06	2.311114585439e-13	1.842899939733e-13	3.487356313850e-13
1.605600000000e-06	6.465695456185e-14	5.851662975524e-14	1.107040005970e-13
1.605800000000e-06	-5.716935438495e-14	-1.448114523296e-14	-1.274312027350e-13
1.606000000000e-06	8.798101920605e-14	1.866999454842e-13	-4.834220726670e-15
1.606200000000e-06	-2.078695697137e-13	-4.306571270887e-13	-1.036229196708e-14
1.606400000000e-06	4.451384989589e-14	-1.822964538900e-13	2.839465186852e-13
1.606600000000e-06	-4.459753316067e-13	-1.074409680322e-12	1.089085415525e-13
1.606800000000e-06	6.569867299388e-12	1.122674240472e-11	1.960720466618e-12
1.607000000000e-06	-4.039745933308e-13	-1.039904710297e-13	-8.693730501733e-13
1.607200000000e-06	1.777180925921e-12	3.114649079254e-12	3.790602934485e-13
1.607400000000e-06	6.212446462780e-13	-1.887501288687e-12	3.943357064180e-12
1.607600000000e-06	-1.367499720127e-12	-2.170066097705e-12	-6.724011130133e-13
1.607800000000e-06	-4.639356137461e-12	-6.831076013280e-12	-3.615852368573e-12
1.608000000000e-06	-2.419989544609e-12	-9.622485773183e-12	5.674156971976e-12
1.608200000000e-06	1.135137583442e-12	9.170596770923e-14	2.636639372910e-12
1.608400000000e-06	-4.774301248265e-12	-5.318398451351e-12	-5.089163625174e-12
1.608600000000e-06	2.189499805038e-12	8.382210807356e-12	-4.389316697965e-12
1.608800000000e-06	1.818115006986e-12	5.675172866583e-12	-2.377463230072e-12
1.609000000000e-06	-1.671628948099e-12	-4.940342843871e-12	1.860591237754e-12
1.609200000000e-06	-4.363445418865e-12	-6.916278780158e-12	-2.094317469284e-12
1.609400000000e-06	-2.213716825325e-12	-2.323402007320e-12	-3.056744854263e-12
1.609600000000e-06	6.674188299836e-13	-1.824792320034e-12	3.453699195360e-12
1.609800000000e-06	-3.068433267773e-12	-5.834741322072e-13	-6.439596960529e-12
1.610000000000e-06	-3.058324597257e-12	-1.310598577695e-11	7.884009436452e-12
1.610200000000e-06	6.316912584903e-12	6.447581913594e-12	8.578146164753e-12
1.610400000000e-06	-7.022564909943e-12	-8.368061560518e-12	-8.864001649102e-12
1.610600000000e-06	1.910748739641e-11	2.405068668317e-11	2.102542053991e-11
1.610800000000e-06	-5.690051229432e-12	6.244613681346e-12	-2.143604003700e-11
1.611000000000e-06	-5.380254647172e-12	-1.292483436735e-11	1.650826139859e-12
1.611200000000e-06	-3.729006807060e-12	-1.453737039313e-11	5.614331693141e-12
1.611400000000e-06	-1.912150994123e-11	-3.152836112015e-11	-1.171983421155e-11
1.611600000000e-06	-4.466340278893e-12	-8.890299449181e-12	-9.899393761389e-14
1.611800000000e-06	-5.027250071713e-12	-1.405460946264e-11	2.279336479652e-12
1.612000000000e-06	-2.447276446085e-11	-2.974013632947e-11	-2.487986032424e-11
1.612200000000e-06	-2.911782348343e-11	-4.319211429410e-11	-2.003935295353e-11
1.612400000000e-06	-8.866587821338e-12	-2.109735379388e-11	1.864605052155e-12
1.612600000000e-06	-3.688229127118e-11	-5.372001201966e-11	-2.984571767822e-11
1.612800000000e-06	-1.435753112697e-11	-2.658313979251e-11	-4.607666695415e-12
1.613000000000e-06	-6.143704030468e-11	-8.752842353049e-11	-4.951587917979e-11
1.613200000000e-06	-4.783450425057e-11	-8.302864068740e-11	-2.334483314769e-11
1.613400000000e-06	-5.489536201255e-11	-8.914490737726e-11	-3.270188453404e-11
1.613600000000e-06	-1.061551295207e-10	-1.590544541711e-10	-7.827302942703e-11
1.613800000000e-06	-1.266390762772e-10	-2.262687917633e-10	-5.279016719470e-11
1.614000000000e-06	-1.247246214018e-10	-2.207257944779e-10	-5.506052132199e-11
1.614200000000e-06	-2.077341164255e-10	-2.474467458878e-10	-2.235091339209e-10
1.614400000000e-06	-2.794321425164e-10	-4.889981778325e-10	-1.277373927026e-10
1.614600000000e-06	-3.354331094204e-10	-6.791477606578e-10	-5.254189729341e-11
1.614800000000e-06	-4.315378390177e-10	-6.495414260454e-10	-3.165690482331e-10
1.615000000000e-06	-4.051851819748e-10	-6.311941215402e-10	-2.744438194933e-10
1.615200000000e-06	-4.364076832931e-10	-6.904485552040e-10	-2.811636484282e-10
1.615400000000e-06	-1.353073168392e-09	-2.347193754033e-09	-6.524271168140e-10
1.615600000000e-06	-2.165123098488e-09	-3.608401828486e-09	-1.209439362735e-09
1.615800000000e-06	-1.827936905563e-09	-2.996597713984e-09	-1.075688213526e-09
1.616000000000e-06	-1.733281068957e-09	-3.012973229880e-09	-8.265858275958e-10
1.616200000000e-06	-1.462457101488e-09	-2.251022449339e-09	-1.024044988170e-09
1.616400000000e-06	-1.616632708073e-09	-2.743824184620e-09	-8.466411338054e-10
1.616600000000e-06	-1.529786621812e-09	-2.713087234010e-09	-6.698540813227e-10
1.616800000000e-06	-1.361130456841e-09	-2.305086999658e-09	-7.172008450180e-10
1.617000000000e-06	-1.521217272202e-09	-2.504455276994e-09	-8.771629445279e-10
1.617200000000e-06	-1.565656044888e-09	-2.483045730447e-09	-1.008666631599e-09
1.617400000000e-06	-1.213793172931e-09	-1.710301393749e-09	-1.014462947552e-09
1.617600000000e-06	-1.463076487486e-09	-2.587529050588e-09	-6.456464275005e-10
1.617800000000e-06	-1.593555550348e-09	-2.536865420754e-09	-1.013524804990e-09
1.618000000000e-06	-1.732907725240e-09	-2.894257971027e-09	-9.526639652056e-10
1.618200000000e-06	-1.210912944978e-09	-2.208872388294e-09	-4.608821190324e-10
1.618400000000e-06	-1.640359325317e-09	-2.758222316492e-09	-8.840295094560e-10
1.618600000000e-06	-1.813581195786e-09	-3.044810084959e-09	-9.727400382159e-10
1.618800000000e-06	-2.393659551770e-09	-3.854387745973e-09	-1.470937450258e-09
1.619000000000e-06	-2.310247343690e-09	-4.240368186032e-09	-8.387927842535e-10
1.619200000000e-06	-2.854722349534e-09	-4.604889551408e-09	-1.733015352805e-09
1.619400000000e-06	-3.332672031424e-09	-5.430742768611e-09	-1.965074435941e-09
1.619600000000e-06	-3.519055245993e-09	-5.849984882061e-09	-1.943051325295e-09
1.619800000000e-06	-4.242320446684e-09	-6.991331934833e-09	-2.414487828372e-09
1.620000000000e-06	-4.696123833524e-09	-7.809411418346e-09	-2.600292269500e-09
1.620200000000e-06	-5.434672793193e-09	-8.461988187056e-09	-3.645736927552e-09
1.620400000000e-06	-5.810583843425e-09	-9.500957968337e-09	-3.399601817020e-09
1.620600000000e-06	-6.401358269321e-09	-1.105045229619e-08	-3.097749220451e-09
1.620800000000e-06	-7.272760507382e-09	-1.221460493581e-08	-3.904431814377e-09
1.621000000000e-06	-8.331645361357e-09	-1.401558067981e-08	-4.447820357915e-09
1.621200000000e-06	-8.574053814817e-09	-1.420677283201e-08	-4.839425286429e-09
1.621400000000e-06	-9.024896502947e-09	-1.529367856787e-08	-4.721895224402e-09
1.621600000000e-06	-1.022737972832e-08	-1.688549186546e-08	-5.862575132214e-09
1.621800000000e-06	-1.125915747390e-08	-1.870718120328e-08	-6.328025753619e-09
1.622000000000e-06	-1.181405229602e-08	-2.014316514480e-08	-6.089594847122e-09
1.622200000000e-06	-1.203321229085e-08	-1.957002657622e-08	-7.265776305241e-09
1.622400000000e-06	-1.307570213708e-08	-2.185016008686e-08	-7.272779047052e-09
1.622600000000e-06	-1.434621054303e-08	-2.451809350516e-08	-7.388154116696e-09
1.622800000000e-06	-1.576028924721e-08	-2.591517389374e-08	-9.266716280411e-09
1.623000000000e-06	-1.615307780057e-08	-2.696439301638e-08	-9.077506292986e-09
1.623200000000e-06	-1.632969621109e-08	-2.668071266726e-08	-9.837194742822e-09
1.623400000000e-06	-1.634352220003e-08	-2.713293726600e-08	-9.410635806914e-09
1.623600000000e-06	-1.767664732663e-08	-2.959650046276e-08	-9.923731277420e-09
1.623800000000e-06	-1.778078791853e-08	-3.007450632745e-08	-9.665045952583e-09
1.624000000000e-06	-1.791705785218e-08	-3.046243500551e-08	-9.603092180291e-09
1.624200000000e-06	-1.875217510979e-08	-3.160026229049e-08	-1.038977598311e-08
1.624400000000e-06	-1.894291801440e-08	-3.184798450030e-08	-1.061850116054e-08
1.624600000000e-06	-1.956196692170e-08	-3.222696600871e-08	-1.170306292363e-08
1.624800000000e-06	-1.927517508835e-08	-3.263900611831e-08	-1.059683096070e-08
1.625000000000e-06	-2.047687964437e-08	-3.437244056008e-08	-1.162779219723e-08
1.625200000000e-06	-1.957032477098e-08	-3.303445503267e-08	-1.093552785531e-08
1.625400000000e-06	-1.777250788805e-08	-2.969081077554e-08	-1.031956186536e-08
1.625600000000e-06	-1.876620038480e-08	-3.061704662608e-08	-1.172546379840e-08
1.625800000000e-06	-1.847434230902e-08	-3.138920886202e-08	-1.020103678019e-08
1.626000000000e-06	-1.927578843991e-08	-3.214477720337e-08	-1.133126645060e-08
1.626200000000e-06	-1.796178495376e-08	-3.135359998767e-08	-9.056839381027e-09
1.626400000000e-06	-1.843794038136e-08	-3.042012397988e-08	-1.127738504696e-08
1.626600000000e-06	-1.802266826519e-08	-2.972226180218e-08	-1.105259659316e-08
1.626800000000e-06	-1.664448305552e-08	-2.833237752085e-08	-9.277988114861e-09
1.627000000000e-06	-1.786189092444e-08	-2.929301823706e-08	-1.119681646638e-08
1.627200000000e-06	-1.597722480327e-08	-2.767050639925e-08	-8.442495074203e-09
1.627400000000e-06	-1.603425862373e-08	-2.698731274935e-08	-9.372729076829e-09
1.627600000000e-06	-1.653300704105e-08	-2.718994114834e-08	-1.035214603661e-08
1.627800000000e-06	-1.543298963818e-08	-2.607595801641e-08	-8.955285072208e-09
1.628000000000e-06	-1.448234021855e-08	-2.449957931321e-08	-8.401650887493e-09
1.628200000000e-06	-1.417449462059e-08	-2.397847544830e-08	-8.233057981768e-09
1.628400000000e-06	-1.410834818105e-08	-2.433508052256e-08	-7.714126422278e-09
1.628600000000e-06	-1.408816078654e-08	-2.353305972778e-08	-8.558159895495e-09
1.628800000000e-06	-1.349677433857e-08	-2.227167487283e-08	-8.536369532557e-09
1.629000000000e-06	-1.203237512685e-08	-2.102683996360e-08	-6.368817881589e-09
1.629200000000e-06	-1.201186746015e-08	-2.055885039610e-08	-6.832057528057e-09
1.629400000000e-06	-1.122078270388e-08	-1.819996167687e-08	-7.520555664477e-09
1.629600000000e-06	-1.123365219930e-08	-2.039105636295e-08	-5.152534119342e-09
1.629800000000e-06	-1.031424940497e-08	-1.707061163110e-08	-6.577320340464e-09
1.630000000000e-06	-1.052846888135e-08	-1.788481237290e-08	-6.213289615022e-09
1.630200000000e-06	-9.194893760225e-09	-1.586776115847e-08	-5.201322099610e-09
1.630400000000e-06	-9.142777515007e-09	-1.550274796955e-08	-5.487569397769e-09
1.630600000000e-06	-9.714657721054e-09	-1.616125278856e-08	-6.171846060568e-09
1.630800000000e-06	-8.490784780007e-09	-1.498723472065e-08	-4.471553505492e-09
1.631000000000e-06	-7.437857744844e-09	-1.296162000101e-08	-4.146179607717e-09
1.631200000000e-06	-6.897103977135e-09	-1.078696388635e-08	-5.205139403298e-09
1.631400000000e-06	-6.735985241467e-09	-1.202107947268e-08	-3.467275602002e-09
1.631600000000e-06	-6.795389173966e-09	-1.133822900345e-08	-4.377612405458e-09
1.631800000000e-06	-6.484557336449e-09	-1.190720193634e-08	-2.980838352955e-09
1.632000000000e-06	-6.501661127783e-09	-1.071779864865e-08	-4.364189657409e-09
1.632200000000e-06	-5.384138047527e-09	-9.079487175489e-09	-3.400766166344e-09
1.632400000000e-06	-5.579818127293e-09	-9.763482301908e-09	-3.147538493961e-09
1.632600000000e-06	-5.467056676489e-09	-8.676758626039e-09	-4.060280842661e-09
1.632800000000e-06	-5.131956423146e-09	-8.399824991609e-09	-3.544300393109e-09
1.633000000000e-06	-4.304232635631e-09	-7.770999050832e-09	-2.238618123849e-09
1.633200000000e-06	-4.329492377268e-09	-7.818742069163e-09	-2.232544991718e-09
1.633400000000e-06	-4.006356883432e-09	-6.851429761068e-09	-2.506389435110e-09
1.633600000000e-06	-4.013365651123e-09	-6.244127005079e-09	-3.182733480407e-09
1.633800000000e-06	-3.680526198287e-09	-6.175715306899e-09	-2.450737478513e-09
1.634000000000e-06	-2.862983661083e-09	-5.236930467287e-09	-1.491396614696e-09
1.634200000000e-06	-3.204797210422e-09	-5.754221680534e-09	-1.774352720925e-09
1.634400000000e-06	-3.384232929863e-09	-5.525121247378e-09	-2.448102560788e-09
1.634600000000e-06	-2.186664903504e-09	-2.860382004990e-09	-2.438008184638e-09
1.634800000000e-06	-2.414754567059e-09	-4.013453502151e-09	-1.728666870592e-09
1.635000000000e-06	-2.624591787151e-09	-4.533054368558e-09	-1.691954677272e-09
1.635200000000e-06	-2.589041633585e-09	-3.823654808791e-09	-2.392986783738e-09
1.635400000000e-06	-1.575830535362e-09	-3.218084616269e-09	-5.319330933535e-10
1.635600000000e-06	-1.652100905798e-09	-2.791976734117e-09	-1.194378711455e-09
1.635800000000e-06	-1.864113729565e-09	-2.540717125373e-09	-1.975174975000e-09
1.636000000000e-06	-2.003951168835e-09	-3.709654409138e-09	-1.049093721997e-09
1.636200000000e-06	-1.622809620344e-09	-2.870940802677e-09	-1.050922878453e-09
1.636400000000e-06	-9.346095456232e-10	-8.970109419159e-10	-1.496676718755e-09
1.636600000000e-06	-1.308666087305e-09	-2.534770585775e-09	-6.198659224236e-10
1.636800000000e-06	-8.690336360575e-10	-1.205667936889e-09	-1.036311847137e-09
1.637000000000e-06	-6.354384355272e-10	-1.321440869759e-09	-2.966245774210e-10
1.637200000000e-06	-1.132975157602e-09	-1.201863979562e-09	-1.649622613142e-09
1.637400000000e-06	-6.738393764982e-10	-1.449968630109e-09	-2.589949968149e-10
1.637600000000e-06	-1.887850769340e-10	-8.586251076472e-10	2.948284953348e-10
1.637800000000e-06	-4.769593745078e-10	-1.029351065459e-09	-2.433726412887e-10
1.638000000000e-06	2.980616446804e-10	5.414387384472e-11	4.922114717476e-10
1.638200000000e-06	-4.199908611636e-10	-2.859086691183e-10	-8.978322566817e-10
1.638400000000e-06	5.863528074982e-10	8.922989399855e-11	1.145920586025e-09
1.638600000000e-06	-3.500877758631e-11	6.385515967705e-10	-9.327676484611e-10
1.638800000000e-06	-3.540863901889e-10	-1.183917058218e-09	2.140088107277e-10
1.639000000000e-06	-3.807471415242e-10	-3.383027611234e-10	-7.622460783582e-10
1.639200000000e-06	8.280787116329e-11	3.009082637622e-10	-2.941460869558e-10
1.639400000000e-06	3.130701752797e-10	1.853211494227e-10	3.788161862519e-10
1.639600000000e-06	1.853136420492e-10	7.783193740629e-10	-5.732722134956e-10
1.639800000000e-06	5.283104900377e-10	3.961008752558e-10	7.204058410413e-10
1.640000000000e-06	1.362171330136e-10	6.822452017084e-11	1.081222222289e-10
1.640200000000e-06	5.658230339516e-11	6.896671264582e-10	-7.862984816704e-10
1.640400000000e-06	8.537214106201e-10	1.233526529105e-09	5.896416717348e-10
1.640600000000e-06	1.264167476184e-09	1.342475272865e-09	1.486054607030e-09
1.640800000000e-06	7.590700764243e-10	1.215381189502e-09	4.030323640036e-10
1.641000000000e-06	9.096758945184e-10	1.108085608846e-09	8.540334961490e-10
1.641200000000e-06	9.289418188790e-10	2.388840772027e-09	-4.797277976053e-10
1.641400000000e-06	6.333862716967e-10	1.461063542737e-09	-1.892118324174e-10
1.641600000000e-06	1.007327421464e-09	1.605639219107e-09	5.535591251194e-10
1.641800000000e-06	8.941625915061e-10	9.745802368800e-10	9.557448649013e-10
1.642000000000e-06	1.052272260124e-09	1.608774591189e-09	6.753895219224e-10
1.642200000000e-06	8.227986996742e-10	1.809313365774e-09	-8.923351350514e-11
1.642400000000e-06	1.416511642025e-09	2.181869798672e-09	9.764543674927e-10
1.642600000000e-06	5.816078673841e-10	2.498147875869e-09	-1.413575609138e-09
1.642800000000e-06	1.235971875713e-09	1.675069802133e-09	1.042680817268e-09
1.643000000000e-06	1.031877704888e-09	2.528729462911e-09	-3.765762673461e-10
1.643200000000e-06	1.125617689853e-09	1.794664832982e-09	6.570985746839e-10
1.643400000000e-06	1.389854347461e-09	2.168648498601e-09	9.128854397512e-10
1.643600000000e-06	1.296793172406e-09	1.699549043795e-09	1.182060070764e-09
1.643800000000e-06	1.737877941875e-09	2.808948620709e-09	1.102312950119e-09
1.644000000000e-06	1.478388462048e-09	2.516305311339e-09	7.628109728103e-10
1.644200000000e-06	1.527143265371e-09	2.373807104082e-09	1.026694898371e-09
1.644400000000e-06	1.281425008154e-09	2.123472191411e-09	6.983945915066e-10
1.644600000000e-06	1.352998959668e-09	2.646637427696e-09	3.068212068958e-10
1.644800000000e-06	1.357631512258e-09	2.578886312821e-09	4.013069743834e-10
1.645000000000e-06	1.448120452267e-09	2.462573818822e-09	7.631899994362e-10
1.645200000000e-06	1.935546721232e-09	2.802992914981e-09	1.581996907259e-09
1.645400000000e-06	1.372858732495e-09	2.799080845969e-09	2.321007472918e-10
1.645600000000e-06	1.561885084200e-09	2.415629556428e-09	1.073488386962e-09
1.645800000000e-06	1.615434736513e-09	2.596700421383e-09	1.034143525907e-09
1.646000000000e-06	1.491844569832e-09	3.125577885196e-09	1.349021235800e-10
1.646200000000e-06	1.385769418995e-09	2.666333046526e-09	3.580607915173e-10
1.646400000000e-06	1.438087871971e-09	2.902960679701e-09	2.497267962253e-10
1.646600000000e-06	1.665300497377e-09	2.437058850880e-09	1.286388555304e-09
1.646800000000e-06	1.777197786832e-09	3.019326116515e-09	9.778524299639e-10
1.647000000000e-06	1.415968024336e-09	2.474167267263e-09	6.683627737639e-10
1.647200000000e-06	1.504172213328e-09	2.622680942969e-09	7.297065180845e-10
1.647400000000e-06	1.618494060808e-09	2.762371875391e-09	8.572053990418e-10
1.647600000000e-06	1.702265103238e-09	2.866817775993e-09	9.393110590130e-10
1.647800000000e-06	1.752584224404e-09	3.155483295507e-09	7.597574863792e-10
1.648000000000e-06	1.706191750676e-09	2.765750609193e-09	1.080653298835e-09
1.648200000000e-06	1.700089553103e-09	3.471624836657e-09	3.053055305242e-10
1.648400000000e-06	1.760067727263e-09	3.237591217877e-09	7.262310738760e-10
1.648600000000e-06	1.986010337302e-09	3.137116088842e-09	1.374920836486e-09
1.648800000000e-06	1.864729110052e-09	3.611192205556e-09	5.437020235519e-10
1.649000000000e-06	1.418631154309e-09	2.466878546867e-09	6.885695242216e-10
1.649200000000e-06	2.058588581258e-09	3.264250889964e-09	1.399324688956e-09
1.649400000000e-06	1.641760362828e-09	2.746369232480e-09	9.371833994364e-10
1.649600000000e-06	1.779650150812e-09	2.682010063010e-09	1.371725501734e-09
1.649800000000e-06	1.499387527313e-09	2.712779725786e-09	6.275926135494e-10
1.650000000000e-06	2.116751220103e-09	3.900658740967e-09	9.206665019455e-10
1.650200000000e-06	1.859385632989e-09	3.511317500413e-09	6.626523876042e-10
1.650400000000e-06	1.747433058982e-09	3.209040884510e-09	7.101215742412e-10
1.650600000000e-06	1.718681978864e-09	2.323320032716e-09	1.663070608280e-09
1.650800000000e-06	2.042364714241e-09	3.454784592301e-09	1.186527033224e-09
1.651000000000e-06	1.589904482055e-09	2.982762991057e-09	5.415125387492e-10
1.651200000000e-06	1.633078689486e-09	2.633596305667e-09	1.043183534202e-09
1.651400000000e-06	1.959395162451e-09	3.537813491592e-09	9.023465330082e-10
1.651600000000e-06	1.430420457613e-09	2.581760170680e-09	5.778029267704e-10
1.651800000000e-06	1.767019672861e-09	3.516727379505e-09	4.369463446105e-10
1.652000000000e-06	1.981432848190e-09	3.714778159843e-09	7.774238644370e-10
1.652200000000e-06	1.862717024737e-09	3.198065083418e-09	1.029598517059e-09
1.652400000000e-06	1.901208574994e-09	3.497675158737e-09	7.897719796314e-10
1.652600000000e-06	1.975749731467e-09	3.431262468183e-09	1.048210841193e-09
1.652800000000e-06	2.074605110088e-09	3.454472343332e-09	1.280764058757e-09
1.653000000000e-06	1.763845380527e-09	3.019862797998e-09	9.841044538422e-10
1.653200000000e-06	1.910552710909e-09	3.136981339740e-09	1.213671684095e-09
1.653400000000e-06	1.906229369884e-09	3.060394921300e-09	1.286565212540e-09
1.653600000000e-06	1.902449370145e-09	2.924445144848e-09	1.406877829581e-09
1.653800000000e-06	1.689689887570e-09	2.755697831190e-09	1.089041620641e-09
1.654000000000e-06	1.830750723713e-09	3.604114338663e-09	4.892618092631e-10
1.654200000000e-06	1.648508968865e-09	2.775271382629e-09	9.603353488235e-10
1.654400000000e-06	1.904848981864e-09	3.343471044068e-09	9.722481738975e-10
1.654600000000e-06	2.079420211287e-09	3.628693572436e-09	1.116621804454e-09
1.654800000000e-06	1.796198248217e-09	3.071927688914e-09	1.016526295335e-09
1.655000000000e-06	1.862619199239e-09	2.905073826231e-09	1.343686942299e-09
1.655200000000e-06	1.785939547483e-09	3.255638076725e-09	7.916246379286e-10
1.655400000000e-06	2.143416718460e-09	3.897520731134e-09	9.995659821498e-10
1.655600000000e-06	1.441875910328e-09	2.660486638424e-09	5.538136817930e-10
1.655800000000e-06	1.679750087496e-09	3.100538816939e-09	6.887072150648e-10
1.656000000000e-06	1.913654061277e-09	3.399173550916e-09	9.494498619936e-10
1.656200000000e-06	1.736250775303e-09	2.772921104733e-09	1.190764308294e-09
1.656400000000e-06	1.990537027781e-09	3.253498278026e-09	1.307318907243e-09
1.656600000000e-06	1.699426136358e-09	2.878633448632e-09	9.893586950265e-10
1.656800000000e-06	1.712521885319e-09	3.180193720963e-09	6.904825983543e-10
1.657000000000e-06	2.047909770726e-09	3.328709052502e-09	1.379925565277e-09
1.657200000000e-06	1.823476606679e-09	3.266399573335e-09	8.636825433653e-10
1.657400000000e-06	2.067816463943e-09	3.229794330578e-09	1.494085804277e-09
1.657600000000e-06	1.684010851031e-09	2.915030415636e-09	9.007845053945e-10
1.657800000000e-06	1.803953792897e-09	2.980796910121e-09	1.139899582070e-09
1.658000000000e-06	1.715678439885e-09	2.909370532331e-09	9.933411340775e-10
1.658200000000e-06	1.608044315977e-09	2.928866283741e-09	6.939875229595e-10
1.658400000000e-06	1.722410835996e-09	2.848294090480e-09	1.045439955244e-09
1.658600000000e-06	1.747643979792e-09	3.062316403965e-09	8.988735836953e-10
1.658800000000e-06	1.949457695372e-09	3.470237910973e-09	9.939800213532e-10
1.659000000000e-06	1.742717221692e-09	3.453963289635e-09	5.081921287702e-10
1.659200000000e-06	1.691224597654e-09	2.770395733694e-09	1.101752254794e-09
1.659400000000e-06	1.945825361353e-09	3.324898566947e-09	1.141080490159e-09
1.659600000000e-06	1.830997024793e-09	2.932635852041e-09	1.255437207765e-09
1.659800000000e-06	1.882071940656e-09	3.225523402047e-09	1.086168927928e-09
1.660000000000e-06	1.749107996788e-09	3.087655860803e-09	8.790365744055e-10
1.660200000000e-06	1.846104717623e-09	3.293078245230e-09	9.147758101150e-10
1.660400000000e-06	1.578441683178e-09	2.716568051302e-09	8.734894514763e-10
1.660600000000e-06	1.845904634038e-09	3.244141206173e-09	9.870366657953e-10
1.660800000000e-06	1.727137701262e-09	3.188012821567e-09	7.183096836621e-10
1.661000000000e-06	1.857901660375e-09	3.184332166337e-09	1.063784657786e-09
1.661200000000e-06	1.741261369585e-09	2.934048184186e-09	1.024126953498e-09
1.661400000000e-06	1.616085516856e-09	2.996925451577e-09	6.731872587630e-10
1.661600000000e-06	1.504373064857e-09	2.900489353720e-09	5.071786345402e-10
1.661800000000e-06	1.741409170165e-09	2.715712125150e-09	1.265467456085e-09
1.662000000000e-06	1.630617124034e-09	2.660932088142e-09	1.083293101059e-09
1.662200000000e-06	1.784148295752e-09	3.141668957647e-09	9.253511521348e-10
1.662400000000e-06	1.855281519327e-09	3.251073985314e-09	9.761693243359e-10
1.662600000000e-06	1.760571415256e-09	3.061483184082e-09	9.511985073013e-10
1.662800000000e-06	1.537349861638e-09	2.557086491384e-09	9.659897304029e-10
1.663000000000e-06	1.588889437812e-09	3.005505442418e-09	5.824895654762e-10
1.663200000000e-06	1.681183013131e-09	3.022022725577e-09	8.061334602831e-10
1.663400000000e-06	1.794421696038e-09	2.959801394012e-09	1.165956375176e-09
1.663600000000e-06	1.785898045754e-09	3.177268675095e-09	9.200245995951e-10
1.663800000000e-06	1.724431045475e-09	2.750568458465e-09	1.209916131887e-09
1.664000000000e-06	1.453266949375e-09	2.827663057895e-09	4.508268047950e-10
1.664200000000e-06	1.705825034075e-09	3.168878312941e-09	7.397513199000e-10
1.664400000000e-06	1.819522383385e-09	3.034075990139e-09	1.143662389860e-09
1.664600000000e-06	1.474113705901e-09	2.623663298285e-09	7.077449183851e-10
1.664800000000e-06	1.728945682100e-09	3.206008786490e-09	7.370954508830e-10
1.665000000000e-06	1.818902929287e-09	3.084879012389e-09	1.088562020421e-09
1.665200000000e-06	1.568623815827e-09	2.725897518006e-09	8.496080408088e-10
1.665400000000e-06	1.828030490150e-09	3.108445394910e-09	1.075424193200e-09
1.665600000000e-06	1.619426111134e-09	2.890196557262e-09	8.302307875701e-10
1.665800000000e-06	1.702557235626e-09	3.152677325230e-09	7.160505196796e-10
1.666000000000e-06	1.601912870192e-09	2.833807101203e-09	8.323926103578e-10
1.666200000000e-06	1.657733058674e-09	2.899498971436e-09	8.921050787872e-10
1.666400000000e-06	1.706007754743e-09	3.048484863455e-09	8.531665933894e-10
1.666600000000e-06	1.578963426847e-09	2.686479148252e-09	9.127441643617e-10
1.666800000000e-06	1.795025508003e-09	3.121596647107e-09	9.908983684489e-10
1.667000000000e-06	1.574256321561e-09	2.523935177684e-09	1.101351311205e-09
1.667200000000e-06	1.942048992789e-09	3.372112306018e-09	1.100144799330e-09
1.667400000000e-06	1.570208310483e-09	2.759259507686e-09	8.353867986609e-10
1.667600000000e-06	1.675006039802e-09	2.669447762218e-09	1.175370754702e-09
1.667800000000e-06	1.591349845502e-09	2.617414163440e-09	1.033370220609e-09
1.668000000000e-06	1.562277049906e-09	2.689800900354e-09	8.897578437127e-10
1.668200000000e-06	1.581446299351e-09	2.682537462820e-09	9.597882046468e-10
1.668400000000e-06	1.666518350418e-09	2.972376690257e-09	8.744625221873e-10
1.668600000000e-06	1.533775972068e-09	2.515701502091e-09	1.002931787247e-09
1.668800000000e-06	1.686171955595e-09	3.217364962767e-09	6.431857816269e-10
1.669000000000e-06	1.562133184169e-09	2.678348519988e-09	9.002719420186e-10
1.669200000000e-06	1.466637401429e-09	2.496571692084e-09	8.571454621726e-10
1.669400000000e-06	1.647759342771e-09	2.946071702841e-09	8.117059582672e-10
1.669600000000e-06	1.570937841863e-09	2.455731592029e-09	1.168879507931e-09
1.669800000000e-06	1.719127130632e-09	2.945256675436e-09	9.930083183530e-10
1.670000000000e-06	1.457519650293e-09	2.547074109074e-09	7.575697691779e-10
1.670200000000e-06	1.525378473222e-09	2.546302956016e-09	9.409162226660e-10
1.670400000000e-06	1.546350610090e-09	2.787098866492e-09	7.281315394591e-10
1.670600000000e-06	1.693435459758e-09	3.268102975518e-09	6.197495995320e-10
1.670800000000e-06	1.771410498832e-09	3.048285355345e-09	1.043682061747e-09
1.671000000000e-06	1.584567367549e-09	2.819790162863e-09	8.215847050122e-10
1.671200000000e-06	1.471757882775e-09	2.594935624946e-09	7.522149236822e-10
1.671400000000e-06	1.739959583531e-09	2.959443396280e-09	1.044858659253e-09
1.671600000000e-06	1.602237243104e-09	2.638669726689e-09	1.045188687022e-09
1.671800000000e-06	1.619160900899e-09	2.582978137863e-09	1.147872862045e-09
1.672000000000e-06	1.628884853490e-09	2.639126530889e-09	1.101041602034e-09
1.672200000000e-06	1.459640270986e-09	2.623057323331e-09	7.059885013325e-10
1.672400000000e-06	1.510498240656e-09	2.720040386299e-09	7.427804678619e-10
1.672600000000e-06	1.483605935303e-09	2.761384448799e-09	6.379088721473e-10
1.672800000000e-06	1.591809821017e-09	2.444413426021e-09	1.241410547328e-09
1.673000000000e-06	1.629970143311e-09	3.168863988612e-09	5.573561330533e-10
1.673200000000e-06	1.590040048150e-09	2.708084301982e-09	9.403795586072e-10
1.673400000000e-06	1.535783794228e-09	2.750170275220e-09	7.703329774165e-10
1.673600000000e-06	1.473428478587e-09	2.596820936720e-09	7.631455053892e-10
1.673800000000e-06	1.542825560066e-09	2.615298380159e-09	9.077459971682e-10
1.674000000000e-06	1.443309445413e-09	2.437160569110e-09	8.710144860293e-10
1.674200000000e-06	1.409776999500e-09	2.399967835957e-09	8.276043944827e-10
1.674400000000e-06	1.447140539657e-09	2.765091819764e-09	5.507420293221e-10
1.674600000000e-06	1.534871979039e-09	2.703808651127e-09	8.331315048344e-10
1.674800000000e-06	1.399507889572e-09	2.308299847811e-09	8.835890710400e-10
1.675000000000e-06	1.600919192132e-09	2.669186113816e-09	1.012500570488e-09
1.675200000000e-06	1.503023245733e-09	2.350407459012e-09	1.114505096399e-09
1.675400000000e-06	1.499404725075e-09	2.537607134647e-09	9.076262947644e-10
1.675600000000e-06	1.539886162816e-09	2.677708903892e-09	8.786713262519e-10
1.675800000000e-06	1.470843105135e-09	2.595154208016e-09	7.835314813358e-10
1.676000000000e-06	1.468222802133e-09	2.570132753893e-09	8.132425792012e-10
1.676200000000e-06	1.608261495352e-09	2.684935334415e-09	1.016944884819e-09
1.676400000000e-06	1.654811883227e-09	2.632470117065e-09	1.213040504659e-09
1.676600000000e-06	1.395360782910e-09	2.482267363785e-09	7.266703021978e-10
1.676800000000e-06	1.541396692378e-09	2.707486176523e-09	8.408348126708e-10
1.677000000000e-06	1.396125066302e-09	2.387063159875e-09	8.017424542100e-10
1.677200000000e-06	1.306878928683e-09	2.366280065384e-09	6.158421905450e-10
1.677400000000e-06	1.484971203376e-09	2.629800892298e-09	7.662517583013e-10
1.677600000000e-06	1.368008722395e-09	2.365098918291e-09	7.672701124122e-10
1.677800000000e-06	1.498059007512e-09	2.755518190716e-09	6.950264336418e-10
1.678000000000e-06	1.368083370986e-09	2.258974547675e-09	8.965301822197e-10
1.678200000000e-06	1.557856640146e-09	2.485589619036e-09	1.106123839692e-09
1.678400000000e-06	1.371173815054e-09	2.337111025994e-09	7.985698897618e-10
1.678600000000e-06	1.473507717832e-09	2.587655069695e-09	8.170491268393e-10
1.678800000000e-06	1.423768402576e-09	2.482343903791e-09	7.934282600375e-10
1.679000000000e-06	1.503278466321e-09	2.681065969704e-09	7.865153698466e-10
1.679200000000e-06	1.265221349370e-09	2.263922879350e-09	6.108958099625e-10
1.679400000000e-06	1.498021567413e-09	2.465423544805e-09	9.866643627605e-10
1.679600000000e-06	1.444642948313e-09	2.599452117353e-09	7.156961764940e-10
1.679800000000e-06	1.444322995661e-09	2.501708491048e-09	8.211848607782e-10
1.680000000000e-06	1.466959137631e-09	2.556777948783e-09	8.268655067904e-10
1.680200000000e-06	1.490328203345e-09	2.559706325199e-09	8.744453277857e-10
1.680400000000e-06	1.360320754968e-09	2.153406844197e-09	9.943113281467e-10
1.680600000000e-06	1.401721459153e-09	2.516289814848e-09	6.859201821853e-10
1.680800000000e-06	1.312697812862e-09	2.412326350607e-09	5.567321859437e-10
1.681000000000e-06	1.413937038031e-09	2.304023015979e-09	9.590553587398e-10
1.681200000000e-06	1.276113392851e-09	2.284797855106e-09	6.282863057175e-10
1.681400000000e-06	1.502058596932e-09	2.491586240702e-09	9.907927781294e-10
1.681600000000e-06	1.230609686244e-09	2.045256221935e-09	7.645156262450e-10
1.681800000000e-06	1.353488217318e-09	2.422759340546e-09	7.080053510217e-10
1.682000000000e-06	1.317809854604e-09	2.355668824608e-09	6.546750387039e-10
1.682200000000e-06	1.309825388366e-09	2.248656801759e-09	7.526007352689e-10
1.682400000000e-06	1.424429053072e-09	2.401634467028e-09	8.855545620022e-10
1.682600000000e-06	1.391706124074e-09	2.432300257880e-09	7.726450348998e-10
1.682800000000e-06	1.392340120964e-09	2.307427560819e-09	9.000743063206e-10
1.683000000000e-06	1.282305685358e-09	2.371876967297e-09	5.622758337161e-10
1.683200000000e-06	1.492351281771e-09	2.363588847630e-09	1.100745013022e-09
1.683400000000e-06	1.413992132088e-09	2.470963318366e-09	7.792475798576e-10
1.683600000000e-06	1.324556474209e-09	2.301999062756e-09	7.603478989051e-10
1.683800000000e-06	1.253946304955e-09	2.199947104389e-09	6.848451655885e-10
1.684000000000e-06	1.382760087686e-09	2.208651488789e-09	9.808290990604e-10
1.684200000000e-06	1.356778188324e-09	2.258620802852e-09	8.692849004899e-10
1.684400000000e-06	1.294173022805e-09	2.289375829898e-09	6.786307023232e-10
1.684600000000e-06	1.276764477801e-09	2.363855168038e-09	5.465411489840e-10
1.684800000000e-06	1.345510756156e-09	2.269656929847e-09	8.420604418944e-10
1.685000000000e-06	1.377740372253e-09	2.400349847999e-09	7.665261132340e-10
1.685200000000e-06	1.372126036817e-09	2.263744351267e-09	9.066747361891e-10
1.685400000000e-06	1.253417589571e-09	2.231938721265e-09	6.384268909240e-10
1.685600000000e-06	1.198456143534e-09	2.185591574348e-09	5.788857682612e-10
1.685800000000e-06	1.420679787754e-09	2.401076494085e-09	8.878373273306e-10
1.686000000000e-06	1.249546041371e-09	2.252353362796e-09	6.130832229995e-10
1.686200000000e-06	1.277491888282e-09	2.284001763883e-09	6.527780827585e-10
1.686400000000e-06	1.166592892398e-09	2.035669230687e-09	6.529019667851e-10
1.686600000000e-06	1.272872087662e-09	2.173857372718e-09	7.642678667349e-10
1.686800000000e-06	1.250054985334e-09	2.161341197450e-09	7.234915307670e-10
1.687000000000e-06	1.253495059111e-09	2.093991723984e-09	7.987565958484e-10
1.687200000000e-06	1.337696822577e-09	2.268587967512e-09	8.537350450417e-10
1.687400000000e-06	1.368959704638e-09	2.432699342610e-09	7.165560716925e-10
1.687600000000e-06	1.293132284396e-09	2.169884101727e-09	8.258680437317e-10
1.687800000000e-06	1.290556798861e-09	2.140384793514e-09	8.507187477829e-10
1.688000000000e-06	1.313185173014e-09	2.275992304811e-09	7.513109933598e-10
1.688200000000e-06	1.256335063180e-09	2.155948825189e-09	7.262025114931e-10
1.688400000000e-06	1.287887578123e-09	2.217094719546e-09	7.331625363993e-10
1.688600000000e-06	1.166755272184e-09	2.125025502641e-09	5.459589231585e-10
1.688800000000e-06	1.227905382335e-09	2.120821927409e-09	6.901168483794e-10
1.689000000000e-06	1.264793068480e-09	2.274768836424e-09	6.503037388873e-10
1.689200000000e-06	1.322992083495e-09	2.159307433628e-09	8.851419319561e-10
1.689400000000e-06	1.215444652057e-09	2.115756278933e-09	6.904064867624e-10
1.689600000000e-06	1.216199533181e-09	2.150656607190e-09	6.306290362347e-10
1.689800000000e-06	1.359395999102e-09	2.221039423170e-09	9.337804917789e-10
1.690000000000e-06	1.169752814548e-09	1.977545875452e-09	7.317023798576e-10
1.690200000000e-06	1.168047835717e-09	2.108034832352e-09	5.753397482632e-10
1.690400000000e-06	1.197027626423e-09	2.089045609526e-09	6.652596260319e-10
1.690600000000e-06	1.151635995408e-09	1.951822327503e-09	7.047049341007e-10
1.690800000000e-06	1.180387758187e-09	1.900675625018e-09	8.352579252092e-10
1.691000000000e-06	1.241453016278e-09	2.196099901870e-09	6.481653355639e-10
1.691200000000e-06	1.323944172042e-09	2.353469342275e-09	6.866282985287e-10
1.691400000000e-06	1.216522428618e-09	2.091185553155e-09	7.016159545720e-10
1.691600000000e-06	1.302729553708e-09	2.226210198067e-09	7.905923919994e-10
1.691800000000e-06	1.271390995971e-09	2.120626988842e-09	8.181867364705e-10
1.692000000000e-06	1.202334511470e-09	2.046912128118e-09	7.347558223141e-10
1.692200000000e-06	1.121474756073e-09	1.910697037432e-09	6.847501018297e-10
1.692400000000e-06	1.175401427337e-09	2.204037507917e-09	4.832748282675e-10
1.692600000000e-06	1.278001378183e-09	2.075478579534e-09	8.881182390550e-10
1.692800000000e-06	1.172111123189e-09	2.012596830684e-09	7.103107509424e-10
1.693000000000e-06	1.125845952557e-09	1.912726076741e-09	6.633686703937e-10
1.693200000000e-06	1.188797437509e-09	2.001303912030e-09	7.217578416364e-10
1.693400000000e-06	1.241743060024e-09	2.268217306737e-09	5.912027870812e-10
1.693600000000e-06	1.205022682405e-09	2.010212651388e-09	7.549838825608e-10
1.693800000000e-06	1.087715601932e-09	1.853107713217e-09	6.564325185615e-10
1.694000000000e-06	1.173746827649e-09	1.990783717255e-09	7.321134690454e-10
1.694200000000e-06	1.130866557290e-09	1.985399523902e-09	6.215315966212e-10
1.694400000000e-06	1.150692314533e-09	1.841961003616e-09	8.054833829397e-10
1.694600000000e-06	1.172573658579e-09	2.129977255429e-09	5.681300309565e-10
1.694800000000e-06	1.153881478155e-09	1.964951332771e-09	7.074125535601e-10
1.695000000000e-06	1.098522188167e-09	1.961881926360e-09	5.469290866907e-10
1.695200000000e-06	1.155957371953e-09	2.003692739059e-09	6.660279330169e-10
1.695400000000e-06	1.152213375154e-09	1.973128894939e-09	6.851944919030e-10
1.695600000000e-06	1.132808185627e-09	2.009218330788e-09	5.814066085842e-10
1.695800000000e-06	1.155689047947e-09	2.090532610070e-09	5.564861958139e-10
1.696000000000e-06	1.055487284974e-09	1.866287028219e-09	5.535053611213e-10
1.696200000000e-06	1.194971930783e-09	1.960050597336e-09	7.715584860160e-10
1.696400000000e-06	1.187257012592e-09	1.893954852379e-09	8.728309033024e-10
1.696600000000e-06	1.200613045330e-09	2.070338867333e-09	7.024082509843e-10
1.696800000000e-06	1.041116508629e-09	1.797615832120e-09	5.886293496622e-10
1.697000000000e-06	1.128987116653e-09	1.967185650177e-09	6.397216219362e-10
1.697200000000e-06	1.180184527517e-09	1.730473074981e-09	1.031449487633e-09
1.697400000000e-06	1.037993666869e-09	1.825976811699e-09	5.519201282983e-10
1.697600000000e-06	1.160708850144e-09	1.907775293457e-09	7.794212905878e-10
1.697800000000e-06	1.113534975143e-09	1.906920788090e-09	6.485453047822e-10
1.698000000000e-06	1.204715995958e-09	2.042734061522e-09	7.411533528014e-10
1.698200000000e-06	1.135213203574e-09	2.021533580556e-09	6.036743727131e-10
1.698400000000e-06	1.156773086845e-09	1.961584077563e-09	7.184135974294e-10
1.698600000000e-06	1.013180151380e-09	1.737959044660e-09	5.933736289549e-10
1.698800000000e-06	1.163580842883e-09	2.052132659278e-09	6.495184787603e-10
1.699000000000e-06	1.129394324993e-09	1.917831568310e-09	6.837147679363e-10
1.699200000000e-06	1.115194032021e-09	1.849854192993e-09	7.325884476603e-10
1.699400000000e-06	1.129789993142e-09	1.709783969367e-09	9.000299946484e-10
1.699600000000e-06	1.042132688268e-09	1.687794229819e-09	7.126668013756e-10
1.699800000000e-06	1.106597278039e-09	1.932858863328e-09	6.038339329217e-10
1.700000000000e-06	1.136581907682e-09	1.983267300973e-09	6.533827298077e-10
1.700200000000e-06	1.088566743220e-09	1.847088736068e-09	6.683557429510e-10
1.700400000000e-06	1.027804355258e-09	1.889463858378e-09	4.895916746123e-10
1.700600000000e-06	1.061533160852e-09	1.761195527268e-09	6.916534309479e-10
1.700800000000e-06	1.051790773520e-09	1.802339210503e-09	6.297107591030e-10
1.701000000000e-06	1.150769408353e-09	1.978336398400e-09	6.993212202571e-10
1.701200000000e-06	9.898428716985e-10	1.718226530770e-09	5.564525705603e-10
1.701400000000e-06	1.077343344444e-09	1.789382033380e-09	6.945139769164e-10
1.701600000000e-06	1.048708555655e-09	1.918562313676e-09	4.983116170945e-10
1.701800000000e-06	9.349504090296e-10	1.558338949796e-09	5.910021338505e-10
1.702000000000e-06	1.069236069850e-09	1.806867215383e-09	6.727815043727e-10
