-6.042000000000e-07	0.000000000000e+00	0.000000000000e+00	0.000000000000e+00
-6.040000000000e-07	0.000000000000e+00	0.000000000000e+00	0.000000000000e+00
-6.038000000000e-07	0.000000000000e+00	0.000000000000e+00	0.000000000000e+00
-6.036000000000e-07	0.000000000000e+00	0.000000000000e+00	0.000000000000e+00
-6.034000000000e-07	0.000000000000e+00	0.000000000000e+00	0.000000000000e+00
-6.032000000000e-07	0.000000000000e+00	0.000000000000e+00	0.000000000000e+00
-6.030000000000e-07	0.000000000000e+00	0.000000000000e+00	0.000000000000e+00
-6.028000000000e-07	0.000000000000e+00	0.000000000000e+00	0.000000000000e+00
-6.026000000000e-07	0.000000000000e+00	0.000000000000e+00	0.000000000000e+00
-6.024000000000e-07	0.000000000000e+00	0.000000000000e+00	0.000000000000e+00
-6.022000000000e-07	0.000000000000e+00	0.000000000000e+00	0.000000000000e+00
-6.020000000000e-07	0.000000000000e+00	0.000000000000e+00	0.000000000000e+00
-6.018000000000e-07	0.000000000000e+00	0.000000000000e+00	0.000000000000e+00
-6.016000000000e-07	0.000000000000e+00	0.000000000000e+00	0.000000000000e+00
-6.014000000000e-07	0.000000000000e+00	0.000000000000e+00	0.000000000000e+00
-6.012000000000e-07	0.000000000000e+00	0.000000000000e+00	0.000000000000e+00
-6.010000000000e-07	0.000000000000e+00	0.000000000000e+00	0.000000000000e+00
-6.008000000000e-07	0.000000000000e+00	0.000000000000e+00	0.000000000000e+00
-6.006000000000e-07	0.000000000000e+00	0.000000000000e+00	0.000000000000e+00
-6.004000000000e-07	0.000000000000e+00	0.000000000000e+00	0.000000000000e+00
-6.002000000000e-07	0.000000000000e+00	0.000000000000e+00	0.000000000000e+00
-6.000000000000e-07	0.000000000000e+00	0.000000000000e+00	0.000000000000e+00
-5.998000000000e-07	0.000000000000e+00	0.000000000000e+00	0.000000000000e+00
-5.996000000000e-07	0.000000000000e+00	0.000000000000e+00	0.000000000000e+00
-5.994000000000e-07	0.000000000000e+00	0.000000000000e+00	0.000000000000e+00
-5.992000000000e-07	0.000000000000e+00	0.000000000000e+00	0.000000000000e+00
-5.990000000000e-07	0.000000000000e+00	0.000000000000e+00	0.000000000000e+00
-5.988000000000e-07	0.000000000000e+00	0.000000000000e+00	0.000000000000e+00
-5.986000000000e-07	0.000000000000e+00	0.000000000000e+00	0.000000000000e+00
-5.984000000000e-07	0.000000000000e+00	0.000000000000e+00	0.000000000000e+00
-5.982000000000e-07	0.000000000000e+00	0.000000000000e+00	0.000000000000e+00
-5.980000000000e-07	0.000000000000e+00	0.000000000000e+00	0.000000000000e+00
-5.978000000000e-07	0.000000000000e+00	0.000000000000e+00	0.000000000000e+00
-5.976000000000e-07	0.000000000000e+00	0.000000000000e+00	0.000000000000e+00
-5.974000000000e-07	0.000000000000e+00	0.000000000000e+00	0.000000000000e+00
-5.972000000000e-07	0.000000000000e+00	0.000000000000e+00	0.000000000000e+00
-5.970000000000e-07	0.000000000000e+00	0.000000000000e+00	0.000000000000e+00
-5.968000000000e-07	0.000000000000e+00	0.000000000000e+00	0.000000000000e+00
-5.966000000000e-07	0.000000000000e+00	0.000000000000e+00	0.000000000000e+00
-5.964000000000e-07	0.000000000000e+00	0.000000000000e+00	0.000000000000e+00
-5.962000000000e-07	0.000000000000e+00	0.000000000000e+00	0.000000000000e+00
-5.960000000000e-07	0.000000000000e+00	0.000000000000e+00	0.000000000000e+00
-5.958000000000e-07	0.000000000000e+00	0.000000000000e+00	0.000000000000e+00
-5.956000000000e-07	0.000000000000e+00	0.000000000000e+00	0.000000000000e+00
-5.954000000000e-07	0.000000000000e+00	0.000000000000e+00	0.000000000000e+00
-5.952000000000e-07	0.000000000000e+00	0.000000000000e+00	0.000000000000e+00
-5.950000000000e-07	0.000000000000e+00	0.000000000000e+00	0.000000000000e+00
-5.948000000000e-07	0.000000000000e+00	0.000000000000e+00	0.000000000000e+00
-5.946000000000e-07	0.000000000000e+00	0.000000000000e+00	0.000000000000e+00
-5.944000000000e-07	0.000000000000e+00	0.000000000000e+00	0.000000000000e+00
-5.942000000000e-07	0.000000000000e+00	0.000000000000e+00	0.000000000000e+00
-5.940000000000e-07	0.000000000000e+00	0.000000000000e+00	0.000000000000e+00
-5.938000000000e-07	0.000000000000e+00	0.000000000000e+00	0.000000000000e+00
-5.936000000000e-07	1.083196851581e-13	-1.763251513156e-13	4.378667967427e-13
-5.934000000000e-07	-3.710542629492e-13	-3.688852429299e-13	-4.127651113513e-13
-5.932000000000e-07	4.234801916524e-12	7.742738026176e-12	9.290242678266e-13
-5.930000000000e-07	-2.969493996458e-12	-7.771010002859e-12	1.781792083658e-12
-5.928000000000e-07	-5.955847373697e-12	-3.437033606179e-12	-8.808659544595e-12
-5.926000000000e-07	-1.305343124634e-11	-3.153272988193e-11	5.636990765896e-12
-5.924000000000e-07	1.304736257179e-11	1.400970422275e-11	1.366220199439e-11
-5.922000000000e-07	6.194946988018e-13	1.298209784367e-11	-1.326606843253e-11
-5.920000000000e-07	-3.918748460376e-11	-7.378062446019e-11	-2.160375072608e-11
-5.918000000000e-07	6.096124717114e-12	4.568679597206e-12	1.968830861972e-12
-5.916000000000e-07	-1.801711514011e-11	-2.108083145431e-11	-1.769309529957e-11
-5.914000000000e-07	-1.133108140144e-11	1.088721830747e-10	-1.747937623530e-10
-5.912000000000e-07	-3.126177808464e-11	-5.324457734945e-11	-7.150286468691e-12
-5.910000000000e-07	-1.346206642042e-10	-1.628848235208e-10	-1.113531136594e-10
-5.908000000000e-07	-8.650071642904e-10	-1.483124036246e-09	-3.464400286461e-10
-5.906000000000e-07	-1.794744843493e-09	-3.083907212894e-09	-6.821872710958e-10
-5.904000000000e-07	-4.575670411257e-10	-4.036220107309e-10	-6.030590989395e-10
-5.902000000000e-07	-3.995097565710e-10	-6.123408219613e-10	-2.368593333901e-10
-5.900000000000e-07	-1.904026741624e-10	-2.664900635259e-10	-1.358359212356e-10
-5.898000000000e-07	-2.434785373443e-10	-3.957807309729e-10	-9.966658389886e-11
-5.896000000000e-07	-3.124059459981e-10	-7.324567079220e-10	8.798790878658e-11
-5.894000000000e-07	-5.682877355376e-10	-8.878770702765e-10	-3.085134244289e-10
-5.892000000000e-07	-4.772523147150e-10	-7.071590083789e-10	-2.369940320165e-10
-5.890000000000e-07	-7.952730396725e-10	-1.095278466636e-09	-6.043821347275e-10
-5.888000000000e-07	-1.151244836447e-09	-1.888638032471e-09	-4.985088009317e-10
-5.886000000000e-07	-1.207496569851e-09	-2.068770630428e-09	-4.499164174104e-10
-5.884000000000e-07	-2.655877407909e-09	-4.506187905080e-09	-1.065951707156e-09
-5.882000000000e-07	-3.973766744417e-09	-6.529467804573e-09	-1.812454814514e-09
-5.880000000000e-07	-8.415498369177e-09	-1.364773731087e-08	-4.105847022119e-09
-5.878000000000e-07	-1.820848391532e-08	-2.852067937295e-08	-1.006848856166e-08
-5.876000000000e-07	-2.728277884246e-08	-4.380207250377e-08	-1.390082891138e-08
-5.874000000000e-07	-3.572074349254e-09	-6.101907499452e-09	-1.371357743392e-09
-5.872000000000e-07	-1.260666549817e-09	-1.143238330611e-09	-1.604812037014e-09
-5.870000000000e-07	-1.234544891091e-09	-2.920731813523e-09	3.962457205066e-10
-5.868000000000e-07	-1.387277204666e-09	-2.249479203176e-09	-6.745376431406e-10
-5.866000000000e-07	-2.100853632255e-09	-2.340955080819e-09	-2.189651475499e-09
-5.864000000000e-07	-2.628460222047e-09	-5.196651413930e-09	-2.511590973590e-10
-5.862000000000e-07	-3.100202225117e-09	-5.007607668367e-09	-1.484504992428e-09
-5.860000000000e-07	-4.211993844954e-09	-6.201520497699e-09	-2.711084934880e-09
-5.858000000000e-07	-4.193348873546e-09	-6.542277659941e-09	-2.287455225974e-09
-5.856000000000e-07	-5.603716670554e-09	-8.891623809855e-09	-2.922847971444e-09
-5.854000000000e-07	-6.463494021133e-09	-1.016172563012e-08	-3.451283292865e-09
-5.852000000000e-07	-8.314480994270e-09	-1.337018389458e-08	-4.124890895319e-09
-5.850000000000e-07	-9.080303271078e-09	-1.436434221586e-08	-4.760873834127e-09
-5.848000000000e-07	-9.420535251279e-09	-1.508607107642e-08	-4.753146396675e-09
-5.846000000000e-07	-1.106283397342e-08	-1.770652990990e-08	-5.653873622170e-09
-5.844000000000e-07	-1.428232783574e-08	-2.330501137984e-08	-6.757449309099e-09
-5.842000000000e-07	-1.678879859987e-08	-2.623694797841e-08	-9.254876035997e-09
-5.840000000000e-07	-1.941647211740e-08	-3.087638638959e-08	-1.009999551125e-08
-5.838000000000e-07	-2.160526313867e-08	-3.501819109919e-08	-1.054030632704e-08
-5.836000000000e-07	-2.334758555558e-08	-3.665877075366e-08	-1.268825220549e-08
-5.834000000000e-07	-2.791116574756e-08	-4.528690546299e-08	-1.360094168651e-08
-5.832000000000e-07	-3.076778030018e-08	-4.917928532422e-08	-1.575776614203e-08
-5.830000000000e-07	-3.403003158691e-08	-5.444886356789e-08	-1.741680996525e-08
-5.828000000000e-07	-3.602706288573e-08	-5.730272716054e-08	-1.880390106443e-08
-5.826000000000e-07	-4.083460400163e-08	-6.406445569074e-08	-2.243838980253e-08
-5.824000000000e-07	-4.405514901231e-08	-7.076936989842e-08	-2.229886156896e-08
-5.822000000000e-07	-4.796271433822e-08	-7.777467023976e-08	-2.343457816137e-08
-5.820000000000e-07	-5.094632057044e-08	-8.169805074676e-08	-2.588744750353e-08
-5.818000000000e-07	-5.449451209989e-08	-8.679227365390e-08	-2.846927035877e-08
-5.816000000000e-07	-5.640277687715e-08	-8.700107618281e-08	-3.270407737302e-08
-5.814000000000e-07	-5.485431494443e-08	-8.550199787460e-08	-3.079441435247e-08
-5.812000000000e-07	-5.232782039508e-08	-8.454619819635e-08	-2.599432709962e-08
-5.810000000000e-07	-5.275232487625e-08	-8.402799856735e-08	-2.763177290927e-08
-5.808000000000e-07	-5.293293779265e-08	-8.286496445294e-08	-2.933187615901e-08
-5.806000000000e-07	-4.836093066480e-08	-7.768046212404e-08	-2.468227475353e-08
-5.804000000000e-07	-4.752955370485e-08	-7.423050651106e-08	-2.656955548852e-08
-5.802000000000e-07	-4.311682364155e-08	-6.843945118407e-08	-2.293961425389e-08
-5.800000000000e-07	-3.718143732742e-08	-5.909786469144e-08	-1.971739357841e-08
-5.798000000000e-07	-3.443147647179e-08	-5.456651788006e-08	-1.838971479441e-08
-5.796000000000e-07	-2.712346656765e-08	-4.522460497238e-08	-1.203047464747e-08
-5.794000000000e-07	-2.420156597106e-08	-3.758174979082e-08	-1.378279853667e-08
-5.792000000000e-07	-2.012487739572e-08	-3.144779539318e-08	-1.127411322254e-08
-5.790000000000e-07	-1.435878300270e-08	-2.346581390863e-08	-6.897464992410e-09
-5.788000000000e-07	-8.367086601499e-09	-1.239573922974e-08	-5.488559947616e-09
-5.786000000000e-07	-4.821237143371e-09	-6.953787770124e-09	-3.381784496923e-09
-5.784000000000e-07	-2.470214957328e-09	-2.999745654367e-09	-2.292051892977e-09
-5.782000000000e-07	1.723238773816e-09	2.161210352886e-09	1.556464355186e-09
-5.780000000000e-07	4.941841675486e-09	7.511929187682e-09	2.998683916931e-09
-5.778000000000e-07	6.293305108586e-09	1.046806933135e-08	2.764289542354e-09
-5.776000000000e-07	7.008475763177e-09	1.118990824141e-08	3.655069955296e-09
-5.774000000000e-07	8.879485777651e-09	1.510653503042e-08	3.614441825664e-09
-5.772000000000e-07	7.796214100339e-09	1.230823049698e-08	4.170928425965e-09
-5.770000000000e-07	7.958904478275e-09	1.260513046421e-08	4.306153797518e-09
-5.768000000000e-07	7.203219546256e-09	1.173931705728e-08	3.487138714374e-09
-5.766000000000e-07	6.878585928335e-09	1.217002261394e-08	2.275131651714e-09
-5.764000000000e-07	7.776145232011e-09	1.274158638246e-08	3.665379884545e-09
-5.762000000000e-07	6.989725476849e-09	1.063235272971e-08	4.241603044238e-09
-5.760000000000e-07	6.646954115886e-09	1.081898582734e-08	3.263252738138e-09
-5.758000000000e-07	5.497083462292e-09	9.149873362159e-09	2.466023094063e-09
-5.756000000000e-07	5.697445748022e-09	8.818153323319e-09	3.315131772714e-09
-5.754000000000e-07	5.650207360980e-09	9.312807972492e-09	2.603308894796e-09
-5.752000000000e-07	5.385991679049e-09	8.336730732002e-09	3.143257024943e-09
-5.750000000000e-07	5.630942230893e-09	9.163376818562e-09	2.723698734813e-09
-5.748000000000e-07	4.007560806992e-09	7.584300627299e-09	7.914690520844e-10
-5.746000000000e-07	5.450278148567e-09	8.609588933972e-09	3.032006307486e-09
-5.744000000000e-07	4.748643595747e-09	8.173986432172e-09	1.864448065536e-09
-5.742000000000e-07	4.147226483205e-09	7.495039851971e-09	1.217355743303e-09
-5.740000000000e-07	4.243178378147e-09	6.193702759662e-09	2.891588967056e-09
-5.738000000000e-07	4.136757178290e-09	7.111867272552e-09	1.604972037159e-09
-5.736000000000e-07	4.366409753798e-09	7.207852468664e-09	2.008194310003e-09
-5.734000000000e-07	3.957341677960e-09	6.109498796295e-09	2.317487360523e-09
-5.732000000000e-07	4.026940849617e-09	6.301040697729e-09	2.303708552334e-09
-5.730000000000e-07	4.344233859710e-09	6.198983971902e-09	3.123429367619e-09
-5.728000000000e-07	3.452840261228e-09	6.199945201789e-09	1.079417400032e-09
-5.726000000000e-07	3.889164753447e-09	6.476083441843e-09	1.752568096739e-09
-5.724000000000e-07	3.760093822410e-09	6.237196748331e-09	1.723466392326e-09
-5.722000000000e-07	3.891435462694e-09	6.278988160905e-09	1.999858640185e-09
-5.720000000000e-07	3.884506612959e-09	6.442668142886e-09	1.838353562641e-09
-5.718000000000e-07	3.753948629282e-09	6.005086679016e-09	1.969463835087e-09
-5.716000000000e-07	3.510981334584e-09	5.755268048557e-09	1.686500791534e-09
-5.714000000000e-07	3.976723783662e-09	6.273735178846e-09	2.200487493416e-09
-5.712000000000e-07	3.489868070836e-09	5.887170974741e-09	1.477280861142e-09
-5.710000000000e-07	3.504834176366e-09	5.666057764619e-09	1.722920139384e-09
-5.708000000000e-07	3.104296404680e-09	5.256239861920e-09	1.344434912366e-09
-5.706000000000e-07	3.360444700829e-09	5.241518400608e-09	1.797771376354e-09
-5.704000000000e-07	3.093268715021e-09	5.066375750700e-09	1.450604556340e-09
-5.702000000000e-07	3.379883061409e-09	5.874385769493e-09	1.228310217384e-09
-5.700000000000e-07	3.555586156270e-09	5.432969451656e-09	2.194227274451e-09
-5.698000000000e-07	3.344099159674e-09	5.449923662642e-09	1.694325459394e-09
-5.696000000000e-07	2.761398122733e-09	4.739108209330e-09	1.114853482207e-09
-5.694000000000e-07	3.419307360132e-09	5.943142637355e-09	1.243557974602e-09
-5.692000000000e-07	3.011604001414e-09	4.810589773849e-09	1.546284894618e-09
-5.690000000000e-07	2.716909428624e-09	4.938523169055e-09	8.358773967506e-10
-5.688000000000e-07	2.833024881117e-09	4.768146021993e-09	1.187480993965e-09
-5.686000000000e-07	3.046512022724e-09	4.777818458011e-09	1.695803064292e-09
-5.684000000000e-07	3.226414123885e-09	5.533132704035e-09	1.222555811882e-09
-5.682000000000e-07	2.930793871310e-09	4.723273051076e-09	1.493883932715e-09
-5.680000000000e-07	3.075280130479e-09	4.683714348428e-09	1.888257053259e-09
-5.678000000000e-07	3.175263402662e-09	5.321898530480e-09	1.436899707942e-09
-5.676000000000e-07	2.836953793134e-09	4.679326899962e-09	1.331994024118e-09
-5.674000000000e-07	2.793635378037e-09	4.956400452701e-09	9.817117307739e-10
-5.672000000000e-07	2.718237134344e-09	4.770208904392e-09	9.359654057602e-10
-5.670000000000e-07	3.086436083227e-09	4.757901087539e-09	1.839938089875e-09
-5.668000000000e-07	2.699894577128e-09	4.444337297245e-09	1.347129117122e-09
-5.666000000000e-07	2.532495400608e-09	4.092011583985e-09	1.311191265003e-09
-5.664000000000e-07	2.793326040903e-09	4.639054923282e-09	1.264531545299e-09
-5.662000000000e-07	2.869584728103e-09	4.539031200158e-09	1.559730948852e-09
-5.660000000000e-07	2.908050254456e-09	4.379016719729e-09	1.778635049018e-09
-5.658000000000e-07	2.374869219990e-09	3.810634147797e-09	1.277364385148e-09
-5.656000000000e-07	2.608733661344e-09	4.118810734560e-09	1.369339021205e-09
-5.654000000000e-07	2.828029463385e-09	4.308096547728e-09	1.709951436317e-09
-5.652000000000e-07	2.302818179628e-09	4.172588941914e-09	6.705271489233e-10
-5.650000000000e-07	2.861816635793e-09	4.551567613511e-09	1.516465104450e-09
-5.648000000000e-07	2.733991963458e-09	4.536912702048e-09	1.253175519118e-09
-5.646000000000e-07	2.353411086394e-09	4.147474391207e-09	8.583571200600e-10
-5.644000000000e-07	2.641553995994e-09	4.077173863717e-09	1.640860351546e-09
-5.642000000000e-07	2.794746117232e-09	4.583452837905e-09	1.341914999883e-09
-5.640000000000e-07	2.578916003272e-09	4.045569380298e-09	1.422064670677e-09
-5.638000000000e-07	2.577900520269e-09	3.983914313173e-09	1.548284108344e-09
-5.636000000000e-07	2.431383298479e-09	4.013902360433e-09	1.131463057009e-09
-5.634000000000e-07	2.582568842547e-09	4.383070318134e-09	1.006142664222e-09
-5.632000000000e-07	2.443962372217e-09	3.999511005214e-09	1.341214835813e-09
-5.630000000000e-07	2.425302450654e-09	3.710695979346e-09	1.406931414451e-09
-5.628000000000e-07	2.297810218637e-09	3.646522890771e-09	1.299291338185e-09
-5.626000000000e-07	2.436322965086e-09	3.887853608459e-09	1.252593316407e-09
-5.624000000000e-07	2.552712179392e-09	4.278933172636e-09	1.010322803877e-09
-5.622000000000e-07	2.304352968101e-09	3.959821944567e-09	9.952978905710e-10
-5.620000000000e-07	2.518672630428e-09	3.919668075154e-09	1.506270833383e-09
-5.618000000000e-07	2.257080962076e-09	3.937902307369e-09	1.016056608849e-09
-5.616000000000e-07	2.511162405493e-09	3.836112583333e-09	1.520393858755e-09
-5.614000000000e-07	2.426709136449e-09	4.126720763112e-09	9.602193630806e-10
-5.612000000000e-07	2.087147161484e-09	3.448058929445e-09	1.038164890555e-09
-5.610000000000e-07	2.292643277146e-09	3.848220635372e-09	1.010541492028e-09
-5.608000000000e-07	2.200496862409e-09	3.566343518845e-09	1.101484321353e-09
-5.606000000000e-07	2.390371671712e-09	4.128605832450e-09	9.375586440544e-10
-5.604000000000e-07	2.277020821965e-09	3.659431974318e-09	1.148052044490e-09
-5.602000000000e-07	2.349328152448e-09	3.693945783639e-09	1.300827964159e-09
-5.600000000000e-07	2.328430595543e-09	3.560889968840e-09	1.430520747388e-09
-5.598000000000e-07	2.114776698323e-09	3.410876177579e-09	1.175573271385e-09
-5.596000000000e-07	2.177666790489e-09	3.605348833048e-09	1.115612074937e-09
-5.594000000000e-07	2.088804145703e-09	3.776125622074e-09	6.130441388935e-10
-5.592000000000e-07	2.241569119241e-09	3.541160755212e-09	1.234298167126e-09
-5.590000000000e-07	2.151723995055e-09	3.672779332234e-09	8.141780159956e-10
-5.588000000000e-07	2.454838523442e-09	3.540677402971e-09	1.760337024213e-09
-5.586000000000e-07	2.278516727651e-09	3.696810692974e-09	1.158065747623e-09
-5.584000000000e-07	2.121335538272e-09	3.588837466255e-09	9.161160129847e-10
-5.582000000000e-07	2.035130923961e-09	3.722027462424e-09	6.012366300523e-10
-5.580000000000e-07	2.272733594117e-09	3.679864140843e-09	1.149214523434e-09
-5.578000000000e-07	2.395316585686e-09	3.764048806685e-09	1.299820906384e-09
-5.576000000000e-07	2.449968300900e-09	3.897835278081e-09	1.340208540221e-09
-5.574000000000e-07	2.023231274877e-09	3.529974091440e-09	7.573695887815e-10
-5.572000000000e-07	2.141628023331e-09	3.338052996573e-09	1.202671063498e-09
-5.570000000000e-07	2.238675996207e-09	3.593412793114e-09	1.243136207769e-09
-5.568000000000e-07	2.109180509485e-09	3.582132312180e-09	8.762833291374e-10
-5.566000000000e-07	2.084588325496e-09	3.653260833893e-09	7.539630518072e-10
-5.564000000000e-07	1.958538084613e-09	3.421079785649e-09	7.409927118855e-10
-5.562000000000e-07	2.355923310910e-09	3.875059788329e-09	1.043986083534e-09
-5.560000000000e-07	1.764593773320e-09	2.836520054683e-09	9.279471319837e-10
-5.558000000000e-07	2.328451726139e-09	3.939962393337e-09	1.002164903864e-09
-5.556000000000e-07	1.965903637915e-09	3.452144071399e-09	7.065395286244e-10
-5.554000000000e-07	2.273606790836e-09	3.576143476524e-09	1.249013645571e-09
-5.552000000000e-07	1.961475812461e-09	3.256544091604e-09	9.114289388946e-10
-5.550000000000e-07	1.998931590681e-09	3.246336558515e-09	9.964110323060e-10
-5.548000000000e-07	2.030959559340e-09	3.514245316152e-09	8.126992117096e-10
-5.546000000000e-07	1.941090317181e-09	2.920412419939e-09	1.164611687241e-09
-5.544000000000e-07	2.134638025156e-09	3.200851648706e-09	1.375986087290e-09
-5.542000000000e-07	2.153487452409e-09	3.587681401038e-09	9.530240040109e-10
-5.540000000000e-07	2.061567449109e-09	3.325242784221e-09	1.076869345405e-09
-5.538000000000e-07	1.944963368941e-09	3.237202155351e-09	8.838405801920e-10
-5.536000000000e-07	2.134247122774e-09	3.439271348033e-09	1.060901361084e-09
-5.534000000000e-07	2.017670303700e-09	3.175178532287e-09	1.148090755877e-09
-5.532000000000e-07	1.788836653601e-09	3.173774875650e-09	6.360342788588e-10
-5.530000000000e-07	2.082026130070e-09	3.240196286852e-09	1.155371505254e-09
-5.528000000000e-07	1.800251581239e-09	3.052241639839e-09	7.668977087479e-10
-5.526000000000e-07	1.909522345451e-09	2.967831356609e-09	1.093023239326e-09
-5.524000000000e-07	1.564972747359e-09	2.866317242434e-09	4.212903354558e-10
-5.522000000000e-07	1.964531132523e-09	3.013524887806e-09	1.165577228804e-09
-5.520000000000e-07	1.950114687264e-09	3.254163442605e-09	8.991471373199e-10
-5.518000000000e-07	2.017568861458e-09	3.301189215622e-09	9.687270077454e-10
-5.516000000000e-07	1.874080127895e-09	2.958565269688e-09	1.051045737798e-09
-5.514000000000e-07	1.787693405216e-09	2.886155736289e-09	9.990730564910e-10
-5.512000000000e-07	1.905001214879e-09	3.060718495650e-09	1.003467394259e-09
-5.510000000000e-07	1.908125361484e-09	3.059799038888e-09	9.701313198824e-10
-5.508000000000e-07	1.856303374411e-09	2.835833654832e-09	1.167066488691e-09
-5.506000000000e-07	2.025641851603e-09	3.135588033551e-09	1.213952843051e-09
-5.504000000000e-07	1.766828038415e-09	2.934076695502e-09	8.639225876648e-10
-5.502000000000e-07	1.854581789573e-09	3.059342215127e-09	9.291493983505e-10
-5.500000000000e-07	1.876425731359e-09	2.907976385801e-09	1.122127010409e-09
-5.498000000000e-07	1.768817009485e-09	2.869052552176e-09	9.382706345348e-10
-5.496000000000e-07	1.687747007339e-09	2.879313105799e-09	7.055961120733e-10
-5.494000000000e-07	1.948363671241e-09	3.052811121280e-09	1.120389420218e-09
-5.492000000000e-07	1.582567818906e-09	2.630660059187e-09	7.789212838035e-10
-5.490000000000e-07	1.906140179806e-09	3.058363665990e-09	1.000994081233e-09
-5.488000000000e-07	1.667042349031e-09	2.773459680910e-09	7.992808705569e-10
-5.486000000000e-07	1.855900074967e-09	3.026860364366e-09	8.224619059088e-10
-5.484000000000e-07	1.916942389362e-09	3.129432604974e-09	9.533449028039e-10
-5.482000000000e-07	1.801321363029e-09	2.963106738176e-09	9.114643681025e-10
-5.480000000000e-07	1.940699948162e-09	2.865050537373e-09	1.274525247850e-09
-5.478000000000e-07	1.945241654528e-09	3.101144174766e-09	1.027040071762e-09
-5.476000000000e-07	1.785173619252e-09	2.835505079064e-09	9.643233823366e-10
-5.474000000000e-07	1.710719637259e-09	3.039577273074e-09	5.169322133122e-10
-5.472000000000e-07	1.642392046385e-09	2.556045774256e-09	8.773087993805e-10
-5.470000000000e-07	1.811593953113e-09	2.919799122520e-09	9.917757126127e-10
-5.468000000000e-07	1.786529764050e-09	2.996895551321e-09	8.254572769770e-10
-5.466000000000e-07	1.690633140917e-09	2.895269182694e-09	8.197464353246e-10
-5.464000000000e-07	1.851747683494e-09	3.089272385945e-09	8.487670756078e-10
-5.462000000000e-07	1.752650379616e-09	2.856169031895e-09	8.623863972850e-10
-5.460000000000e-07	1.775773758124e-09	2.668228261619e-09	1.189212582746e-09
-5.458000000000e-07	1.791145760209e-09	3.124793526517e-09	6.079476700556e-10
-5.456000000000e-07	1.615341649789e-09	2.542715939337e-09	8.803336092331e-10
-5.454000000000e-07	1.766123705429e-09	2.978464872693e-09	7.678850696045e-10
-5.452000000000e-07	1.658312964280e-09	2.723288272903e-09	8.084814167560e-10
-5.450000000000e-07	1.673362731144e-09	2.734274638215e-09	8.453992172416e-10
-5.448000000000e-07	1.724940612123e-09	2.549506156305e-09	1.149927853494e-09
-5.446000000000e-07	1.372024957844e-09	2.371560034393e-09	5.532809311018e-10
-5.444000000000e-07	1.864593945078e-09	2.649991386498e-09	1.251011292668e-09
-5.442000000000e-07	1.759148425854e-09	2.679018060069e-09	1.100261375918e-09
-5.440000000000e-07	1.709151382510e-09	2.517183288208e-09	1.034410513699e-09
-5.438000000000e-07	1.715382045506e-09	2.938871412656e-09	5.974269412741e-10
-5.436000000000e-07	1.742818765136e-09	2.837371968285e-09	9.467146044778e-10
-5.434000000000e-07	1.596902724285e-09	2.718143605870e-09	7.016977282529e-10
-5.432000000000e-07	1.573495998093e-09	2.510038466738e-09	8.603207816981e-10
-5.430000000000e-07	1.597023411713e-09	2.549866771144e-09	9.050883118259e-10
-5.428000000000e-07	1.483301335699e-09	2.394749292634e-09	7.667635175176e-10
-5.426000000000e-07	1.554575002497e-09	2.832107206268e-09	4.622013567271e-10
-5.424000000000e-07	1.897357233426e-09	3.055206597669e-09	8.924685856923e-10
-5.422000000000e-07	1.632186522798e-09	2.671567582804e-09	7.498069511735e-10
-5.420000000000e-07	1.658351185800e-09	2.590541663882e-09	9.582676415163e-10
-5.418000000000e-07	1.633697865456e-09	2.551576343534e-09	9.384489740642e-10
-5.416000000000e-07	1.665453965117e-09	2.616382883484e-09	9.631427150395e-10
-5.414000000000e-07	1.539179790058e-09	2.645293948954e-09	5.835220017528e-10
-5.412000000000e-07	1.588192894766e-09	2.564626412272e-09	8.570319021963e-10
-5.410000000000e-07	1.567177656981e-09	2.756568530964e-09	5.951888588267e-10
-5.408000000000e-07	1.564399116529e-09	2.505401155438e-09	8.406892555184e-10
-5.406000000000e-07	1.759839206501e-09	2.829149193530e-09	8.700412681526e-10
-5.404000000000e-07	1.744388095594e-09	2.812546566669e-09	8.841142572875e-10
-5.402000000000e-07	1.470593966150e-09	2.229910448393e-09	8.603992500866e-10
-5.400000000000e-07	1.622418623327e-09	2.478664100634e-09	9.379027099741e-10
-5.398000000000e-07	1.556231676367e-09	2.690250600482e-09	6.133291141665e-10
-5.396000000000e-07	1.754759509200e-09	2.838957437808e-09	8.842859349338e-10
-5.394000000000e-07	1.578047698339e-09	2.591277304416e-09	8.316845155933e-10
-5.392000000000e-07	1.601169276828e-09	2.416774358460e-09	1.032259648655e-09
-5.390000000000e-07	1.442059658311e-09	2.580752420835e-09	4.909352840437e-10
-5.388000000000e-07	1.587265234562e-09	2.522939001884e-09	8.972336435514e-10
-5.386000000000e-07	1.662731580643e-09	2.766869761405e-09	7.556562610684e-10
-5.384000000000e-07	1.566210193599e-09	2.443080740025e-09	8.007712657826e-10
-5.382000000000e-07	1.500163562068e-09	2.249718261495e-09	9.747321399920e-10
-5.380000000000e-07	1.411894372848e-09	2.453602224343e-09	5.534141316645e-10
-5.378000000000e-07	1.592892398634e-09	2.550191825923e-09	8.711689818736e-10
-5.376000000000e-07	1.516839686783e-09	2.646913125854e-09	6.155929891087e-10
-5.374000000000e-07	1.438008997330e-09	2.568435160912e-09	4.600987647058e-10
-5.372000000000e-07	1.577653705594e-09	2.602455933894e-09	7.709725247278e-10
-5.370000000000e-07	1.499941677948e-09	2.373482273237e-09	7.875673092450e-10
-5.368000000000e-07	1.484086677352e-09	2.338362846277e-09	8.131991675219e-10
-5.366000000000e-07	1.332788814869e-09	2.238946114170e-09	5.921145410806e-10
-5.364000000000e-07	1.623566631903e-09	2.561796594107e-09	1.012645935926e-09
-5.362000000000e-07	1.535087738922e-09	2.482272353026e-09	8.179550023896e-10
-5.360000000000e-07	1.421489881997e-09	2.214264187607e-09	7.910114210343e-10
-5.358000000000e-07	1.544388429562e-09	2.365592097982e-09	8.992511418593e-10
-5.356000000000e-07	1.558504656417e-09	2.503122560499e-09	7.777122163763e-10
-5.354000000000e-07	1.265682475702e-09	2.234137845778e-09	4.770132366439e-10
-5.352000000000e-07	1.418942938985e-09	2.316944810233e-09	7.282783172922e-10
-5.350000000000e-07	1.340701555284e-09	2.088462212981e-09	7.899513292300e-10
-5.348000000000e-07	1.411066156531e-09	2.272373171234e-09	7.215282932460e-10
-5.346000000000e-07	1.460221110048e-09	2.199769086736e-09	8.613614938356e-10
-5.344000000000e-07	1.615266712109e-09	2.449651515439e-09	1.031636432028e-09
-5.342000000000e-07	1.457296320807e-09	2.372607308146e-09	7.305199299309e-10
-5.340000000000e-07	1.406457813465e-09	2.185648600403e-09	7.155883785842e-10
-5.338000000000e-07	1.421331538702e-09	2.291482817057e-09	8.430261222430e-10
-5.336000000000e-07	1.528153854757e-09	2.436759135950e-09	7.859581092513e-10
-5.334000000000e-07	1.341662268725e-09	2.117537480780e-09	7.449726324742e-10
-5.332000000000e-07	1.450840953033e-09	2.272680025381e-09	8.538196811572e-10
-5.330000000000e-07	1.351188430701e-09	2.325152868495e-09	5.575737593291e-10
-5.328000000000e-07	1.493346221307e-09	2.363138512202e-09	7.769251382844e-10
-5.326000000000e-07	1.506119377764e-09	2.204285242780e-09	1.026792552855e-09
-5.324000000000e-07	1.486028942610e-09	2.279421170964e-09	9.143294275365e-10
-5.322000000000e-07	1.429087091757e-09	2.267024875182e-09	8.140028889884e-10
-5.320000000000e-07	1.423811594287e-09	2.195569676711e-09	8.423083766409e-10
-5.318000000000e-07	1.424936717744e-09	2.451883025437e-09	6.004712564815e-10
-5.316000000000e-07	1.401609028538e-09	2.260554985044e-09	7.406598986040e-10
-5.314000000000e-07	1.377713721942e-09	2.273833457086e-09	6.429397946702e-10
-5.312000000000e-07	1.409787953201e-09	2.234693827500e-09	7.653231193387e-10
-5.310000000000e-07	1.365771795230e-09	2.264099208717e-09	6.853475143853e-10
-5.308000000000e-07	1.344363656331e-09	2.317958334203e-09	5.668251552651e-10
-5.306000000000e-07	1.403158391493e-09	2.301995185239e-09	7.389693265400e-10
-5.304000000000e-07	1.361575018099e-09	2.207813471627e-09	6.906500025522e-10
-5.302000000000e-07	1.575590917416e-09	2.318806065630e-09	1.023013419399e-09
-5.300000000000e-07	1.279020418238e-09	2.115201067629e-09	6.647454153627e-10
-5.298000000000e-07	1.339354530679e-09	2.260462822758e-09	5.846063937902e-10
-5.296000000000e-07	1.358433558981e-09	2.175657575218e-09	7.171772231790e-10
-5.294000000000e-07	1.258972561116e-09	2.074718066950e-09	5.828099367494e-10
-5.292000000000e-07	1.258549677791e-09	2.052979512809e-09	6.569201290002e-10
-5.290000000000e-07	1.287394270671e-09	2.146323723215e-09	6.174797934903e-10
-5.288000000000e-07	1.390996284174e-09	2.295896582867e-09	5.939995397045e-10
-5.286000000000e-07	1.354788715770e-09	2.160887310614e-09	6.705203428664e-10
-5.284000000000e-07	1.368222761439e-09	2.291266156401e-09	5.985295025987e-10
-5.282000000000e-07	1.378044650345e-09	2.080686307016e-09	8.786076825944e-10
-5.280000000000e-07	1.423173584598e-09	2.140278636324e-09	9.162552011196e-10
-5.278000000000e-07	1.421941872719e-09	2.161526566636e-09	8.564338304889e-10
-5.276000000000e-07	1.444514372278e-09	2.358788820414e-09	7.545971812936e-10
-5.274000000000e-07	1.191568393534e-09	1.904239577420e-09	6.764760656277e-10
-5.272000000000e-07	1.255356010804e-09	2.186531301608e-09	5.029010011440e-10
-5.270000000000e-07	1.245974727217e-09	1.831807840663e-09	7.098065471796e-10
-5.268000000000e-07	1.299072278560e-09	2.119907133756e-09	6.929977419923e-10
-5.266000000000e-07	1.285039348955e-09	2.023873478350e-09	7.823530545153e-10
-5.264000000000e-07	1.255322551006e-09	2.121160023568e-09	5.880396879671e-10
-5.262000000000e-07	1.286943109990e-09	2.149010195463e-09	5.708686153633e-10
-5.260000000000e-07	1.269722614409e-09	1.932984941794e-09	7.951549775316e-10
-5.258000000000e-07	1.305921772815e-09	2.127550835397e-09	6.973977415043e-10
-5.256000000000e-07	1.292317816395e-09	2.066749129526e-09	6.571202609908e-10
-5.254000000000e-07	1.319127647731e-09	2.207294166033e-09	6.062319435125e-10
-5.252000000000e-07	1.285688609009e-09	1.995143907751e-09	8.427692355371e-10
-5.250000000000e-07	1.329352208049e-09	2.116362675659e-09	6.916997080855e-10
-5.248000000000e-07	1.266993354806e-09	2.046533998889e-09	6.580201283125e-10
-5.246000000000e-07	1.299219620741e-09	1.995382132509e-09	7.748315646016e-10
-5.244000000000e-07	1.238827906745e-09	1.989001134626e-09	7.368171758438e-10
-5.242000000000e-07	1.271823619329e-09	1.985048664909e-09	7.004622603914e-10
-5.240000000000e-07	1.334789983519e-09	2.064652328924e-09	7.770941018913e-10
-5.238000000000e-07	1.148114594227e-09	2.028473569167e-09	4.135471858254e-10
-5.236000000000e-07	1.260770267693e-09	2.069785070626e-09	5.880393504548e-10
-5.234000000000e-07	1.391082309296e-09	2.215988405923e-09	7.003770603678e-10
-5.232000000000e-07	1.187856912146e-09	2.018000382666e-09	5.011317337816e-10
-5.230000000000e-07	1.204870403320e-09	1.975276303517e-09	6.322486742982e-10
-5.228000000000e-07	1.346626754407e-09	2.031744687270e-09	8.136582296931e-10
-5.226000000000e-07	1.278858421712e-09	1.941028135167e-09	8.452445850894e-10
-5.224000000000e-07	1.225231768539e-09	1.872605203932e-09	7.447624661014e-10
-5.222000000000e-07	1.193438452038e-09	1.807908960900e-09	7.095213803472e-10
-5.220000000000e-07	1.154047343472e-09	1.943427643559e-09	5.229718030150e-10
-5.218000000000e-07	1.296833702440e-09	2.086471830976e-09	6.890657511310e-10
-5.216000000000e-07	1.219124935957e-09	2.087652337953e-09	6.440289836349e-10
-5.214000000000e-07	1.301003594685e-09	2.081131526899e-09	7.022307957590e-10
-5.212000000000e-07	1.263808782376e-09	2.012693982967e-09	6.455748600607e-10
-5.210000000000e-07	1.169395439419e-09	1.998661034132e-09	5.565967359811e-10
-5.208000000000e-07	1.143378820727e-09	2.005017491807e-09	4.489985435866e-10
-5.206000000000e-07	1.123504516359e-09	1.914704094862e-09	6.596942370355e-10
-5.204000000000e-07	1.285512652313e-09	2.004637267094e-09	7.552469637122e-10
-5.202000000000e-07	1.212773085022e-09	1.894767912654e-09	7.523771954751e-10
-5.200000000000e-07	1.213559103524e-09	1.903647780921e-09	7.504069567727e-10
-5.198000000000e-07	1.225079318995e-09	1.999689136571e-09	5.901945916438e-10
-5.196000000000e-07	1.291225570765e-09	1.932317172502e-09	8.363669664945e-10
-5.194000000000e-07	1.168278833264e-09	1.851752043060e-09	7.370568543056e-10
-5.192000000000e-07	1.241893467741e-09	1.975670084544e-09	6.372711624069e-10
-5.190000000000e-07	1.054261198570e-09	1.629194529060e-09	6.569189393829e-10
-5.188000000000e-07	1.169254964835e-09	1.962739191381e-09	4.862448328160e-10
-5.186000000000e-07	1.168029475649e-09	1.908091056708e-09	5.714013512222e-10
-5.184000000000e-07	1.113612147329e-09	1.769108101082e-09	5.872801685825e-10
-5.182000000000e-07	1.159263163540e-09	1.836594728697e-09	6.340185505587e-10
-5.180000000000e-07	1.198002820355e-09	2.079099427192e-09	4.340272011742e-10
-5.178000000000e-07	1.170173621767e-09	1.810089088592e-09	6.722097308215e-10
-5.176000000000e-07	1.157311145748e-09	1.950918132392e-09	5.263582912722e-10
-5.174000000000e-07	1.091489509675e-09	1.790753492747e-09	5.749861570432e-10
-5.172000000000e-07	1.075400672979e-09	1.770231936670e-09	5.753369588916e-10
-5.170000000000e-07	1.146983626013e-09	1.968783507556e-09	4.689996371243e-10
-5.168000000000e-07	1.135454173070e-09	1.749961783330e-09	7.359642818067e-10
-5.166000000000e-07	1.103635911200e-09	1.876870438014e-09	5.219237525999e-10
-5.164000000000e-07	1.133524736444e-09	1.726368130334e-09	6.780094191734e-10
-5.162000000000e-07	1.018432606623e-09	1.711048531179e-09	4.519532695299e-10
-5.160000000000e-07	1.143076860789e-09	1.839407152601e-09	5.833472528152e-10
-5.158000000000e-07	1.099955838205e-09	1.655485489072e-09	6.920430905900e-10
-5.156000000000e-07	1.173324949186e-09	1.721915475773e-09	7.007030571978e-10
-5.154000000000e-07	1.068328585023e-09	1.879428324496e-09	4.225027774942e-10
-5.152000000000e-07	1.145211748249e-09	1.710915382189e-09	7.688191694839e-10
-5.150000000000e-07	1.162827122428e-09	1.809068690229e-09	7.280636858176e-10
-5.148000000000e-07	1.083000990396e-09	1.710998699648e-09	5.596091890095e-10
-5.146000000000e-07	1.150542171212e-09	1.786054036012e-09	7.285850439955e-10
-5.144000000000e-07	1.096152227826e-09	1.862190780709e-09	5.400277675231e-10
-5.142000000000e-07	1.126994432241e-09	1.915904473581e-09	5.013800498077e-10
-5.140000000000e-07	1.100250995272e-09	1.685909617298e-09	6.828306174264e-10
-5.138000000000e-07	1.070718575880e-09	1.690799578421e-09	6.242067979000e-10
-5.136000000000e-07	1.047071056895e-09	1.783437941219e-09	4.717926667899e-10
-5.134000000000e-07	1.016342785782e-09	1.595539270801e-09	6.413582245742e-10
-5.132000000000e-07	1.041885097548e-09	1.746111674937e-09	4.803581872838e-10
-5.130000000000e-07	1.042096745931e-09	1.684396601417e-09	5.363978883961e-10
-5.128000000000e-07	1.038546932733e-09	1.788478154193e-09	4.277500440770e-10
-5.126000000000e-07	1.073769214198e-09	1.712668769998e-09	5.561145147230e-10
-5.124000000000e-07	1.065282133862e-09	1.679805529615e-09	6.334410581301e-10
-5.122000000000e-07	1.091586116427e-09	1.634161895777e-09	7.064453968422e-10
-5.120000000000e-07	1.040522123371e-09	1.547210888502e-09	6.456437728664e-10
-5.118000000000e-07	1.042808782177e-09	1.707997871379e-09	5.320223618964e-10
-5.116000000000e-07	1.008314747476e-09	1.755578989819e-09	4.216551827587e-10
-5.114000000000e-07	1.067808917767e-09	1.608137303511e-09	7.038607309259e-10
-5.112000000000e-07	1.018427622839e-09	1.627582816279e-09	5.949798034353e-10
-5.110000000000e-07	9.713994404341e-10	1.635891266728e-09	4.927072923519e-10
-5.108000000000e-07	1.102343478316e-09	1.791169816385e-09	5.671210082251e-10
-5.106000000000e-07	1.015420840775e-09	1.547043448380e-09	6.245123832297e-10
-5.104000000000e-07	1.090655884067e-09	1.775139399800e-09	5.863410325873e-10
-5.102000000000e-07	9.704080669205e-10	1.537421661916e-09	5.621699816217e-10
-5.100000000000e-07	1.085077823392e-09	1.743266668137e-09	5.316570000952e-10
-5.098000000000e-07	1.115490193788e-09	1.767718880776e-09	6.170622523929e-10
-5.096000000000e-07	1.009088461008e-09	1.683567552219e-09	4.828966211580e-10
-5.094000000000e-07	9.704579513959e-10	1.524007155249e-09	5.759908891581e-10
-5.092000000000e-07	1.049513997914e-09	1.587581337573e-09	6.720159704964e-10
-5.090000000000e-07	9.043816441189e-10	1.433907869862e-09	5.409248220450e-10
-5.088000000000e-07	1.074995841191e-09	1.776252628907e-09	5.405132103373e-10
-5.086000000000e-07	9.758446091542e-10	1.577336587497e-09	4.907655296927e-10
-5.084000000000e-07	1.017100243849e-09	1.573823148212e-09	5.751992320675e-10
-5.082000000000e-07	9.870306527436e-10	1.583102219919e-09	5.561139148500e-10
-5.080000000000e-07	1.025530484931e-09	1.667282661755e-09	5.022527196744e-10
-5.078000000000e-07	1.011481538423e-09	1.588043792901e-09	5.763115368549e-10
-5.076000000000e-07	9.979502490949e-10	1.556999010128e-09	5.982330798933e-10
-5.074000000000e-07	9.739293320920e-10	1.627542538256e-09	4.669471117214e-10
-5.072000000000e-07	9.793443406469e-10	1.424698763647e-09	6.957661845843e-10
-5.070000000000e-07	1.015644338468e-09	1.611926153847e-09	5.517493596959e-10
-5.068000000000e-07	1.034629420342e-09	1.693572457633e-09	4.983948182296e-10
-5.066000000000e-07	1.089106117021e-09	1.762922578877e-09	5.784941808268e-10
-5.064000000000e-07	1.020585176985e-09	1.570949994387e-09	6.145385964101e-10
-5.062000000000e-07	1.053732998861e-09	1.769582188937e-09	4.651713684017e-10
-5.060000000000e-07	1.013684927915e-09	1.546445669645e-09	6.017986762805e-10
-5.058000000000e-07	8.947108363415e-10	1.637872980233e-09	2.829254334717e-10
-5.056000000000e-07	9.695478655979e-10	1.553597815697e-09	4.995443689997e-10
-5.054000000000e-07	1.020561551736e-09	1.650532921319e-09	4.789460875326e-10
-5.052000000000e-07	8.697759542253e-10	1.500080318668e-09	3.986964657929e-10
-5.050000000000e-07	1.048907388454e-09	1.645533721367e-09	5.870424238035e-10
-5.048000000000e-07	1.012244263692e-09	1.660873318919e-09	4.992395265901e-10
-5.046000000000e-07	9.082906624812e-10	1.423421679332e-09	4.986379054841e-10
-5.044000000000e-07	9.785320103577e-10	1.499324553965e-09	5.590674774710e-10
-5.042000000000e-07	1.024972335404e-09	1.613976890178e-09	5.974017220044e-10
-5.040000000000e-07	9.440514316973e-10	1.516036168728e-09	5.426777463361e-10
-5.038000000000e-07	9.774960061338e-10	1.562553969711e-09	4.937924769547e-10
-5.036000000000e-07	9.158946204348e-10	1.425711205689e-09	4.953646457612e-10
-5.034000000000e-07	1.028103877488e-09	1.536743508206e-09	6.766609450996e-10
-5.032000000000e-07	9.717629397953e-10	1.527790328038e-09	5.075627185740e-10
-5.030000000000e-07	9.655487232202e-10	1.573647921678e-09	5.042035965733e-10
-5.028000000000e-07	1.015706330922e-09	1.526151553427e-09	6.556925582738e-10
-5.026000000000e-07	8.754301581774e-10	1.331325664337e-09	5.546259922942e-10
-5.024000000000e-07	9.121483681513e-10	1.522735125650e-09	4.264134536334e-10
-5.022000000000e-07	9.355879732545e-10	1.404103994663e-09	6.135881289388e-10
-5.020000000000e-07	9.623919804437e-10	1.568160922626e-09	5.481071243605e-10
-5.018000000000e-07	1.043730093546e-09	1.508060524085e-09	7.821206997176e-10
-5.016000000000e-07	8.772220061939e-10	1.382249272943e-09	5.238504660477e-10
-5.014000000000e-07	9.626671909272e-10	1.486458683311e-09	5.618290906486e-10
-5.012000000000e-07	9.739410168242e-10	1.521772019035e-09	4.960918114417e-10
-5.010000000000e-07	9.276701087008e-10	1.358280966486e-09	6.525555807066e-10
-5.008000000000e-07	9.694628135546e-10	1.530077736056e-09	5.246305112221e-10
-5.006000000000e-07	9.032102100572e-10	1.697516309282e-09	4.253319932208e-10
-5.004000000000e-07	8.820416191091e-10	1.366260371090e-09	5.526765434071e-10
-5.002000000000e-07	9.574264592092e-10	1.566635603960e-09	4.858017647228e-10
-5.000000000000e-07	9.217184235042e-10	1.504789793576e-09	4.586440873984e-10
-4.998000000000e-07	9.767785757473e-10	1.591727129645e-09	4.933701149381e-10
-4.996000000000e-07	9.798672943293e-10	1.475826501437e-09	6.328472987055e-10
-4.994000000000e-07	7.733407629849e-10	1.305068153178e-09	3.434710281731e-10
-4.992000000000e-07	8.717685048267e-10	1.404507975740e-09	4.768024895212e-10
-4.990000000000e-07	7.831596987990e-10	1.244133144410e-09	4.293584588984e-10
-4.988000000000e-07	9.818845578471e-10	1.520256907870e-09	4.998113318539e-10
-4.986000000000e-07	9.098370818207e-10	1.364533910097e-09	5.731092886004e-10
-4.984000000000e-07	7.658609826572e-10	1.298264710490e-09	3.541950973414e-10
-4.982000000000e-07	9.076807069669e-10	1.460423318036e-09	4.605838444532e-10
-4.980000000000e-07	9.773013279888e-10	1.522058643159e-09	5.606368508283e-10
-4.978000000000e-07	9.573436764952e-10	1.583582138337e-09	4.909405713655e-10
-4.976000000000e-07	9.537291764083e-10	1.471504251069e-09	6.240851917939e-10
-4.974000000000e-07	7.870032438376e-10	1.293933387307e-09	4.430822133331e-10
-4.972000000000e-07	8.644307443920e-10	1.420361339849e-09	4.682753978488e-10
-4.970000000000e-07	8.477915840311e-10	1.330228728046e-09	4.953714325228e-10
-4.968000000000e-07	8.478028328847e-10	1.352584038043e-09	4.766627962628e-10
-4.966000000000e-07	8.370108818968e-10	1.295389219067e-09	5.204605600782e-10
-4.964000000000e-07	8.987550055140e-10	1.395130728012e-09	5.645166850317e-10
-4.962000000000e-07	9.040865749948e-10	1.434823919940e-09	5.173407682862e-10
-4.960000000000e-07	8.847472842645e-10	1.391151890262e-09	4.820533964441e-10
-4.958000000000e-07	7.872288046890e-10	1.239369378978e-09	4.886470517981e-10
-4.956000000000e-07	7.799829422230e-10	1.365127439493e-09	2.974373574934e-10
-4.954000000000e-07	9.165286737909e-10	1.387702000769e-09	5.518637788623e-10
-4.952000000000e-07	8.815286143982e-10	1.348013665826e-09	5.453703255706e-10
-4.950000000000e-07	9.006993181933e-10	1.451687371423e-09	5.189018191088e-10
-4.948000000000e-07	8.061844381979e-10	1.295995738657e-09	4.158951979432e-10
-4.946000000000e-07	8.964764042427e-10	1.417589586136e-09	5.190536228843e-10
-4.944000000000e-07	8.624053126016e-10	1.410594539820e-09	4.662711300483e-10
-4.942000000000e-07	8.391212937748e-10	1.451261161028e-09	4.082191664150e-10
-4.940000000000e-07	8.655784091341e-10	1.292966885220e-09	5.379530733134e-10
-4.938000000000e-07	8.380198412066e-10	1.345901383750e-09	4.374835988521e-10
-4.936000000000e-07	8.119465764462e-10	1.433130324734e-09	3.766830385522e-10
-4.934000000000e-07	8.517244400219e-10	1.288986077583e-09	5.430839307959e-10
-4.932000000000e-07	9.160532059401e-10	1.322258351413e-09	6.020524574221e-10
-4.930000000000e-07	8.145935208856e-10	1.292681199877e-09	4.736095271688e-10
-4.928000000000e-07	8.951521128140e-10	1.423618533519e-09	3.788365364290e-10
-4.926000000000e-07	9.513761994843e-10	1.450634467342e-09	5.600412115241e-10
-4.924000000000e-07	7.840412981040e-10	1.249723440265e-09	4.264736329272e-10
-4.922000000000e-07	8.752062866491e-10	1.305704621741e-09	5.975866663457e-10
-4.920000000000e-07	8.013244963786e-10	1.197754010756e-09	5.566444632036e-10
-4.918000000000e-07	7.855371542245e-10	1.368346689444e-09	3.438716965058e-10
-4.916000000000e-07	7.214898989553e-10	1.244502182898e-09	3.216547405642e-10
-4.914000000000e-07	7.950259068072e-10	1.241524623716e-09	4.249391436108e-10
-4.912000000000e-07	8.319844745616e-10	1.381890093272e-09	4.189542247956e-10
-4.910000000000e-07	8.940325056690e-10	1.274787251173e-09	6.441577617817e-10
-4.908000000000e-07	7.916016563000e-10	1.235055049512e-09	4.487220478805e-10
-4.906000000000e-07	7.712639695595e-10	1.195714491531e-09	5.057978975375e-10
-4.904000000000e-07	7.530598364722e-10	1.267854684855e-09	3.904723734357e-10
-4.902000000000e-07	7.834016700712e-10	1.166868484124e-09	4.636430602590e-10
-4.900000000000e-07	7.923524945895e-10	1.322530059614e-09	3.887521691702e-10
-4.898000000000e-07	8.238022230370e-10	1.359462434204e-09	4.207270425202e-10
-4.896000000000e-07	8.126141231689e-10	1.311235900083e-09	4.561512443530e-10
-4.894000000000e-07	8.426149968736e-10	1.336903316115e-09	4.591165872852e-10
-4.892000000000e-07	8.521763460909e-10	1.156876861237e-09	5.555863858122e-10
-4.890000000000e-07	7.884871978854e-10	1.267758160126e-09	4.452079286126e-10
-4.888000000000e-07	8.362453924930e-10	1.310972764506e-09	4.810247403738e-10
-4.886000000000e-07	8.203318603179e-10	1.302017246818e-09	4.555881267389e-10
-4.884000000000e-07	7.219963550031e-10	1.179303340256e-09	3.902799544789e-10
-4.882000000000e-07	8.462607388005e-10	1.251372748689e-09	5.372702896732e-10
-4.880000000000e-07	8.020454754779e-10	1.245163360656e-09	4.587421906221e-10
