2.380000000000e-08	0.000000000000e+00	0.000000000000e+00	0.000000000000e+00
2.400000000000e-08	0.000000000000e+00	0.000000000000e+00	0.000000000000e+00
2.420000000000e-08	0.000000000000e+00	0.000000000000e+00	0.000000000000e+00
2.440000000000e-08	0.000000000000e+00	0.000000000000e+00	0.000000000000e+00
2.460000000000e-08	0.000000000000e+00	0.000000000000e+00	0.000000000000e+00
2.480000000000e-08	0.000000000000e+00	0.000000000000e+00	0.000000000000e+00
2.500000000000e-08	0.000000000000e+00	0.000000000000e+00	0.000000000000e+00
2.520000000000e-08	0.000000000000e+00	0.000000000000e+00	0.000000000000e+00
2.540000000000e-08	0.000000000000e+00	0.000000000000e+00	0.000000000000e+00
2.560000000000e-08	0.000000000000e+00	0.000000000000e+00	0.000000000000e+00
2.580000000000e-08	0.000000000000e+00	0.000000000000e+00	0.000000000000e+00
2.600000000000e-08	0.000000000000e+00	0.000000000000e+00	0.000000000000e+00
2.620000000000e-08	0.000000000000e+00	0.000000000000e+00	0.000000000000e+00
2.640000000000e-08	0.000000000000e+00	0.000000000000e+00	0.000000000000e+00
2.660000000000e-08	0.000000000000e+00	0.000000000000e+00	0.000000000000e+00
2.680000000000e-08	0.000000000000e+00	0.000000000000e+00	0.000000000000e+00
2.700000000000e-08	0.000000000000e+00	0.000000000000e+00	0.000000000000e+00
2.720000000000e-08	0.000000000000e+00	0.000000000000e+00	0.000000000000e+00
2.740000000000e-08	0.000000000000e+00	0.000000000000e+00	0.000000000000e+00
2.760000000000e-08	0.000000000000e+00	0.000000000000e+00	0.000000000000e+00
2.780000000000e-08	0.000000000000e+00	0.000000000000e+00	0.000000000000e+00
2.800000000000e-08	0.000000000000e+00	0.000000000000e+00	0.000000000000e+00
2.820000000000e-08	0.000000000000e+00	0.000000000000e+00	0.000000000000e+00
2.840000000000e-08	0.000000000000e+00	0.000000000000e+00	0.000000000000e+00
2.860000000000e-08	0.000000000000e+00	0.000000000000e+00	0.000000000000e+00
2.880000000000e-08	0.000000000000e+00	0.000000000000e+00	0.000000000000e+00
2.900000000000e-08	0.000000000000e+00	0.000000000000e+00	0.000000000000e+00
2.920000000000e-08	0.000000000000e+00	0.000000000000e+00	0.000000000000e+00
2.940000000000e-08	0.000000000000e+00	0.000000000000e+00	0.000000000000e+00
2.960000000000e-08	0.000000000000e+00	0.000000000000e+00	0.000000000000e+00
2.980000000000e-08	0.000000000000e+00	0.000000000000e+00	0.000000000000e+00
3.000000000000e-08	0.000000000000e+00	0.000000000000e+00	0.000000000000e+00
3.020000000000e-08	0.000000000000e+00	0.000000000000e+00	0.000000000000e+00
3.040000000000e-08	0.000000000000e+00	0.000000000000e+00	0.000000000000e+00
3.060000000000e-08	0.000000000000e+00	0.000000000000e+00	0.000000000000e+00
3.080000000000e-08	0.000000000000e+00	0.000000000000e+00	0.000000000000e+00
3.100000000000e-08	0.000000000000e+00	0.000000000000e+00	0.000000000000e+00
3.120000000000e-08	0.000000000000e+00	0.000000000000e+00	0.000000000000e+00
3.140000000000e-08	0.000000000000e+00	0.000000000000e+00	0.000000000000e+00
3.160000000000e-08	0.000000000000e+00	0.000000000000e+00	0.000000000000e+00
3.180000000000e-08	0.000000000000e+00	0.000000000000e+00	0.000000000000e+00
3.200000000000e-08	0.000000000000e+00	0.000000000000e+00	0.000000000000e+00
3.220000000000e-08	0.000000000000e+00	0.000000000000e+00	0.000000000000e+00
3.240000000000e-08	0.000000000000e+00	0.000000000000e+00	0.000000000000e+00
3.260000000000e-08	0.000000000000e+00	0.000000000000e+00	0.000000000000e+00
3.280000000000e-08	0.000000000000e+00	0.000000000000e+00	0.000000000000e+00
3.300000000000e-08	0.000000000000e+00	0.000000000000e+00	0.000000000000e+00
3.320000000000e-08	0.000000000000e+00	0.000000000000e+00	0.000000000000e+00
3.340000000000e-08	0.000000000000e+00	0.000000000000e+00	0.000000000000e+00
3.360000000000e-08	0.000000000000e+00	0.000000000000e+00	0.000000000000e+00
3.380000000000e-08	5.674347342152e-14	-1.344258852665e-13	2.835671545075e-13
3.400000000000e-08	3.519314788503e-12	-1.038256079404e-10	1.329241912104e-10
3.420000000000e-08	8.584359871063e-11	-3.457008671565e-11	2.146904234842e-10
3.440000000000e-08	-5.040153740053e-11	1.151322958331e-10	-2.667458093816e-10
3.460000000000e-08	1.768541809163e-10	5.721210376777e-10	-3.389046833393e-10
3.480000000000e-08	9.791999008092e-11	3.854486565304e-10	-4.517804977772e-10
3.500000000000e-08	-2.886777902549e-10	-3.159400321672e-10	-2.760331414943e-10
3.520000000000e-08	3.545462316413e-10	-1.714667729351e-10	1.067660546419e-09
3.540000000000e-08	-1.644369314101e-10	2.780887035929e-11	-3.837592470424e-10
3.560000000000e-08	2.172229613206e-10	-4.639149642515e-11	5.773147119668e-10
3.580000000000e-08	-2.716070470177e-10	-8.848760284048e-11	-5.486461991825e-10
3.600000000000e-08	-2.027742941147e-10	1.849881729552e-11	-5.898040314843e-10
3.620000000000e-08	1.145238826491e-10	3.056776361322e-10	-7.608828263776e-11
3.640000000000e-08	-1.794636003843e-10	-3.910185889968e-10	4.129530674644e-11
3.660000000000e-08	-7.095138266802e-10	-1.171083568694e-09	-2.602488473084e-10
3.680000000000e-08	-1.891949898467e-09	-3.053071604255e-09	-1.091124676354e-09
3.700000000000e-08	-8.020327491091e-10	-1.099646350761e-09	-5.425763112677e-10
3.720000000000e-08	-3.165149992467e-10	-9.997323536925e-10	5.458515584012e-10
3.740000000000e-08	-3.658381660783e-10	-2.470149533609e-10	-6.369941930125e-10
3.760000000000e-08	-6.355572639341e-10	-1.069252635396e-09	-2.129744951869e-10
3.780000000000e-08	-5.144090432320e-10	-5.234296367978e-10	-6.026144283198e-10
3.800000000000e-08	-7.138668859747e-10	-1.165868684761e-09	-4.013332179892e-10
3.820000000000e-08	-6.579247167866e-10	-1.154594612910e-09	-2.441317841388e-10
3.840000000000e-08	-7.073621261209e-10	-9.901458785520e-10	-4.153496085253e-10
3.860000000000e-08	-8.838589318595e-10	-1.289694859317e-09	-6.575406562310e-10
3.880000000000e-08	-1.848950820557e-09	-3.042486744736e-09	-9.429427050336e-10
3.900000000000e-08	-1.444822848968e-09	-2.671937636965e-09	-4.107809530961e-10
3.920000000000e-08	-2.687303248393e-09	-4.469171980874e-09	-1.333094934728e-09
3.940000000000e-08	-4.622568076945e-09	-7.503210740176e-09	-2.199554438619e-09
3.960000000000e-08	-6.976422207782e-09	-1.074075278131e-08	-4.168403431203e-09
3.980000000000e-08	-1.325384486514e-08	-2.097951791832e-08	-7.200999810909e-09
4.000000000000e-08	-2.057360702497e-08	-3.281332669044e-08	-1.061490369885e-08
4.020000000000e-08	-1.586132814336e-08	-2.560759112378e-08	-8.045770922058e-09
4.040000000000e-08	-6.685437793494e-10	-1.261168756827e-09	-3.435741010082e-10
4.060000000000e-08	-1.888077199087e-09	-2.802398350825e-09	-1.297452966388e-09
4.080000000000e-08	-2.546931629040e-09	-3.460628982428e-09	-2.050911709760e-09
4.100000000000e-08	-1.930199917918e-09	-3.375537712921e-09	-6.707654326820e-10
4.120000000000e-08	-3.385738990571e-09	-4.999802581535e-09	-2.188339748430e-09
4.140000000000e-08	-3.561151677437e-09	-5.724751581878e-09	-1.988059992361e-09
4.160000000000e-08	-3.589099712508e-09	-5.278661291509e-09	-2.424328227631e-09
4.180000000000e-08	-5.722165001478e-09	-8.009952861740e-09	-2.867871957347e-09
4.200000000000e-08	-5.750065316631e-09	-8.377525578031e-09	-3.873047741063e-09
4.220000000000e-08	-6.815597728523e-09	-1.159206234269e-08	-2.840724155547e-09
4.240000000000e-08	-8.424334796972e-09	-1.302673568484e-08	-4.940967571101e-09
4.260000000000e-08	-8.411455063534e-09	-1.310988720096e-08	-4.818888536232e-09
4.280000000000e-08	-1.001227795710e-08	-1.617060355652e-08	-4.925968128164e-09
4.300000000000e-08	-1.162413135263e-08	-1.922089733139e-08	-5.410189957515e-09
4.320000000000e-08	-1.409827921585e-08	-2.193548271746e-08	-8.153515105370e-09
4.340000000000e-08	-1.527632312265e-08	-2.480690440209e-08	-7.592705471278e-09
4.360000000000e-08	-1.950691915652e-08	-3.038867543347e-08	-1.101180806252e-08
4.380000000000e-08	-1.938440324519e-08	-2.958940546555e-08	-1.205125310898e-08
4.400000000000e-08	-2.372681686453e-08	-3.698052895729e-08	-1.345417873392e-08
4.420000000000e-08	-2.527364210801e-08	-4.070634515728e-08	-1.303468524013e-08
4.440000000000e-08	-2.817844120804e-08	-4.607998432718e-08	-1.405552332728e-08
4.460000000000e-08	-3.133336354059e-08	-4.845929246934e-08	-1.834136568990e-08
4.480000000000e-08	-3.385880280436e-08	-5.520326179548e-08	-1.699141946053e-08
4.500000000000e-08	-3.882643724684e-08	-5.907308411457e-08	-2.386541924725e-08
4.520000000000e-08	-4.099179573468e-08	-6.522984792576e-08	-2.189235343221e-08
4.540000000000e-08	-4.230163117869e-08	-6.770204596239e-08	-2.227898139197e-08
4.560000000000e-08	-4.567960272647e-08	-7.426396204369e-08	-2.249575219041e-08
4.580000000000e-08	-5.158269661517e-08	-8.141672342651e-08	-2.831755872713e-08
4.600000000000e-08	-5.174724291576e-08	-7.976703210315e-08	-3.041951059275e-08
4.620000000000e-08	-5.113800545098e-08	-8.065044782812e-08	-2.814562925466e-08
4.640000000000e-08	-5.245206493019e-08	-8.168338030281e-08	-3.006269561439e-08
4.660000000000e-08	-5.099391471691e-08	-8.190635124291e-08	-2.632611476342e-08
4.680000000000e-08	-5.106550207316e-08	-7.871275725072e-08	-3.018119466799e-08
4.700000000000e-08	-4.816228001458e-08	-7.688537502397e-08	-2.541133449313e-08
4.720000000000e-08	-4.573051377987e-08	-7.365454517906e-08	-2.346455501286e-08
4.740000000000e-08	-4.216453983434e-08	-6.621792747914e-08	-2.364950129574e-08
4.760000000000e-08	-4.105587863128e-08	-6.597289744808e-08	-2.108639217030e-08
4.780000000000e-08	-3.584853539159e-08	-5.554918054577e-08	-2.097779290710e-08
4.800000000000e-08	-3.187049324475e-08	-5.147652080022e-08	-1.623825793089e-08
4.820000000000e-08	-2.678623697106e-08	-4.403754337576e-08	-1.277114973620e-08
4.840000000000e-08	-2.386151407799e-08	-3.744625867826e-08	-1.337705535343e-08
4.860000000000e-08	-1.899186132605e-08	-2.979601782904e-08	-1.071185850583e-08
4.880000000000e-08	-1.415545152093e-08	-2.292703811529e-08	-7.058676559002e-09
4.900000000000e-08	-9.180465587221e-09	-1.326667808922e-08	-6.384278974469e-09
4.920000000000e-08	-5.120934408543e-09	-6.999794388530e-09	-4.042301973074e-09
4.940000000000e-08	-2.075525570235e-09	-3.343407686116e-09	-1.030121115159e-09
4.960000000000e-08	9.341170825432e-10	1.749069187595e-09	3.009748293178e-10
4.980000000000e-08	3.971769275166e-09	6.591683382628e-09	2.158915969762e-09
5.000000000000e-08	5.684847757679e-09	9.181301215179e-09	2.884034733514e-09
5.020000000000e-08	6.841398822306e-09	1.095162345838e-08	3.655985417718e-09
5.040000000000e-08	7.536939227809e-09	1.259101412983e-08	3.475767458039e-09
5.060000000000e-08	6.888112871670e-09	1.121517380995e-08	3.430852303527e-09
5.080000000000e-08	8.036766524084e-09	1.294298313593e-08	4.141080004557e-09
5.100000000000e-08	7.858523863982e-09	1.233680476851e-08	4.536615823631e-09
5.120000000000e-08	7.629294970348e-09	1.244889607341e-08	3.770354095069e-09
5.140000000000e-08	6.649350564931e-09	1.146205194957e-08	2.583568044923e-09
5.160000000000e-08	6.941363813827e-09	1.094816381506e-08	3.828338648710e-09
5.180000000000e-08	6.073344718859e-09	9.764173070732e-09	3.177323792387e-09
5.200000000000e-08	5.921305363088e-09	9.269986388422e-09	3.408299899173e-09
5.220000000000e-08	6.391317265465e-09	1.004475437642e-08	3.642045699414e-09
5.240000000000e-08	5.207959208877e-09	8.668179151951e-09	2.337503857328e-09
5.260000000000e-08	5.650035394133e-09	8.511021775426e-09	3.576366648491e-09
5.280000000000e-08	5.024653600771e-09	8.773408095152e-09	1.864421950515e-09
5.300000000000e-08	4.983377831777e-09	8.212862521391e-09	2.390802759482e-09
5.320000000000e-08	4.255148505794e-09	6.714699568252e-09	2.296731111367e-09
5.340000000000e-08	4.917729278997e-09	8.921354000315e-09	1.456491157655e-09
5.360000000000e-08	4.464278397191e-09	7.603209414260e-09	1.880824291323e-09
5.380000000000e-08	4.544093579840e-09	7.291775546996e-09	2.449539490263e-09
5.400000000000e-08	4.292777875032e-09	7.341731861840e-09	1.744289838881e-09
5.420000000000e-08	3.851494651536e-09	6.513353585912e-09	1.705695562187e-09
5.440000000000e-08	4.094208469672e-09	6.096039786869e-09	2.684331905285e-09
5.460000000000e-08	4.055634459808e-09	5.790238947817e-09	2.794634516405e-09
5.480000000000e-08	3.803905981857e-09	5.968096489110e-09	2.261649555309e-09
5.500000000000e-08	4.329855133812e-09	7.338795750005e-09	1.707364676972e-09
5.520000000000e-08	3.839151248308e-09	6.102150171714e-09	1.983338694590e-09
5.540000000000e-08	3.606881091910e-09	6.462814659513e-09	1.133828997160e-09
5.560000000000e-08	4.160857354920e-09	6.843100729095e-09	2.059787589869e-09
5.580000000000e-08	3.824241074098e-09	5.475983730037e-09	2.591467045281e-09
5.600000000000e-08	3.542628289944e-09	6.009114598628e-09	1.587159188266e-09
5.620000000000e-08	3.389695034865e-09	5.235433360524e-09	2.089514314864e-09
5.640000000000e-08	3.694744841568e-09	6.290421834632e-09	1.517623833764e-09
5.660000000000e-08	3.947109383820e-09	6.302735316933e-09	2.162409467454e-09
5.680000000000e-08	3.704400643456e-09	5.783431520404e-09	2.139232961551e-09
5.700000000000e-08	3.095921707550e-09	5.503008743722e-09	1.043904588148e-09
5.720000000000e-08	3.577211152320e-09	5.356457135683e-09	2.310627427940e-09
5.740000000000e-08	3.430324607067e-09	5.745284795588e-09	1.594805776613e-09
5.760000000000e-08	2.799757237711e-09	4.403449101260e-09	1.649109501169e-09
5.780000000000e-08	3.165107335010e-09	5.308731213086e-09	1.342356917774e-09
5.800000000000e-08	3.383443075753e-09	5.116796783052e-09	2.184960990470e-09
5.820000000000e-08	3.034995121169e-09	5.406982577895e-09	1.078025730839e-09
5.840000000000e-08	3.340653999423e-09	5.110456809849e-09	2.003902356092e-09
5.860000000000e-08	3.004841673340e-09	4.928829394023e-09	1.556349942124e-09
5.880000000000e-08	3.121238419822e-09	5.338271260244e-09	1.294337878066e-09
5.900000000000e-08	3.080881927736e-09	4.979739008109e-09	1.658007853536e-09
5.920000000000e-08	3.199257754067e-09	5.379696920198e-09	1.407437886042e-09
5.940000000000e-08	2.957782394129e-09	5.010165175722e-09	1.285252226934e-09
5.960000000000e-08	2.995962906999e-09	4.747462686451e-09	1.592901122682e-09
5.980000000000e-08	2.930076256417e-09	4.817672264680e-09	1.354618777993e-09
6.000000000000e-08	2.934048527490e-09	4.591751819010e-09	1.498073346154e-09
6.020000000000e-08	2.814838387372e-09	4.606805869366e-09	1.447960239591e-09
6.040000000000e-08	2.910019206953e-09	4.732358473910e-09	1.484854831008e-09
6.060000000000e-08	2.832393346279e-09	5.025104946764e-09	9.815766070744e-10
6.080000000000e-08	2.450199199353e-09	3.916990350748e-09	1.344059283707e-09
6.100000000000e-08	2.841621681358e-09	4.624574179805e-09	1.494563930931e-09
6.120000000000e-08	2.701860279484e-09	4.362082002774e-09	1.485888102706e-09
6.140000000000e-08	2.809131474635e-09	4.829921069499e-09	1.115895724200e-09
6.160000000000e-08	2.760795731734e-09	4.498092955648e-09	1.335662866160e-09
6.180000000000e-08	2.823474061469e-09	4.282786135689e-09	1.791549333280e-09
6.200000000000e-08	2.689944025461e-09	4.251891877928e-09	1.492805949573e-09
6.220000000000e-08	2.650466194869e-09	4.172530812881e-09	1.554755066566e-09
6.240000000000e-08	2.497650747308e-09	3.850340056971e-09	1.534004262679e-09
6.260000000000e-08	2.729958428604e-09	3.986894262694e-09	1.980932978884e-09
6.280000000000e-08	2.826441949294e-09	4.880588590247e-09	1.096260871504e-09
6.300000000000e-08	2.481048314127e-09	4.041925550746e-09	1.421988219038e-09
6.320000000000e-08	2.533781926780e-09	4.123005308533e-09	1.249310775867e-09
6.340000000000e-08	2.322523336406e-09	3.699410472513e-09	1.273352451428e-09
6.360000000000e-08	2.712156096003e-09	4.271356120420e-09	1.687341088788e-09
6.380000000000e-08	3.003947156037e-09	4.687252549699e-09	1.713335448434e-09
6.400000000000e-08	2.517834433367e-09	4.174233798730e-09	1.138012729545e-09
6.420000000000e-08	2.724171992204e-09	4.104457147718e-09	1.649288465650e-09
6.440000000000e-08	2.583908843274e-09	4.021852644248e-09	1.551233906499e-09
6.460000000000e-08	2.356021729718e-09	3.883181861372e-09	1.259218861919e-09
6.480000000000e-08	2.576817521342e-09	3.918801648133e-09	1.675766981367e-09
6.500000000000e-08	2.228478899774e-09	3.975153463666e-09	8.056477727615e-10
6.520000000000e-08	2.605144576618e-09	4.510791791916e-09	1.053778564862e-09
6.540000000000e-08	2.608838261832e-09	4.222333832207e-09	1.343373307529e-09
6.560000000000e-08	2.161040654508e-09	3.562634454297e-09	1.062962503002e-09
6.580000000000e-08	2.396407875910e-09	3.460070217708e-09	1.797894427420e-09
6.600000000000e-08	2.369472545240e-09	3.922746307700e-09	1.144603078698e-09
6.620000000000e-08	2.525521703872e-09	3.931518852325e-09	1.545386063064e-09
6.640000000000e-08	2.227112327892e-09	3.848744178516e-09	9.701669907721e-10
6.660000000000e-08	2.347657406173e-09	3.924552351817e-09	1.059975760204e-09
6.680000000000e-08	2.503904089806e-09	4.328174163049e-09	6.653032824781e-10
6.700000000000e-08	2.419178969759e-09	3.869596468826e-09	1.272094309112e-09
6.720000000000e-08	2.380944477119e-09	3.726968866249e-09	1.240681133260e-09
6.740000000000e-08	2.320238729970e-09	3.675527837781e-09	1.183471380864e-09
6.760000000000e-08	2.221282143631e-09	3.900633523069e-09	8.591133963921e-10
6.780000000000e-08	2.507577253588e-09	4.080012906757e-09	1.261142290906e-09
6.800000000000e-08	1.972867291167e-09	3.449863125427e-09	7.377607877176e-10
6.820000000000e-08	2.301911608796e-09	3.272597902063e-09	1.775924808960e-09
6.840000000000e-08	2.314437861467e-09	3.627901311319e-09	1.411026946764e-09
6.860000000000e-08	2.203913337562e-09	3.421752389317e-09	1.336234796766e-09
6.880000000000e-08	2.254838104395e-09	3.641548170350e-09	1.180741248389e-09
6.900000000000e-08	2.241011853670e-09	3.711477131850e-09	1.112960331074e-09
6.920000000000e-08	2.282985013834e-09	3.568441118424e-09	1.314901242305e-09
6.940000000000e-08	2.244224052281e-09	3.637418468175e-09	1.206421382345e-09
6.960000000000e-08	2.195785272372e-09	3.517467227964e-09	1.189314901465e-09
6.980000000000e-08	2.162299345278e-09	3.665817342640e-09	1.010346312337e-09
7.000000000000e-08	2.237704647327e-09	3.681642055977e-09	1.103227417461e-09
7.020000000000e-08	2.171160015612e-09	3.556538105016e-09	1.140324133088e-09
7.040000000000e-08	2.143639617509e-09	3.070439335192e-09	1.547429642134e-09
7.060000000000e-08	2.180027581947e-09	3.901527723835e-09	7.300189736879e-10
7.080000000000e-08	2.330256066596e-09	4.015078071582e-09	9.431744287920e-10
7.100000000000e-08	2.117985420105e-09	3.486070699464e-09	1.114511970899e-09
7.120000000000e-08	2.012854771985e-09	3.280757036775e-09	1.058451779873e-09
7.140000000000e-08	2.078363438584e-09	3.437262749866e-09	9.608676923388e-10
7.160000000000e-08	2.052015775401e-09	3.547198456249e-09	8.230634269377e-10
7.180000000000e-08	2.221908663901e-09	3.639358368447e-09	9.929853538583e-10
7.200000000000e-08	1.917497177034e-09	3.047635418594e-09	1.072804036227e-09
7.220000000000e-08	2.165425403963e-09	3.543735106140e-09	1.059098455700e-09
7.240000000000e-08	2.059751882361e-09	3.294936485812e-09	9.250587756471e-10
7.260000000000e-08	2.020710739846e-09	3.033589056063e-09	1.382429657879e-09
7.280000000000e-08	2.162935773555e-09	3.498291404804e-09	1.169274633695e-09
7.300000000000e-08	1.848106389032e-09	3.296818720089e-09	6.683549286730e-10
7.320000000000e-08	1.995020078018e-09	3.316868716579e-09	9.643733744848e-10
7.340000000000e-08	1.990290873404e-09	3.287426654000e-09	9.776221527403e-10
7.360000000000e-08	1.721268444138e-09	2.792960744403e-09	9.053121714388e-10
7.380000000000e-08	2.098001403104e-09	3.405632506742e-09	1.065304679896e-09
7.400000000000e-08	2.097588243190e-09	3.236332962696e-09	1.287042180440e-09
7.420000000000e-08	2.060380484247e-09	3.249824117417e-09	1.152681051893e-09
7.440000000000e-08	1.837702163352e-09	2.992139247708e-09	9.863449237128e-10
7.460000000000e-08	1.980525528207e-09	3.170683770160e-09	1.062018274585e-09
7.480000000000e-08	2.125160160862e-09	3.204798891551e-09	1.375012782471e-09
7.500000000000e-08	2.025117880536e-09	3.102692439708e-09	1.307694327057e-09
7.520000000000e-08	1.820610894210e-09	3.022926055175e-09	9.049580125556e-10
7.540000000000e-08	1.992200283986e-09	3.360445517242e-09	1.020909183988e-09
7.560000000000e-08	1.824440621201e-09	2.773888917736e-09	1.175544272137e-09
7.580000000000e-08	1.735297856532e-09	2.687204780912e-09	1.022141505492e-09
7.600000000000e-08	2.060855113381e-09	3.197604963829e-09	9.896530626414e-10
7.620000000000e-08	1.947020442807e-09	3.105812592948e-09	1.077714696402e-09
7.640000000000e-08	1.859668134503e-09	2.976094992697e-09	9.041668013446e-10
7.660000000000e-08	2.080400514044e-09	3.602504465432e-09	8.727361076767e-10
7.680000000000e-08	2.034517305896e-09	3.218749739513e-09	1.156238911248e-09
7.700000000000e-08	1.886902546366e-09	3.107642455214e-09	9.688666108860e-10
7.720000000000e-08	2.154585015847e-09	3.195585222226e-09	1.362554746994e-09
7.740000000000e-08	1.840668378566e-09	3.089860582376e-09	1.065306587650e-09
7.760000000000e-08	1.673881934401e-09	2.662683412076e-09	9.669933585239e-10
7.780000000000e-08	1.756463006708e-09	3.061239050024e-09	6.806373925204e-10
7.800000000000e-08	1.862748537154e-09	2.852568430659e-09	1.068270161528e-09
7.820000000000e-08	1.864325937494e-09	3.016030254839e-09	9.600237192046e-10
7.840000000000e-08	1.821783727232e-09	2.968003340305e-09	8.569737839057e-10
7.860000000000e-08	1.677660053332e-09	2.741155790899e-09	1.045179538527e-09
7.880000000000e-08	1.797165341866e-09	2.742919551254e-09	1.155523560477e-09
7.900000000000e-08	1.840214720765e-09	3.046925884605e-09	9.040212162405e-10
7.920000000000e-08	1.885860285049e-09	3.072180596086e-09	1.014142590961e-09
7.940000000000e-08	1.999784452420e-09	2.887266265519e-09	1.192614149249e-09
7.960000000000e-08	1.753848227489e-09	2.828260466319e-09	9.377008982449e-10
7.980000000000e-08	1.782458894025e-09	2.764646485018e-09	1.110780335934e-09
8.000000000000e-08	1.771387402982e-09	3.060815205262e-09	7.058606195680e-10
8.020000000000e-08	1.774997350685e-09	3.044940318707e-09	7.124406156876e-10
8.040000000000e-08	1.802035956502e-09	2.864771105052e-09	1.006876544116e-09
8.060000000000e-08	1.766952150043e-09	2.612150745750e-09	9.889891809745e-10
8.080000000000e-08	1.608412749033e-09	2.691537878018e-09	8.206951369917e-10
8.100000000000e-08	1.757490630382e-09	2.589167295901e-09	1.079538281159e-09
8.120000000000e-08	1.839984073658e-09	2.849229732557e-09	1.060268163110e-09
8.140000000000e-08	1.679258006628e-09	2.898005253549e-09	7.158085091223e-10
8.160000000000e-08	1.654466451880e-09	2.738680874860e-09	8.084387460285e-10
8.180000000000e-08	1.739506653662e-09	2.883357858876e-09	8.819608537864e-10
8.200000000000e-08	1.779802262180e-09	2.953779513587e-09	8.295844171226e-10
8.220000000000e-08	1.750643539660e-09	2.732331731720e-09	9.247302434212e-10
8.240000000000e-08	1.615621044405e-09	2.508388273928e-09	1.008348523372e-09
8.260000000000e-08	1.776792497652e-09	2.906640527931e-09	9.620530691967e-10
8.280000000000e-08	1.761810726143e-09	2.877182487739e-09	8.141305374914e-10
8.300000000000e-08	1.713880672461e-09	2.549923986642e-09	1.155033064840e-09
8.320000000000e-08	1.776051875354e-09	2.721191684634e-09	1.100315794707e-09
8.340000000000e-08	1.841509218645e-09	2.919591278723e-09	9.636254755735e-10
8.360000000000e-08	1.593701581337e-09	2.558578604961e-09	9.263992483493e-10
8.380000000000e-08	1.783962128578e-09	2.925271640772e-09	9.336249168518e-10
8.400000000000e-08	1.517672504636e-09	2.559390470861e-09	7.204729388996e-10
8.420000000000e-08	1.443221883270e-09	2.527572978047e-09	4.628156865796e-10
8.440000000000e-08	1.659943374024e-09	2.712815697799e-09	8.489867143828e-10
8.460000000000e-08	1.728135418543e-09	3.033789510050e-09	6.850403628262e-10
8.480000000000e-08	1.644262647253e-09	2.709732333663e-09	8.221137131467e-10
8.500000000000e-08	1.864652658080e-09	2.919910703715e-09	1.046427359689e-09
8.520000000000e-08	1.661317939570e-09	2.508876378966e-09	1.178834000351e-09
8.540000000000e-08	1.692944528460e-09	2.666878245269e-09	9.105089624221e-10
8.560000000000e-08	1.592509731658e-09	2.735977201836e-09	6.506055716658e-10
8.580000000000e-08	1.685860905136e-09	2.743745962772e-09	8.516261189709e-10
8.600000000000e-08	1.654012909698e-09	2.594857427938e-09	9.746981727851e-10
8.620000000000e-08	1.528957098057e-09	2.431431440526e-09	8.908789512175e-10
8.640000000000e-08	1.483904719991e-09	2.411516918349e-09	8.654250865826e-10
8.660000000000e-08	1.534305637456e-09	2.570560179603e-09	7.435410825423e-10
8.680000000000e-08	1.659520779208e-09	2.664058791199e-09	8.504646843669e-10
8.700000000000e-08	1.666528673369e-09	2.590283866772e-09	1.038732610564e-09
8.720000000000e-08	1.643271180111e-09	2.671469185783e-09	8.045075014271e-10
8.740000000000e-08	1.539059971244e-09	2.475950607935e-09	8.467335580070e-10
8.760000000000e-08	1.750798083036e-09	2.780200678996e-09	9.711998318962e-10
8.780000000000e-08	1.548324779791e-09	2.555888072267e-09	8.617265004754e-10
8.800000000000e-08	1.520759850356e-09	2.494017687813e-09	8.198511641459e-10
8.820000000000e-08	1.588915925054e-09	2.467789243536e-09	9.986476663616e-10
8.840000000000e-08	1.475582381933e-09	2.498722106121e-09	6.146458597225e-10
8.860000000000e-08	1.511044381745e-09	2.490870420851e-09	7.077618644158e-10
8.880000000000e-08	1.573389306723e-09	2.640939726723e-09	7.614259472907e-10
8.900000000000e-08	1.471870601416e-09	2.448502170283e-09	7.647574932082e-10
8.920000000000e-08	1.482764868263e-09	2.260704620211e-09	9.892220828643e-10
8.940000000000e-08	1.488266101007e-09	2.371025529063e-09	8.198380787578e-10
8.960000000000e-08	1.519387762506e-09	2.636601259845e-09	5.563606367260e-10
8.980000000000e-08	1.586164372953e-09	2.499994651448e-09	9.924921246370e-10
9.000000000000e-08	1.555344564848e-09	2.501569445448e-09	8.733047692243e-10
9.020000000000e-08	1.656730595717e-09	2.407352030255e-09	1.209980603775e-09
9.040000000000e-08	1.646539556471e-09	2.633847537774e-09	9.345267794167e-10
9.060000000000e-08	1.417251073145e-09	2.263976539615e-09	8.751913002111e-10
9.080000000000e-08	1.420077422742e-09	2.314741068216e-09	7.376674626034e-10
9.100000000000e-08	1.371563726260e-09	2.347684818357e-09	6.096922205054e-10
9.120000000000e-08	1.556949555093e-09	2.432619497271e-09	8.236939963572e-10
9.140000000000e-08	1.507534109225e-09	2.568204348401e-09	7.602756989510e-10
9.160000000000e-08	1.441286027620e-09	2.295759829106e-09	8.388370677143e-10
9.180000000000e-08	1.553992377669e-09	2.426623834080e-09	9.239119029135e-10
9.200000000000e-08	1.291887079140e-09	2.281388368024e-09	5.181653205077e-10
9.220000000000e-08	1.392309146221e-09	2.373913519699e-09	6.774522250922e-10
9.240000000000e-08	1.335098351658e-09	2.365064869466e-09	5.243000758119e-10
9.260000000000e-08	1.535340914066e-09	2.430376168238e-09	6.621404333569e-10
9.280000000000e-08	1.534250798108e-09	2.179236198097e-09	1.116282657610e-09
9.300000000000e-08	1.577388013828e-09	2.588113803049e-09	8.565823987182e-10
9.320000000000e-08	1.527815752577e-09	2.317478786311e-09	9.561359484349e-10
9.340000000000e-08	1.490637300099e-09	2.515711973030e-09	8.233854436745e-10
9.360000000000e-08	1.556247518549e-09	2.406783488654e-09	9.177483344380e-10
9.380000000000e-08	1.572186688321e-09	2.467219492214e-09	8.838655420059e-10
9.400000000000e-08	1.379425742669e-09	2.275037479443e-09	6.987504710127e-10
9.420000000000e-08	1.382666205334e-09	2.207824526182e-09	7.576533316653e-10
9.440000000000e-08	1.272823290034e-09	1.950639063715e-09	8.030938416807e-10
9.460000000000e-08	1.457963217483e-09	2.311597792440e-09	8.451814687958e-10
9.480000000000e-08	1.530042566155e-09	2.368521430199e-09	8.401230996408e-10
9.500000000000e-08	1.473070429203e-09	2.414849022257e-09	7.415916353445e-10
9.520000000000e-08	1.384114168166e-09	2.277692220072e-09	6.256632395809e-10
9.540000000000e-08	1.448313946171e-09	1.953330833805e-09	1.138334356421e-09
9.560000000000e-08	1.491589000292e-09	2.372189777002e-09	8.752937195153e-10
9.580000000000e-08	1.279008089941e-09	2.184603272777e-09	5.895445819313e-10
9.600000000000e-08	1.491173288562e-09	2.309764977803e-09	9.257211971875e-10
9.620000000000e-08	1.386717008557e-09	2.197522216070e-09	7.534794762106e-10
9.640000000000e-08	1.211363518112e-09	2.121364548304e-09	5.701995982910e-10
9.660000000000e-08	1.330964666844e-09	2.137599608344e-09	7.197443956052e-10
9.680000000000e-08	1.315444120822e-09	2.098798767294e-09	7.181329561538e-10
9.700000000000e-08	1.412668839249e-09	2.292286891587e-09	7.563382985978e-10
9.720000000000e-08	1.300227027973e-09	2.098068663215e-09	6.782560797156e-10
9.740000000000e-08	1.336335101522e-09	2.195886020169e-09	7.358630212251e-10
9.760000000000e-08	1.416209864169e-09	2.159014296377e-09	8.300678987876e-10
9.780000000000e-08	1.429282983992e-09	2.269455473808e-09	7.804285334521e-10
9.800000000000e-08	1.321528398377e-09	2.159345233867e-09	7.321812200320e-10
9.820000000000e-08	1.343488518646e-09	2.014924230194e-09	9.665140606548e-10
9.840000000000e-08	1.487585448865e-09	2.596634172761e-09	5.860751603589e-10
9.860000000000e-08	1.364056534699e-09	2.288921137960e-09	6.656938789648e-10
9.880000000000e-08	1.222024949475e-09	2.042038931384e-09	5.448178774368e-10
9.900000000000e-08	1.462068939220e-09	2.273127128102e-09	1.055721134311e-09
9.920000000000e-08	1.383477019343e-09	2.181403327148e-09	7.849234866632e-10
9.940000000000e-08	1.408716838014e-09	2.306829214905e-09	7.734954088664e-10
9.960000000000e-08	1.354889574919e-09	2.039575160491e-09	9.293085459325e-10
9.980000000000e-08	1.411665237174e-09	2.243716558263e-09	7.225418203170e-10
1.000000000000e-07	1.346682494911e-09	2.273730913865e-09	6.219263241432e-10
1.002000000000e-07	1.177155487499e-09	1.858702651198e-09	6.276335132222e-10
1.004000000000e-07	1.334566537202e-09	2.183730826235e-09	6.577239431113e-10
1.006000000000e-07	1.294258357194e-09	2.188593498620e-09	5.940286303563e-10
1.008000000000e-07	1.350216125558e-09	2.045576169319e-09	7.542157785656e-10
1.010000000000e-07	1.323554742607e-09	2.110470081627e-09	7.866116087694e-10
1.012000000000e-07	1.308958397184e-09	2.022771544032e-09	7.822702194022e-10
1.014000000000e-07	1.307443635917e-09	1.955519333418e-09	8.050147726657e-10
1.016000000000e-07	1.131257553553e-09	2.027204551481e-09	4.209365660495e-10
1.018000000000e-07	1.380520327814e-09	2.039930623082e-09	9.615282889793e-10
1.020000000000e-07	1.344027242228e-09	1.970438978944e-09	9.312641238475e-10
1.022000000000e-07	1.203998680846e-09	2.065187696255e-09	5.297080842832e-10
1.024000000000e-07	1.277143029072e-09	2.147162860003e-09	6.263120545192e-10
1.026000000000e-07	1.296965196671e-09	2.041044531367e-09	7.492278233092e-10
1.028000000000e-07	1.303126462128e-09	2.083968948748e-09	6.930567851973e-10
1.030000000000e-07	1.286008470992e-09	1.982403536582e-09	7.819375139463e-10
1.032000000000e-07	1.365698811843e-09	2.311001307691e-09	6.051281794150e-10
1.034000000000e-07	1.252663085699e-09	1.838867763461e-09	8.660529375956e-10
1.036000000000e-07	1.236967360383e-09	1.952973578652e-09	7.278561066238e-10
1.038000000000e-07	1.248154003916e-09	2.079118073733e-09	5.906208004019e-10
1.040000000000e-07	1.286599927441e-09	2.097003297619e-09	6.532872318430e-10
1.042000000000e-07	1.251027125311e-09	2.096092841870e-09	6.215911012847e-10
1.044000000000e-07	1.172040670295e-09	1.930868397653e-09	6.173611077654e-10
1.046000000000e-07	1.212939802440e-09	2.083192230775e-09	5.545526996795e-10
1.048000000000e-07	1.213266188803e-09	1.941920456445e-09	6.388660436456e-10
1.050000000000e-07	1.190678675064e-09	1.803184466128e-09	7.711857375993e-10
1.052000000000e-07	1.237105339079e-09	1.930090252333e-09	7.542263689678e-10
1.054000000000e-07	1.239543153303e-09	1.926202564294e-09	8.003619051189e-10
1.056000000000e-07	1.282746150450e-09	1.961703782469e-09	8.173528904489e-10
1.058000000000e-07	1.244736922881e-09	1.928820795516e-09	7.604041713479e-10
1.060000000000e-07	1.178784815710e-09	1.916811690124e-09	7.011879080579e-10
1.062000000000e-07	1.260860567295e-09	1.972044612624e-09	7.309119520744e-10
1.064000000000e-07	1.259924342785e-09	2.076554595835e-09	6.861972061327e-10
1.066000000000e-07	1.164028874515e-09	1.791345704278e-09	7.092994140026e-10
1.068000000000e-07	1.113361994865e-09	1.823687351377e-09	4.769489123183e-10
1.070000000000e-07	1.247157805206e-09	1.996025127351e-09	7.313138233832e-10
1.072000000000e-07	1.189085649513e-09	1.831552617448e-09	7.461199219741e-10
1.074000000000e-07	1.167319596129e-09	1.873990265767e-09	6.158425814398e-10
1.076000000000e-07	1.227118004210e-09	1.977703952346e-09	8.630359157004e-10
1.078000000000e-07	1.167420209233e-09	1.970911350967e-09	5.365646905175e-10
1.080000000000e-07	1.296044708710e-09	1.965727216218e-09	7.817843148866e-10
1.082000000000e-07	1.107121971932e-09	1.616534963853e-09	7.746380800380e-10
1.084000000000e-07	1.156395901671e-09	1.822207099101e-09	6.850725117413e-10
1.086000000000e-07	1.186267220443e-09	1.940759102444e-09	6.147048922617e-10
1.088000000000e-07	1.220376495327e-09	2.012571792238e-09	5.919837902296e-10
1.090000000000e-07	1.073667588171e-09	1.719558246234e-09	5.806278762618e-10
1.092000000000e-07	1.180667772107e-09	2.090580837786e-09	4.716081182574e-10
1.094000000000e-07	1.198828816981e-09	2.008649901321e-09	5.945487835773e-10
1.096000000000e-07	1.141253180133e-09	1.831917001458e-09	6.293059547030e-10
1.098000000000e-07	1.121639993064e-09	1.808823148051e-09	5.706423734232e-10
1.100000000000e-07	1.092384749708e-09	1.763916687064e-09	6.023250103107e-10
1.102000000000e-07	1.116450908953e-09	1.767686876939e-09	6.073204003892e-10
1.104000000000e-07	1.099316035575e-09	1.707621385093e-09	6.264652914170e-10
1.106000000000e-07	1.180795756950e-09	1.817240668647e-09	7.066813923488e-10
1.108000000000e-07	1.130144180134e-09	1.854104726637e-09	5.590777820735e-10
1.110000000000e-07	1.077939992906e-09	1.782854928366e-09	5.745641621409e-10
1.112000000000e-07	1.153596920512e-09	1.857277078681e-09	5.954152701773e-10
1.114000000000e-07	1.063674974608e-09	1.764223697593e-09	4.653227942772e-10
1.116000000000e-07	1.120934869336e-09	1.757415644913e-09	6.866051179581e-10
1.118000000000e-07	1.123504921473e-09	1.882136350350e-09	5.062947582063e-10
1.120000000000e-07	1.134781352233e-09	1.867091458411e-09	6.554335982253e-10
1.122000000000e-07	1.112477012056e-09	1.776859411730e-09	6.240531178591e-10
1.124000000000e-07	1.153848937071e-09	1.865483420176e-09	6.005332721698e-10
1.126000000000e-07	1.119959062334e-09	1.685359354993e-09	7.165393006012e-10
1.128000000000e-07	1.174645737318e-09	1.716006284147e-09	7.679390818931e-10
1.130000000000e-07	1.230593575646e-09	1.914599190204e-09	8.126816469015e-10
1.132000000000e-07	1.104327855659e-09	1.772134013947e-09	5.257133188931e-10
1.134000000000e-07	1.058354495783e-09	1.755267869623e-09	5.331853431411e-10
1.136000000000e-07	1.090786447330e-09	1.734009908112e-09	5.813504483426e-10
1.138000000000e-07	1.124996029816e-09	1.786108869923e-09	6.885806746813e-10
1.140000000000e-07	1.115406429264e-09	1.746811090352e-09	5.589566667832e-10
1.142000000000e-07	1.047530848837e-09	1.775232930983e-09	5.317542794460e-10
1.144000000000e-07	1.017351982427e-09	1.650912923832e-09	5.613406648563e-10
1.146000000000e-07	1.053623673090e-09	1.770210046755e-09	5.301886174007e-10
1.148000000000e-07	1.148074758837e-09	1.779564708309e-09	6.566692361811e-10
1.150000000000e-07	1.094070491041e-09	1.692258284857e-09	6.548058667724e-10
1.152000000000e-07	1.077267849346e-09	1.500414339657e-09	7.436488957085e-10
1.154000000000e-07	1.141419875072e-09	1.733658240332e-09	7.597102208241e-10
1.156000000000e-07	1.030425883941e-09	1.669874039627e-09	5.708729651302e-10
1.158000000000e-07	1.018382392008e-09	1.624349866125e-09	5.498308243302e-10
1.160000000000e-07	1.118915726579e-09	1.697292615934e-09	6.281187238875e-10
1.162000000000e-07	9.938245467119e-10	1.760351522874e-09	6.647683897300e-10
1.164000000000e-07	1.027637427819e-09	1.703428991756e-09	4.853117772298e-10
1.166000000000e-07	1.107753939691e-09	1.844588731168e-09	5.235636651557e-10
1.168000000000e-07	1.027049103848e-09	1.602714048268e-09	6.001901432598e-10
1.170000000000e-07	1.141513593650e-09	1.856387314224e-09	6.044378963675e-10
1.172000000000e-07	1.037783280538e-09	1.603223131801e-09	6.435922641382e-10
1.174000000000e-07	9.785447600023e-10	1.534656961365e-09	5.850044628040e-10
1.176000000000e-07	1.109222844365e-09	1.729394650286e-09	4.584677543505e-10
1.178000000000e-07	9.431909256602e-10	1.530836676522e-09	5.531937062351e-10
1.180000000000e-07	9.827273563669e-10	1.520446341608e-09	5.772826411876e-10
1.182000000000e-07	9.694171636432e-10	1.581298819741e-09	6.208072100256e-10
1.184000000000e-07	1.001158142625e-09	1.656910585058e-09	5.055096330687e-10
1.186000000000e-07	9.663097677532e-10	1.456131156217e-09	5.701823481122e-10
1.188000000000e-07	9.647814780072e-10	1.669648634108e-09	4.338822286240e-10
1.190000000000e-07	1.012990235667e-09	1.616765958366e-09	5.244696976180e-10
1.192000000000e-07	1.045026410217e-09	1.446036743140e-09	8.370659527412e-10
1.194000000000e-07	9.827176608606e-10	1.688151692468e-09	4.246636175239e-10
1.196000000000e-07	1.010443722247e-09	1.597522871670e-09	6.047337487462e-10
1.198000000000e-07	9.848204659636e-10	1.603133431563e-09	5.062946673115e-10
1.200000000000e-07	1.017373696656e-09	1.621861504606e-09	5.824511652441e-10
1.202000000000e-07	1.014896216305e-09	1.675553661559e-09	5.569346381522e-10
1.204000000000e-07	1.022169282474e-09	1.582608855965e-09	6.296015646974e-10
1.206000000000e-07	1.097111299718e-09	1.584590568198e-09	6.631671182979e-10
1.208000000000e-07	9.939786269990e-10	1.643378469193e-09	4.621540342463e-10
1.210000000000e-07	9.936343688541e-10	1.552465857149e-09	6.281411305034e-10
1.212000000000e-07	9.800217012032e-10	1.542641572636e-09	5.631058364062e-10
1.214000000000e-07	9.732289765853e-10	1.538172278639e-09	4.974779959885e-10
1.216000000000e-07	1.023706164417e-09	1.678362821365e-09	5.589895533828e-10
1.218000000000e-07	1.030970346992e-09	1.536704137771e-09	6.682130789723e-10
1.220000000000e-07	1.025627136750e-09	1.577462252015e-09	6.949202243463e-10
1.222000000000e-07	9.384883312015e-10	1.492626228143e-09	5.663530432365e-10
1.224000000000e-07	9.550384876591e-10	1.515411448038e-09	5.696361608245e-10
1.226000000000e-07	1.074152050991e-09	1.518983107321e-09	6.807798938242e-10
1.228000000000e-07	9.979698409596e-10	1.639377768864e-09	5.241126832698e-10
1.230000000000e-07	9.817822986395e-10	1.568231550575e-09	5.867879919349e-10
1.232000000000e-07	9.130157188457e-10	1.529148788234e-09	4.257281170934e-10
1.234000000000e-07	9.915150721635e-10	1.513179555972e-09	6.060160736542e-10
1.236000000000e-07	9.739389359914e-10	1.635074134150e-09	4.257187766759e-10
1.238000000000e-07	9.986537240911e-10	1.630682072448e-09	4.917915687256e-10
1.240000000000e-07	9.878686947353e-10	1.549323502050e-09	5.069963263663e-10
1.242000000000e-07	9.922216822710e-10	1.600711842837e-09	5.883606415599e-10
1.244000000000e-07	8.991200646060e-10	1.459617700994e-09	4.585312053348e-10
1.246000000000e-07	9.842353457192e-10	1.591824353686e-09	5.317397549143e-10
1.248000000000e-07	9.249953209126e-10	1.477978661982e-09	4.931011036161e-10
1.250000000000e-07	9.499942156853e-10	1.532536230703e-09	5.497994429954e-10
1.252000000000e-07	9.124917520622e-10	1.445660323955e-09	5.579776903273e-10
1.254000000000e-07	9.134575334576e-10	1.446204547943e-09	5.339815632549e-10
1.256000000000e-07	1.019554545555e-09	1.528721863204e-09	7.020964218142e-10
1.258000000000e-07	9.032958673441e-10	1.545421234744e-09	4.719472797016e-10
1.260000000000e-07	9.928821101276e-10	1.577505543636e-09	5.601549129879e-10
1.262000000000e-07	8.426514794609e-10	1.368659591412e-09	4.724689535721e-10
1.264000000000e-07	9.327078872495e-10	1.473129358067e-09	5.698279721981e-10
1.266000000000e-07	1.014985766411e-09	1.463579947922e-09	6.404750491370e-10
1.268000000000e-07	8.992181841133e-10	1.461735024120e-09	4.851719713118e-10
1.270000000000e-07	9.749045032093e-10	1.442390430075e-09	6.579427453690e-10
1.272000000000e-07	9.243227145765e-10	1.489117700251e-09	5.332029681265e-10
1.274000000000e-07	8.687991655671e-10	1.488517977136e-09	4.023329615073e-10
1.276000000000e-07	8.534915437460e-10	1.469803556560e-09	3.915099581056e-10
1.278000000000e-07	9.424176404129e-10	1.470174832691e-09	5.590095494040e-10
1.280000000000e-07	8.918938672435e-10	1.443572063732e-09	4.526501871476e-10
1.282000000000e-07	9.304032346271e-10	1.487363962010e-09	5.089092782035e-10
1.284000000000e-07	8.642174704920e-10	1.349646118189e-09	5.767921081682e-10
1.286000000000e-07	9.690968467872e-10	1.561959944343e-09	5.068801333314e-10
1.288000000000e-07	9.466809372910e-10	1.501905890006e-09	5.526624848831e-10
1.290000000000e-07	9.145952775256e-10	1.385481334665e-09	5.054495918331e-10
1.292000000000e-07	9.765801184144e-10	1.457238567109e-09	6.639183033387e-10
1.294000000000e-07	9.578307819022e-10	1.486179554921e-09	5.550697180045e-10
1.296000000000e-07	7.860796778526e-10	1.224226612571e-09	4.886189477541e-10
1.298000000000e-07	8.913237622703e-10	1.377382292230e-09	5.430915973200e-10
1.300000000000e-07	8.662532678980e-10	1.320904385060e-09	5.627825366948e-10
1.302000000000e-07	9.208748104937e-10	1.338399846149e-09	6.707423603582e-10
1.304000000000e-07	7.980643699411e-10	1.309545069687e-09	4.343967691817e-10
1.306000000000e-07	9.143973093499e-10	1.455399592611e-09	5.558692130002e-10
1.308000000000e-07	9.003553206316e-10	1.532766640530e-09	4.478430588152e-10
1.310000000000e-07	7.729713783511e-10	1.254465540598e-09	4.147010367399e-10
1.312000000000e-07	8.527672120718e-10	1.354823451349e-09	5.387675527843e-10
1.314000000000e-07	9.169555682163e-10	1.435049310254e-09	5.611431578193e-10
1.316000000000e-07	8.265928451827e-10	1.262912610785e-09	5.400762256339e-10
1.318000000000e-07	8.267083393191e-10	1.240143272639e-09	5.668939252397e-10
1.320000000000e-07	8.516348389220e-10	1.431259223009e-09	4.203184518115e-10
1.322000000000e-07	8.348814951783e-10	1.350413069859e-09	4.739464628522e-10
1.324000000000e-07	8.331847640754e-10	1.375636124378e-09	4.248516159446e-10
1.326000000000e-07	8.273331130694e-10	1.248293358642e-09	5.746737876195e-10
1.328000000000e-07	8.418530714213e-10	1.371772422292e-09	4.021647265199e-10
1.330000000000e-07	8.148054865954e-10	1.367840725465e-09	4.012415602261e-10
1.332000000000e-07	8.588463963392e-10	1.356201206625e-09	4.906592722800e-10
1.334000000000e-07	8.615212895964e-10	1.429707479747e-09	4.028549241844e-10
1.336000000000e-07	8.389982660110e-10	1.256983883949e-09	5.386057064919e-10
1.338000000000e-07	8.751308707570e-10	1.387799006071e-09	4.933169005796e-10
1.340000000000e-07	8.876089375679e-10	1.428404665220e-09	4.436555001443e-10
1.342000000000e-07	8.550381742273e-10	1.324421692686e-09	4.837993134903e-10
1.344000000000e-07	8.201422222594e-10	1.257293129457e-09	5.241706142668e-10
1.346000000000e-07	7.865130192349e-10	1.229213233643e-09	4.757259316804e-10
1.348000000000e-07	8.700375185109e-10	1.350964874358e-09	5.480512793837e-10
1.350000000000e-07	7.575599124652e-10	1.246233063721e-09	5.381277186520e-10
1.352000000000e-07	8.745850944293e-10	1.348450729207e-09	5.879613401605e-10
1.354000000000e-07	8.276247705195e-10	1.273249949728e-09	4.982196567767e-10
1.356000000000e-07	8.829442917634e-10	1.412480658746e-09	4.536720166725e-10
1.358000000000e-07	9.032446200611e-10	1.362003595482e-09	5.918125221312e-10
1.360000000000e-07	8.242068069718e-10	1.396432299473e-09	4.245494096785e-10
1.362000000000e-07	7.943091030122e-10	1.251691162109e-09	4.534344914985e-10
1.364000000000e-07	7.802530601041e-10	1.202031570333e-09	4.392577094803e-10
1.366000000000e-07	7.600591205059e-10	1.201402080908e-09	4.414439609565e-10
1.368000000000e-07	8.342682788370e-10	1.323065236314e-09	4.912082274715e-10
1.370000000000e-07	8.144999778010e-10	1.310545797869e-09	4.170365166767e-10
1.372000000000e-07	8.941154031369e-10	1.418783375954e-09	4.914378628099e-10
1.374000000000e-07	7.967447576847e-10	1.333518414714e-09	4.037006326617e-10
1.376000000000e-07	8.640142446634e-10	1.162034963255e-09	6.007573834164e-10
1.378000000000e-07	7.548921352140e-10	1.202659437638e-09	4.594672540215e-10
1.380000000000e-07	8.701902483369e-10	1.377324005197e-09	5.079785233518e-10
1.382000000000e-07	8.169139209736e-10	1.322380810643e-09	4.093730498795e-10
1.384000000000e-07	8.055283660540e-10	1.277301647481e-09	4.293550949270e-10
1.386000000000e-07	8.420223600367e-10	1.218036413307e-09	6.260087956073e-10
1.388000000000e-07	7.073671667939e-10	1.156216006448e-09	3.803703053264e-10
1.390000000000e-07	7.557012528904e-10	1.187044042159e-09	5.447187980994e-10
1.392000000000e-07	8.577230337738e-10	1.327702184490e-09	4.725378112513e-10
1.394000000000e-07	8.459965748284e-10	1.246409576542e-09	6.509995594964e-10
1.396000000000e-07	7.899459023941e-10	1.213954763670e-09	5.179973489672e-10
1.398000000000e-07	7.771380089764e-10	1.222981473892e-09	4.586825189225e-10
1.400000000000e-07	7.110884839226e-10	1.241094386371e-09	3.026868600918e-10
