-1.239140000000e-05	0.000000000000e+00	0.000000000000e+00	0.000000000000e+00
-1.239120000000e-05	0.000000000000e+00	0.000000000000e+00	0.000000000000e+00
-1.239100000000e-05	0.000000000000e+00	0.000000000000e+00	0.000000000000e+00
-1.239080000000e-05	0.000000000000e+00	0.000000000000e+00	0.000000000000e+00
-1.239060000000e-05	0.000000000000e+00	0.000000000000e+00	0.000000000000e+00
-1.239040000000e-05	0.000000000000e+00	0.000000000000e+00	0.000000000000e+00
-1.239020000000e-05	0.000000000000e+00	0.000000000000e+00	0.000000000000e+00
-1.239000000000e-05	0.000000000000e+00	0.000000000000e+00	0.000000000000e+00
-1.238980000000e-05	0.000000000000e+00	0.000000000000e+00	0.000000000000e+00
-1.238960000000e-05	0.000000000000e+00	0.000000000000e+00	0.000000000000e+00
-1.238940000000e-05	0.000000000000e+00	0.000000000000e+00	0.000000000000e+00
-1.238920000000e-05	0.000000000000e+00	0.000000000000e+00	0.000000000000e+00
-1.238900000000e-05	0.000000000000e+00	0.000000000000e+00	0.000000000000e+00
-1.238880000000e-05	0.000000000000e+00	0.000000000000e+00	0.000000000000e+00
-1.238860000000e-05	0.000000000000e+00	0.000000000000e+00	0.000000000000e+00
-1.238840000000e-05	0.000000000000e+00	0.000000000000e+00	0.000000000000e+00
-1.238820000000e-05	0.000000000000e+00	0.000000000000e+00	0.000000000000e+00
-1.238800000000e-05	0.000000000000e+00	0.000000000000e+00	0.000000000000e+00
-1.238780000000e-05	0.000000000000e+00	0.000000000000e+00	0.000000000000e+00
-1.238760000000e-05	0.000000000000e+00	0.000000000000e+00	0.000000000000e+00
-1.238740000000e-05	0.000000000000e+00	0.000000000000e+00	0.000000000000e+00
-1.238720000000e-05	0.000000000000e+00	0.000000000000e+00	0.000000000000e+00
-1.238700000000e-05	0.000000000000e+00	0.000000000000e+00	0.000000000000e+00
-1.238680000000e-05	0.000000000000e+00	0.000000000000e+00	0.000000000000e+00
-1.238660000000e-05	0.000000000000e+00	0.000000000000e+00	0.000000000000e+00
-1.238640000000e-05	0.000000000000e+00	0.000000000000e+00	0.000000000000e+00
-1.238620000000e-05	0.000000000000e+00	0.000000000000e+00	0.000000000000e+00
-1.238600000000e-05	0.000000000000e+00	0.000000000000e+00	0.000000000000e+00
-1.238580000000e-05	0.000000000000e+00	0.000000000000e+00	0.000000000000e+00
-1.238560000000e-05	0.000000000000e+00	0.000000000000e+00	0.000000000000e+00
-1.238540000000e-05	0.000000000000e+00	0.000000000000e+00	0.000000000000e+00
-1.238520000000e-05	0.000000000000e+00	0.000000000000e+00	0.000000000000e+00
-1.238500000000e-05	0.000000000000e+00	0.000000000000e+00	0.000000000000e+00
-1.238480000000e-05	0.000000000000e+00	0.000000000000e+00	0.000000000000e+00
-1.238460000000e-05	0.000000000000e+00	0.000000000000e+00	0.000000000000e+00
-1.238440000000e-05	0.000000000000e+00	0.000000000000e+00	0.000000000000e+00
-1.238420000000e-05	0.000000000000e+00	0.000000000000e+00	0.000000000000e+00
-1.238400000000e-05	0.000000000000e+00	0.000000000000e+00	0.000000000000e+00
-1.238380000000e-05	0.000000000000e+00	0.000000000000e+00	0.000000000000e+00
-1.238360000000e-05	0.000000000000e+00	0.000000000000e+00	0.000000000000e+00
-1.238340000000e-05	0.000000000000e+00	0.000000000000e+00	0.000000000000e+00
-1.238320000000e-05	0.000000000000e+00	0.000000000000e+00	0.000000000000e+00
-1.238300000000e-05	0.000000000000e+00	0.000000000000e+00	0.000000000000e+00
-1.238280000000e-05	0.000000000000e+00	0.000000000000e+00	0.000000000000e+00
-1.238260000000e-05	0.000000000000e+00	0.000000000000e+00	0.000000000000e+00
-1.238240000000e-05	0.000000000000e+00	0.000000000000e+00	0.000000000000e+00
-1.238220000000e-05	0.000000000000e+00	0.000000000000e+00	0.000000000000e+00
-1.238200000000e-05	0.000000000000e+00	0.000000000000e+00	0.000000000000e+00
-1.238180000000e-05	0.000000000000e+00	0.000000000000e+00	0.000000000000e+00
-1.238160000000e-05	0.000000000000e+00	0.000000000000e+00	0.000000000000e+00
-1.238140000000e-05	0.000000000000e+00	0.000000000000e+00	0.000000000000e+00
-1.238120000000e-05	0.000000000000e+00	0.000000000000e+00	0.000000000000e+00
-1.238100000000e-05	0.000000000000e+00	0.000000000000e+00	0.000000000000e+00
-1.238080000000e-05	0.000000000000e+00	0.000000000000e+00	0.000000000000e+00
-1.238060000000e-05	0.000000000000e+00	0.000000000000e+00	0.000000000000e+00
-1.238040000000e-05	0.000000000000e+00	0.000000000000e+00	0.000000000000e+00
-1.238020000000e-05	0.000000000000e+00	0.000000000000e+00	0.000000000000e+00
-1.238000000000e-05	0.000000000000e+00	0.000000000000e+00	0.000000000000e+00
-1.237980000000e-05	0.000000000000e+00	0.000000000000e+00	0.000000000000e+00
-1.237960000000e-05	0.000000000000e+00	0.000000000000e+00	0.000000000000e+00
-1.237940000000e-05	0.000000000000e+00	0.000000000000e+00	0.000000000000e+00
-1.237920000000e-05	0.000000000000e+00	0.000000000000e+00	0.000000000000e+00
-1.237900000000e-05	0.000000000000e+00	0.000000000000e+00	0.000000000000e+00
-1.237880000000e-05	0.000000000000e+00	0.000000000000e+00	0.000000000000e+00
-1.237860000000e-05	0.000000000000e+00	0.000000000000e+00	0.000000000000e+00
-1.237840000000e-05	0.000000000000e+00	0.000000000000e+00	0.000000000000e+00
-1.237820000000e-05	0.000000000000e+00	0.000000000000e+00	0.000000000000e+00
-1.237800000000e-05	0.000000000000e+00	0.000000000000e+00	0.000000000000e+00
-1.237780000000e-05	0.000000000000e+00	0.000000000000e+00	0.000000000000e+00
-1.237760000000e-05	0.000000000000e+00	0.000000000000e+00	0.000000000000e+00
-1.237740000000e-05	0.000000000000e+00	0.000000000000e+00	0.000000000000e+00
-1.237720000000e-05	0.000000000000e+00	0.000000000000e+00	0.000000000000e+00
-1.237700000000e-05	0.000000000000e+00	0.000000000000e+00	0.000000000000e+00
-1.237680000000e-05	0.000000000000e+00	0.000000000000e+00	0.000000000000e+00
-1.237660000000e-05	0.000000000000e+00	0.000000000000e+00	0.000000000000e+00
-1.237640000000e-05	0.000000000000e+00	0.000000000000e+00	0.000000000000e+00
-1.237620000000e-05	0.000000000000e+00	0.000000000000e+00	0.000000000000e+00
-1.237600000000e-05	0.000000000000e+00	0.000000000000e+00	0.000000000000e+00
-1.237580000000e-05	0.000000000000e+00	0.000000000000e+00	0.000000000000e+00
-1.237560000000e-05	0.000000000000e+00	0.000000000000e+00	0.000000000000e+00
-1.237540000000e-05	0.000000000000e+00	0.000000000000e+00	0.000000000000e+00
-1.237520000000e-05	0.000000000000e+00	0.000000000000e+00	0.000000000000e+00
-1.237500000000e-05	0.000000000000e+00	0.000000000000e+00	0.000000000000e+00
-1.237480000000e-05	0.000000000000e+00	0.000000000000e+00	0.000000000000e+00
-1.237460000000e-05	0.000000000000e+00	0.000000000000e+00	0.000000000000e+00
-1.237440000000e-05	0.000000000000e+00	0.000000000000e+00	0.000000000000e+00
-1.237420000000e-05	0.000000000000e+00	0.000000000000e+00	0.000000000000e+00
-1.237400000000e-05	0.000000000000e+00	0.000000000000e+00	0.000000000000e+00
-1.237380000000e-05	0.000000000000e+00	0.000000000000e+00	0.000000000000e+00
-1.237360000000e-05	0.000000000000e+00	0.000000000000e+00	0.000000000000e+00
-1.237340000000e-05	0.000000000000e+00	0.000000000000e+00	0.000000000000e+00
-1.237320000000e-05	0.000000000000e+00	0.000000000000e+00	0.000000000000e+00
-1.237300000000e-05	0.000000000000e+00	0.000000000000e+00	0.000000000000e+00
-1.237280000000e-05	0.000000000000e+00	0.000000000000e+00	0.000000000000e+00
-1.237260000000e-05	0.000000000000e+00	0.000000000000e+00	0.000000000000e+00
-1.237240000000e-05	0.000000000000e+00	0.000000000000e+00	0.000000000000e+00
-1.237220000000e-05	0.000000000000e+00	0.000000000000e+00	0.000000000000e+00
-1.237200000000e-05	0.000000000000e+00	0.000000000000e+00	0.000000000000e+00
-1.237180000000e-05	0.000000000000e+00	0.000000000000e+00	0.000000000000e+00
-1.237160000000e-05	0.000000000000e+00	0.000000000000e+00	0.000000000000e+00
-1.237140000000e-05	0.000000000000e+00	0.000000000000e+00	0.000000000000e+00
-1.237120000000e-05	0.000000000000e+00	0.000000000000e+00	0.000000000000e+00
-1.237100000000e-05	0.000000000000e+00	0.000000000000e+00	0.000000000000e+00
-1.237080000000e-05	0.000000000000e+00	0.000000000000e+00	0.000000000000e+00
-1.237060000000e-05	0.000000000000e+00	0.000000000000e+00	0.000000000000e+00
-1.237040000000e-05	0.000000000000e+00	0.000000000000e+00	0.000000000000e+00
-1.237020000000e-05	0.000000000000e+00	0.000000000000e+00	0.000000000000e+00
-1.237000000000e-05	0.000000000000e+00	0.000000000000e+00	0.000000000000e+00
-1.236980000000e-05	0.000000000000e+00	0.000000000000e+00	0.000000000000e+00
-1.236960000000e-05	0.000000000000e+00	0.000000000000e+00	0.000000000000e+00
-1.236940000000e-05	0.000000000000e+00	0.000000000000e+00	0.000000000000e+00
-1.236920000000e-05	0.000000000000e+00	0.000000000000e+00	0.000000000000e+00
-1.236900000000e-05	0.000000000000e+00	0.000000000000e+00	0.000000000000e+00
-1.236880000000e-05	0.000000000000e+00	0.000000000000e+00	0.000000000000e+00
-1.236860000000e-05	0.000000000000e+00	0.000000000000e+00	0.000000000000e+00
-1.236840000000e-05	0.000000000000e+00	0.000000000000e+00	0.000000000000e+00
-1.236820000000e-05	0.000000000000e+00	0.000000000000e+00	0.000000000000e+00
-1.236800000000e-05	0.000000000000e+00	0.000000000000e+00	0.000000000000e+00
-1.236780000000e-05	0.000000000000e+00	0.000000000000e+00	0.000000000000e+00
-1.236760000000e-05	0.000000000000e+00	0.000000000000e+00	0.000000000000e+00
-1.236740000000e-05	0.000000000000e+00	0.000000000000e+00	0.000000000000e+00
-1.236720000000e-05	0.000000000000e+00	0.000000000000e+00	0.000000000000e+00
-1.236700000000e-05	0.000000000000e+00	0.000000000000e+00	0.000000000000e+00
-1.236680000000e-05	0.000000000000e+00	0.000000000000e+00	0.000000000000e+00
-1.236660000000e-05	0.000000000000e+00	0.000000000000e+00	0.000000000000e+00
-1.236640000000e-05	0.000000000000e+00	0.000000000000e+00	0.000000000000e+00
-1.236620000000e-05	0.000000000000e+00	0.000000000000e+00	0.000000000000e+00
-1.236600000000e-05	0.000000000000e+00	0.000000000000e+00	0.000000000000e+00
-1.236580000000e-05	0.000000000000e+00	0.000000000000e+00	0.000000000000e+00
-1.236560000000e-05	0.000000000000e+00	0.000000000000e+00	0.000000000000e+00
-1.236540000000e-05	0.000000000000e+00	0.000000000000e+00	0.000000000000e+00
-1.236520000000e-05	0.000000000000e+00	0.000000000000e+00	0.000000000000e+00
-1.236500000000e-05	0.000000000000e+00	0.000000000000e+00	0.000000000000e+00
-1.236480000000e-05	0.000000000000e+00	0.000000000000e+00	0.000000000000e+00
-1.236460000000e-05	0.000000000000e+00	0.000000000000e+00	0.000000000000e+00
-1.236440000000e-05	0.000000000000e+00	0.000000000000e+00	0.000000000000e+00
-1.236420000000e-05	0.000000000000e+00	0.000000000000e+00	0.000000000000e+00
-1.236400000000e-05	5.355866524326e-18	-9.567758126249e-18	2.217049418497e-17
-1.236380000000e-05	4.715879658561e-18	-1.111236144841e-17	2.236983127822e-17
-1.236360000000e-05	-3.930272228403e-16	8.287270974806e-16	-1.760991252012e-15
-1.236340000000e-05	6.112549222841e-16	-1.323848810128e-15	2.776129323732e-15
-1.236320000000e-05	-3.644438325051e-16	8.421435195066e-16	-1.711401327057e-15
-1.236300000000e-05	-4.106142249474e-16	8.831855528556e-16	-1.856884242994e-15
-1.236280000000e-05	1.155812932794e-15	-6.573855714882e-16	3.279611636814e-15
-1.236260000000e-05	5.058854792994e-16	-8.865852519734e-16	2.072020162367e-15
-1.236240000000e-05	-9.420509064335e-17	3.582450715167e-15	-4.025720764141e-15
-1.236220000000e-05	2.460417340394e-15	-4.090429325563e-15	9.830230096944e-15
-1.236200000000e-05	-9.770558594825e-16	5.919398854915e-15	-8.459530629642e-15
-1.236180000000e-05	4.076686899396e-15	1.102116079983e-14	-2.563708077244e-15
-1.236160000000e-05	-1.327525809742e-14	-1.006573029591e-14	-1.884727670209e-14
-1.236140000000e-05	-6.788548156486e-14	-1.103829882687e-13	-3.444732050776e-14
-1.236120000000e-05	3.024777597868e-16	-1.303762940438e-14	1.441048884980e-14
-1.236100000000e-05	-1.398423429763e-14	-2.866164187899e-14	-7.248494130984e-16
-1.236080000000e-05	-5.580608936417e-15	2.853300027225e-14	-4.258406081019e-14
-1.236060000000e-05	6.085169965595e-15	1.133952522927e-15	1.222101803312e-14
-1.236040000000e-05	-5.518690194173e-14	-2.123276399981e-13	1.015125043891e-13
-1.236020000000e-05	2.178233847911e-14	6.588428326085e-14	-2.083306995390e-14
-1.236000000000e-05	-2.226521838442e-14	3.961054212936e-14	-9.146436805493e-14
-1.235980000000e-05	-1.890770455287e-14	-2.141032193610e-14	-1.922912899589e-14
-1.235960000000e-05	-3.344857787075e-15	-1.105372122655e-13	1.093519265181e-13
-1.235940000000e-05	1.380672233740e-13	3.060871896533e-13	-1.637200522959e-14
-1.235920000000e-05	-1.093980091864e-13	-3.600875685473e-13	1.347223583079e-13
-1.235900000000e-05	5.791370894977e-15	1.146713254814e-14	1.439983783729e-15
-1.235880000000e-05	-1.982482316660e-13	-2.572289615094e-13	-1.674398436148e-13
-1.235860000000e-05	-1.726330404987e-13	2.589703793065e-14	-4.105564365301e-13
-1.235840000000e-05	1.775104278032e-13	5.625768438960e-14	3.341962298899e-13
-1.235820000000e-05	2.961741168189e-14	1.940858520718e-14	4.520281871113e-14
-1.235800000000e-05	-1.113333375424e-14	-6.953616982149e-14	4.821509236281e-14
-1.235780000000e-05	-7.238658942169e-14	-2.426497988410e-14	-1.347844559420e-13
-1.235760000000e-05	-5.903422079621e-14	-9.337991649731e-15	-1.210934339216e-13
-1.235740000000e-05	-3.534932853987e-14	-2.263255875895e-13	1.599328020181e-13
-1.235720000000e-05	-2.080975183986e-14	4.575203523126e-14	-9.426165146979e-14
-1.235700000000e-05	2.184338544729e-14	-1.647385829954e-13	2.223712667817e-13
-1.235680000000e-05	-2.857626463146e-14	-6.212792327345e-15	-5.644956414101e-14
-1.235660000000e-05	-1.894124220489e-13	-2.603928580553e-13	-1.438406683579e-13
-1.235640000000e-05	-3.260597599668e-13	-2.238158076832e-13	-4.825328969817e-13
-1.235620000000e-05	-1.016316123739e-13	-1.552641679635e-13	-6.206788299064e-14
-1.235600000000e-05	1.572955353694e-13	2.238075340483e-13	1.112180048693e-13
-1.235580000000e-05	1.677393725657e-13	-1.657570972114e-15	3.692194337748e-13
-1.235560000000e-05	-1.046076511592e-13	3.140647548356e-14	-2.655200781756e-13
-1.235540000000e-05	-1.752980576643e-13	-5.940598527284e-13	2.382845415166e-13
-1.235520000000e-05	-1.394792563499e-13	1.726243355567e-13	-4.889231115237e-13
-1.235500000000e-05	-1.516287835208e-13	-8.699295703767e-14	-2.461137197445e-13
-1.235480000000e-05	9.960264216519e-14	9.965413355956e-14	1.129065479330e-13
-1.235460000000e-05	8.997470572915e-14	-1.115780197023e-13	3.197012738182e-13
-1.235440000000e-05	-1.088271212356e-13	-9.930828838755e-14	-1.394692239040e-13
-1.235420000000e-05	-5.367144504833e-14	-9.725466725597e-13	9.058177915236e-13
-1.235400000000e-05	-1.859499044017e-13	-4.214148013299e-13	3.395502561935e-14
-1.235380000000e-05	-2.616774627215e-13	-1.428627600378e-12	9.239650543416e-13
-1.235360000000e-05	-8.051549248458e-13	-1.419374607201e-13	-1.636083383431e-12
-1.235340000000e-05	-3.901635135662e-14	-1.193935874567e-14	-7.168974581998e-14
-1.235320000000e-05	-4.802555793347e-13	-6.854190544147e-13	-3.416296670715e-13
-1.235300000000e-05	1.828675229967e-13	2.394435597187e-13	1.516160687302e-13
-1.235280000000e-05	-1.029924750158e-12	-2.259742625215e-12	9.295848166225e-14
-1.235260000000e-05	1.054960497402e-14	-5.447105038432e-14	8.424320028761e-14
-1.235240000000e-05	4.358959427441e-14	-4.935634025192e-13	6.082064008626e-13
-1.235220000000e-05	-5.305863089266e-13	-1.267772703657e-13	-1.037643599487e-12
-1.235200000000e-05	-4.743615651548e-13	-9.819734900947e-13	-1.765544521585e-14
-1.235180000000e-05	-4.907973472115e-13	-1.028042398786e-12	-9.985697818834e-15
-1.235160000000e-05	-4.771517452081e-13	-1.311381027632e-12	3.191542737090e-13
-1.235140000000e-05	-6.259193509509e-15	1.372266241911e-13	-1.530808900019e-13
-1.235120000000e-05	-6.058858507829e-13	-1.888592689340e-12	6.428391493620e-13
-1.235100000000e-05	-1.552195018782e-12	-1.225725746894e-12	-2.154627215103e-12
-1.235080000000e-05	-9.746396931455e-14	1.577933402800e-13	-3.777541333331e-13
-1.235060000000e-05	-1.624859530123e-12	2.376470782917e-14	-3.599551867402e-12
-1.235040000000e-05	-1.167584007616e-13	-1.118799683850e-12	9.140492372542e-13
-1.235020000000e-05	-1.857172724537e-12	-3.562018368478e-12	-3.652266980120e-13
-1.235000000000e-05	-2.310123113557e-12	2.085150012836e-13	-5.284595124774e-12
-1.234980000000e-05	9.593664441942e-13	-2.763135318255e-12	5.007071768889e-12
-1.234960000000e-05	-8.301405150411e-13	-2.055344464240e-12	3.125911679843e-13
-1.234940000000e-05	6.001717597171e-13	1.655100827779e-12	-4.076334615601e-13
-1.234920000000e-05	-1.568898437681e-12	-2.872930888341e-12	-4.342146241212e-13
-1.234900000000e-05	-4.905849716523e-13	-1.796309542858e-12	7.869276862553e-13
-1.234880000000e-05	-6.037184435848e-14	-4.233431229170e-13	2.853366054809e-13
-1.234860000000e-05	-2.993107182772e-13	-2.968062327722e-12	2.421106568075e-12
-1.234840000000e-05	-1.115002239362e-12	-1.677608021169e-12	-6.926288277598e-13
-1.234820000000e-05	-1.981489673602e-12	-9.664340437834e-13	-3.333504457960e-12
-1.234800000000e-05	-1.163780279848e-12	-9.668549226864e-13	-1.564904035137e-12
-1.234780000000e-05	-1.009645490631e-12	-5.613945063322e-13	-1.610511295407e-12
-1.234760000000e-05	-4.344099193302e-13	-2.944494854191e-12	2.129301417981e-12
-1.234740000000e-05	-1.225845520543e-12	-3.200332939404e-12	6.205466412122e-13
-1.234720000000e-05	-5.872424722166e-13	-2.950134930240e-13	-9.866443430568e-13
-1.234700000000e-05	-2.773716321574e-12	-4.788094582523e-12	-1.096684104552e-12
-1.234680000000e-05	-3.340013547320e-12	-5.810380289392e-12	-1.258932612319e-12
-1.234660000000e-05	-1.981442800500e-12	-2.670881160035e-12	-1.582272739709e-12
-1.234640000000e-05	-1.162176350299e-12	-1.158825591492e-12	-1.325961698088e-12
-1.234620000000e-05	-1.158997752234e-12	-2.624664494279e-12	1.851802236547e-13
-1.234600000000e-05	2.360605359954e-14	-2.462702931871e-13	3.378446845103e-13
-1.234580000000e-05	-5.140700389137e-12	-4.851893024737e-12	-6.256946132474e-12
-1.234560000000e-05	-2.191731031198e-12	-5.819993850058e-12	1.268482868685e-12
-1.234540000000e-05	-3.005298674934e-12	7.873872372760e-13	-7.386676231087e-12
-1.234520000000e-05	-3.641052077337e-12	-1.076289794924e-11	3.187262294174e-12
-1.234500000000e-05	-1.687357670267e-13	1.130748575259e-12	-1.565515958516e-12
-1.234480000000e-05	-2.959717740518e-12	-6.338656172480e-12	6.819887274551e-14
-1.234460000000e-05	-2.483695591484e-12	-2.942154985480e-12	-2.381411030145e-12
-1.234440000000e-05	-2.087982196242e-12	-5.175412037286e-12	8.071519469011e-13
-1.234420000000e-05	-5.868882291768e-13	-6.166408998768e-12	5.098216892145e-12
-1.234400000000e-05	-6.138759910230e-12	-4.469892962443e-12	-8.794773429717e-12
-1.234380000000e-05	-2.586140862243e-12	-5.752396869369e-12	3.118379310470e-13
-1.234360000000e-05	-3.093038919066e-12	-5.644341218792e-12	-9.347829965374e-13
-1.234340000000e-05	5.451219373239e-13	-1.255088853504e-12	2.503777976979e-12
-1.234320000000e-05	-1.319082963058e-12	-2.075457837386e-12	-7.304967903142e-13
-1.234300000000e-05	4.404065618962e-14	-4.382817243209e-12	4.652318349251e-12
-1.234280000000e-05	-5.552506936104e-12	-5.712546298699e-12	-6.234329496468e-12
-1.234260000000e-05	-5.461834694479e-12	-9.861449502044e-12	-1.697158444315e-12
-1.234240000000e-05	-9.913140709735e-13	-9.348637863017e-12	7.517457644033e-12
-1.234220000000e-05	-1.082487243752e-11	-1.151356033760e-11	-1.171914213892e-11
-1.234200000000e-05	-7.142092918273e-12	-8.354473957847e-12	-7.007941916607e-12
-1.234180000000e-05	-4.871580127679e-12	-3.102096828155e-12	-7.448861193524e-12
-1.234160000000e-05	-4.850114183811e-12	-7.637339254946e-12	-2.742734121109e-12
-1.234140000000e-05	-8.182961921210e-12	-1.694933571978e-11	-3.347722655481e-13
-1.234120000000e-05	-5.012060164520e-12	-1.130547426042e-12	-9.767036052985e-12
-1.234100000000e-05	-6.453987848029e-12	-1.011364564429e-11	-3.633089194524e-12
-1.234080000000e-05	-6.424152277071e-12	-9.322573704183e-12	-4.390942212118e-12
-1.234060000000e-05	-8.761560396424e-13	-3.933585459653e-12	2.103736350038e-12
-1.234040000000e-05	-7.083018028524e-12	-1.728865330779e-11	2.446825026074e-12
-1.234020000000e-05	-7.730984648434e-12	-1.281135511792e-11	-3.619940810203e-12
-1.234000000000e-05	-1.870687081495e-12	-1.982753877668e-12	-2.054157602850e-12
-1.233980000000e-05	-5.878984223423e-12	-1.502528535307e-11	2.728035660003e-12
-1.233960000000e-05	-5.256992665934e-12	-8.704946047520e-12	-2.493519684657e-12
-1.233940000000e-05	-9.337136355735e-12	-1.332755691741e-11	-6.599969878194e-12
-1.233920000000e-05	-2.609204002986e-12	-1.349813281847e-11	8.164806815790e-12
-1.233900000000e-05	-4.904597003805e-12	-1.360869194122e-11	3.372236658881e-12
-1.233880000000e-05	-5.981814574284e-12	-9.910077368130e-12	-2.795959301059e-12
-1.233860000000e-05	-1.098326455629e-11	-1.953860372564e-11	-3.844888660737e-12
-1.233840000000e-05	-6.142474806257e-12	-6.707142795625e-12	-6.388164380838e-12
-1.233820000000e-05	-9.332000944110e-12	-1.187049150775e-11	-8.089975649402e-12
-1.233800000000e-05	-6.315602272163e-12	-1.522074898752e-11	1.974469618230e-12
-1.233780000000e-05	-7.937176961682e-12	-1.185979585893e-11	-5.067481436120e-12
-1.233760000000e-05	-6.417320987433e-12	-1.388519076895e-11	3.320554523051e-13
-1.233740000000e-05	-8.836784383422e-12	-2.103049516907e-11	2.437978921139e-12
-1.233720000000e-05	-1.386954573218e-11	-2.123352665257e-11	-8.393493221409e-12
-1.233700000000e-05	-1.253278959956e-11	-2.887588365088e-11	2.388217419407e-12
-1.233680000000e-05	-1.634773337493e-11	-2.049360753952e-11	-1.449008377217e-11
-1.233660000000e-05	-9.557299120845e-12	-2.172302813574e-11	1.569253830460e-12
-1.233640000000e-05	-1.207138815354e-11	-1.952642151959e-11	-6.061109350853e-12
-1.233620000000e-05	-1.590692665039e-11	-2.389032097124e-11	-1.011970521337e-11
-1.233600000000e-05	-1.409389439583e-11	-1.992675776044e-11	-1.017338417192e-11
-1.233580000000e-05	-1.106314299087e-11	-2.063974087039e-11	-2.841999444736e-12
-1.233560000000e-05	-2.026381076691e-11	-2.198400239039e-11	-2.139823584369e-11
-1.233540000000e-05	-1.613619537464e-11	-1.817223828468e-11	-1.635591821194e-11
-1.233520000000e-05	-1.534471862909e-11	-3.189873914235e-11	-5.874854022381e-13
-1.233500000000e-05	-1.253910139231e-11	-1.382555367129e-11	-1.300664707070e-11
-1.233480000000e-05	-1.481138469316e-11	-2.483200200543e-11	-6.659872118033e-12
-1.233460000000e-05	-1.286792495359e-11	-2.838273789598e-11	1.142422255058e-12
-1.233440000000e-05	-2.025504227994e-11	-2.761546111635e-11	-1.566196463908e-11
-1.233420000000e-05	-1.239947915728e-11	-2.226885103327e-11	-4.039199619451e-12
-1.233400000000e-05	-1.796685671257e-11	-1.574390001521e-11	-2.281608499950e-11
-1.233380000000e-05	-1.085029547536e-11	-1.264225572746e-11	-1.056617968514e-11
-1.233360000000e-05	-2.340084914385e-11	-4.289055183552e-11	-6.762821211383e-12
-1.233340000000e-05	-2.804359968639e-11	-3.421389908005e-11	-2.573667816835e-11
-1.233320000000e-05	-1.639809948690e-11	-2.449059896464e-11	-1.048599404486e-11
-1.233300000000e-05	-2.372502933402e-11	-4.471673879301e-11	-5.733155883396e-12
-1.233280000000e-05	-1.935752305739e-11	-4.355080208501e-11	2.591046820173e-12
-1.233260000000e-05	-2.127690814947e-11	-2.660255610733e-11	-1.883016893326e-11
-1.233240000000e-05	-2.819025404153e-11	-5.332370307544e-11	-6.689655609583e-12
-1.233220000000e-05	-2.255290831539e-11	-2.828950942614e-11	-1.994254804218e-11
-1.233200000000e-05	-3.382925180192e-11	-6.031574557752e-11	-1.145364616757e-11
-1.233180000000e-05	-1.800709514733e-11	-3.472140308765e-11	-3.498637703527e-12
-1.233160000000e-05	-2.720887884071e-11	-5.894051018175e-11	1.258903319155e-12
-1.233140000000e-05	-2.031858218253e-11	-3.756149760336e-11	-5.635826589759e-12
-1.233120000000e-05	-1.477517683630e-11	-3.217486030046e-11	8.202326564421e-13
-1.233100000000e-05	-3.170357237836e-11	-5.009612900231e-11	-1.744861336216e-11
-1.233080000000e-05	-2.250626403054e-11	-4.408294169285e-11	-3.766192896273e-12
-1.233060000000e-05	-4.036647434629e-11	-3.433716268204e-11	-5.197757297050e-11
-1.233040000000e-05	-1.867800913145e-11	-3.267560283211e-11	-7.062150911504e-12
-1.233020000000e-05	-4.763440246885e-11	-7.314009223528e-11	-2.830080256745e-11
-1.233000000000e-05	-2.141485297249e-11	-4.482670924311e-11	-5.145681196101e-13
-1.232980000000e-05	-2.749789038946e-11	-5.103779314777e-11	-7.286640082632e-12
-1.232960000000e-05	-3.069425771759e-11	-4.741573901588e-11	-1.790798509105e-11
-1.232940000000e-05	-4.422344179435e-11	-6.136196916992e-11	-3.304439522561e-11
-1.232920000000e-05	-4.460783042155e-11	-7.807069237850e-11	-1.672999153906e-11
-1.232900000000e-05	-3.788835651356e-11	-7.209502953180e-11	-8.349399944369e-12
-1.232880000000e-05	-2.990552975094e-11	-6.304931785930e-11	-4.995161817509e-13
-1.232860000000e-05	-3.864282548518e-11	-6.022237957529e-11	-2.208128895285e-11
-1.232840000000e-05	-3.746023757167e-11	-5.974196026093e-11	-1.996643057451e-11
-1.232820000000e-05	-5.365193554547e-11	-8.789117057750e-11	-2.624051811295e-11
-1.232800000000e-05	-4.377590179651e-11	-9.353053616082e-11	4.843274761005e-13
-1.232780000000e-05	-4.059137213035e-11	-5.645036431749e-11	-3.003420663536e-11
-1.232760000000e-05	-4.253295981529e-11	-6.742620505085e-11	-2.299284890454e-11
-1.232740000000e-05	-3.801753237243e-11	-7.556884235486e-11	-5.208140475417e-12
-1.232720000000e-05	-5.853075589351e-11	-8.491644701140e-11	-3.990035498108e-11
-1.232700000000e-05	-4.340948882756e-11	-7.882606178080e-11	-1.349823445671e-11
-1.232680000000e-05	-3.963330336157e-11	-7.133808712632e-11	-1.292113644521e-11
-1.232660000000e-05	-5.466941277298e-11	-9.967723321196e-11	-1.662478714851e-11
-1.232640000000e-05	-6.017758208754e-11	-7.984116809632e-11	-4.851962708398e-11
-1.232620000000e-05	-5.848049238106e-11	-8.888363183217e-11	-3.579890548838e-11
-1.232600000000e-05	-5.804251631296e-11	-7.359243575239e-11	-5.001049815192e-11
-1.232580000000e-05	-4.802344799078e-11	-9.586195459170e-11	-6.087833618915e-12
-1.232560000000e-05	-6.842249081400e-11	-9.182980396708e-11	-5.392539013849e-11
-1.232540000000e-05	-6.972966688114e-11	-1.374991965526e-10	-1.068834206603e-11
-1.232520000000e-05	-5.847814883459e-11	-1.107176283865e-10	-1.369606409883e-11
-1.232500000000e-05	-5.734379342564e-11	-9.151497373205e-11	-3.057018551593e-11
-1.232480000000e-05	-5.560981303504e-11	-1.058011593604e-10	-1.265968826149e-11
-1.232460000000e-05	-5.448710797223e-11	-5.541945684188e-11	-6.067720685690e-11
-1.232440000000e-05	-6.034983048820e-11	-1.034926110821e-10	-2.474996152755e-11
-1.232420000000e-05	-6.557461317508e-11	-1.318146356210e-10	-7.609371841164e-12
-1.232400000000e-05	-7.531561323118e-11	-1.336724917956e-10	-2.632625985205e-11
-1.232380000000e-05	-7.448594199428e-11	-1.435061885794e-10	-1.520746195406e-11
-1.232360000000e-05	-8.756137451621e-11	-1.390427577263e-10	-4.749456350143e-11
-1.232340000000e-05	-7.617863287445e-11	-1.196825141832e-10	-4.247214340859e-11
-1.232320000000e-05	-7.084734968381e-11	-1.073382350175e-10	-4.364130869323e-11
-1.232300000000e-05	-8.696043146506e-11	-1.271681770910e-10	-5.818597459594e-11
-1.232280000000e-05	-7.599650781152e-11	-1.187052843042e-10	-4.313511018686e-11
-1.232260000000e-05	-1.090876204057e-10	-1.760487088869e-10	-5.594403822889e-11
-1.232240000000e-05	-9.479133052536e-11	-1.289140299474e-10	-7.302025251621e-11
-1.232220000000e-05	-1.173116327465e-10	-1.289034561148e-10	-1.210788992295e-10
-1.232200000000e-05	-8.494977225604e-11	-1.879494140816e-10	7.404700378512e-12
-1.232180000000e-05	-7.129133339302e-11	-1.442782398020e-10	-7.197462515969e-12
-1.232160000000e-05	-7.642459012357e-11	-1.733452247176e-10	1.090476526474e-11
-1.232140000000e-05	-9.842756181009e-11	-1.515596984460e-10	-5.798509496871e-11
-1.232120000000e-05	-1.011053798880e-10	-1.676201890178e-10	-4.766577938784e-11
-1.232100000000e-05	-1.176999949591e-10	-1.403919714703e-10	-1.102750306204e-10
-1.232080000000e-05	-9.145540083338e-11	-1.765723215548e-10	-1.792834450791e-11
-1.232060000000e-05	-9.750069771187e-11	-1.550761910777e-10	-5.254865886688e-11
-1.232040000000e-05	-8.561760360805e-11	-2.334749427818e-10	5.149065796773e-11
-1.232020000000e-05	-1.335006049625e-10	-1.850359496359e-10	-9.944046434653e-11
-1.232000000000e-05	-1.259261054189e-10	-1.973353312393e-10	-7.057725961565e-11
-1.231980000000e-05	-8.548945617693e-11	-1.497347897500e-10	-3.225250783623e-11
-1.231960000000e-05	-1.104641896308e-10	-1.845421936009e-10	-5.079386497794e-11
-1.231940000000e-05	-1.218958266600e-10	-1.588889772543e-10	-1.007636274621e-10
-1.231920000000e-05	-1.196527255479e-10	-2.324387942382e-10	-2.225894252305e-11
-1.231900000000e-05	-1.356421063352e-10	-2.006029086583e-10	-8.841539631038e-11
-1.231880000000e-05	-1.348018319906e-10	-2.056118587953e-10	-8.107464542993e-11
-1.231860000000e-05	-1.267949051810e-10	-2.131005951727e-10	-5.691603206907e-11
-1.231840000000e-05	-1.334195831814e-10	-2.095576343832e-10	-7.484031432809e-11
-1.231820000000e-05	-1.443474791408e-10	-2.351649513988e-10	-7.218372405201e-11
-1.231800000000e-05	-1.316108331131e-10	-2.273051250505e-10	-5.303888092959e-11
-1.231780000000e-05	-1.343282915384e-10	-2.401752747174e-10	-4.567258512167e-11
-1.231760000000e-05	-1.354888737580e-10	-2.352507023754e-10	-5.339959204520e-11
-1.231740000000e-05	-1.275095369494e-10	-2.078386244261e-10	-6.349101909158e-11
-1.231720000000e-05	-1.189352241554e-10	-2.329228746674e-10	-2.080914002900e-11
-1.231700000000e-05	-1.459548138513e-10	-2.302370445503e-10	-8.039503897339e-11
-1.231680000000e-05	-1.405034356343e-10	-2.614065798403e-10	-3.758472453467e-11
-1.231660000000e-05	-1.350229682208e-10	-3.025983065317e-10	1.494502128604e-11
-1.231640000000e-05	-1.578503004850e-10	-2.038229592030e-10	-1.327129962590e-10
-1.231620000000e-05	-1.250639554663e-10	-2.720388749368e-10	5.912739480346e-12
-1.231600000000e-05	-1.485542422314e-10	-2.787197088487e-10	-3.781671537420e-11
-1.231580000000e-05	-1.577710639157e-10	-2.763698683621e-10	-5.952999108254e-11
-1.231560000000e-05	-1.912703475104e-10	-3.161616302009e-10	-9.127798700878e-11
-1.231540000000e-05	-1.721764702835e-10	-2.913208177428e-10	-7.533195462463e-11
-1.231520000000e-05	-1.633146015629e-10	-2.850867165983e-10	-6.271178148435e-11
-1.231500000000e-05	-2.020940615720e-10	-2.998234241091e-10	-1.298292052113e-10
-1.231480000000e-05	-2.214329057655e-10	-3.597956958983e-10	-1.115692364487e-10
-1.231460000000e-05	-1.813207133781e-10	-3.032968623956e-10	-8.318194476219e-11
-1.231440000000e-05	-1.445990811335e-10	-3.030539557367e-10	-5.303255835768e-12
-1.231420000000e-05	-1.710190113893e-10	-3.172908531520e-10	-4.688582183432e-11
-1.231400000000e-05	-2.043521502643e-10	-2.882469067144e-10	-1.464106490639e-10
-1.231380000000e-05	-1.850172146090e-10	-3.229218448752e-10	-7.128399691517e-11
-1.231360000000e-05	-2.205699459759e-10	-3.394619371010e-10	-1.302568029116e-10
-1.231340000000e-05	-1.849153311934e-10	-2.812249322747e-10	-1.127764339822e-10
-1.231320000000e-05	-2.138109007075e-10	-3.096076186138e-10	-1.454755825619e-10
-1.231300000000e-05	-2.101775058926e-10	-4.243096760506e-10	-2.396813311224e-11
-1.231280000000e-05	-2.055694287295e-10	-3.564658163019e-10	-8.155652201271e-11
-1.231260000000e-05	-2.361380123773e-10	-3.555697976908e-10	-1.472710435912e-10
-1.231240000000e-05	-2.877905943089e-10	-4.801867752674e-10	-1.327127108522e-10
-1.231220000000e-05	-2.239785384134e-10	-3.694241704537e-10	-1.074731460070e-10
-1.231200000000e-05	-2.705167857401e-10	-5.032275074693e-10	-7.317569647269e-11
-1.231180000000e-05	-2.450547040594e-10	-4.216893622129e-10	-1.010598301887e-10
-1.231160000000e-05	-2.438300767948e-10	-4.030696593589e-10	-1.164114684517e-10
-1.231140000000e-05	-2.913200848207e-10	-4.708807720805e-10	-1.491256596677e-10
-1.231120000000e-05	-2.302874379530e-10	-4.626479151434e-10	-2.825135025271e-11
-1.231100000000e-05	-2.541715756651e-10	-3.869111887682e-10	-1.541083093822e-10
-1.231080000000e-05	-2.294511539872e-10	-3.873217443193e-10	-1.012171534654e-10
-1.231060000000e-05	-2.128989892674e-10	-3.894956120739e-10	-6.446295983151e-11
-1.231040000000e-05	-2.765340607444e-10	-4.987550129587e-10	-9.041818014814e-11
-1.231020000000e-05	-2.717993876988e-10	-4.140090967924e-10	-1.642239703285e-10
-1.231000000000e-05	-2.738630536046e-10	-4.557919148052e-10	-1.274149650325e-10
-1.230980000000e-05	-2.920259424828e-10	-6.470055039113e-10	2.297476911107e-11
-1.230960000000e-05	-2.882337042317e-10	-3.633199993208e-10	-2.494427546284e-10
-1.230940000000e-05	-3.332718968100e-10	-5.221617598858e-10	-1.872543140745e-10
-1.230920000000e-05	-2.708208413079e-10	-4.994112771305e-10	-7.791735777666e-11
-1.230900000000e-05	-2.826013815633e-10	-5.291755648303e-10	-7.371486447715e-11
-1.230880000000e-05	-2.784838471872e-10	-5.575330313090e-10	-3.669957609622e-11
-1.230860000000e-05	-3.152995288966e-10	-4.791427025694e-10	-1.918511283654e-10
-1.230840000000e-05	-2.998849295423e-10	-5.481762039851e-10	-9.109977807067e-11
-1.230820000000e-05	-2.939975765543e-10	-5.320998069051e-10	-9.491402294971e-11
-1.230800000000e-05	-3.367716411112e-10	-5.663398843677e-10	-1.513026303809e-10
-1.230780000000e-05	-3.370429216339e-10	-5.301061727171e-10	-1.872044557696e-10
-1.230760000000e-05	-2.702639265487e-10	-4.803313387423e-10	-9.617220639250e-11
-1.230740000000e-05	-3.162967825559e-10	-5.896010336049e-10	-8.496117998303e-11
-1.230720000000e-05	-3.077221799778e-10	-6.151939019176e-10	-4.172555926288e-11
-1.230700000000e-05	-3.521315044742e-10	-6.600466113088e-10	-9.116462686106e-11
-1.230680000000e-05	-3.227799650226e-10	-5.505782610228e-10	-1.369508651243e-10
-1.230660000000e-05	-3.920476899007e-10	-5.264488753013e-10	-3.066734214294e-10
-1.230640000000e-05	-3.625213791585e-10	-6.047654136598e-10	-1.676167587687e-10
-1.230620000000e-05	-3.650136029364e-10	-7.083285865243e-10	-7.031846513655e-11
-1.230600000000e-05	-3.265691128731e-10	-5.354742838051e-10	-1.601049822916e-10
-1.230580000000e-05	-3.314143121870e-10	-5.428121495465e-10	-1.626957624432e-10
-1.230560000000e-05	-4.229946727830e-10	-6.726461935420e-10	-2.274136255340e-10
-1.230540000000e-05	-3.187391256110e-10	-5.869003457399e-10	-9.341433496305e-11
-1.230520000000e-05	-3.915601466373e-10	-7.346938075925e-10	-1.008755858450e-10
-1.230500000000e-05	-4.096841364737e-10	-6.858010154466e-10	-1.880803646322e-10
-1.230480000000e-05	-3.229840881678e-10	-6.137437121142e-10	-7.550301091947e-11
-1.230460000000e-05	-3.862395142231e-10	-6.992228619422e-10	-1.253730583869e-10
-1.230440000000e-05	-4.025702151832e-10	-6.809040498821e-10	-1.770460885941e-10
-1.230420000000e-05	-3.835323648583e-10	-6.754514169778e-10	-1.426955307523e-10
-1.230400000000e-05	-4.579265553470e-10	-7.336462220256e-10	-2.413059569887e-10
-1.230380000000e-05	-3.775130543637e-10	-6.597980408167e-10	-1.456827681027e-10
-1.230360000000e-05	-3.537692985101e-10	-7.048861276130e-10	-5.186744780518e-11
-1.230340000000e-05	-4.934302359309e-10	-7.258102711042e-10	-3.227834140013e-10
-1.230320000000e-05	-4.794898689510e-10	-8.715280694291e-10	-1.523224010542e-10
-1.230300000000e-05	-4.146307128938e-10	-5.782152770672e-10	-3.029813676710e-10
-1.230280000000e-05	-3.717959093113e-10	-8.910857376956e-10	9.278068232624e-11
-1.230260000000e-05	-4.672311358398e-10	-7.403050925330e-10	-2.537236262904e-10
-1.230240000000e-05	-5.303913005896e-10	-9.531583469182e-10	-1.781391382674e-10
-1.230220000000e-05	-4.106009226668e-10	-7.213115790012e-10	-1.545622216278e-10
-1.230200000000e-05	-4.221060063094e-10	-7.314906745422e-10	-1.687934200019e-10
-1.230180000000e-05	-4.977617677853e-10	-9.052675740176e-10	-1.571286953011e-10
-1.230160000000e-05	-4.705297038404e-10	-8.437066177081e-10	-1.602640981354e-10
-1.230140000000e-05	-4.726133050177e-10	-7.877057441323e-10	-2.192112438340e-10
-1.230120000000e-05	-4.805145714102e-10	-8.518028520855e-10	-1.736751954629e-10
-1.230100000000e-05	-4.895329516428e-10	-7.935332518785e-10	-2.479641816697e-10
-1.230080000000e-05	-5.640099599067e-10	-9.104268193958e-10	-2.906061516666e-10
-1.230060000000e-05	-4.465689854608e-10	-7.902060223208e-10	-1.626448470020e-10
-1.230040000000e-05	-6.011497777441e-10	-1.034370635759e-09	-2.471243626430e-10
-1.230020000000e-05	-5.048485614207e-10	-9.089095023081e-10	-1.688400309080e-10
-1.230000000000e-05	-5.608526873272e-10	-9.085568192648e-10	-2.844548451134e-10
-1.229980000000e-05	-4.886592454170e-10	-8.132130206360e-10	-2.295104608102e-10
-1.229960000000e-05	-5.318599033811e-10	-9.653079254576e-10	-1.705890454303e-10
-1.229940000000e-05	-5.658809832642e-10	-1.061436122191e-09	-1.475040841301e-10
-1.229920000000e-05	-5.113176587183e-10	-9.580403821714e-10	-1.340552507784e-10
-1.229900000000e-05	-5.404825069554e-10	-1.127819782783e-09	-3.088748701327e-11
-1.229880000000e-05	-5.279218739092e-10	-9.605958619366e-10	-1.673309752087e-10
-1.229860000000e-05	-5.622824359721e-10	-9.179507465537e-10	-2.790313590711e-10
-1.229840000000e-05	-5.083673879583e-10	-9.530984480642e-10	-1.332699217879e-10
-1.229820000000e-05	-6.504308776685e-10	-1.020717179602e-09	-3.633089500500e-10
-1.229800000000e-05	-5.482214808529e-10	-1.008358057780e-09	-1.635296732869e-10
-1.229780000000e-05	-6.352752862407e-10	-1.095897633608e-09	-2.584139607936e-10
-1.229760000000e-05	-4.702644526597e-10	-9.285762322827e-10	-7.773588010265e-11
-1.229740000000e-05	-5.538375378764e-10	-9.997473100201e-10	-1.822413959820e-10
-1.229720000000e-05	-5.565902801518e-10	-9.351167871800e-10	-2.517075027012e-10
-1.229700000000e-05	-6.783007381392e-10	-1.174003259446e-09	-2.736970751236e-10
-1.229680000000e-05	-6.517555443421e-10	-1.143743622178e-09	-2.470005796530e-10
-1.229660000000e-05	-5.769110032160e-10	-1.055967930563e-09	-1.763068308583e-10
-1.229640000000e-05	-5.904541120397e-10	-1.133541672986e-09	-1.297748450364e-10
-1.229620000000e-05	-5.585052550204e-10	-1.164647569685e-09	-3.307475770996e-11
-1.229600000000e-05	-5.538027881763e-10	-9.891520088592e-10	-1.934820864816e-10
-1.229580000000e-05	-6.476765340903e-10	-9.993931860937e-10	-3.768139572837e-10
-1.229560000000e-05	-6.569345811000e-10	-1.045493789617e-09	-3.533163194392e-10
-1.229540000000e-05	-7.516467887252e-10	-1.225961124520e-09	-3.759195632905e-10
-1.229520000000e-05	-6.845986232422e-10	-1.159688783314e-09	-3.005742813359e-10
-1.229500000000e-05	-6.273424711708e-10	-1.167483243293e-09	-1.737581487606e-10
-1.229480000000e-05	-5.877532749409e-10	-9.752160889096e-10	-2.780074837728e-10
-1.229460000000e-05	-6.410662439077e-10	-1.248672333053e-09	-1.232412182205e-10
-1.229440000000e-05	-7.437459807662e-10	-1.129601948785e-09	-4.529895114710e-10
-1.229420000000e-05	-6.456642322912e-10	-1.218574155855e-09	-1.638706964916e-10
-1.229400000000e-05	-7.515430261374e-10	-1.119802658704e-09	-4.768704920123e-10
-1.229380000000e-05	-5.901917455151e-10	-1.237207562619e-09	-2.918044359053e-11
-1.229360000000e-05	-6.642443348611e-10	-1.331573805064e-09	-9.208714247561e-11
-1.229340000000e-05	-7.662386004137e-10	-1.167330988242e-09	-4.613727577316e-10
-1.229320000000e-05	-7.018987557922e-10	-1.374613524933e-09	-1.302386056583e-10
-1.229300000000e-05	-7.401146059244e-10	-1.151678383238e-09	-4.329509908357e-10
-1.229280000000e-05	-8.034829736991e-10	-1.307717994805e-09	-4.013819471627e-10
-1.229260000000e-05	-7.251888763736e-10	-1.354047758051e-09	-1.960864053154e-10
-1.229240000000e-05	-7.024696472005e-10	-1.212935207000e-09	-2.860267573716e-10
-1.229220000000e-05	-8.461411722685e-10	-1.425029796246e-09	-3.806838290292e-10
-1.229200000000e-05	-7.296127656919e-10	-1.383429137390e-09	-1.785542031766e-10
-1.229180000000e-05	-6.651403044240e-10	-1.400414885998e-09	-2.865595847847e-11
-1.229160000000e-05	-6.635864017286e-10	-1.119686939002e-09	-2.953303578270e-10
-1.229140000000e-05	-8.258312305028e-10	-1.341641761158e-09	-4.171893260038e-10
-1.229120000000e-05	-7.219799682112e-10	-1.373348714662e-09	-1.719570651704e-10
-1.229100000000e-05	-8.200969879289e-10	-1.518788649044e-09	-2.359813633418e-10
-1.229080000000e-05	-7.190096788594e-10	-1.402181299340e-09	-1.393129787805e-10
-1.229060000000e-05	-8.194426033586e-10	-1.368656247923e-09	-3.762956032674e-10
-1.229040000000e-05	-8.105970018611e-10	-1.428046600088e-09	-3.057314133328e-10
-1.229020000000e-05	-7.397112545468e-10	-1.273094161641e-09	-3.049067100900e-10
-1.229000000000e-05	-7.760561417615e-10	-1.344050634668e-09	-3.112507802026e-10
-1.228980000000e-05	-8.281595316894e-10	-1.382690706404e-09	-3.828773066614e-10
-1.228960000000e-05	-8.887281730073e-10	-1.606463837853e-09	-2.936577068973e-10
-1.228940000000e-05	-8.519997057734e-10	-1.565797020118e-09	-2.572403945533e-10
-1.228920000000e-05	-7.513396538464e-10	-1.398991409901e-09	-2.086261120382e-10
-1.228900000000e-05	-7.843098624917e-10	-1.537016876087e-09	-1.433185644629e-10
-1.228880000000e-05	-8.223015375763e-10	-1.553189714706e-09	-2.063787124096e-10
-1.228860000000e-05	-8.458990984695e-10	-1.346806822433e-09	-4.531004847098e-10
-1.228840000000e-05	-8.066085576612e-10	-1.441476438923e-09	-2.835750610004e-10
-1.228820000000e-05	-7.452639569936e-10	-1.520113205881e-09	-8.116225543461e-11
-1.228800000000e-05	-8.622858720930e-10	-1.429303608971e-09	-4.107708549085e-10
-1.228780000000e-05	-9.400944169198e-10	-1.647649051989e-09	-3.618822222485e-10
-1.228760000000e-05	-9.284112174845e-10	-1.645410405163e-09	-3.386622516404e-10
-1.228740000000e-05	-7.782088838512e-10	-1.518466478479e-09	-1.475889766409e-10
-1.228720000000e-05	-8.495109969347e-10	-1.636010122553e-09	-1.839027806269e-10
-1.228700000000e-05	-1.014717212273e-09	-1.638780912966e-09	-5.220421092826e-10
-1.228680000000e-05	-7.263067574504e-10	-1.512261741170e-09	-4.790613632619e-11
-1.228660000000e-05	-7.849147858829e-10	-1.362545898174e-09	-3.132842323178e-10
-1.228640000000e-05	-9.074620284947e-10	-1.748450620141e-09	-1.974080917873e-10
-1.228620000000e-05	-1.014490416269e-09	-1.792428911769e-09	-3.740290017428e-10
-1.228600000000e-05	-8.160696925971e-10	-1.669327013139e-09	-8.568785210758e-11
-1.228580000000e-05	-8.585988896420e-10	-1.522449847876e-09	-3.112696352533e-10
-1.228560000000e-05	-8.720677110287e-10	-1.511253901807e-09	-3.531076184151e-10
-1.228540000000e-05	-9.941562708105e-10	-1.690057611921e-09	-4.301230125565e-10
-1.228520000000e-05	-7.603268247578e-10	-1.697796181285e-09	5.418134019509e-11
-1.228500000000e-05	-9.584798273071e-10	-1.785539873088e-09	-2.674012619642e-10
-1.228480000000e-05	-9.785831295801e-10	-1.639482565024e-09	-4.460318091079e-10
-1.228460000000e-05	-8.855192615399e-10	-1.684141498578e-09	-2.149336130981e-10
-1.228440000000e-05	-1.039600563682e-09	-1.517827465847e-09	-6.907775242153e-10
-1.228420000000e-05	-9.615136939608e-10	-1.757912294914e-09	-2.995657653879e-10
-1.228400000000e-05	-9.134456839209e-10	-1.548487878208e-09	-3.992030528693e-10
-1.228380000000e-05	-9.213587730209e-10	-1.705413586222e-09	-2.682657871792e-10
-1.228360000000e-05	-9.043265220736e-10	-1.928684107712e-09	-2.119343846958e-11
-1.228340000000e-05	-9.888709024333e-10	-1.649326373763e-09	-4.599961231125e-10
-1.228320000000e-05	-9.915787629200e-10	-1.885196172701e-09	-2.427619527891e-10
-1.228300000000e-05	-8.412426147461e-10	-1.592319655226e-09	-2.102975799037e-10
-1.228280000000e-05	-9.372104781532e-10	-1.740795552169e-09	-2.670665280383e-10
-1.228260000000e-05	-9.321075828116e-10	-1.691002111229e-09	-3.038312764237e-10
-1.228240000000e-05	-1.173418241874e-09	-1.846594002226e-09	-6.509944024056e-10
-1.228220000000e-05	-9.458579539137e-10	-1.801379217334e-09	-2.260916750378e-10
-1.228200000000e-05	-1.051426932152e-09	-1.878779303847e-09	-3.682108675705e-10
-1.228180000000e-05	-1.091154199317e-09	-1.946079905363e-09	-3.877748184954e-10
-1.228160000000e-05	-9.949597397259e-10	-1.856318809850e-09	-2.769057190653e-10
-1.228140000000e-05	-9.223432464186e-10	-1.769186212164e-09	-2.081126070723e-10
-1.228120000000e-05	-9.781886421183e-10	-1.859528884099e-09	-2.375746485649e-10
-1.228100000000e-05	-8.965508481724e-10	-1.759306223467e-09	-1.694080345684e-10
-1.228080000000e-05	-1.018359556157e-09	-1.811449706107e-09	-3.679520239962e-10
-1.228060000000e-05	-1.140038097848e-09	-1.782158882350e-09	-6.422247260532e-10
-1.228040000000e-05	-9.141612085342e-10	-1.932410506969e-09	-3.847083407589e-11
-1.228020000000e-05	-1.155290297015e-09	-1.960167033314e-09	-5.058138634616e-10
-1.228000000000e-05	-8.759045330666e-10	-1.673806233737e-09	-2.093956993925e-10
-1.227980000000e-05	-1.018012924257e-09	-1.811111438921e-09	-3.674829142557e-10
-1.227960000000e-05	-1.067068785799e-09	-2.166718929148e-09	-1.306568674996e-10
-1.227940000000e-05	-9.534216174616e-10	-1.782776705428e-09	-2.637631824232e-10
-1.227920000000e-05	-1.114568909894e-09	-1.991249511838e-09	-3.931154781259e-10
-1.227900000000e-05	-1.011569240318e-09	-1.770972064633e-09	-3.915950487886e-10
-1.227880000000e-05	-1.178911167055e-09	-1.954433685851e-09	-5.618594484627e-10
-1.227860000000e-05	-8.943222398272e-10	-1.872267886068e-09	-5.500284668020e-11
-1.227840000000e-05	-1.104992740367e-09	-2.089448065525e-09	-2.819291968086e-10
-1.227820000000e-05	-1.024596444300e-09	-2.192207592121e-09	-1.952933396833e-11
-1.227800000000e-05	-1.223851637693e-09	-1.966371525874e-09	-6.408520922932e-10
-1.227780000000e-05	-9.024881465805e-10	-1.715915591984e-09	-2.190844992223e-10
-1.227760000000e-05	-1.038004884627e-09	-2.036163388463e-09	-1.966952594038e-10
-1.227740000000e-05	-9.153594990704e-10	-1.775835512908e-09	-1.901033416593e-10
-1.227720000000e-05	-1.242088615235e-09	-2.240933610548e-09	-4.189831882515e-10
-1.227700000000e-05	-1.071943735511e-09	-2.112496427407e-09	-1.927994637230e-10
-1.227680000000e-05	-1.024263815787e-09	-1.993989445247e-09	-2.081596228228e-10
-1.227660000000e-05	-1.021512728698e-09	-1.842522144862e-09	-3.436664150676e-10
-1.227640000000e-05	-1.285687827104e-09	-2.149313238644e-09	-5.938309197013e-10
-1.227620000000e-05	-1.027427981659e-09	-1.969608841774e-09	-2.371840899794e-10
-1.227600000000e-05	-9.502896475216e-10	-1.741773741776e-09	-2.957796082771e-10
-1.227580000000e-05	-1.111189689996e-09	-2.096206115686e-09	-2.896261395377e-10
-1.227560000000e-05	-1.085422394325e-09	-2.023462962542e-09	-3.029074838210e-10
-1.227540000000e-05	-1.254408093627e-09	-1.977696497854e-09	-6.911986375530e-10
-1.227520000000e-05	-1.113753616836e-09	-2.036742331362e-09	-3.493838900370e-10
