-1.282280000000e-05	0.000000000000e+00	0.000000000000e+00	0.000000000000e+00
-1.282260000000e-05	0.000000000000e+00	0.000000000000e+00	0.000000000000e+00
-1.282240000000e-05	0.000000000000e+00	0.000000000000e+00	0.000000000000e+00
-1.282220000000e-05	0.000000000000e+00	0.000000000000e+00	0.000000000000e+00
-1.282200000000e-05	0.000000000000e+00	0.000000000000e+00	0.000000000000e+00
-1.282180000000e-05	0.000000000000e+00	0.000000000000e+00	0.000000000000e+00
-1.282160000000e-05	0.000000000000e+00	0.000000000000e+00	0.000000000000e+00
-1.282140000000e-05	0.000000000000e+00	0.000000000000e+00	0.000000000000e+00
-1.282120000000e-05	0.000000000000e+00	0.000000000000e+00	0.000000000000e+00
-1.282100000000e-05	0.000000000000e+00	0.000000000000e+00	0.000000000000e+00
-1.282080000000e-05	0.000000000000e+00	0.000000000000e+00	0.000000000000e+00
-1.282060000000e-05	0.000000000000e+00	0.000000000000e+00	0.000000000000e+00
-1.282040000000e-05	0.000000000000e+00	0.000000000000e+00	0.000000000000e+00
-1.282020000000e-05	0.000000000000e+00	0.000000000000e+00	0.000000000000e+00
-1.282000000000e-05	0.000000000000e+00	0.000000000000e+00	0.000000000000e+00
-1.281980000000e-05	0.000000000000e+00	0.000000000000e+00	0.000000000000e+00
-1.281960000000e-05	0.000000000000e+00	0.000000000000e+00	0.000000000000e+00
-1.281940000000e-05	0.000000000000e+00	0.000000000000e+00	0.000000000000e+00
-1.281920000000e-05	0.000000000000e+00	0.000000000000e+00	0.000000000000e+00
-1.281900000000e-05	0.000000000000e+00	0.000000000000e+00	0.000000000000e+00
-1.281880000000e-05	0.000000000000e+00	0.000000000000e+00	0.000000000000e+00
-1.281860000000e-05	0.000000000000e+00	0.000000000000e+00	0.000000000000e+00
-1.281840000000e-05	0.000000000000e+00	0.000000000000e+00	0.000000000000e+00
-1.281820000000e-05	0.000000000000e+00	0.000000000000e+00	0.000000000000e+00
-1.281800000000e-05	0.000000000000e+00	0.000000000000e+00	0.000000000000e+00
-1.281780000000e-05	0.000000000000e+00	0.000000000000e+00	0.000000000000e+00
-1.281760000000e-05	0.000000000000e+00	0.000000000000e+00	0.000000000000e+00
-1.281740000000e-05	0.000000000000e+00	0.000000000000e+00	0.000000000000e+00
-1.281720000000e-05	0.000000000000e+00	0.000000000000e+00	0.000000000000e+00
-1.281700000000e-05	0.000000000000e+00	0.000000000000e+00	0.000000000000e+00
-1.281680000000e-05	0.000000000000e+00	0.000000000000e+00	0.000000000000e+00
-1.281660000000e-05	0.000000000000e+00	0.000000000000e+00	0.000000000000e+00
-1.281640000000e-05	0.000000000000e+00	0.000000000000e+00	0.000000000000e+00
-1.281620000000e-05	0.000000000000e+00	0.000000000000e+00	0.000000000000e+00
-1.281600000000e-05	0.000000000000e+00	0.000000000000e+00	0.000000000000e+00
-1.281580000000e-05	0.000000000000e+00	0.000000000000e+00	0.000000000000e+00
-1.281560000000e-05	0.000000000000e+00	0.000000000000e+00	0.000000000000e+00
-1.281540000000e-05	0.000000000000e+00	0.000000000000e+00	0.000000000000e+00
-1.281520000000e-05	0.000000000000e+00	0.000000000000e+00	0.000000000000e+00
-1.281500000000e-05	0.000000000000e+00	0.000000000000e+00	0.000000000000e+00
-1.281480000000e-05	0.000000000000e+00	0.000000000000e+00	0.000000000000e+00
-1.281460000000e-05	0.000000000000e+00	0.000000000000e+00	0.000000000000e+00
-1.281440000000e-05	0.000000000000e+00	0.000000000000e+00	0.000000000000e+00
-1.281420000000e-05	0.000000000000e+00	0.000000000000e+00	0.000000000000e+00
-1.281400000000e-05	0.000000000000e+00	0.000000000000e+00	0.000000000000e+00
-1.281380000000e-05	0.000000000000e+00	0.000000000000e+00	0.000000000000e+00
-1.281360000000e-05	0.000000000000e+00	0.000000000000e+00	0.000000000000e+00
-1.281340000000e-05	0.000000000000e+00	0.000000000000e+00	0.000000000000e+00
-1.281320000000e-05	0.000000000000e+00	0.000000000000e+00	0.000000000000e+00
-1.281300000000e-05	0.000000000000e+00	0.000000000000e+00	0.000000000000e+00
-1.281280000000e-05	0.000000000000e+00	0.000000000000e+00	0.000000000000e+00
-1.281260000000e-05	0.000000000000e+00	0.000000000000e+00	0.000000000000e+00
-1.281240000000e-05	0.000000000000e+00	0.000000000000e+00	0.000000000000e+00
-1.281220000000e-05	0.000000000000e+00	0.000000000000e+00	0.000000000000e+00
-1.281200000000e-05	0.000000000000e+00	0.000000000000e+00	0.000000000000e+00
-1.281180000000e-05	0.000000000000e+00	0.000000000000e+00	0.000000000000e+00
-1.281160000000e-05	0.000000000000e+00	0.000000000000e+00	0.000000000000e+00
-1.281140000000e-05	0.000000000000e+00	0.000000000000e+00	0.000000000000e+00
-1.281120000000e-05	0.000000000000e+00	0.000000000000e+00	0.000000000000e+00
-1.281100000000e-05	0.000000000000e+00	0.000000000000e+00	0.000000000000e+00
-1.281080000000e-05	0.000000000000e+00	0.000000000000e+00	0.000000000000e+00
-1.281060000000e-05	0.000000000000e+00	0.000000000000e+00	0.000000000000e+00
-1.281040000000e-05	0.000000000000e+00	0.000000000000e+00	0.000000000000e+00
-1.281020000000e-05	0.000000000000e+00	0.000000000000e+00	0.000000000000e+00
-1.281000000000e-05	0.000000000000e+00	0.000000000000e+00	0.000000000000e+00
-1.280980000000e-05	0.000000000000e+00	0.000000000000e+00	0.000000000000e+00
-1.280960000000e-05	0.000000000000e+00	0.000000000000e+00	0.000000000000e+00
-1.280940000000e-05	0.000000000000e+00	0.000000000000e+00	0.000000000000e+00
-1.280920000000e-05	0.000000000000e+00	0.000000000000e+00	0.000000000000e+00
-1.280900000000e-05	0.000000000000e+00	0.000000000000e+00	0.000000000000e+00
-1.280880000000e-05	0.000000000000e+00	0.000000000000e+00	0.000000000000e+00
-1.280860000000e-05	0.000000000000e+00	0.000000000000e+00	0.000000000000e+00
-1.280840000000e-05	0.000000000000e+00	0.000000000000e+00	0.000000000000e+00
-1.280820000000e-05	0.000000000000e+00	0.000000000000e+00	0.000000000000e+00
-1.280800000000e-05	0.000000000000e+00	0.000000000000e+00	0.000000000000e+00
-1.280780000000e-05	0.000000000000e+00	0.000000000000e+00	0.000000000000e+00
-1.280760000000e-05	0.000000000000e+00	0.000000000000e+00	0.000000000000e+00
-1.280740000000e-05	0.000000000000e+00	0.000000000000e+00	0.000000000000e+00
-1.280720000000e-05	0.000000000000e+00	0.000000000000e+00	0.000000000000e+00
-1.280700000000e-05	0.000000000000e+00	0.000000000000e+00	0.000000000000e+00
-1.280680000000e-05	0.000000000000e+00	0.000000000000e+00	0.000000000000e+00
-1.280660000000e-05	0.000000000000e+00	0.000000000000e+00	0.000000000000e+00
-1.280640000000e-05	0.000000000000e+00	0.000000000000e+00	0.000000000000e+00
-1.280620000000e-05	0.000000000000e+00	0.000000000000e+00	0.000000000000e+00
-1.280600000000e-05	0.000000000000e+00	0.000000000000e+00	0.000000000000e+00
-1.280580000000e-05	0.000000000000e+00	0.000000000000e+00	0.000000000000e+00
-1.280560000000e-05	0.000000000000e+00	0.000000000000e+00	0.000000000000e+00
-1.280540000000e-05	0.000000000000e+00	0.000000000000e+00	0.000000000000e+00
-1.280520000000e-05	0.000000000000e+00	0.000000000000e+00	0.000000000000e+00
-1.280500000000e-05	0.000000000000e+00	0.000000000000e+00	0.000000000000e+00
-1.280480000000e-05	0.000000000000e+00	0.000000000000e+00	0.000000000000e+00
-1.280460000000e-05	0.000000000000e+00	0.000000000000e+00	0.000000000000e+00
-1.280440000000e-05	0.000000000000e+00	0.000000000000e+00	0.000000000000e+00
-1.280420000000e-05	0.000000000000e+00	0.000000000000e+00	0.000000000000e+00
-1.280400000000e-05	0.000000000000e+00	0.000000000000e+00	0.000000000000e+00
-1.280380000000e-05	0.000000000000e+00	0.000000000000e+00	0.000000000000e+00
-1.280360000000e-05	0.000000000000e+00	0.000000000000e+00	0.000000000000e+00
-1.280340000000e-05	0.000000000000e+00	0.000000000000e+00	0.000000000000e+00
-1.280320000000e-05	0.000000000000e+00	0.000000000000e+00	0.000000000000e+00
-1.280300000000e-05	0.000000000000e+00	0.000000000000e+00	0.000000000000e+00
-1.280280000000e-05	0.000000000000e+00	0.000000000000e+00	0.000000000000e+00
-1.280260000000e-05	0.000000000000e+00	0.000000000000e+00	0.000000000000e+00
-1.280240000000e-05	0.000000000000e+00	0.000000000000e+00	0.000000000000e+00
-1.280220000000e-05	0.000000000000e+00	0.000000000000e+00	0.000000000000e+00
-1.280200000000e-05	0.000000000000e+00	0.000000000000e+00	0.000000000000e+00
-1.280180000000e-05	0.000000000000e+00	0.000000000000e+00	0.000000000000e+00
-1.280160000000e-05	0.000000000000e+00	0.000000000000e+00	0.000000000000e+00
-1.280140000000e-05	0.000000000000e+00	0.000000000000e+00	0.000000000000e+00
-1.280120000000e-05	0.000000000000e+00	0.000000000000e+00	0.000000000000e+00
-1.280100000000e-05	0.000000000000e+00	0.000000000000e+00	0.000000000000e+00
-1.280080000000e-05	0.000000000000e+00	0.000000000000e+00	0.000000000000e+00
-1.280060000000e-05	0.000000000000e+00	0.000000000000e+00	0.000000000000e+00
-1.280040000000e-05	0.000000000000e+00	0.000000000000e+00	0.000000000000e+00
-1.280020000000e-05	0.000000000000e+00	0.000000000000e+00	0.000000000000e+00
-1.280000000000e-05	0.000000000000e+00	0.000000000000e+00	0.000000000000e+00
-1.279980000000e-05	0.000000000000e+00	0.000000000000e+00	0.000000000000e+00
-1.279960000000e-05	0.000000000000e+00	0.000000000000e+00	0.000000000000e+00
-1.279940000000e-05	0.000000000000e+00	0.000000000000e+00	0.000000000000e+00
-1.279920000000e-05	0.000000000000e+00	0.000000000000e+00	0.000000000000e+00
-1.279900000000e-05	0.000000000000e+00	0.000000000000e+00	0.000000000000e+00
-1.279880000000e-05	0.000000000000e+00	0.000000000000e+00	0.000000000000e+00
-1.279860000000e-05	0.000000000000e+00	0.000000000000e+00	0.000000000000e+00
-1.279840000000e-05	0.000000000000e+00	0.000000000000e+00	0.000000000000e+00
-1.279820000000e-05	0.000000000000e+00	0.000000000000e+00	0.000000000000e+00
-1.279800000000e-05	0.000000000000e+00	0.000000000000e+00	0.000000000000e+00
-1.279780000000e-05	0.000000000000e+00	0.000000000000e+00	0.000000000000e+00
-1.279760000000e-05	0.000000000000e+00	0.000000000000e+00	0.000000000000e+00
-1.279740000000e-05	0.000000000000e+00	0.000000000000e+00	0.000000000000e+00
-1.279720000000e-05	0.000000000000e+00	0.000000000000e+00	0.000000000000e+00
-1.279700000000e-05	0.000000000000e+00	0.000000000000e+00	0.000000000000e+00
-1.279680000000e-05	0.000000000000e+00	0.000000000000e+00	0.000000000000e+00
-1.279660000000e-05	0.000000000000e+00	0.000000000000e+00	0.000000000000e+00
-1.279640000000e-05	0.000000000000e+00	0.000000000000e+00	0.000000000000e+00
-1.279620000000e-05	0.000000000000e+00	0.000000000000e+00	0.000000000000e+00
-1.279600000000e-05	0.000000000000e+00	0.000000000000e+00	0.000000000000e+00
-1.279580000000e-05	0.000000000000e+00	0.000000000000e+00	0.000000000000e+00
-1.279560000000e-05	-2.717053265519e-19	2.438034040528e-19	-8.722918513100e-19
-1.279540000000e-05	9.321680475750e-20	-1.156541570984e-19	3.308717134224e-19
-1.279520000000e-05	2.846155802471e-17	1.533674295645e-17	4.609110651193e-17
-1.279500000000e-05	-1.725215002477e-16	-1.002301055337e-16	-2.713588307904e-16
-1.279480000000e-05	2.038073121882e-16	1.164288431053e-16	3.227022252764e-16
-1.279460000000e-05	-2.313917546520e-16	-1.287175899731e-16	-3.701614262160e-16
-1.279440000000e-05	-1.183375673593e-16	-3.611189262300e-17	-2.218597615209e-16
-1.279420000000e-05	-2.247699198083e-16	-1.341644194205e-16	-3.488798029466e-16
-1.279400000000e-05	9.934819351833e-16	6.755684549638e-16	1.452578160336e-15
-1.279380000000e-05	-1.489334320467e-15	-7.668538379480e-16	-2.447079484338e-15
-1.279360000000e-05	5.116741316888e-15	2.765128937959e-15	8.262792104619e-15
-1.279340000000e-05	-1.676540045247e-15	-7.401899485521e-16	-2.889026865406e-15
-1.279320000000e-05	1.114150516805e-15	4.391092890524e-16	1.975849875041e-15
-1.279300000000e-05	2.431159707750e-15	2.468981168402e-15	2.654056656474e-15
-1.279280000000e-05	3.548212653439e-16	3.576303158119e-15	-3.123075209290e-15
-1.279260000000e-05	-1.500004934576e-14	-1.471589454378e-14	-1.691370741261e-14
-1.279240000000e-05	-6.903836738968e-15	-1.446742321485e-14	6.809569356610e-16
-1.279220000000e-05	1.323581995587e-14	7.922267387629e-15	2.049274866451e-14
-1.279200000000e-05	1.272356196111e-15	1.524896784193e-14	-1.392602199263e-14
-1.279180000000e-05	1.670629845072e-14	-6.420432936374e-14	1.070821950853e-13
-1.279160000000e-05	-1.733634873726e-13	-2.063646523788e-13	-1.556257171586e-13
-1.279140000000e-05	2.183729231796e-15	3.574392749946e-14	-3.431785562283e-14
-1.279120000000e-05	-9.790862889877e-15	-8.365167365251e-16	-2.018750417012e-14
-1.279100000000e-05	-2.672890841881e-14	-6.993454205804e-14	1.740581130674e-14
-1.279080000000e-05	-3.736549764161e-14	6.974728813082e-14	-1.586127036180e-13
-1.279060000000e-05	-2.274722399568e-15	-2.470485114813e-14	2.200139243853e-14
-1.279040000000e-05	-5.985061046293e-15	4.710034945239e-16	-1.367272384703e-14
-1.279020000000e-05	5.146109426830e-14	4.603208286447e-14	6.282941330795e-14
-1.279000000000e-05	-1.738270893144e-14	-2.329456816438e-15	-3.568697023974e-14
-1.278980000000e-05	-2.201495850481e-14	-3.619508106068e-14	-8.847813373448e-15
-1.278960000000e-05	7.471541988339e-15	1.261764618212e-14	2.694404832906e-15
-1.278940000000e-05	-1.751170835593e-14	-1.947242213433e-14	-1.712172119008e-14
-1.278920000000e-05	2.152800598188e-14	-1.819644243413e-14	6.708940842583e-14
-1.278900000000e-05	-9.676855751214e-14	-6.057926159189e-14	-1.464707740715e-13
-1.278880000000e-05	6.007209775715e-14	1.621907358612e-14	1.142146182286e-13
-1.278860000000e-05	-5.189177144197e-14	-2.829959482691e-14	-8.291240360986e-14
-1.278840000000e-05	1.553988333628e-14	2.693930396941e-14	4.761296383990e-15
-1.278820000000e-05	9.177620454429e-15	-8.187824799792e-15	2.917530382247e-14
-1.278800000000e-05	6.835898622025e-14	1.299769740371e-14	1.358647430100e-13
-1.278780000000e-05	-5.197470224898e-14	-7.004985563682e-14	-3.725633969139e-14
-1.278760000000e-05	-6.750921267942e-14	2.640403640781e-15	-1.507476773106e-13
-1.278740000000e-05	-4.767920517440e-14	-2.280639896327e-14	-7.927369438366e-14
-1.278720000000e-05	-2.335246835231e-13	-1.938239565862e-13	-2.993565554366e-13
-1.278700000000e-05	-9.145436058011e-14	-8.353917519522e-14	-1.089439419898e-13
-1.278680000000e-05	-3.779196663064e-14	-2.111101386793e-13	1.470563948211e-13
-1.278660000000e-05	3.655133203098e-14	-1.945048629309e-14	1.015054063422e-13
-1.278640000000e-05	1.508605695465e-13	1.706673115333e-13	1.453125221521e-13
-1.278620000000e-05	-9.888796719744e-14	1.794705909865e-14	-2.375981264243e-13
-1.278600000000e-05	8.139446693329e-14	2.432451476181e-14	1.529683071497e-13
-1.278580000000e-05	9.823020326578e-14	-1.069760710197e-13	3.323029505764e-13
-1.278560000000e-05	-7.084302152360e-14	-4.974222903060e-13	3.882114903000e-13
-1.278540000000e-05	-1.463885224178e-13	-2.428192752475e-13	-5.471790557277e-14
-1.278520000000e-05	-3.466964991331e-13	4.304642742750e-14	-7.985817373148e-13
-1.278500000000e-05	4.145994697498e-13	1.795581237818e-13	7.081199204039e-13
-1.278480000000e-05	-7.392694518984e-13	-9.302840540303e-13	-6.081122525144e-13
-1.278460000000e-05	2.114782739627e-13	4.748918637731e-13	-5.509174555390e-14
-1.278440000000e-05	-4.341241841667e-13	-5.562876278004e-13	-3.384563422815e-13
-1.278420000000e-05	4.769859983934e-16	-5.224974580710e-13	5.704749973074e-13
-1.278400000000e-05	-6.161353396927e-13	-5.204524435128e-13	-7.782878184707e-13
-1.278380000000e-05	4.705181020880e-13	3.439846763780e-13	6.537783110899e-13
-1.278360000000e-05	2.973515160861e-14	5.334812247795e-15	5.825584494221e-14
-1.278340000000e-05	-2.061238893048e-13	-4.461573253913e-14	-4.000324311000e-13
-1.278320000000e-05	2.046819019618e-13	2.813773961245e-13	1.384364040613e-13
-1.278300000000e-05	5.272139866815e-13	-2.165262751844e-13	1.385304553593e-12
-1.278280000000e-05	7.033754945768e-13	1.359135932892e-13	1.391392342368e-12
-1.278260000000e-05	-4.694990503047e-13	-1.271118761898e-13	-8.871637294757e-13
-1.278240000000e-05	-1.291609706315e-13	-2.277624398817e-12	2.201730779883e-12
-1.278220000000e-05	-2.622414832354e-12	-1.395076896974e-12	-4.202708352007e-12
-1.278200000000e-05	1.129531778018e-12	1.174163163055e-12	1.174715085486e-12
-1.278180000000e-05	8.643642320055e-13	-1.204293784111e-13	1.995409951549e-12
-1.278160000000e-05	-7.382613428269e-13	-1.589621825066e-12	1.102909103106e-13
-1.278140000000e-05	-1.898745090344e-13	-1.548360961630e-12	1.279550324758e-12
-1.278120000000e-05	-3.622632165574e-13	-3.973517919913e-13	-3.692298235162e-13
-1.278100000000e-05	2.437167212296e-13	1.083709997742e-12	-6.385636875897e-13
-1.278080000000e-05	-3.060288576683e-13	4.489839484806e-14	-7.035913255242e-13
-1.278060000000e-05	4.089391735883e-13	6.865290059280e-13	1.462956969410e-13
-1.278040000000e-05	-1.763018457539e-12	-3.026500240539e-12	-5.309004119946e-13
-1.278020000000e-05	2.023486382930e-13	1.281554396446e-13	2.906048758718e-13
-1.278000000000e-05	-8.109011629535e-14	1.062081992569e-13	-2.883332253862e-13
-1.277980000000e-05	-9.145562669376e-14	-1.322383699945e-12	1.249989026781e-12
-1.277960000000e-05	-1.121352211986e-12	-1.202353490338e-12	-1.123318185765e-12
-1.277940000000e-05	-1.124304786624e-13	-1.158108422682e-12	1.021268846741e-12
-1.277920000000e-05	-1.514815421899e-13	-2.661147891624e-13	-4.398556914498e-14
-1.277900000000e-05	-4.129578710295e-13	-9.826936039839e-13	1.692087364238e-13
-1.277880000000e-05	-8.696464016781e-13	-1.682850437472e-12	-6.171117075844e-14
-1.277860000000e-05	-9.070551989729e-13	-1.523324232658e-12	-3.073012282897e-13
-1.277840000000e-05	1.188107703713e-13	-1.202671594457e-12	1.539238619284e-12
-1.277820000000e-05	-1.251099838114e-12	-3.116647850724e-12	6.857088165710e-13
-1.277800000000e-05	-1.656312711849e-12	-2.362645617510e-12	-1.034471771939e-12
-1.277780000000e-05	-3.281345945669e-13	-1.012116048852e-12	3.843296499330e-13
-1.277760000000e-05	-1.368975971396e-12	-9.456785614242e-14	-2.881004479470e-12
-1.277740000000e-05	7.586291541049e-13	1.621247308538e-13	1.477554310342e-12
-1.277720000000e-05	-1.155225551562e-12	-8.474734413887e-13	-1.577284792735e-12
-1.277700000000e-05	2.128718794156e-13	-4.079232233876e-13	9.148880650189e-13
-1.277680000000e-05	-5.548119124550e-14	-2.422736542402e-13	1.319315216251e-13
-1.277660000000e-05	-2.041604460857e-12	-2.944791813004e-12	-1.238841350914e-12
-1.277640000000e-05	2.594608402434e-12	3.335162486744e-12	1.987565707374e-12
-1.277620000000e-05	-2.801874782877e-12	-2.910327130382e-12	-2.935171010984e-12
-1.277600000000e-05	-3.756502536235e-13	-2.235308771541e-12	1.631686044034e-12
-1.277580000000e-05	-2.425401181837e-12	-1.150301247432e-12	-4.018642271801e-12
-1.277560000000e-05	1.016213608709e-12	-4.636956981918e-13	2.724406236896e-12
-1.277540000000e-05	-1.054864921235e-12	-8.824861041448e-13	-1.339675854928e-12
-1.277520000000e-05	2.623115406772e-13	-2.973726328144e-14	5.985791741996e-13
-1.277500000000e-05	-1.289403591725e-12	-2.242729924501e-12	-3.553290923832e-13
-1.277480000000e-05	-1.635162651677e-12	-2.517971197494e-12	-8.037407630883e-13
-1.277460000000e-05	1.396803957507e-12	1.081698745257e-13	2.897834755352e-12
-1.277440000000e-05	-2.895186985288e-12	-4.413530486959e-12	-1.477206736752e-12
-1.277420000000e-05	1.192360321790e-12	2.170026235407e-12	2.991730610230e-13
-1.277400000000e-05	-5.649864734458e-13	-1.955804360743e-12	8.777710888692e-13
-1.277380000000e-05	-3.210158666916e-12	-4.809306574089e-12	-1.726701499022e-12
-1.277360000000e-05	-1.219078485116e-12	-1.696341042971e-12	-7.908268265105e-13
-1.277340000000e-05	-3.935740802605e-12	-2.612396953192e-12	-5.674425964844e-12
-1.277320000000e-05	9.603467519423e-13	-2.147292576560e-12	4.395692878300e-12
-1.277300000000e-05	-1.932359712825e-13	-2.964891469803e-12	2.779454909064e-12
-1.277280000000e-05	1.008378070446e-12	-4.337640214301e-13	2.655711330565e-12
-1.277260000000e-05	-5.027136617133e-12	-7.775413369014e-12	-2.456887599113e-12
-1.277240000000e-05	-1.911327688943e-12	-1.836903307936e-12	-2.140751052540e-12
-1.277220000000e-05	-2.930593316218e-12	-2.836843568643e-12	-3.245154033500e-12
-1.277200000000e-05	-1.854225177626e-12	-3.664210396949e-12	-5.117786299160e-14
-1.277180000000e-05	-1.063093481542e-12	-3.497451490819e-12	1.503207283248e-12
-1.277160000000e-05	-3.753455945549e-13	5.172135054961e-13	-1.378035833419e-12
-1.277140000000e-05	-4.792843369412e-13	-2.416791331219e-12	1.614850984830e-12
-1.277120000000e-05	-3.190767169889e-12	-5.392734135583e-12	-1.022500578491e-12
-1.277100000000e-05	-3.279176321165e-12	-4.113585733565e-12	-2.612522221040e-12
-1.277080000000e-05	-2.800186038499e-12	-4.145077351591e-12	-1.539280674099e-12
-1.277060000000e-05	-1.428609117248e-12	-1.478331638764e-12	-1.469571117976e-12
-1.277040000000e-05	2.579923562956e-13	-1.207806628801e-12	1.871288879404e-12
-1.277020000000e-05	-4.376408970584e-12	-3.905439509300e-12	-5.172946047244e-12
-1.277000000000e-05	-3.393555113096e-12	-5.180365365030e-12	-1.711931216960e-12
-1.276980000000e-05	6.895005326710e-13	1.176528336404e-12	2.221186474839e-13
-1.276960000000e-05	-3.469124326641e-12	-8.844845830671e-12	2.054161818917e-12
-1.276940000000e-05	8.717846165489e-13	1.919589732962e-12	-1.790902372623e-13
-1.276920000000e-05	-2.244141681454e-12	-5.289073262256e-12	8.821917127832e-13
-1.276900000000e-05	-1.964185116167e-12	-7.122901360751e-12	3.480656198611e-12
-1.276880000000e-05	-4.342938923767e-12	-8.028701287676e-12	-6.715212125604e-13
-1.276860000000e-05	-7.136393026381e-12	-9.817346191904e-12	-4.727832064034e-12
-1.276840000000e-05	-5.329151599833e-12	-5.359540540211e-12	-5.620474900353e-12
-1.276820000000e-05	2.545891571286e-12	4.189846466506e-12	9.547902732998e-13
-1.276800000000e-05	-7.177134225429e-12	-8.511647629385e-12	-6.227113103730e-12
-1.276780000000e-05	-2.417677275174e-12	4.398251760245e-13	-5.668182582951e-12
-1.276760000000e-05	-3.742539331973e-12	-1.180804302932e-11	4.672147055934e-12
-1.276740000000e-05	-5.403813949177e-12	-5.309582501538e-12	-5.924523608137e-12
-1.276720000000e-05	-5.256884535272e-12	-6.314327048351e-12	-4.418531070581e-12
-1.276700000000e-05	-4.508101260046e-12	-3.111812831522e-12	-6.303334078394e-12
-1.276680000000e-05	-7.424580876790e-14	-5.360244126003e-12	5.638229821615e-12
-1.276660000000e-05	-3.403041667481e-12	-5.604787085155e-12	-1.214025863341e-12
-1.276640000000e-05	-8.787512492370e-12	-1.118231528267e-11	-6.808738241708e-12
-1.276620000000e-05	2.463873246725e-12	-1.187120232894e-12	6.565189098974e-12
-1.276600000000e-05	-8.137076778298e-12	-1.316350282240e-11	-3.197434197107e-12
-1.276580000000e-05	-5.101259893694e-12	-3.446504958882e-12	-7.225014928771e-12
-1.276560000000e-05	-3.327610535377e-12	-6.501045550369e-12	-1.085382397516e-13
-1.276540000000e-05	-3.868058059330e-12	-9.208195680817e-12	1.685081649512e-12
-1.276520000000e-05	-3.540312555641e-12	-1.215710494720e-11	5.577799823561e-12
-1.276500000000e-05	-6.112030192409e-12	-1.213259274180e-11	-3.623619112530e-14
-1.276480000000e-05	-7.068974433400e-12	-1.747647898964e-11	3.714040388003e-12
-1.276460000000e-05	-4.577537381748e-12	-5.965463370171e-12	-3.411932139291e-12
-1.276440000000e-05	-2.853871291893e-12	-4.237070975292e-12	-1.593882437258e-12
-1.276420000000e-05	-6.441379468289e-12	-2.153751304497e-12	-1.135738211833e-11
-1.276400000000e-05	-1.551145093086e-12	-5.240064273709e-12	2.321789096939e-12
-1.276380000000e-05	-3.355755813669e-12	-9.228951688786e-12	2.724196849928e-12
-1.276360000000e-05	-6.120696816328e-12	-2.095061077239e-11	9.502528279198e-12
-1.276340000000e-05	-5.430254902444e-12	-9.216456583908e-12	-1.647499030745e-12
-1.276320000000e-05	-1.371945276679e-11	-1.644638918345e-11	-1.170833496941e-11
-1.276300000000e-05	-6.943374873306e-12	-4.508114774067e-12	-9.940346960000e-12
-1.276280000000e-05	-4.207747217752e-12	-1.281277629923e-11	4.831060977098e-12
-1.276260000000e-05	-5.990118974825e-12	-1.233472077006e-11	5.244596216390e-13
-1.276240000000e-05	-1.530779235049e-11	-1.170305578879e-11	-2.007496725554e-11
-1.276220000000e-05	-3.215644805193e-14	-1.388132769810e-11	1.488287723728e-11
-1.276200000000e-05	-5.375189399597e-12	-9.189739215595e-12	-1.538567361521e-12
-1.276180000000e-05	-8.548106939954e-12	-1.286666259113e-11	-4.423026794865e-12
-1.276160000000e-05	-9.194187317111e-12	-1.681436953595e-11	-1.591926651315e-12
-1.276140000000e-05	-2.811028087667e-12	-1.411317287971e-11	9.208290809476e-12
-1.276120000000e-05	-2.002593824803e-12	-1.246194116959e-11	9.135179904377e-12
-1.276100000000e-05	-1.024590441344e-11	-2.723496226152e-11	7.569149516715e-12
-1.276080000000e-05	-9.103770521130e-12	-1.151919615305e-11	-7.055289814052e-12
-1.276060000000e-05	-1.271148022286e-11	-1.289730682244e-11	-1.325256044181e-11
-1.276040000000e-05	-1.254758366644e-11	-1.212466737030e-11	-1.362494653434e-11
-1.276020000000e-05	-1.270978480770e-11	-2.578560634926e-11	5.324307315778e-13
-1.276000000000e-05	-1.941008160610e-11	-2.432400413336e-11	-1.518987484484e-11
-1.275980000000e-05	2.049593981142e-13	-1.401156896120e-11	1.556765710165e-11
-1.275960000000e-05	-1.472580035992e-11	-3.034787823537e-11	1.143376310330e-12
-1.275940000000e-05	-1.283842107361e-11	-2.263790383102e-11	-2.904096958143e-12
-1.275920000000e-05	-1.358504026396e-11	-2.269970941036e-11	-4.458172765725e-12
-1.275900000000e-05	-2.157692532195e-11	-2.277970077142e-11	-2.159439575615e-11
-1.275880000000e-05	-1.013769304896e-11	-1.512005123050e-11	-5.284904477871e-12
-1.275860000000e-05	-1.293311843491e-11	-2.704161357737e-11	1.607232706965e-12
-1.275840000000e-05	-1.285807316806e-11	-2.811501625677e-11	2.779270021501e-12
-1.275820000000e-05	-1.042709790273e-11	-1.446533688682e-11	-6.605328820498e-12
-1.275800000000e-05	-2.157109845758e-11	-2.719160275182e-11	-1.672454683560e-11
-1.275780000000e-05	-8.153984841606e-12	-1.391413322676e-11	-2.405450557186e-12
-1.275760000000e-05	-1.124208162215e-11	-1.532632468015e-11	-7.526482416823e-12
-1.275740000000e-05	-1.893860646593e-11	-3.116569772475e-11	-6.728471261600e-12
-1.275720000000e-05	-4.836630337524e-12	-2.322248290279e-11	1.471308777523e-11
-1.275700000000e-05	-2.095603796060e-11	-3.162298323086e-11	-1.056159331969e-11
-1.275680000000e-05	-7.000708210159e-12	-1.525727554045e-11	1.460314745855e-12
-1.275660000000e-05	-2.068450519016e-11	-2.431381177486e-11	-1.776337078793e-11
-1.275640000000e-05	-1.497297240331e-11	-2.723983296083e-11	-2.479931351134e-12
-1.275620000000e-05	-2.284272252876e-11	-3.194999564283e-11	-1.433655356087e-11
-1.275600000000e-05	-1.343963717607e-11	-2.442164299495e-11	-2.295762477602e-12
-1.275580000000e-05	-1.848024088581e-11	-3.589137062800e-11	-7.277820548336e-13
-1.275560000000e-05	-1.598301798153e-11	-2.433939747257e-11	-7.800429657050e-12
-1.275540000000e-05	-1.339803554048e-11	-2.186138686059e-11	-4.919982634140e-12
-1.275520000000e-05	-1.969847567992e-11	-3.000588434117e-11	-9.568920893307e-12
-1.275500000000e-05	-2.171952832872e-11	-4.317647786050e-11	3.454938242636e-13
-1.275480000000e-05	-1.644862199152e-11	-3.479422241699e-11	2.370038070243e-12
-1.275460000000e-05	-2.343436581765e-11	-4.539335813235e-11	-1.108992034482e-12
-1.275440000000e-05	-2.077494710023e-11	-2.013329096519e-11	-2.236325147680e-11
-1.275420000000e-05	-1.388414327973e-11	-3.565194963014e-11	8.730314136793e-12
-1.275400000000e-05	-2.919316933651e-11	-5.075674432382e-11	-7.375643546740e-12
-1.275380000000e-05	-2.229107411126e-11	-2.584389663134e-11	-1.946679121564e-11
-1.275360000000e-05	-2.553460334848e-11	-3.340737930594e-11	-1.831647042080e-11
-1.275340000000e-05	-8.695298043643e-12	-3.545323530186e-11	1.967571544030e-11
-1.275320000000e-05	-2.292572500547e-11	-2.368976289634e-11	-2.313906679946e-11
-1.275300000000e-05	-1.669290042410e-11	-3.672753170173e-11	3.979906248903e-12
-1.275280000000e-05	-2.807541615134e-11	-4.734945524427e-11	-8.573521818733e-12
-1.275260000000e-05	-8.642800342805e-12	-2.603806458749e-11	9.430097914648e-12
-1.275240000000e-05	-3.536499943172e-11	-4.634167037874e-11	-2.508515782030e-11
-1.275220000000e-05	-2.869391621196e-11	-5.290221243840e-11	-3.932893724179e-12
-1.275200000000e-05	-1.779089464100e-11	-2.790560168296e-11	-7.740383793330e-12
-1.275180000000e-05	-1.899309814972e-11	-4.391172059683e-11	6.808414606931e-12
-1.275160000000e-05	-1.067874298408e-11	-4.666533274395e-11	2.743333974207e-11
-1.275140000000e-05	-3.564481173140e-11	-4.678474859796e-11	-2.519607072862e-11
-1.275120000000e-05	-4.497525549637e-11	-6.029906757737e-11	-3.035708435617e-11
-1.275100000000e-05	-3.145695752841e-11	-4.134566946740e-11	-2.221321165297e-11
-1.275080000000e-05	-3.632805260643e-11	-7.058864581474e-11	-1.048659343300e-12
-1.275060000000e-05	-4.234601365275e-11	-6.678634056482e-11	-1.801897854482e-11
-1.275040000000e-05	-2.085154647643e-11	-4.560999309717e-11	4.850775584392e-12
-1.275020000000e-05	-4.239167714958e-11	-5.954692040830e-11	-2.566585170320e-11
-1.275000000000e-05	-3.892363627259e-11	-6.867191240463e-11	-8.744481787481e-12
-1.274980000000e-05	-2.179824225253e-11	-3.800982627318e-11	-5.290338447221e-12
-1.274960000000e-05	-4.262134916086e-11	-7.241966097641e-11	-1.238565793201e-11
-1.274940000000e-05	-2.898948552482e-11	-4.875750178976e-11	-8.953378326964e-12
-1.274920000000e-05	-2.443811114361e-11	-6.761754783620e-11	2.095379011878e-11
-1.274900000000e-05	-5.062877268208e-11	-7.787901969119e-11	-2.357890610563e-11
-1.274880000000e-05	-4.023998465690e-11	-5.241698142565e-11	-2.866807258803e-11
-1.274860000000e-05	-1.754670428759e-11	-2.815748428112e-11	-6.897221242648e-12
-1.274840000000e-05	-4.293191395338e-11	-7.756941322371e-11	-7.339629460796e-12
-1.274820000000e-05	-3.770902086271e-11	-6.871384582265e-11	-6.057275195228e-12
-1.274800000000e-05	-4.059153685770e-11	-6.553998086566e-11	-1.570571354960e-11
-1.274780000000e-05	-2.915121628653e-11	-4.065087441522e-11	-1.739225090133e-11
-1.274760000000e-05	-4.471147969923e-11	-6.802720386883e-11	-2.161648179699e-11
-1.274740000000e-05	-3.973734491846e-11	-8.678343497288e-11	9.137980498842e-12
-1.274720000000e-05	-3.483252055919e-11	-6.539832017178e-11	-3.321931332724e-12
-1.274700000000e-05	-4.856411730970e-11	-1.039946396112e-10	8.792226529738e-12
-1.274680000000e-05	-4.911781869291e-11	-9.522821056944e-11	-1.534234212931e-12
-1.274660000000e-05	-4.682192394421e-11	-6.953771078466e-11	-2.448796458779e-11
-1.274640000000e-05	-5.839434167934e-11	-7.697005542251e-11	-4.046321947638e-11
-1.274620000000e-05	-2.096860078831e-11	-6.861944047269e-11	2.938271633127e-11
-1.274600000000e-05	-7.731394266229e-11	-1.063636174356e-10	-4.899601159014e-11
-1.274580000000e-05	-5.333680167710e-11	-1.132246779587e-10	8.704562980699e-12
-1.274560000000e-05	-7.293246148253e-11	-7.423184448807e-11	-7.403321545162e-11
-1.274540000000e-05	-5.551331457692e-11	-6.446034416543e-11	-4.781165224140e-11
-1.274520000000e-05	-6.522368455926e-11	-8.798099974307e-11	-4.314511337526e-11
-1.274500000000e-05	-6.009481266311e-11	-9.307679231143e-11	-2.675704438122e-11
-1.274480000000e-05	-6.737450733672e-11	-8.862117497078e-11	-4.678167402464e-11
-1.274460000000e-05	-4.514637614572e-11	-1.013472091882e-10	1.346382927956e-11
-1.274440000000e-05	-6.620846775447e-11	-9.031636224943e-11	-4.279726598774e-11
-1.274420000000e-05	-3.570497784927e-11	-8.660130562210e-11	1.772353414038e-11
-1.274400000000e-05	-6.798410139714e-11	-1.276179430459e-10	-6.791123768147e-12
-1.274380000000e-05	-6.863904160556e-11	-8.079233069030e-11	-5.781429831188e-11
-1.274360000000e-05	-6.861647026253e-11	-7.682472699030e-11	-6.188163505605e-11
-1.274340000000e-05	-3.715701195872e-11	-9.056801898096e-11	1.872592495286e-11
-1.274320000000e-05	-9.236714965497e-11	-1.210182232642e-10	-6.432103019739e-11
-1.274300000000e-05	-5.897318387042e-11	-9.104990970193e-11	-2.661504274860e-11
-1.274280000000e-05	-5.983261918790e-11	-1.239310139645e-10	6.796447543235e-12
-1.274260000000e-05	-4.842780468992e-11	-1.171344968881e-10	2.357597530085e-11
-1.274240000000e-05	-1.160253820915e-10	-1.208507802950e-10	-1.143535897741e-10
-1.274220000000e-05	-4.761267623619e-11	-8.200695994067e-11	-1.183479995393e-11
-1.274200000000e-05	-6.208201852482e-11	-1.354545642210e-10	1.467917852319e-11
-1.274180000000e-05	-5.121873241607e-11	-9.838615104852e-11	-2.476003908021e-12
-1.274160000000e-05	-7.646749240186e-11	-1.221235228940e-10	-2.995101222073e-11
-1.274140000000e-05	-4.506479192815e-11	-8.782252130466e-11	-5.534788880789e-13
-1.274120000000e-05	-6.305548002483e-11	-1.188483445028e-10	-5.745192760070e-12
-1.274100000000e-05	-6.966554586709e-11	-1.365993598840e-10	-3.601225272240e-13
-1.274080000000e-05	-7.650565415019e-11	-1.266668894439e-10	-2.478659133420e-11
-1.274060000000e-05	-7.944407594284e-11	-1.482724441911e-10	-8.343185385223e-12
-1.274040000000e-05	-5.256186638242e-11	-9.919203224037e-11	-4.156810940730e-12
-1.274020000000e-05	-5.765903222516e-11	-9.253531350790e-11	-2.187857693773e-11
-1.274000000000e-05	-7.976227786258e-11	-1.554199800474e-10	-1.236437975212e-12
-1.273980000000e-05	-1.081352388286e-10	-1.730439902511e-10	-4.159157871902e-11
-1.273960000000e-05	-8.956733286102e-11	-1.660687786061e-10	-1.042478234793e-11
-1.273940000000e-05	-7.647867198369e-11	-1.152818564999e-10	-3.696252578128e-11
-1.273920000000e-05	-4.998819035359e-11	-9.836425128883e-11	5.791787012138e-13
-1.273900000000e-05	-1.307852878487e-10	-1.798590602106e-10	-8.131411454239e-11
-1.273880000000e-05	-8.253420300840e-11	-1.065213807341e-10	-5.894432882614e-11
-1.273860000000e-05	-8.010049892802e-11	-1.616042447743e-10	4.601251152420e-12
-1.273840000000e-05	-1.569729806029e-10	-1.792453129761e-10	-1.370865831987e-10
-1.273820000000e-05	-6.693015032384e-11	-1.656237040566e-10	3.629705035900e-11
-1.273800000000e-05	-6.965784545991e-11	-1.355904251722e-10	-7.713470297831e-13
-1.273780000000e-05	-9.788796835921e-11	-1.454268499928e-10	-4.939356705445e-11
-1.273760000000e-05	-9.749802989476e-11	-1.576276344515e-10	-3.566631491881e-11
-1.273740000000e-05	-7.967264277000e-11	-1.415335204822e-10	-1.545263012266e-11
-1.273720000000e-05	-1.144715207083e-10	-1.811211060041e-10	-4.609457346337e-11
-1.273700000000e-05	-1.200772088368e-10	-1.472817535225e-10	-9.359809316246e-11
-1.273680000000e-05	-1.055040019027e-10	-1.691596707700e-10	-4.009278477914e-11
-1.273660000000e-05	-9.151135859742e-11	-1.380295617125e-10	-4.401347371082e-11
-1.273640000000e-05	-6.753061778135e-11	-1.619964704971e-10	3.134797728958e-11
-1.273620000000e-05	-1.063698119868e-10	-1.734557502981e-10	-3.698348213943e-11
-1.273600000000e-05	-1.356968756668e-10	-2.489044929881e-10	-1.747843951600e-11
-1.273580000000e-05	-1.208866739198e-10	-2.084559181074e-10	-3.034128986414e-11
-1.273560000000e-05	-9.652112312084e-11	-1.774239383571e-10	-1.231616353728e-11
-1.273540000000e-05	-9.633524334382e-11	-1.923893814841e-10	4.191559002814e-12
-1.273520000000e-05	-1.059266396777e-10	-1.619960457864e-10	-4.814831326086e-11
-1.273500000000e-05	-1.011704807424e-10	-2.237848787245e-10	2.704896300317e-11
-1.273480000000e-05	-9.229111444166e-11	-1.473143763083e-10	-3.586731594036e-11
-1.273460000000e-05	-1.345148217172e-10	-2.205289441560e-10	-4.597276111002e-11
-1.273440000000e-05	-9.985577508170e-11	-2.120221920078e-10	1.751169905268e-11
-1.273420000000e-05	-1.198355924363e-10	-2.115376597956e-10	-2.442875439154e-11
-1.273400000000e-05	-1.546027162862e-10	-2.440256725751e-10	-6.244358948853e-11
-1.273380000000e-05	-1.653747105136e-10	-2.527586465211e-10	-7.521774954941e-11
-1.273360000000e-05	-1.317292085165e-10	-2.031077467672e-10	-5.782734145310e-11
-1.273340000000e-05	-1.138538944465e-10	-2.034005482418e-10	-2.063917988428e-11
-1.273320000000e-05	-1.487589790732e-10	-2.677276791851e-10	-2.475871025128e-11
-1.273300000000e-05	-1.023132122632e-10	-1.668383076666e-10	-3.537314240545e-11
-1.273280000000e-05	-1.302618836985e-10	-2.385002816015e-10	-1.778095777972e-11
-1.273260000000e-05	-1.231045917447e-10	-1.828013018538e-10	-6.156818320412e-11
-1.273240000000e-05	-1.203129020978e-10	-2.686190969645e-10	3.520694208514e-11
-1.273220000000e-05	-1.481044820628e-10	-2.237778898953e-10	-6.925420557291e-11
-1.273200000000e-05	-8.135454918896e-11	-2.064417794094e-10	4.944491567876e-11
-1.273180000000e-05	-2.251238208918e-10	-3.097453023546e-10	-1.380376320063e-10
-1.273160000000e-05	-1.953890292513e-10	-3.153901732279e-10	-7.052243283765e-11
-1.273140000000e-05	-1.393061394650e-10	-2.746772141444e-10	2.781849811553e-12
-1.273120000000e-05	-2.117644871170e-10	-2.914930828234e-10	-1.302238480870e-10
-1.273100000000e-05	-1.456949580425e-10	-1.920075213848e-10	-9.822679723493e-11
-1.273080000000e-05	-1.581290684785e-10	-2.683092747209e-10	-4.275883642705e-11
-1.273060000000e-05	-1.780686481525e-10	-2.665899272790e-10	-8.622288682061e-11
-1.273040000000e-05	-1.756679700722e-10	-2.588585542833e-10	-8.977397310698e-11
-1.273020000000e-05	-1.579534001073e-10	-3.342777998365e-10	2.753510066178e-11
-1.273000000000e-05	-1.980819492389e-10	-2.997803783251e-10	-9.286437600240e-11
-1.272980000000e-05	-1.763990298354e-10	-2.990293058217e-10	-4.821468582735e-11
-1.272960000000e-05	-1.777256667225e-10	-2.076726412689e-10	-1.480029265834e-10
-1.272940000000e-05	-1.899626684268e-10	-2.983833839492e-10	-7.649955884152e-11
-1.272920000000e-05	-2.286933223948e-10	-3.398707969794e-10	-1.127425517118e-10
-1.272900000000e-05	-1.946265133342e-10	-3.067150389461e-10	-7.738960420284e-11
-1.272880000000e-05	-1.523709736465e-10	-2.613415807413e-10	-3.802456661346e-11
-1.272860000000e-05	-1.109208463768e-10	-2.938852365999e-10	8.134870582417e-11
-1.272840000000e-05	-2.422855814542e-10	-3.187612380111e-10	-1.632538480416e-10
-1.272820000000e-05	-2.370555333469e-10	-3.647249652853e-10	-1.043580779783e-10
-1.272800000000e-05	-1.730279934710e-10	-2.890633337039e-10	-5.098855859862e-11
-1.272780000000e-05	-2.129679887780e-10	-3.660211102497e-10	-5.244263928632e-11
-1.272760000000e-05	-2.360870693299e-10	-3.880288231750e-10	-7.678092342754e-11
-1.272740000000e-05	-1.478492454975e-10	-2.732648039521e-10	-1.599291668862e-11
-1.272720000000e-05	-2.028804491356e-10	-3.235982694393e-10	-7.628747464729e-11
-1.272700000000e-05	-2.286199026152e-10	-3.263954543334e-10	-1.264819504923e-10
-1.272680000000e-05	-2.038123726427e-10	-3.381971519463e-10	-6.265584599857e-11
-1.272660000000e-05	-1.247123148725e-10	-2.587407139534e-10	1.666683656729e-11
-1.272640000000e-05	-1.480664849013e-10	-3.141628989042e-10	2.689890236607e-11
-1.272620000000e-05	-2.443957923964e-10	-3.659553162198e-10	-1.157593917986e-10
-1.272600000000e-05	-2.010918393687e-10	-3.098496428061e-10	-8.703699599588e-11
-1.272580000000e-05	-1.766432467679e-10	-2.697807896263e-10	-7.940005720666e-11
-1.272560000000e-05	-2.547834466743e-10	-3.903552401841e-10	-1.125530780131e-10
-1.272540000000e-05	-1.805740969209e-10	-3.299333273420e-10	-2.371405731189e-11
-1.272520000000e-05	-1.854346855804e-10	-3.676608615507e-10	6.638374060038e-12
-1.272500000000e-05	-2.228726964542e-10	-3.240222929909e-10	-1.158103392586e-10
-1.272480000000e-05	-2.020226687886e-10	-3.938961001660e-10	-9.002012930034e-13
-1.272460000000e-05	-2.307593084727e-10	-3.708555920141e-10	-8.243868190842e-11
-1.272440000000e-05	-2.109899996827e-10	-3.637704771595e-10	-4.999557267447e-11
-1.272420000000e-05	-2.468112302959e-10	-3.948086458527e-10	-9.106893632424e-11
-1.272400000000e-05	-2.516238782516e-10	-3.826588130207e-10	-1.129178925947e-10
-1.272380000000e-05	-2.620361050197e-10	-3.697783153007e-10	-1.480090266704e-10
-1.272360000000e-05	-2.560224938528e-10	-4.821600816189e-10	-1.640080083750e-11
-1.272340000000e-05	-3.250641504227e-10	-4.795496313506e-10	-1.623097301522e-10
-1.272320000000e-05	-1.828396554369e-10	-3.450618655568e-10	-1.113755391028e-11
-1.272300000000e-05	-2.137128387668e-10	-3.849600181227e-10	-3.275384666916e-11
-1.272280000000e-05	-2.410570665082e-10	-4.693441910726e-10	5.420929664992e-14
-1.272260000000e-05	-3.551425137059e-10	-4.164216201907e-10	-2.904292959280e-10
-1.272240000000e-05	-2.365917139253e-10	-4.771316448708e-10	1.881785509717e-11
-1.272220000000e-05	-3.712358762917e-10	-5.019006548898e-10	-2.323172286839e-10
-1.272200000000e-05	-2.358419605433e-10	-4.048114581498e-10	-5.640946375805e-11
-1.272180000000e-05	-2.138402645325e-10	-4.585571041080e-10	4.538479176400e-11
-1.272160000000e-05	-3.335005667515e-10	-5.580567225566e-10	-9.548385542911e-11
-1.272140000000e-05	-2.632840566110e-10	-3.622895026504e-10	-1.578411263989e-10
-1.272120000000e-05	-2.346223075225e-10	-4.337666007842e-10	-2.354620030432e-11
-1.272100000000e-05	-2.537222848589e-10	-4.592380200901e-10	-3.645550561430e-11
-1.272080000000e-05	-3.134196525026e-10	-5.107616448203e-10	-1.042249869888e-10
-1.272060000000e-05	-2.606428574055e-10	-4.334254841739e-10	-7.690699502109e-11
-1.272040000000e-05	-3.098111445558e-10	-5.401883317637e-10	-6.440185342846e-11
-1.272020000000e-05	-2.900119634410e-10	-4.045988414287e-10	-1.673539136224e-10
-1.272000000000e-05	-2.934959036133e-10	-5.181656736214e-10	-5.459820777948e-11
-1.271980000000e-05	-3.362385355782e-10	-4.806408458661e-10	-1.825188459115e-10
-1.271960000000e-05	-3.134210240793e-10	-4.511445908353e-10	-1.660377155404e-10
-1.271940000000e-05	-3.244766481250e-10	-5.553261336092e-10	-7.925584091488e-11
-1.271920000000e-05	-2.560913640862e-10	-4.319922527064e-10	-6.879855276728e-11
-1.271900000000e-05	-3.108539262353e-10	-4.994679494113e-10	-1.090062980491e-10
-1.271880000000e-05	-2.882527405270e-10	-5.218482263807e-10	-3.993586985622e-11
-1.271860000000e-05	-2.945948488496e-10	-5.057723460678e-10	-6.938634705818e-11
-1.271840000000e-05	-3.550454114163e-10	-5.704334573146e-10	-1.256148496551e-10
-1.271820000000e-05	-3.253023054892e-10	-5.194982419048e-10	-1.176030593457e-10
-1.271800000000e-05	-2.559863639838e-10	-4.676744251288e-10	-2.969695397402e-11
-1.271780000000e-05	-3.069369589016e-10	-5.497652409646e-10	-4.750732920976e-11
-1.271760000000e-05	-3.244121991874e-10	-5.699394960404e-10	-6.184632850298e-11
-1.271740000000e-05	-2.751540221981e-10	-5.180991326942e-10	-1.648083230788e-11
-1.271720000000e-05	-3.358081673269e-10	-5.484385160423e-10	-1.082500388756e-10
-1.271700000000e-05	-3.343592131598e-10	-4.953374548109e-10	-1.608369205710e-10
-1.271680000000e-05	-4.234042919469e-10	-5.141410320479e-10	-3.229067548659e-10
-1.271660000000e-05	-2.340710890788e-10	-4.701061650547e-10	1.672178352518e-11
-1.271640000000e-05	-3.665683918209e-10	-6.038434394668e-10	-1.133977152234e-10
-1.271620000000e-05	-3.526489085782e-10	-6.049905375976e-10	-8.245080104254e-11
-1.271600000000e-05	-2.359259863171e-10	-5.997396587821e-10	1.496356271465e-10
-1.271580000000e-05	-3.546825516443e-10	-5.967188270592e-10	-9.501022953897e-11
-1.271560000000e-05	-4.415462526311e-10	-6.775586849309e-10	-1.876885083773e-10
-1.271540000000e-05	-4.064746937093e-10	-5.880633433788e-10	-2.094555541855e-10
-1.271520000000e-05	-3.868451809153e-10	-6.138663238810e-10	-1.423296630242e-10
-1.271500000000e-05	-3.090958776453e-10	-5.484036798021e-10	-5.283064055043e-11
-1.271480000000e-05	-2.998500433712e-10	-6.072622275373e-10	2.819914441524e-11
-1.271460000000e-05	-4.953182633568e-10	-6.680153137798e-10	-3.068240199447e-10
-1.271440000000e-05	-4.079486471707e-10	-5.682321176609e-10	-2.333006579432e-10
-1.271420000000e-05	-3.245741196777e-10	-5.614651062295e-10	-6.920903883042e-11
-1.271400000000e-05	-3.804766684208e-10	-6.754636824834e-10	-6.530964880557e-11
-1.271380000000e-05	-4.497180186677e-10	-7.772702627022e-10	-9.690001001541e-11
-1.271360000000e-05	-2.880824338738e-10	-5.189153953639e-10	-4.109127173435e-11
-1.271340000000e-05	-4.175186381104e-10	-7.104567136309e-10	-1.024520978853e-10
-1.271320000000e-05	-3.135307697272e-10	-6.001705547859e-10	-6.234013222613e-12
-1.271300000000e-05	-4.146759986966e-10	-6.312532506977e-10	-1.795855388947e-10
-1.271280000000e-05	-3.670778433162e-10	-6.792075400034e-10	-3.238830641024e-11
-1.271260000000e-05	-4.524485387625e-10	-7.299821600498e-10	-1.542959205618e-10
-1.271240000000e-05	-3.830092451536e-10	-6.860531359376e-10	-5.791484401983e-11
-1.271220000000e-05	-5.308399069169e-10	-8.070188017614e-10	-2.316716295662e-10
-1.271200000000e-05	-4.754945553188e-10	-6.916535564380e-10	-2.381549568614e-10
-1.271180000000e-05	-3.931812616197e-10	-6.722881011531e-10	-9.240545233513e-11
-1.271160000000e-05	-3.857479189742e-10	-6.800092744303e-10	-6.903431518774e-11
-1.271140000000e-05	-5.063500924045e-10	-7.147151322832e-10	-2.766210248789e-10
-1.271120000000e-05	-3.327506864400e-10	-6.532380300543e-10	1.032731661717e-11
-1.271100000000e-05	-3.357407720113e-10	-5.878590484926e-10	-6.372690535241e-11
-1.271080000000e-05	-4.732609872363e-10	-7.570646421441e-10	-1.644370426787e-10
-1.271060000000e-05	-3.552270763195e-10	-6.929069626385e-10	6.353330909428e-12
-1.271040000000e-05	-5.832773080782e-10	-8.404077615588e-10	-3.008993998697e-10
-1.271020000000e-05	-3.597326339197e-10	-5.364162588183e-10	-1.657044838066e-10
-1.271000000000e-05	-3.476657541486e-10	-6.109260855278e-10	-6.314440183388e-11
-1.270980000000e-05	-5.042097698459e-10	-8.116285257787e-10	-1.699024943622e-10
-1.270960000000e-05	-4.650307707348e-10	-7.001488050318e-10	-2.082048002282e-10
-1.270940000000e-05	-4.570684844310e-10	-6.646775285175e-10	-2.288353589658e-10
-1.270920000000e-05	-5.115635742202e-10	-8.898469657556e-10	-1.027017682040e-10
-1.270900000000e-05	-5.170322439444e-10	-7.755757360122e-10	-2.332391099995e-10
-1.270880000000e-05	-3.545904551088e-10	-8.067463319509e-10	1.298658262128e-10
-1.270860000000e-05	-3.795731127588e-10	-6.803015294232e-10	-5.358133142200e-11
-1.270840000000e-05	-4.686205102751e-10	-7.294755140876e-10	-1.836135237121e-10
-1.270820000000e-05	-5.681877650383e-10	-7.911305371211e-10	-3.210739424579e-10
-1.270800000000e-05	-5.458063587379e-10	-7.839953877205e-10	-2.832360226424e-10
-1.270780000000e-05	-5.019142824751e-10	-8.335188321877e-10	-1.394826235086e-10
-1.270760000000e-05	-4.334125585726e-10	-8.741042985919e-10	3.936428908137e-11
-1.270740000000e-05	-5.284702765394e-10	-7.446797849583e-10	-2.863531045771e-10
-1.270720000000e-05	-4.117490162263e-10	-7.426882849694e-10	-5.364808369097e-11
-1.270700000000e-05	-5.081704405620e-10	-9.524063757229e-10	-2.853554079411e-11
-1.270680000000e-05	-6.000610122911e-10	-8.458248840001e-10	-3.260393752468e-10
-1.270660000000e-05	-5.784815807774e-10	-7.031666746318e-10	-4.313900217434e-10
