-1.767000000000e-06	0.000000000000e+00	0.000000000000e+00	0.000000000000e+00
-1.766800000000e-06	0.000000000000e+00	0.000000000000e+00	0.000000000000e+00
-1.766600000000e-06	0.000000000000e+00	0.000000000000e+00	0.000000000000e+00
-1.766400000000e-06	0.000000000000e+00	0.000000000000e+00	0.000000000000e+00
-1.766200000000e-06	0.000000000000e+00	0.000000000000e+00	0.000000000000e+00
-1.766000000000e-06	0.000000000000e+00	0.000000000000e+00	0.000000000000e+00
-1.765800000000e-06	0.000000000000e+00	0.000000000000e+00	0.000000000000e+00
-1.765600000000e-06	0.000000000000e+00	0.000000000000e+00	0.000000000000e+00
-1.765400000000e-06	0.000000000000e+00	0.000000000000e+00	0.000000000000e+00
-1.765200000000e-06	0.000000000000e+00	0.000000000000e+00	0.000000000000e+00
-1.765000000000e-06	0.000000000000e+00	0.000000000000e+00	0.000000000000e+00
-1.764800000000e-06	0.000000000000e+00	0.000000000000e+00	0.000000000000e+00
-1.764600000000e-06	0.000000000000e+00	0.000000000000e+00	0.000000000000e+00
-1.764400000000e-06	0.000000000000e+00	0.000000000000e+00	0.000000000000e+00
-1.764200000000e-06	0.000000000000e+00	0.000000000000e+00	0.000000000000e+00
-1.764000000000e-06	0.000000000000e+00	0.000000000000e+00	0.000000000000e+00
-1.763800000000e-06	0.000000000000e+00	0.000000000000e+00	0.000000000000e+00
-1.763600000000e-06	0.000000000000e+00	0.000000000000e+00	0.000000000000e+00
-1.763400000000e-06	0.000000000000e+00	0.000000000000e+00	0.000000000000e+00
-1.763200000000e-06	0.000000000000e+00	0.000000000000e+00	0.000000000000e+00
-1.763000000000e-06	0.000000000000e+00	0.000000000000e+00	0.000000000000e+00
-1.762800000000e-06	0.000000000000e+00	0.000000000000e+00	0.000000000000e+00
-1.762600000000e-06	0.000000000000e+00	0.000000000000e+00	0.000000000000e+00
-1.762400000000e-06	0.000000000000e+00	0.000000000000e+00	0.000000000000e+00
-1.762200000000e-06	0.000000000000e+00	0.000000000000e+00	0.000000000000e+00
-1.762000000000e-06	0.000000000000e+00	0.000000000000e+00	0.000000000000e+00
-1.761800000000e-06	0.000000000000e+00	0.000000000000e+00	0.000000000000e+00
-1.761600000000e-06	0.000000000000e+00	0.000000000000e+00	0.000000000000e+00
-1.761400000000e-06	0.000000000000e+00	0.000000000000e+00	0.000000000000e+00
-1.761200000000e-06	0.000000000000e+00	0.000000000000e+00	0.000000000000e+00
-1.761000000000e-06	0.000000000000e+00	0.000000000000e+00	0.000000000000e+00
-1.760800000000e-06	0.000000000000e+00	0.000000000000e+00	0.000000000000e+00
-1.760600000000e-06	0.000000000000e+00	0.000000000000e+00	0.000000000000e+00
-1.760400000000e-06	0.000000000000e+00	0.000000000000e+00	0.000000000000e+00
-1.760200000000e-06	0.000000000000e+00	0.000000000000e+00	0.000000000000e+00
-1.760000000000e-06	0.000000000000e+00	0.000000000000e+00	0.000000000000e+00
-1.759800000000e-06	0.000000000000e+00	0.000000000000e+00	0.000000000000e+00
-1.759600000000e-06	0.000000000000e+00	0.000000000000e+00	0.000000000000e+00
-1.759400000000e-06	0.000000000000e+00	0.000000000000e+00	0.000000000000e+00
-1.759200000000e-06	0.000000000000e+00	0.000000000000e+00	0.000000000000e+00
-1.759000000000e-06	0.000000000000e+00	0.000000000000e+00	0.000000000000e+00
-1.758800000000e-06	0.000000000000e+00	0.000000000000e+00	0.000000000000e+00
-1.758600000000e-06	0.000000000000e+00	0.000000000000e+00	0.000000000000e+00
-1.758400000000e-06	0.000000000000e+00	0.000000000000e+00	0.000000000000e+00
-1.758200000000e-06	0.000000000000e+00	0.000000000000e+00	0.000000000000e+00
-1.758000000000e-06	0.000000000000e+00	0.000000000000e+00	0.000000000000e+00
-1.757800000000e-06	0.000000000000e+00	0.000000000000e+00	0.000000000000e+00
-1.757600000000e-06	0.000000000000e+00	0.000000000000e+00	0.000000000000e+00
-1.757400000000e-06	0.000000000000e+00	0.000000000000e+00	0.000000000000e+00
-1.757200000000e-06	0.000000000000e+00	0.000000000000e+00	0.000000000000e+00
-1.757000000000e-06	0.000000000000e+00	0.000000000000e+00	0.000000000000e+00
-1.756800000000e-06	0.000000000000e+00	0.000000000000e+00	0.000000000000e+00
-1.756600000000e-06	0.000000000000e+00	0.000000000000e+00	0.000000000000e+00
-1.756400000000e-06	0.000000000000e+00	0.000000000000e+00	0.000000000000e+00
-1.756200000000e-06	0.000000000000e+00	0.000000000000e+00	0.000000000000e+00
-1.756000000000e-06	0.000000000000e+00	0.000000000000e+00	0.000000000000e+00
-1.755800000000e-06	0.000000000000e+00	0.000000000000e+00	0.000000000000e+00
-1.755600000000e-06	0.000000000000e+00	0.000000000000e+00	0.000000000000e+00
-1.755400000000e-06	0.000000000000e+00	0.000000000000e+00	0.000000000000e+00
-1.755200000000e-06	0.000000000000e+00	0.000000000000e+00	0.000000000000e+00
-1.755000000000e-06	0.000000000000e+00	0.000000000000e+00	0.000000000000e+00
-1.754800000000e-06	0.000000000000e+00	0.000000000000e+00	0.000000000000e+00
-1.754600000000e-06	3.520745612195e-14	8.899329706176e-14	-2.035666876572e-14
-1.754400000000e-06	-3.456452905759e-14	-7.990494547998e-14	1.155763139331e-14
-1.754200000000e-06	-4.173563383122e-14	1.097497506892e-13	-2.221215178751e-13
-1.754000000000e-06	-2.187506793327e-14	-1.229812806795e-13	1.004387234277e-13
-1.753800000000e-06	2.314106092195e-13	-3.121673315243e-13	9.364092496078e-13
-1.753600000000e-06	-8.343351030324e-14	1.047197956502e-13	-3.261229161482e-13
-1.753400000000e-06	3.296983142876e-12	-6.033485306569e-12	1.467469496479e-11
-1.753200000000e-06	7.409262978139e-13	8.721152946234e-12	-8.454822850908e-12
-1.753000000000e-06	-7.682881744938e-13	1.713481543262e-12	-3.531966411336e-12
-1.752800000000e-06	-3.489292897960e-12	7.778221114746e-12	-1.683276591417e-11
-1.752600000000e-06	-8.667482948384e-12	3.468432512909e-12	-2.271525072911e-11
-1.752400000000e-06	1.104572965363e-11	-2.166673300336e-11	4.892418077387e-11
-1.752200000000e-06	-1.150974731756e-11	4.603949614265e-11	-7.710749471017e-11
-1.752000000000e-06	-1.813339157264e-11	-3.844437433077e-11	1.137210991688e-12
-1.751800000000e-06	1.542336381219e-11	-2.152691032082e-11	5.802014270895e-11
-1.751600000000e-06	8.195253198909e-12	-4.355394269461e-13	1.851764048576e-11
-1.751400000000e-06	-1.971238783890e-11	-1.865964012190e-11	-2.462686772952e-11
-1.751200000000e-06	6.071235027709e-12	1.453501091069e-11	-1.846844148963e-12
-1.751000000000e-06	-4.340472740139e-12	9.926827687871e-12	-1.176232722085e-11
-1.750800000000e-06	1.606925276238e-12	9.414029408249e-12	-6.183213521813e-12
-1.750600000000e-06	-5.320459639056e-11	-8.953833101961e-11	-2.004254930774e-11
-1.750400000000e-06	-1.032863292295e-10	-1.967557867700e-10	-1.440445297753e-11
-1.750200000000e-06	-2.718534641632e-10	-5.183604468055e-10	-3.680760126863e-11
-1.750000000000e-06	-6.458524144532e-10	-1.130026792267e-09	-2.010804855482e-10
-1.749800000000e-06	-7.262432876527e-10	-9.581761094760e-10	-5.723866340502e-10
-1.749600000000e-06	-7.006031132955e-10	-1.313333370613e-09	-1.238163553074e-10
-1.749400000000e-06	-3.799637134273e-10	-5.582641774146e-10	-2.383335855904e-10
-1.749200000000e-06	-7.551426571735e-10	-1.336961779908e-09	-2.256878512906e-10
-1.749000000000e-06	-9.084486948446e-10	-1.537753044949e-09	-3.553679715517e-10
-1.748800000000e-06	-4.660988414276e-09	-8.267048705812e-09	-1.404458448260e-09
-1.748600000000e-06	-1.002473912474e-08	-1.660891666315e-08	-4.347531881780e-09
-1.748400000000e-06	-1.013832624787e-08	-1.572084469535e-08	-5.563406900432e-09
-1.748200000000e-06	-9.334666098304e-09	-1.501127718053e-08	-4.500059585085e-09
-1.748000000000e-06	-8.017823895434e-09	-1.246527868526e-08	-4.322997602961e-09
-1.747800000000e-06	-6.243649875092e-09	-9.692316575765e-09	-3.358542831363e-09
-1.747600000000e-06	-4.051912708753e-09	-6.656234847354e-09	-1.753178249156e-09
-1.747400000000e-06	-3.671180410539e-09	-5.513375605466e-09	-2.174576064375e-09
-1.747200000000e-06	-2.881607451285e-09	-4.273227084104e-09	-1.756858858398e-09
-1.747000000000e-06	-1.547435653632e-09	-2.624367940029e-09	-5.758830794572e-10
-1.746800000000e-06	-1.878607209121e-09	-2.978493534872e-09	-9.391551479903e-10
-1.746600000000e-06	-1.332964318153e-09	-2.026702598086e-09	-7.597989569178e-10
-1.746400000000e-06	-8.344541702725e-10	-1.428281739043e-09	-2.930306412442e-10
-1.746200000000e-06	-1.010983293965e-09	-1.942159161308e-09	-1.083631898661e-10
-1.746000000000e-06	-1.095433571325e-09	-1.366054808446e-09	-9.623524430879e-10
-1.745800000000e-06	-8.492017977964e-10	-1.379317147970e-09	-3.904987902094e-10
-1.745600000000e-06	-8.754035307554e-10	-1.557634898171e-09	-2.484639793219e-10
-1.745400000000e-06	-7.052292167143e-10	-9.566354744766e-10	-5.338798220943e-10
-1.745200000000e-06	-9.010970092081e-10	-1.678943640826e-09	-1.887354003665e-10
-1.745000000000e-06	-6.736796443507e-10	-3.648566686160e-10	-1.118071395348e-09
-1.744800000000e-06	-1.762220751446e-10	-5.874681124132e-10	2.571807965228e-10
-1.744600000000e-06	-1.459763972473e-10	-3.751983107623e-10	9.137647827965e-11
-1.744400000000e-06	-7.251059268091e-10	-1.503109579640e-09	4.576493817353e-11
-1.744200000000e-06	-1.653221599098e-09	-2.545458765754e-09	-8.890068567603e-10
-1.744000000000e-06	-2.216778380418e-09	-3.866200233819e-09	-6.950794028124e-10
-1.743800000000e-06	-5.712832395913e-09	-8.373976199788e-09	-3.564892401938e-09
-1.743600000000e-06	-9.301076488558e-09	-1.545728973648e-08	-3.790272588035e-09
-1.743400000000e-06	-1.835355860795e-08	-3.218117267127e-08	-5.595094228677e-09
-1.743200000000e-06	-3.711471065462e-08	-7.116280927754e-08	-4.591601394512e-09
-1.743000000000e-06	-7.727772663233e-08	-1.258751757808e-07	-3.417844384050e-08
-1.742800000000e-06	-8.941837773293e-08	-1.415162086891e-07	-4.456327583362e-08
-1.742600000000e-06	-9.238151159364e-08	-1.522119069435e-07	-3.972401878928e-08
-1.742400000000e-06	-1.058130396999e-07	-1.699014519619e-07	-5.073671181733e-08
-1.742200000000e-06	-1.068925083690e-07	-1.732425894185e-07	-4.977917927974e-08
-1.742000000000e-06	-1.064123648940e-07	-1.665609458448e-07	-5.630886649013e-08
-1.741800000000e-06	-1.016987315552e-07	-1.585880118203e-07	-5.465474423255e-08
-1.741600000000e-06	-9.400041257771e-08	-1.472606252713e-07	-4.994615366686e-08
-1.741400000000e-06	-7.853740442864e-08	-1.260059889191e-07	-3.859968000345e-08
-1.741200000000e-06	-7.111416693109e-08	-1.098622285954e-07	-3.978362073149e-08
-1.741000000000e-06	-5.614585602415e-08	-8.729062337975e-08	-3.089981524749e-08
-1.740800000000e-06	-4.528799737524e-08	-7.156029489826e-08	-2.370700306908e-08
-1.740600000000e-06	-2.925768765431e-08	-4.357292361837e-08	-1.835248085344e-08
-1.740400000000e-06	-1.587565054497e-08	-2.454726986939e-08	-9.026678461819e-09
-1.740200000000e-06	-7.037168158788e-09	-8.160981722982e-09	-7.081483792394e-09
-1.740000000000e-06	2.859896009932e-09	2.190790823868e-09	4.038317442871e-09
-1.739800000000e-06	7.490012153898e-09	1.159191094380e-08	4.104347234600e-09
-1.739600000000e-06	1.097126970342e-08	1.744650058228e-08	5.573848891878e-09
-1.739400000000e-06	1.124801000528e-08	1.902441760678e-08	4.490702520636e-09
-1.739200000000e-06	1.110089325677e-08	1.744813338939e-08	5.905668704476e-09
-1.739000000000e-06	9.470730661229e-09	1.365159432359e-08	6.436461519041e-09
-1.738800000000e-06	8.791319908735e-09	1.478944856030e-08	3.608816854152e-09
-1.738600000000e-06	8.809160678583e-09	1.406735140328e-08	4.404204375597e-09
-1.738400000000e-06	7.434610598505e-09	1.264861618563e-08	2.902599393415e-09
-1.738200000000e-06	7.469477492343e-09	1.176532525356e-08	3.939610896755e-09
-1.738000000000e-06	7.180777976930e-09	1.168672379155e-08	3.380834587861e-09
-1.737800000000e-06	7.392472926679e-09	1.187668432753e-08	3.620079828205e-09
-1.737600000000e-06	6.053645141798e-09	9.450187871472e-09	3.309748943859e-09
-1.737400000000e-06	6.397977228619e-09	1.000651145493e-08	3.448517812711e-09
-1.737200000000e-06	5.383452842228e-09	1.008156027987e-08	1.056812513925e-09
-1.737000000000e-06	4.777718256150e-09	8.240827899186e-09	1.748053224464e-09
-1.736800000000e-06	5.588141789207e-09	9.751806635772e-09	1.895007607106e-09
-1.736600000000e-06	5.089868414617e-09	7.628219560379e-09	3.138013485363e-09
-1.736400000000e-06	5.433924077256e-09	8.231091333400e-09	3.237458011044e-09
-1.736200000000e-06	4.743220340113e-09	7.874230903767e-09	2.070673617855e-09
-1.736000000000e-06	4.976295725942e-09	7.953089189220e-09	2.453916078988e-09
-1.735800000000e-06	5.120819024214e-09	8.912223492781e-09	1.763655081061e-09
-1.735600000000e-06	4.155352958798e-09	7.056409027884e-09	1.649262892440e-09
-1.735400000000e-06	4.349347852462e-09	6.805054328926e-09	2.368830940993e-09
-1.735200000000e-06	4.454852801187e-09	7.187464309132e-09	2.145501549379e-09
-1.735000000000e-06	3.978790515874e-09	7.563191463634e-09	6.865229559602e-10
-1.734800000000e-06	3.921517176049e-09	6.192959877709e-09	2.071431184891e-09
-1.734600000000e-06	4.641282272667e-09	7.120995875480e-09	2.623065790851e-09
-1.734400000000e-06	4.520140411785e-09	6.547435747648e-09	3.021148222694e-09
-1.734200000000e-06	3.527885206137e-09	6.598766437511e-09	6.845105995415e-10
-1.734000000000e-06	4.149970319279e-09	7.220538000867e-09	1.498581817313e-09
-1.733800000000e-06	3.870615512563e-09	6.497161042735e-09	1.598465298445e-09
-1.733600000000e-06	3.956441370382e-09	6.210594231960e-09	2.101986680723e-09
-1.733400000000e-06	3.419422026916e-09	5.655741022237e-09	1.505180000616e-09
-1.733200000000e-06	3.463631415405e-09	4.889932403864e-09	2.496173917529e-09
-1.733000000000e-06	3.680221956562e-09	5.930183024045e-09	1.773225741652e-09
-1.732800000000e-06	3.613447879086e-09	6.340660951983e-09	1.217496243908e-09
-1.732600000000e-06	3.305873213116e-09	5.516965453588e-09	1.407714436946e-09
-1.732400000000e-06	3.373755614229e-09	5.569230497389e-09	1.480366919498e-09
-1.732200000000e-06	3.710168483030e-09	6.775274819482e-09	9.274502490895e-10
-1.732000000000e-06	3.372786907383e-09	5.578729351420e-09	1.482176582163e-09
-1.731800000000e-06	3.373261154801e-09	5.336399838851e-09	1.760248843924e-09
-1.731600000000e-06	3.477021809768e-09	5.969233007085e-09	1.260034002785e-09
-1.731400000000e-06	3.419715064013e-09	5.557495189683e-09	1.618951188515e-09
-1.731200000000e-06	3.108563353176e-09	5.278211859736e-09	1.217491576109e-09
-1.731000000000e-06	3.205199552964e-09	5.005565402433e-09	1.742602621637e-09
-1.730800000000e-06	3.067886214315e-09	4.900673914917e-09	1.580995154626e-09
-1.730600000000e-06	2.721860131874e-09	4.548732728498e-09	1.203737081459e-09
-1.730400000000e-06	2.987979378124e-09	5.164784808667e-09	1.079233787271e-09
-1.730200000000e-06	2.509984239501e-09	4.782451525717e-09	4.276341587247e-10
-1.730000000000e-06	3.193348924320e-09	5.284163114741e-09	1.407330247446e-09
-1.729800000000e-06	2.895767772491e-09	4.796944800119e-09	1.287837941565e-09
-1.729600000000e-06	3.697109332545e-09	5.336378179123e-09	2.464400801366e-09
-1.729400000000e-06	2.915149184538e-09	5.159445023422e-09	9.056964376617e-10
-1.729200000000e-06	2.843645040504e-09	5.011406858460e-09	9.092034554314e-10
-1.729000000000e-06	2.748961771148e-09	4.470684684257e-09	1.304215035013e-09
-1.728800000000e-06	2.718142239749e-09	4.000931835513e-09	1.776679022879e-09
-1.728600000000e-06	3.042499887856e-09	5.058418326156e-09	1.309717271881e-09
-1.728400000000e-06	2.462112041081e-09	3.717374465300e-09	1.571055438496e-09
-1.728200000000e-06	2.785194861285e-09	4.479242567392e-09	1.357184866358e-09
-1.728000000000e-06	2.734615088044e-09	4.488337884466e-09	1.280518644629e-09
-1.727800000000e-06	2.787632077774e-09	4.852187889220e-09	9.636679612274e-10
-1.727600000000e-06	2.329864592507e-09	4.505463968522e-09	3.101408957920e-10
-1.727400000000e-06	2.786769103499e-09	4.887574358195e-09	8.993274335148e-10
-1.727200000000e-06	2.888307002541e-09	4.848052639907e-09	1.203669604047e-09
-1.727000000000e-06	2.637414212724e-09	4.198417521454e-09	1.353459468771e-09
-1.726800000000e-06	2.210780699233e-09	3.946082665879e-09	6.754369445808e-10
-1.726600000000e-06	2.731753925544e-09	4.681670449312e-09	1.089085355127e-09
-1.726400000000e-06	2.394521252614e-09	3.842723108013e-09	1.236232929910e-09
-1.726200000000e-06	2.503759819432e-09	4.314799850206e-09	9.134406207632e-10
-1.726000000000e-06	2.944778267433e-09	5.018822386799e-09	1.120412791667e-09
-1.725800000000e-06	2.301925619976e-09	3.895848927795e-09	9.025761871215e-10
-1.725600000000e-06	2.613331171083e-09	4.550312955453e-09	8.942846450755e-10
-1.725400000000e-06	2.775329213047e-09	4.408792277076e-09	1.460833238120e-09
-1.725200000000e-06	2.538769413629e-09	4.022558464940e-09	1.294013132708e-09
-1.725000000000e-06	2.690089906360e-09	4.370077856207e-09	1.286077897510e-09
-1.724800000000e-06	2.413328943751e-09	3.947299291264e-09	1.145955118028e-09
-1.724600000000e-06	2.363791188972e-09	4.211082963164e-09	6.974525013577e-10
-1.724400000000e-06	2.506855959532e-09	3.928767628959e-09	1.373329916576e-09
-1.724200000000e-06	2.331582844799e-09	3.951359880332e-09	9.307533772399e-10
-1.724000000000e-06	2.487609607130e-09	3.826593348524e-09	1.435984497896e-09
-1.723800000000e-06	2.467635115702e-09	4.377816490797e-09	7.731545741824e-10
-1.723600000000e-06	2.228586884429e-09	3.508872391133e-09	1.180722649249e-09
-1.723400000000e-06	2.390134691967e-09	3.983091164879e-09	1.019936583154e-09
-1.723200000000e-06	2.144092832057e-09	3.622294462918e-09	8.962474744361e-10
-1.723000000000e-06	2.330760687679e-09	4.182452916418e-09	7.019262679017e-10
-1.722800000000e-06	2.376019278232e-09	3.502324165697e-09	1.543312760007e-09
-1.722600000000e-06	2.444458678689e-09	4.052514722640e-09	1.044568769306e-09
-1.722400000000e-06	2.396615300178e-09	4.023510261943e-09	1.000412885755e-09
-1.722200000000e-06	2.323154387139e-09	4.023934450554e-09	8.179157717703e-10
-1.722000000000e-06	2.185136012904e-09	3.781055095277e-09	7.804787232901e-10
-1.721800000000e-06	2.356115067275e-09	4.161319439940e-09	7.682079009927e-10
-1.721600000000e-06	2.483804820717e-09	3.931313803166e-09	1.322769707999e-09
-1.721400000000e-06	2.221613267222e-09	3.772975490477e-09	8.877139315497e-10
-1.721200000000e-06	2.152092275978e-09	3.418126671945e-09	1.112512721104e-09
-1.721000000000e-06	2.194609400400e-09	3.742262069451e-09	8.499244255395e-10
-1.720800000000e-06	2.200859660856e-09	3.608940909591e-09	1.017535774314e-09
-1.720600000000e-06	2.109558703570e-09	3.745816889168e-09	6.934589407054e-10
-1.720400000000e-06	2.420466073300e-09	3.812578438559e-09	1.296217682284e-09
-1.720200000000e-06	2.289193884954e-09	3.598801582238e-09	1.203028035695e-09
-1.720000000000e-06	1.976147734825e-09	3.534936978791e-09	5.976898130894e-10
-1.719800000000e-06	2.202046505891e-09	3.681229026488e-09	9.444615522076e-10
-1.719600000000e-06	2.331766606302e-09	3.732537074334e-09	1.167063389347e-09
-1.719400000000e-06	2.056347149843e-09	3.635860553977e-09	6.561943697571e-10
-1.719200000000e-06	2.197231440790e-09	3.798890549607e-09	7.967888265383e-10
-1.719000000000e-06	2.249375693984e-09	3.701243227631e-09	1.070421477877e-09
-1.718800000000e-06	2.060923718881e-09	3.785933421725e-09	4.829452394902e-10
-1.718600000000e-06	2.279687125277e-09	3.672585355874e-09	1.090770843630e-09
-1.718400000000e-06	2.177969545873e-09	3.482385393565e-09	1.100964952298e-09
-1.718200000000e-06	1.874994784434e-09	3.525367735665e-09	4.065250684812e-10
-1.718000000000e-06	2.178331349737e-09	3.369680757108e-09	1.239080583187e-09
-1.717800000000e-06	2.182812998545e-09	3.258662919042e-09	1.393524554982e-09
-1.717600000000e-06	2.039591303974e-09	3.474480395220e-09	7.966216379053e-10
-1.717400000000e-06	1.937260595712e-09	3.143317848903e-09	9.741874337659e-10
-1.717200000000e-06	2.210493813746e-09	3.319083713268e-09	1.326674304455e-09
-1.717000000000e-06	1.934829390546e-09	3.217397455761e-09	8.601523423464e-10
-1.716800000000e-06	2.066253286956e-09	3.248855899852e-09	1.090570488334e-09
-1.716600000000e-06	2.084717949330e-09	3.608756640407e-09	7.576073245375e-10
-1.716400000000e-06	1.966873425112e-09	3.351965658796e-09	7.692944929772e-10
-1.716200000000e-06	2.076692618340e-09	3.560167122006e-09	8.182092132796e-10
-1.716000000000e-06	1.886508150950e-09	3.204947266955e-09	7.555704628606e-10
-1.715800000000e-06	1.882032281100e-09	3.132859733391e-09	8.265493941244e-10
-1.715600000000e-06	2.257192270976e-09	3.420190911288e-09	1.332496060828e-09
-1.715400000000e-06	1.831600910446e-09	3.326135853902e-09	4.886341939151e-10
-1.715200000000e-06	1.823265216579e-09	3.182611844919e-09	6.100641919298e-10
-1.715000000000e-06	2.181658814290e-09	3.738124599761e-09	8.462712379358e-10
-1.714800000000e-06	1.914936256706e-09	2.983853194202e-09	1.057565498486e-09
-1.714600000000e-06	1.976724186039e-09	3.355170649672e-09	7.826640220965e-10
-1.714400000000e-06	2.209637787678e-09	3.615082400797e-09	1.019234816302e-09
-1.714200000000e-06	1.816036864297e-09	3.233535127107e-09	5.721796971849e-10
-1.714000000000e-06	1.894462492421e-09	3.114369696476e-09	8.493902598238e-10
-1.713800000000e-06	1.952905963216e-09	3.295946717964e-09	8.113780134834e-10
-1.713600000000e-06	1.901292990219e-09	3.179048364806e-09	7.923789318159e-10
-1.713400000000e-06	1.866683121071e-09	3.233721853432e-09	7.099421233904e-10
-1.713200000000e-06	1.981526957344e-09	3.207569186755e-09	9.654885855910e-10
-1.713000000000e-06	1.779415013219e-09	3.165146225909e-09	5.554830910678e-10
-1.712800000000e-06	1.891746080144e-09	3.130973912245e-09	8.840238404422e-10
-1.712600000000e-06	1.934420732037e-09	3.132602957706e-09	9.208472834208e-10
-1.712400000000e-06	1.868583295732e-09	2.980227250854e-09	9.632561867398e-10
-1.712200000000e-06	1.766329920776e-09	2.904047013113e-09	8.222107061194e-10
-1.712000000000e-06	1.996686912880e-09	3.445228650894e-09	7.307314800077e-10
-1.711800000000e-06	1.786629805276e-09	2.832521753120e-09	9.449699448392e-10
-1.711600000000e-06	1.818024290550e-09	2.769462660329e-09	1.083249429996e-09
-1.711400000000e-06	2.078993444269e-09	3.380727934354e-09	9.829129602130e-10
-1.711200000000e-06	1.846895354989e-09	2.826593047290e-09	1.090032884138e-09
-1.711000000000e-06	1.933267317199e-09	3.086555500945e-09	9.903596422993e-10
-1.710800000000e-06	1.732594396420e-09	2.930761400853e-09	6.969036322877e-10
-1.710600000000e-06	1.927746131986e-09	3.146811818077e-09	9.082527448882e-10
-1.710400000000e-06	1.740413064957e-09	2.876123060110e-09	7.939841860644e-10
-1.710200000000e-06	1.741860386649e-09	2.806885799131e-09	8.508628013998e-10
-1.710000000000e-06	1.743197906557e-09	2.971909625940e-09	6.954446399161e-10
-1.709800000000e-06	1.867463200379e-09	2.844506204887e-09	1.096149233860e-09
-1.709600000000e-06	1.812823684760e-09	2.957637139359e-09	8.576120289697e-10
-1.709400000000e-06	1.922078544853e-09	3.061541608855e-09	9.638916337799e-10
-1.709200000000e-06	1.844660823326e-09	3.163587446099e-09	6.864234100534e-10
-1.709000000000e-06	1.822857428904e-09	3.106674846636e-09	7.267301857627e-10
-1.708800000000e-06	1.681423812443e-09	2.862840009449e-09	6.816141239868e-10
-1.708600000000e-06	1.759707088072e-09	2.881749189681e-09	8.594654386623e-10
-1.708400000000e-06	1.819705371526e-09	3.105787493154e-09	7.011845556722e-10
-1.708200000000e-06	1.805345343048e-09	2.908812585221e-09	8.931360372416e-10
-1.708000000000e-06	1.622674861809e-09	2.742231077326e-09	6.626268715327e-10
-1.707800000000e-06	1.829807697186e-09	2.912060212010e-09	9.345379911371e-10
-1.707600000000e-06	1.634209825137e-09	2.857805064995e-09	6.089933967285e-10
-1.707400000000e-06	1.804219163833e-09	2.988339134578e-09	8.103851595090e-10
-1.707200000000e-06	1.629573889580e-09	2.720246797839e-09	7.070175875246e-10
-1.707000000000e-06	1.718328419063e-09	2.608239832014e-09	9.977884293204e-10
-1.706800000000e-06	1.877451021961e-09	3.109655919095e-09	8.391009400995e-10
-1.706600000000e-06	1.570818941484e-09	2.403679566986e-09	9.437251216920e-10
-1.706400000000e-06	1.784633330702e-09	3.111372691962e-09	6.719738478300e-10
-1.706200000000e-06	1.578958482838e-09	2.769141407394e-09	5.572057076751e-10
-1.706000000000e-06	1.923310692187e-09	3.016797660032e-09	1.033814755057e-09
-1.705800000000e-06	1.517618671590e-09	2.503372286884e-09	6.953602407207e-10
-1.705600000000e-06	1.626580820522e-09	2.509687052280e-09	9.391028878308e-10
-1.705400000000e-06	1.664894098067e-09	2.734602946048e-09	7.669764074976e-10
-1.705200000000e-06	1.571034785175e-09	2.641954706935e-09	6.597883579287e-10
-1.705000000000e-06	1.716409135322e-09	2.679788097152e-09	9.486271844955e-10
-1.704800000000e-06	1.706928588833e-09	2.971032471884e-09	6.128990705759e-10
-1.704600000000e-06	1.637553697155e-09	2.738295523761e-09	7.077087452122e-10
-1.704400000000e-06	1.670433922004e-09	2.578390712171e-09	9.539646620766e-10
-1.704200000000e-06	1.649234935567e-09	2.753634754010e-09	7.007052198333e-10
-1.704000000000e-06	1.595672598796e-09	2.745035283613e-09	5.834958002158e-10
-1.703800000000e-06	1.807235152869e-09	2.845602282722e-09	9.695605737432e-10
-1.703600000000e-06	1.772895996422e-09	2.818284455949e-09	9.322631137632e-10
-1.703400000000e-06	1.586727574223e-09	2.654549890041e-09	6.826780056933e-10
-1.703200000000e-06	1.678758090053e-09	2.795791339277e-09	7.233788227014e-10
-1.703000000000e-06	1.501063660355e-09	2.597567133213e-09	5.502525848711e-10
-1.702800000000e-06	1.468848948683e-09	2.430143551711e-09	6.724336858120e-10
-1.702600000000e-06	1.531467678620e-09	2.623602320881e-09	6.023316871683e-10
-1.702400000000e-06	1.630958614983e-09	2.534133476703e-09	8.941210042446e-10
-1.702200000000e-06	1.526647714180e-09	2.746854917259e-09	4.643503948924e-10
-1.702000000000e-06	1.619476055130e-09	2.567048109151e-09	8.646290886808e-10
-1.701800000000e-06	1.592525981356e-09	2.670826343324e-09	6.972058953553e-10
-1.701600000000e-06	1.743319261570e-09	2.722876316391e-09	9.468202090749e-10
-1.701400000000e-06	1.664445226794e-09	2.645240475811e-09	8.247447716646e-10
-1.701200000000e-06	1.609698069020e-09	2.612037196054e-09	7.723418678144e-10
-1.701000000000e-06	1.632112506130e-09	2.631429509935e-09	7.966792705196e-10
-1.700800000000e-06	1.540147824582e-09	2.521392465798e-09	7.380809675760e-10
-1.700600000000e-06	1.421263491749e-09	2.528288713052e-09	4.959854538698e-10
-1.700400000000e-06	1.591102269103e-09	2.651452369057e-09	6.999617959596e-10
-1.700200000000e-06	1.549457035024e-09	2.469688448901e-09	7.798016545410e-10
-1.700000000000e-06	1.509779797511e-09	2.510638629310e-09	6.714085979719e-10
-1.699800000000e-06	1.616353169179e-09	2.492244429379e-09	8.515062928978e-10
-1.699600000000e-06	1.461322763322e-09	2.630789846099e-09	4.227764082070e-10
-1.699400000000e-06	1.450258478966e-09	2.402788823516e-09	6.630524077267e-10
-1.699200000000e-06	1.544214363269e-09	2.591082447527e-09	6.525442155111e-10
-1.699000000000e-06	1.531428758015e-09	2.466086053265e-09	8.016895374232e-10
-1.698800000000e-06	1.483191440545e-09	2.469605578210e-09	6.691590931727e-10
-1.698600000000e-06	1.618961948827e-09	2.746547671805e-09	6.081665309058e-10
-1.698400000000e-06	1.576011947644e-09	2.559029542453e-09	7.299049948960e-10
-1.698200000000e-06	1.474990359711e-09	2.406960501476e-09	6.775043483761e-10
-1.698000000000e-06	1.314473151328e-09	2.252138461971e-09	5.849514841854e-10
-1.697800000000e-06	1.375570603060e-09	2.421967743100e-09	4.950393999159e-10
-1.697600000000e-06	1.484727741644e-09	2.252614950086e-09	8.877380227879e-10
-1.697400000000e-06	1.374646144601e-09	2.073782178084e-09	8.114443389903e-10
-1.697200000000e-06	1.679980133020e-09	2.554917827202e-09	9.750400143540e-10
-1.697000000000e-06	1.653731072329e-09	2.790996545456e-09	6.808484523123e-10
-1.696800000000e-06	1.539532901841e-09	2.616226037704e-09	6.447428709446e-10
-1.696600000000e-06	1.590178622143e-09	2.483572204563e-09	8.330116118699e-10
-1.696400000000e-06	1.265968840998e-09	2.226677500623e-09	4.649543840580e-10
-1.696200000000e-06	1.602294647713e-09	2.555327639708e-09	8.410147028862e-10
-1.696000000000e-06	1.494988991803e-09	2.450055237180e-09	6.316174869783e-10
-1.695800000000e-06	1.278716471529e-09	2.119556866076e-09	5.477729677114e-10
-1.695600000000e-06	1.495829536324e-09	2.542106289847e-09	6.005224073588e-10
-1.695400000000e-06	1.436742444635e-09	2.323814713525e-09	7.198239061985e-10
-1.695200000000e-06	1.439940150828e-09	2.349249535963e-09	6.618238896839e-10
-1.695000000000e-06	1.394212748471e-09	2.222611915734e-09	7.294166048270e-10
-1.694800000000e-06	1.433385431678e-09	2.196085836689e-09	8.516020271736e-10
-1.694600000000e-06	1.540182183323e-09	2.556542147071e-09	6.730335415700e-10
-1.694400000000e-06	1.509723248627e-09	2.424985769774e-09	8.064904713850e-10
-1.694200000000e-06	1.322889923901e-09	2.324128175574e-09	4.514746902001e-10
-1.694000000000e-06	1.431936827319e-09	2.277110667078e-09	7.235601044304e-10
-1.693800000000e-06	1.486140707367e-09	2.418695374161e-09	6.548015726448e-10
-1.693600000000e-06	1.475043304816e-09	2.529915864995e-09	5.796085939374e-10
-1.693400000000e-06	1.437307826337e-09	2.335892527689e-09	7.023306149384e-10
-1.693200000000e-06	1.356742604664e-09	2.272266571217e-09	5.998812609182e-10
-1.693000000000e-06	1.323314262645e-09	2.225931953598e-09	5.676945060786e-10
-1.692800000000e-06	1.415977307126e-09	2.288056302855e-09	7.385305030955e-10
-1.692600000000e-06	1.418653212866e-09	2.304835627806e-09	7.216945818041e-10
-1.692400000000e-06	1.420092351473e-09	2.246835917217e-09	7.826068697373e-10
-1.692200000000e-06	1.496450958054e-09	2.370402164174e-09	7.535606683314e-10
-1.692000000000e-06	1.335934356987e-09	2.215583950629e-09	6.189137788350e-10
-1.691800000000e-06	1.491607507756e-09	2.382226163778e-09	7.499986602947e-10
-1.691600000000e-06	1.301254454812e-09	1.829596960319e-09	9.606584395348e-10
-1.691400000000e-06	1.385061433127e-09	2.321509663860e-09	5.840454277729e-10
-1.691200000000e-06	1.402537618084e-09	2.263724035278e-09	7.033438719119e-10
-1.691000000000e-06	1.206433271756e-09	2.059090828454e-09	5.592293454727e-10
-1.690800000000e-06	1.510937384580e-09	2.426041341992e-09	7.164841326197e-10
-1.690600000000e-06	1.341637006865e-09	2.199824395893e-09	6.546036057099e-10
-1.690400000000e-06	1.376599055050e-09	2.142701672823e-09	7.832858141034e-10
-1.690200000000e-06	1.490994079703e-09	2.366709068475e-09	7.359400086180e-10
-1.690000000000e-06	1.321289064643e-09	2.291848852253e-09	4.788504294361e-10
-1.689800000000e-06	1.408830564104e-09	2.188021376057e-09	8.279842618150e-10
-1.689600000000e-06	1.194770774685e-09	2.111502194964e-09	4.130683725424e-10
-1.689400000000e-06	1.367928207980e-09	2.092874899785e-09	7.945367968268e-10
-1.689200000000e-06	1.471353489539e-09	2.259153907157e-09	8.564646978247e-10
-1.689000000000e-06	1.416433214909e-09	2.132760297787e-09	8.878530240687e-10
-1.688800000000e-06	1.347763852859e-09	2.141048206533e-09	6.983115191713e-10
-1.688600000000e-06	1.309471860157e-09	2.041593989075e-09	5.658356565693e-10
-1.688400000000e-06	1.390408068496e-09	2.202291785453e-09	7.410715677724e-10
-1.688200000000e-06	1.358296907414e-09	2.292364802488e-09	5.684239095385e-10
-1.688000000000e-06	1.366766310518e-09	2.049606570516e-09	8.779249706987e-10
-1.687800000000e-06	1.302883691285e-09	2.296650042129e-09	4.516674024980e-10
-1.687600000000e-06	1.426670909590e-09	2.184787015156e-09	7.768718087486e-10
-1.687400000000e-06	1.360670885861e-09	2.094663515039e-09	7.472975092677e-10
-1.687200000000e-06	1.190757866365e-09	2.063964303004e-09	4.662227905083e-10
-1.687000000000e-06	1.174996495012e-09	1.885518727262e-09	6.297082533464e-10
-1.686800000000e-06	1.317596619828e-09	2.178758646109e-09	5.756036897930e-10
-1.686600000000e-06	1.287125270643e-09	2.062645860170e-09	6.759415653268e-10
-1.686400000000e-06	1.378920951997e-09	2.249132725619e-09	6.698225830244e-10
-1.686200000000e-06	1.227225284978e-09	1.927225616720e-09	6.949347588126e-10
-1.686000000000e-06	1.330599385544e-09	2.072184360418e-09	7.253827048882e-10
-1.685800000000e-06	1.266077269995e-09	2.161178424899e-09	4.943567788514e-10
-1.685600000000e-06	1.215991506315e-09	1.999024485136e-09	5.665813233627e-10
-1.685400000000e-06	1.270572266615e-09	2.057479458969e-09	6.095908188271e-10
-1.685200000000e-06	1.271733705432e-09	2.019084833041e-09	6.574262525595e-10
-1.685000000000e-06	1.305201677693e-09	2.021147622421e-09	7.469899901395e-10
-1.684800000000e-06	1.262696402098e-09	1.992643432371e-09	6.170633771446e-10
-1.684600000000e-06	1.231219221415e-09	2.045732052247e-09	5.127928676980e-10
-1.684400000000e-06	1.326414950224e-09	2.059178783301e-09	7.747784308832e-10
-1.684200000000e-06	1.249399501555e-09	2.068711736110e-09	5.362932158856e-10
-1.684000000000e-06	1.236163141591e-09	2.039338156329e-09	5.626169687838e-10
-1.683800000000e-06	1.136106974415e-09	1.890521762980e-09	5.142848657977e-10
-1.683600000000e-06	1.310374400337e-09	2.005253235590e-09	7.777007768054e-10
-1.683400000000e-06	1.202793971196e-09	2.055644383745e-09	4.759496234444e-10
-1.683200000000e-06	1.255370226026e-09	1.948225165955e-09	7.207833037323e-10
-1.683000000000e-06	1.352291569381e-09	2.141864668818e-09	7.052545885414e-10
-1.682800000000e-06	1.168757603435e-09	1.971030193380e-09	4.932870904078e-10
-1.682600000000e-06	1.326143195669e-09	2.084310482617e-09	7.059683499955e-10
-1.682400000000e-06	1.369368573039e-09	2.218977657266e-09	6.954287157981e-10
-1.682200000000e-06	1.292707289953e-09	2.066818640934e-09	6.194829066434e-10
-1.682000000000e-06	1.201228881406e-09	1.919808757054e-09	6.324260274431e-10
-1.681800000000e-06	1.129154527587e-09	1.813681363686e-09	5.578500203632e-10
-1.681600000000e-06	1.147145908302e-09	1.816116984135e-09	6.202993645159e-10
-1.681400000000e-06	1.329026066180e-09	2.177380252964e-09	6.239462773240e-10
-1.681200000000e-06	1.308207517165e-09	2.041604228866e-09	6.936790018685e-10
-1.681000000000e-06	1.079199752527e-09	1.962557203552e-09	3.334881286098e-10
-1.680800000000e-06	1.189367657065e-09	2.015535965778e-09	5.088574450145e-10
-1.680600000000e-06	1.128299110393e-09	1.864646670181e-09	6.688902362773e-10
-1.680400000000e-06	1.137920978009e-09	1.916308838992e-09	4.953151821882e-10
-1.680200000000e-06	1.198134618534e-09	1.830531038967e-09	7.010927013084e-10
-1.680000000000e-06	1.229441545028e-09	1.824446355797e-09	7.245175115668e-10
-1.679800000000e-06	1.218403910509e-09	2.058502253194e-09	5.079339482849e-10
-1.679600000000e-06	1.163668614469e-09	1.847428885531e-09	5.825832892046e-10
-1.679400000000e-06	1.189705422222e-09	1.925440048018e-09	5.706602981420e-10
-1.679200000000e-06	1.161648569720e-09	1.723881770679e-09	6.867450837444e-10
-1.679000000000e-06	1.112990801639e-09	1.740242216331e-09	6.388752485213e-10
-1.678800000000e-06	1.171800449937e-09	2.044249265850e-09	4.053435721643e-10
-1.678600000000e-06	1.107736773665e-09	1.948233843218e-09	4.221175868482e-10
-1.678400000000e-06	1.310269469118e-09	2.075886031699e-09	6.742366473185e-10
-1.678200000000e-06	1.132430047922e-09	1.846046454424e-09	5.303920794196e-10
-1.678000000000e-06	1.060529021493e-09	1.652455914680e-09	5.875348284916e-10
-1.677800000000e-06	1.004411601059e-09	1.875423097828e-09	2.766093462237e-10
-1.677600000000e-06	1.238590146503e-09	2.021322967829e-09	5.561289759975e-10
-1.677400000000e-06	1.128011244940e-09	1.761888802029e-09	6.265804614123e-10
-1.677200000000e-06	1.107280240918e-09	1.898182678332e-09	4.483729806742e-10
-1.677000000000e-06	1.148891031627e-09	1.752695861585e-09	6.649135609932e-10
-1.676800000000e-06	1.169825044713e-09	1.921589987878e-09	5.672369224783e-10
-1.676600000000e-06	1.032964955242e-09	1.812809029702e-09	3.790404149768e-10
-1.676400000000e-06	1.122963207864e-09	1.687906236301e-09	6.897228376416e-10
-1.676200000000e-06	1.119916789320e-09	1.861207794861e-09	4.970491869526e-10
-1.676000000000e-06	1.169760956560e-09	1.856970017350e-09	6.325821304006e-10
-1.675800000000e-06	1.045074058402e-09	1.682418998920e-09	4.940767965485e-10
-1.675600000000e-06	1.128618552122e-09	1.841730055937e-09	4.920857578912e-10
-1.675400000000e-06	1.130431016692e-09	1.826875242107e-09	5.540866925549e-10
-1.675200000000e-06	1.040927908664e-09	1.738366077799e-09	5.180839817139e-10
-1.675000000000e-06	1.050524840934e-09	1.782062098539e-09	4.465658628092e-10
-1.674800000000e-06	1.231612586558e-09	1.973092124906e-09	6.059302218666e-10
-1.674600000000e-06	1.074622118222e-09	1.741182437244e-09	5.467800617539e-10
-1.674400000000e-06	1.084909871631e-09	1.705494901167e-09	6.063600122391e-10
-1.674200000000e-06	1.113810642314e-09	1.687333701861e-09	6.715742462404e-10
-1.674000000000e-06	1.093120784288e-09	1.786625988452e-09	5.081253056141e-10
-1.673800000000e-06	1.042710835758e-09	1.692520465527e-09	5.454129825218e-10
-1.673600000000e-06	1.051767046287e-09	1.694308788160e-09	5.160919098755e-10
-1.673400000000e-06	1.230199850847e-09	1.816419750796e-09	7.663481804397e-10
-1.673200000000e-06	1.014790481721e-09	1.573979092810e-09	5.530889163316e-10
-1.673000000000e-06	1.070970769547e-09	1.692920793466e-09	5.798551448605e-10
-1.672800000000e-06	1.057251110047e-09	1.585713042007e-09	6.618410148980e-10
-1.672600000000e-06	1.117497995665e-09	1.790713317314e-09	5.523382590948e-10
-1.672400000000e-06	1.135265497975e-09	1.729760462502e-09	6.703543882264e-10
-1.672200000000e-06	1.097079473336e-09	1.758572464150e-09	5.418339583510e-10
-1.672000000000e-06	1.014539605375e-09	1.595578890853e-09	5.366684311869e-10
-1.671800000000e-06	1.075223275627e-09	1.703456896473e-09	5.748731548150e-10
-1.671600000000e-06	1.097979572303e-09	1.683536073755e-09	6.212364511720e-10
-1.671400000000e-06	1.165508000911e-09	1.800567272854e-09	6.458893614931e-10
-1.671200000000e-06	9.311775111436e-10	1.560493678734e-09	4.156263209610e-10
-1.671000000000e-06	1.084022337689e-09	1.837684787220e-09	4.452593704433e-10
-1.670800000000e-06	1.041747416695e-09	1.638178633854e-09	5.661227313025e-10
-1.670600000000e-06	1.044643604903e-09	1.645228419485e-09	5.647488951224e-10
-1.670400000000e-06	9.311669048385e-10	1.663527111143e-09	2.916188338791e-10
-1.670200000000e-06	1.028382488776e-09	1.718136383447e-09	4.602150425053e-10
-1.670000000000e-06	1.021783751454e-09	1.671461508591e-09	4.727443743470e-10
-1.669800000000e-06	1.090687101620e-09	1.744968869067e-09	5.755674318912e-10
-1.669600000000e-06	1.102521600600e-09	1.693379293509e-09	6.549838615145e-10
-1.669400000000e-06	1.109715032424e-09	1.740701525362e-09	6.150588129267e-10
-1.669200000000e-06	1.001524956046e-09	1.573232682779e-09	5.473113170945e-10
-1.669000000000e-06	9.896801991468e-10	1.506164162910e-09	5.882919615346e-10
-1.668800000000e-06	1.023668969245e-09	1.824006678411e-09	3.418208791481e-10
-1.668600000000e-06	1.078624390942e-09	1.739667461986e-09	5.118393866928e-10
-1.668400000000e-06	9.662394169573e-10	1.588932168083e-09	5.322958752868e-10
-1.668200000000e-06	1.026382213391e-09	1.585263018289e-09	6.103273054659e-10
-1.668000000000e-06	9.768724227678e-10	1.597148410468e-09	4.283496723913e-10
-1.667800000000e-06	1.016233209882e-09	1.652026504301e-09	4.986061391669e-10
-1.667600000000e-06	9.870042383470e-10	1.648602725919e-09	4.634365095733e-10
-1.667400000000e-06	9.406819442017e-10	1.392271620033e-09	6.148772669759e-10
-1.667200000000e-06	1.016768092423e-09	1.767933210899e-09	3.989078784831e-10
-1.667000000000e-06	1.053677892011e-09	1.606502590333e-09	6.348963980516e-10
-1.666800000000e-06	1.050445645986e-09	1.649989120333e-09	5.500722935182e-10
-1.666600000000e-06	9.849095113283e-10	1.561675502649e-09	4.719732340914e-10
-1.666400000000e-06	1.005708994956e-09	1.524766188569e-09	6.308177589126e-10
-1.666200000000e-06	9.602976985386e-10	1.579623121134e-09	4.458269064316e-10
-1.666000000000e-06	9.917136977221e-10	1.547704969929e-09	5.561547977768e-10
-1.665800000000e-06	9.590249911239e-10	1.542895465866e-09	4.915763820519e-10
-1.665600000000e-06	9.689549789774e-10	1.499165288949e-09	5.719370173831e-10
-1.665400000000e-06	9.986368541764e-10	1.669787180803e-09	4.469610004882e-10
-1.665200000000e-06	9.292567425286e-10	1.618614817713e-09	3.237427143929e-10
-1.665000000000e-06	9.831982360270e-10	1.549232596372e-09	5.311997413391e-10
-1.664800000000e-06	9.743272688306e-10	1.514607948725e-09	5.506888329622e-10
-1.664600000000e-06	9.225156778592e-10	1.338468291333e-09	5.551749006035e-10
-1.664400000000e-06	9.008283799990e-10	1.482866120168e-09	4.152421956871e-10
-1.664200000000e-06	1.041222291452e-09	1.664572863256e-09	5.216115108324e-10
-1.664000000000e-06	9.964900160139e-10	1.513280960657e-09	5.996185895317e-10
-1.663800000000e-06	1.001082115765e-09	1.543571674400e-09	5.666854610760e-10
-1.663600000000e-06	9.062557523339e-10	1.465795018900e-09	4.462900183602e-10
-1.663400000000e-06	9.733333903292e-10	1.644176529110e-09	4.116575028129e-10
-1.663200000000e-06	1.034132591120e-09	1.627353693183e-09	5.777787080250e-10
-1.663000000000e-06	8.991313443365e-10	1.523014014792e-09	3.769713625690e-10
-1.662800000000e-06	8.900120504498e-10	1.515035388948e-09	3.661858989874e-10
-1.662600000000e-06	9.394746225550e-10	1.535196538844e-09	4.717811867807e-10
-1.662400000000e-06	9.020669685415e-10	1.426716096881e-09	4.930171064616e-10
-1.662200000000e-06	9.895035467778e-10	1.576533784810e-09	4.978495388857e-10
-1.662000000000e-06	9.206551584596e-10	1.460153007307e-09	5.537116340477e-10
-1.661800000000e-06	9.919514817389e-10	1.637182825743e-09	4.640611748091e-10
-1.661600000000e-06	9.173555229222e-10	1.427379928226e-09	5.090245227304e-10
-1.661400000000e-06	9.015107731623e-10	1.402343195521e-09	5.547455580821e-10
-1.661200000000e-06	9.809755767142e-10	1.474548924389e-09	5.884908537932e-10
-1.661000000000e-06	8.721413304252e-10	1.498210004104e-09	3.371293312794e-10
-1.660800000000e-06	8.680925304939e-10	1.368474189488e-09	4.847676345791e-10
-1.660600000000e-06	8.796809007350e-10	1.386583792832e-09	5.163363245514e-10
-1.660400000000e-06	9.030438045376e-10	1.423201905846e-09	5.047576251567e-10
-1.660200000000e-06	9.383464594476e-10	1.483374507716e-09	5.285186377779e-10
-1.660000000000e-06	8.618069043726e-10	1.467743775151e-09	3.689846173745e-10
-1.659800000000e-06	9.015965468945e-10	1.405187555092e-09	5.301349782452e-10
-1.659600000000e-06	8.253744950926e-10	1.364242328998e-09	3.932821965434e-10
-1.659400000000e-06	9.072321827075e-10	1.380625401297e-09	5.536227474281e-10
-1.659200000000e-06	9.824120407471e-10	1.406891290525e-09	6.798256566960e-10
-1.659000000000e-06	9.530506347678e-10	1.488236994512e-09	5.329977586456e-10
-1.658800000000e-06	9.337333450421e-10	1.415489443629e-09	5.533702790626e-10
-1.658600000000e-06	8.315691290311e-10	1.354180735873e-09	3.946841657671e-10
-1.658400000000e-06	9.610587581193e-10	1.521149133886e-09	4.829916702736e-10
-1.658200000000e-06	9.261387254231e-10	1.556353446338e-09	4.005042581507e-10
-1.658000000000e-06	8.793385891300e-10	1.383279071784e-09	4.624322924548e-10
-1.657800000000e-06	8.352971806669e-10	1.439493549968e-09	3.402813182443e-10
-1.657600000000e-06	8.924806900517e-10	1.396903135896e-09	4.931469831179e-10
-1.657400000000e-06	8.947446377131e-10	1.367649543801e-09	5.016511447683e-10
-1.657200000000e-06	8.670386689418e-10	1.392349326377e-09	4.184098576391e-10
-1.657000000000e-06	8.664887238630e-10	1.429757997509e-09	3.846920672327e-10
-1.656800000000e-06	8.586807112162e-10	1.440766226807e-09	3.897810213998e-10
-1.656600000000e-06	9.344778595890e-10	1.536005850338e-09	4.152979249376e-10
-1.656400000000e-06	8.441801119540e-10	1.358699538019e-09	4.538078001185e-10
-1.656200000000e-06	8.282610069319e-10	1.343538360212e-09	4.094324410974e-10
-1.656000000000e-06	9.051169606658e-10	1.318995283684e-09	6.075565517740e-10
-1.655800000000e-06	9.231228079217e-10	1.469556641327e-09	4.739268326727e-10
-1.655600000000e-06	8.097636544352e-10	1.257479675907e-09	4.600398676210e-10
-1.655400000000e-06	8.414328051866e-10	1.311782633191e-09	4.770593963772e-10
-1.655200000000e-06	8.868215288558e-10	1.448820422655e-09	4.359991382428e-10
-1.655000000000e-06	9.268035685843e-10	1.537067304923e-09	3.957353681622e-10
-1.654800000000e-06	8.503520826016e-10	1.403206072114e-09	4.037081782512e-10
-1.654600000000e-06	8.630110503073e-10	1.369859915665e-09	4.293499441997e-10
-1.654400000000e-06	8.563714353532e-10	1.415137124303e-09	4.416313669837e-10
-1.654200000000e-06	8.830169271034e-10	1.266334128698e-09	5.869337448064e-10
-1.654000000000e-06	8.908814710017e-10	1.580099656120e-09	3.035160819162e-10
-1.653800000000e-06	8.837636757710e-10	1.451910960719e-09	4.358275388135e-10
-1.653600000000e-06	8.950851629551e-10	1.403728664287e-09	4.530798909932e-10
-1.653400000000e-06	8.461318047084e-10	1.232489651690e-09	4.883362021562e-10
-1.653200000000e-06	8.919337528606e-10	1.494267182849e-09	3.974265180958e-10
-1.653000000000e-06	8.162228327748e-10	1.352364959036e-09	3.911048284755e-10
-1.652800000000e-06	8.755069905817e-10	1.324389025565e-09	5.325223922778e-10
-1.652600000000e-06	7.912668970054e-10	1.218430345017e-09	4.704939938487e-10
-1.652400000000e-06	8.299005854046e-10	1.326950696660e-09	4.257095736427e-10
-1.652200000000e-06	7.930355657718e-10	1.262347316101e-09	3.991266894242e-10
-1.652000000000e-06	7.992119985578e-10	1.215714788353e-09	4.953241764494e-10
-1.651800000000e-06	8.531175643424e-10	1.370365385274e-09	4.161021204527e-10
-1.651600000000e-06	7.726481462658e-10	1.261952820533e-09	4.107348830049e-10
-1.651400000000e-06	8.996705886383e-10	1.453446205243e-09	4.820358857010e-10
-1.651200000000e-06	7.953531518202e-10	1.344621505442e-09	3.278858530763e-10
-1.651000000000e-06	8.695664042709e-10	1.364002080450e-09	4.557492560759e-10
-1.650800000000e-06	7.728681290356e-10	1.219962179357e-09	4.405198071684e-10
