-4.266800000000e-06	0.000000000000e+00	0.000000000000e+00	0.000000000000e+00
-4.266600000000e-06	0.000000000000e+00	0.000000000000e+00	0.000000000000e+00
-4.266400000000e-06	0.000000000000e+00	0.000000000000e+00	0.000000000000e+00
-4.266200000000e-06	0.000000000000e+00	0.000000000000e+00	0.000000000000e+00
-4.266000000000e-06	0.000000000000e+00	0.000000000000e+00	0.000000000000e+00
-4.265800000000e-06	0.000000000000e+00	0.000000000000e+00	0.000000000000e+00
-4.265600000000e-06	0.000000000000e+00	0.000000000000e+00	0.000000000000e+00
-4.265400000000e-06	0.000000000000e+00	0.000000000000e+00	0.000000000000e+00
-4.265200000000e-06	0.000000000000e+00	0.000000000000e+00	0.000000000000e+00
-4.265000000000e-06	0.000000000000e+00	0.000000000000e+00	0.000000000000e+00
-4.264800000000e-06	0.000000000000e+00	0.000000000000e+00	0.000000000000e+00
-4.264600000000e-06	0.000000000000e+00	0.000000000000e+00	0.000000000000e+00
-4.264400000000e-06	0.000000000000e+00	0.000000000000e+00	0.000000000000e+00
-4.264200000000e-06	0.000000000000e+00	0.000000000000e+00	0.000000000000e+00
-4.264000000000e-06	0.000000000000e+00	0.000000000000e+00	0.000000000000e+00
-4.263800000000e-06	0.000000000000e+00	0.000000000000e+00	0.000000000000e+00
-4.263600000000e-06	0.000000000000e+00	0.000000000000e+00	0.000000000000e+00
-4.263400000000e-06	0.000000000000e+00	0.000000000000e+00	0.000000000000e+00
-4.263200000000e-06	0.000000000000e+00	0.000000000000e+00	0.000000000000e+00
-4.263000000000e-06	0.000000000000e+00	0.000000000000e+00	0.000000000000e+00
-4.262800000000e-06	0.000000000000e+00	0.000000000000e+00	0.000000000000e+00
-4.262600000000e-06	0.000000000000e+00	0.000000000000e+00	0.000000000000e+00
-4.262400000000e-06	0.000000000000e+00	0.000000000000e+00	0.000000000000e+00
-4.262200000000e-06	0.000000000000e+00	0.000000000000e+00	0.000000000000e+00
-4.262000000000e-06	0.000000000000e+00	0.000000000000e+00	0.000000000000e+00
-4.261800000000e-06	0.000000000000e+00	0.000000000000e+00	0.000000000000e+00
-4.261600000000e-06	0.000000000000e+00	0.000000000000e+00	0.000000000000e+00
-4.261400000000e-06	0.000000000000e+00	0.000000000000e+00	0.000000000000e+00
-4.261200000000e-06	0.000000000000e+00	0.000000000000e+00	0.000000000000e+00
-4.261000000000e-06	0.000000000000e+00	0.000000000000e+00	0.000000000000e+00
-4.260800000000e-06	0.000000000000e+00	0.000000000000e+00	0.000000000000e+00
-4.260600000000e-06	0.000000000000e+00	0.000000000000e+00	0.000000000000e+00
-4.260400000000e-06	0.000000000000e+00	0.000000000000e+00	0.000000000000e+00
-4.260200000000e-06	0.000000000000e+00	0.000000000000e+00	0.000000000000e+00
-4.260000000000e-06	0.000000000000e+00	0.000000000000e+00	0.000000000000e+00
-4.259800000000e-06	0.000000000000e+00	0.000000000000e+00	0.000000000000e+00
-4.259600000000e-06	0.000000000000e+00	0.000000000000e+00	0.000000000000e+00
-4.259400000000e-06	0.000000000000e+00	0.000000000000e+00	0.000000000000e+00
-4.259200000000e-06	0.000000000000e+00	0.000000000000e+00	0.000000000000e+00
-4.259000000000e-06	0.000000000000e+00	0.000000000000e+00	0.000000000000e+00
-4.258800000000e-06	0.000000000000e+00	0.000000000000e+00	0.000000000000e+00
-4.258600000000e-06	0.000000000000e+00	0.000000000000e+00	0.000000000000e+00
-4.258400000000e-06	0.000000000000e+00	0.000000000000e+00	0.000000000000e+00
-4.258200000000e-06	0.000000000000e+00	0.000000000000e+00	0.000000000000e+00
-4.258000000000e-06	0.000000000000e+00	0.000000000000e+00	0.000000000000e+00
-4.257800000000e-06	0.000000000000e+00	0.000000000000e+00	0.000000000000e+00
-4.257600000000e-06	0.000000000000e+00	0.000000000000e+00	0.000000000000e+00
-4.257400000000e-06	0.000000000000e+00	0.000000000000e+00	0.000000000000e+00
-4.257200000000e-06	0.000000000000e+00	0.000000000000e+00	0.000000000000e+00
-4.257000000000e-06	0.000000000000e+00	0.000000000000e+00	0.000000000000e+00
-4.256800000000e-06	0.000000000000e+00	0.000000000000e+00	0.000000000000e+00
-4.256600000000e-06	0.000000000000e+00	0.000000000000e+00	0.000000000000e+00
-4.256400000000e-06	0.000000000000e+00	0.000000000000e+00	0.000000000000e+00
-4.256200000000e-06	0.000000000000e+00	0.000000000000e+00	0.000000000000e+00
-4.256000000000e-06	0.000000000000e+00	0.000000000000e+00	0.000000000000e+00
-4.255800000000e-06	0.000000000000e+00	0.000000000000e+00	0.000000000000e+00
-4.255600000000e-06	0.000000000000e+00	0.000000000000e+00	0.000000000000e+00
-4.255400000000e-06	0.000000000000e+00	0.000000000000e+00	0.000000000000e+00
-4.255200000000e-06	0.000000000000e+00	0.000000000000e+00	0.000000000000e+00
-4.255000000000e-06	0.000000000000e+00	0.000000000000e+00	0.000000000000e+00
-4.254800000000e-06	0.000000000000e+00	0.000000000000e+00	0.000000000000e+00
-4.254600000000e-06	0.000000000000e+00	0.000000000000e+00	0.000000000000e+00
-4.254400000000e-06	0.000000000000e+00	0.000000000000e+00	0.000000000000e+00
-4.254200000000e-06	0.000000000000e+00	0.000000000000e+00	0.000000000000e+00
-4.254000000000e-06	0.000000000000e+00	0.000000000000e+00	0.000000000000e+00
-4.253800000000e-06	0.000000000000e+00	0.000000000000e+00	0.000000000000e+00
-4.253600000000e-06	0.000000000000e+00	0.000000000000e+00	0.000000000000e+00
-4.253400000000e-06	0.000000000000e+00	0.000000000000e+00	0.000000000000e+00
-4.253200000000e-06	0.000000000000e+00	0.000000000000e+00	0.000000000000e+00
-4.253000000000e-06	0.000000000000e+00	0.000000000000e+00	0.000000000000e+00
-4.252800000000e-06	0.000000000000e+00	0.000000000000e+00	0.000000000000e+00
-4.252600000000e-06	0.000000000000e+00	0.000000000000e+00	0.000000000000e+00
-4.252400000000e-06	0.000000000000e+00	0.000000000000e+00	0.000000000000e+00
-4.252200000000e-06	0.000000000000e+00	0.000000000000e+00	0.000000000000e+00
-4.252000000000e-06	0.000000000000e+00	0.000000000000e+00	0.000000000000e+00
-4.251800000000e-06	0.000000000000e+00	0.000000000000e+00	0.000000000000e+00
-4.251600000000e-06	0.000000000000e+00	0.000000000000e+00	0.000000000000e+00
-4.251400000000e-06	0.000000000000e+00	0.000000000000e+00	0.000000000000e+00
-4.251200000000e-06	0.000000000000e+00	0.000000000000e+00	0.000000000000e+00
-4.251000000000e-06	0.000000000000e+00	0.000000000000e+00	0.000000000000e+00
-4.250800000000e-06	0.000000000000e+00	0.000000000000e+00	0.000000000000e+00
-4.250600000000e-06	0.000000000000e+00	0.000000000000e+00	0.000000000000e+00
-4.250400000000e-06	0.000000000000e+00	0.000000000000e+00	0.000000000000e+00
-4.250200000000e-06	0.000000000000e+00	0.000000000000e+00	0.000000000000e+00
-4.250000000000e-06	0.000000000000e+00	0.000000000000e+00	0.000000000000e+00
-4.249800000000e-06	0.000000000000e+00	0.000000000000e+00	0.000000000000e+00
-4.249600000000e-06	0.000000000000e+00	0.000000000000e+00	0.000000000000e+00
-4.249400000000e-06	0.000000000000e+00	0.000000000000e+00	0.000000000000e+00
-4.249200000000e-06	0.000000000000e+00	0.000000000000e+00	0.000000000000e+00
-4.249000000000e-06	0.000000000000e+00	0.000000000000e+00	0.000000000000e+00
-4.248800000000e-06	0.000000000000e+00	0.000000000000e+00	0.000000000000e+00
-4.248600000000e-06	0.000000000000e+00	0.000000000000e+00	0.000000000000e+00
-4.248400000000e-06	0.000000000000e+00	0.000000000000e+00	0.000000000000e+00
-4.248200000000e-06	0.000000000000e+00	0.000000000000e+00	0.000000000000e+00
-4.248000000000e-06	0.000000000000e+00	0.000000000000e+00	0.000000000000e+00
-4.247800000000e-06	0.000000000000e+00	0.000000000000e+00	0.000000000000e+00
-4.247600000000e-06	0.000000000000e+00	0.000000000000e+00	0.000000000000e+00
-4.247400000000e-06	0.000000000000e+00	0.000000000000e+00	0.000000000000e+00
-4.247200000000e-06	0.000000000000e+00	0.000000000000e+00	0.000000000000e+00
-4.247000000000e-06	0.000000000000e+00	0.000000000000e+00	0.000000000000e+00
-4.246800000000e-06	0.000000000000e+00	0.000000000000e+00	0.000000000000e+00
-4.246600000000e-06	0.000000000000e+00	0.000000000000e+00	0.000000000000e+00
-4.246400000000e-06	0.000000000000e+00	0.000000000000e+00	0.000000000000e+00
-4.246200000000e-06	0.000000000000e+00	0.000000000000e+00	0.000000000000e+00
-4.246000000000e-06	0.000000000000e+00	0.000000000000e+00	0.000000000000e+00
-4.245800000000e-06	0.000000000000e+00	0.000000000000e+00	0.000000000000e+00
-4.245600000000e-06	0.000000000000e+00	0.000000000000e+00	0.000000000000e+00
-4.245400000000e-06	0.000000000000e+00	0.000000000000e+00	0.000000000000e+00
-4.245200000000e-06	0.000000000000e+00	0.000000000000e+00	0.000000000000e+00
-4.245000000000e-06	0.000000000000e+00	0.000000000000e+00	0.000000000000e+00
-4.244800000000e-06	0.000000000000e+00	0.000000000000e+00	0.000000000000e+00
-4.244600000000e-06	0.000000000000e+00	0.000000000000e+00	0.000000000000e+00
-4.244400000000e-06	0.000000000000e+00	0.000000000000e+00	0.000000000000e+00
-4.244200000000e-06	0.000000000000e+00	0.000000000000e+00	0.000000000000e+00
-4.244000000000e-06	0.000000000000e+00	0.000000000000e+00	0.000000000000e+00
-4.243800000000e-06	0.000000000000e+00	0.000000000000e+00	0.000000000000e+00
-4.243600000000e-06	0.000000000000e+00	0.000000000000e+00	0.000000000000e+00
-4.243400000000e-06	0.000000000000e+00	0.000000000000e+00	0.000000000000e+00
-4.243200000000e-06	0.000000000000e+00	0.000000000000e+00	0.000000000000e+00
-4.243000000000e-06	0.000000000000e+00	0.000000000000e+00	0.000000000000e+00
-4.242800000000e-06	0.000000000000e+00	0.000000000000e+00	0.000000000000e+00
-4.242600000000e-06	0.000000000000e+00	0.000000000000e+00	0.000000000000e+00
-4.242400000000e-06	0.000000000000e+00	0.000000000000e+00	0.000000000000e+00
-4.242200000000e-06	0.000000000000e+00	0.000000000000e+00	0.000000000000e+00
-4.242000000000e-06	0.000000000000e+00	0.000000000000e+00	0.000000000000e+00
-4.241800000000e-06	0.000000000000e+00	0.000000000000e+00	0.000000000000e+00
-4.241600000000e-06	0.000000000000e+00	0.000000000000e+00	0.000000000000e+00
-4.241400000000e-06	0.000000000000e+00	0.000000000000e+00	0.000000000000e+00
-4.241200000000e-06	0.000000000000e+00	0.000000000000e+00	0.000000000000e+00
-4.241000000000e-06	0.000000000000e+00	0.000000000000e+00	0.000000000000e+00
-4.240800000000e-06	0.000000000000e+00	0.000000000000e+00	0.000000000000e+00
-4.240600000000e-06	0.000000000000e+00	0.000000000000e+00	0.000000000000e+00
-4.240400000000e-06	0.000000000000e+00	0.000000000000e+00	0.000000000000e+00
-4.240200000000e-06	0.000000000000e+00	0.000000000000e+00	0.000000000000e+00
-4.240000000000e-06	0.000000000000e+00	0.000000000000e+00	0.000000000000e+00
-4.239800000000e-06	0.000000000000e+00	0.000000000000e+00	0.000000000000e+00
-4.239600000000e-06	0.000000000000e+00	0.000000000000e+00	0.000000000000e+00
-4.239400000000e-06	0.000000000000e+00	0.000000000000e+00	0.000000000000e+00
-4.239200000000e-06	0.000000000000e+00	0.000000000000e+00	0.000000000000e+00
-4.239000000000e-06	-4.802728338865e-19	-8.527773976419e-19	-1.067796838740e-19
-4.238800000000e-06	1.928260425450e-19	3.195962742088e-19	6.569152584353e-20
-4.238600000000e-06	-2.109914699539e-16	-3.200335711544e-16	-1.090201147768e-16
-4.238400000000e-06	3.946585847936e-16	6.052215781663e-16	1.962052597214e-16
-4.238200000000e-06	-8.341648800956e-16	-1.267894773122e-15	-4.275205293551e-16
-4.238000000000e-06	-1.169489000063e-15	-1.775655003963e-15	-6.009136712847e-16
-4.237800000000e-06	1.288477619908e-15	1.956826438255e-15	6.620417604296e-16
-4.237600000000e-06	1.755375569702e-15	4.139472002672e-15	-8.116104936698e-16
-4.237400000000e-06	-2.451127667102e-15	-5.410899250570e-15	7.051436672201e-16
-4.237200000000e-06	5.379607916560e-15	8.126668216021e-15	2.806002025199e-15
-4.237000000000e-06	-3.621929141142e-15	-5.498539874617e-15	-1.856742991432e-15
-4.236800000000e-06	4.322530374160e-15	6.609637312132e-15	2.158407125971e-15
-4.236600000000e-06	-2.395689315712e-15	-3.032903133374e-15	-1.905089996849e-15
-4.236400000000e-06	-2.593709204515e-15	-1.055587911288e-14	6.410636322475e-15
-4.236200000000e-06	1.240924958416e-15	5.591283239364e-15	-3.703219503374e-15
-4.236000000000e-06	1.623694875690e-14	2.340912595976e-14	9.738159648625e-15
-4.235800000000e-06	7.818920375892e-15	6.981193845351e-15	9.660503298460e-15
-4.235600000000e-06	-1.571353655508e-14	-2.208927210766e-14	-1.005961520351e-14
-4.235400000000e-06	2.369297185309e-14	3.229564703511e-14	1.632418760986e-14
-4.235200000000e-06	-3.854955133682e-14	-5.069480791785e-14	-2.872753386380e-14
-4.235000000000e-06	-5.412038327277e-14	-6.405560674123e-14	-4.843088133465e-14
-4.234800000000e-06	4.189298021468e-14	5.062327993590e-14	3.648821156637e-14
-4.234600000000e-06	-6.638110824246e-14	-6.653774465542e-14	-7.363761480809e-14
-4.234400000000e-06	-2.857569674925e-14	-5.161349447638e-14	-5.014526225703e-15
-4.234200000000e-06	1.336110087392e-14	1.952233302463e-16	3.019762077285e-14
-4.234000000000e-06	-5.485681859389e-15	-8.007467817310e-15	-3.141484278812e-15
-4.233800000000e-06	1.999296906669e-14	2.411259891138e-14	1.736584608092e-14
-4.233600000000e-06	-4.007516384424e-14	-7.283654541378e-14	-6.053224815588e-15
-4.233400000000e-06	-3.030279535224e-14	5.102630073600e-16	-7.269695785545e-14
-4.233200000000e-06	-3.202863994368e-14	-7.318522407738e-14	1.444821771505e-14
-4.233000000000e-06	-1.009467030106e-14	-3.547676374708e-14	1.956048765124e-14
-4.232800000000e-06	-4.994992232103e-13	-1.292760745959e-12	3.929198308780e-13
-4.232600000000e-06	9.407197547993e-14	-6.317878662818e-13	9.554124410404e-13
-4.232400000000e-06	1.121288574766e-12	1.894061519330e-12	3.230692063491e-13
-4.232200000000e-06	-1.134720521136e-13	2.288398549598e-13	-5.280584082871e-13
-4.232000000000e-06	-1.892880344168e-13	6.224671750065e-14	-5.171964225243e-13
-4.231800000000e-06	-6.082744938782e-14	1.954537763915e-13	-3.688904083241e-13
-4.231600000000e-06	-5.817711503418e-13	-6.288009198359e-13	-5.834059496877e-13
-4.231400000000e-06	-2.374380521414e-13	-4.892859111352e-13	4.893590843415e-14
-4.231200000000e-06	-6.423215372599e-15	1.470032713097e-14	-3.386188549579e-14
-4.231000000000e-06	-6.554552821103e-13	-4.208010649653e-13	-9.958054242553e-13
-4.230800000000e-06	1.479158302158e-13	2.860084321722e-13	4.728612687357e-17
-4.230600000000e-06	-1.108962848464e-13	-9.976021227853e-14	-1.468511500878e-13
-4.230400000000e-06	-3.271642244282e-14	-4.661952792207e-13	4.622963706138e-13
-4.230200000000e-06	1.364084452044e-14	4.406826875052e-13	-4.807860021384e-13
-4.230000000000e-06	-1.544887433548e-13	-2.312556687297e-13	-7.574270003164e-14
-4.229800000000e-06	3.066129564410e-13	4.318031229877e-13	1.876517797572e-13
-4.229600000000e-06	-1.272888627960e-13	-2.295115954694e-13	-1.465699068843e-14
-4.229400000000e-06	4.151932505534e-14	3.831241543643e-13	-3.534515945783e-13
-4.229200000000e-06	-9.885837462540e-14	-2.812427172923e-13	1.031953913686e-13
-4.229000000000e-06	1.252602988556e-13	-2.697442386252e-15	2.883424531275e-13
-4.228800000000e-06	-3.571008714966e-14	-1.203361963527e-13	6.137643094187e-14
-4.228600000000e-06	2.193154170735e-13	1.376498379657e-14	4.903425260829e-13
-4.228400000000e-06	1.382949970952e-13	-3.616157431370e-13	7.344644230491e-13
-4.228200000000e-06	-8.440844759826e-13	-8.194867846554e-13	-9.671336542634e-13
-4.228000000000e-06	-6.833301612240e-13	-1.293225002442e-13	-1.396469185967e-12
-4.227800000000e-06	-5.948720455655e-14	-1.260343210698e-13	1.186814751801e-14
-4.227600000000e-06	1.241076363913e-13	-1.197703497894e-12	1.687439477225e-12
-4.227400000000e-06	-4.349111472703e-13	-9.534589772730e-13	1.254193114615e-13
-4.227200000000e-06	-1.280596516969e-12	-1.450466563558e-12	-1.205601529816e-12
-4.227000000000e-06	1.375722944096e-12	2.625221982023e-12	5.207376116215e-14
-4.226800000000e-06	-2.097795244486e-13	-7.886984674118e-13	4.574734102263e-13
-4.226600000000e-06	-7.043493273181e-13	-1.773000621039e-14	-1.578172348883e-12
-4.226400000000e-06	6.059472462637e-13	1.808688323043e-12	-7.440234362819e-13
-4.226200000000e-06	-2.467202964510e-12	-3.723448177147e-12	-1.244761069092e-12
-4.226000000000e-06	3.188366717829e-13	-5.310933206116e-14	7.909417243606e-13
-4.225800000000e-06	-5.677549369132e-13	-1.741254878273e-12	7.532084936804e-13
-4.225600000000e-06	-2.215070388447e-13	-9.649536465576e-14	-3.851916869007e-13
-4.225400000000e-06	-3.972709493380e-13	-2.004477618685e-13	-6.722951449447e-13
-4.225200000000e-06	-3.654868521964e-13	-5.723841845240e-13	-1.539887175125e-13
-4.225000000000e-06	-4.864380875602e-13	-6.455093979018e-13	-3.483931759384e-13
-4.224800000000e-06	2.151095747612e-13	1.070149959591e-12	-7.658210809940e-13
-4.224600000000e-06	-6.480734133957e-13	-1.407630613913e-12	1.822504697169e-13
-4.224400000000e-06	2.645506343988e-13	5.675986904455e-13	-6.771682604833e-14
-4.224200000000e-06	-2.493970435836e-12	-3.416055280695e-12	-1.625815644908e-12
-4.224000000000e-06	-1.469488726049e-12	-3.639543430796e-12	9.317714466736e-13
-4.223800000000e-06	-8.507058486377e-13	-3.451097125959e-13	-1.547193373463e-12
-4.223600000000e-06	-3.444562770474e-13	-3.863223217286e-12	3.743811290248e-12
-4.223400000000e-06	-1.930954120997e-12	-2.307713447562e-12	-1.660084619247e-12
-4.223200000000e-06	-1.121763090298e-12	4.828802711015e-13	-3.086881877461e-12
-4.223000000000e-06	-1.029225349129e-13	-3.808032515588e-13	2.042181832415e-13
-4.222800000000e-06	1.156967516482e-12	1.253667537495e-12	1.154137671474e-12
-4.222600000000e-06	-5.612709293007e-13	6.864120881162e-13	-2.092556205420e-12
-4.222400000000e-06	-1.642161073282e-12	-1.595430586472e-12	-1.837424459935e-12
-4.222200000000e-06	-1.481178460341e-12	-2.390750773298e-12	-5.603482408672e-13
-4.222000000000e-06	-8.756181464232e-13	-1.748471683056e-12	6.896918571554e-14
-4.221800000000e-06	6.323921406560e-13	2.354738973238e-13	1.162100449043e-12
-4.221600000000e-06	4.766785969756e-13	1.669332208913e-12	-8.827798164351e-13
-4.221400000000e-06	-3.181832308824e-12	-2.574187348191e-12	-4.197562584271e-12
-4.221200000000e-06	-1.378116027107e-12	-4.916112880163e-12	2.658417741897e-12
-4.221000000000e-06	-1.078683186890e-12	-3.551278770016e-12	1.730492587605e-12
-4.220800000000e-06	-4.867692698104e-13	-8.424775065663e-13	-1.067324938703e-13
-4.220600000000e-06	-9.407833692027e-13	-7.960742824055e-13	-1.194233630581e-12
-4.220400000000e-06	4.750427237592e-13	7.620948157916e-13	1.648362086210e-13
-4.220200000000e-06	-2.544235225365e-13	-8.630178700862e-13	4.470768715519e-13
-4.220000000000e-06	-4.759967463792e-13	-1.130462432430e-12	2.637436288271e-13
-4.219800000000e-06	-2.162285642689e-12	-6.718411489103e-12	2.981976959724e-12
-4.219600000000e-06	-4.510560473278e-12	-3.321034734021e-12	-6.275879976884e-12
-4.219400000000e-06	3.345833621504e-13	1.894719737463e-12	-1.473926663872e-12
-4.219200000000e-06	7.921314614385e-13	1.988601072536e-12	-5.452325489346e-13
-4.219000000000e-06	9.585828757635e-13	8.731950682661e-13	1.126100848467e-12
-4.218800000000e-06	-3.837624086515e-12	-5.759266907641e-12	-1.880594576492e-12
-4.218600000000e-06	-3.519414965144e-12	-8.440372706839e-12	1.868722603226e-12
-4.218400000000e-06	-5.581469170801e-12	-1.079531798171e-11	8.024230447858e-14
-4.218200000000e-06	-3.078513011870e-12	-3.977339855101e-13	-6.452077239918e-12
-4.218000000000e-06	-3.904449890558e-12	-7.352776268858e-12	-1.693842459180e-13
-4.217800000000e-06	-1.275622823366e-12	6.249043186302e-13	-3.600171433692e-12
-4.217600000000e-06	-2.858196614624e-12	-5.255175472543e-12	-2.873689744845e-13
-4.217400000000e-06	-2.055993849165e-12	-7.615219193929e-12	4.313009160123e-12
-4.217200000000e-06	-2.342069142238e-12	-2.362597308902e-12	-2.508809968780e-12
-4.217000000000e-06	-8.586077952982e-13	-3.531676665939e-13	-1.545035793324e-12
-4.216800000000e-06	-1.554445237967e-12	-3.372018536314e-12	4.052892148144e-13
-4.216600000000e-06	-1.437468118340e-12	-3.454469553268e-13	-2.814856207263e-12
-4.216400000000e-06	-4.053853007889e-13	8.190378332785e-13	-1.855030682138e-12
-4.216200000000e-06	1.769927638477e-12	2.067734275983e-12	1.570719015069e-12
-4.216000000000e-06	-5.633613325947e-12	-8.673407796968e-12	-2.558941102376e-12
-4.215800000000e-06	-5.200888135212e-12	-6.423013674004e-12	-4.171718441755e-12
-4.215600000000e-06	1.612724386184e-12	1.334079009229e-12	2.076588716964e-12
-4.215400000000e-06	-6.823255807434e-12	-9.861177457237e-12	-3.753755550399e-12
-4.215200000000e-06	-3.520705682410e-12	-3.849793853289e-12	-3.395276315140e-12
-4.215000000000e-06	7.243805533806e-13	4.024653969006e-12	-3.108527419816e-12
-4.214800000000e-06	-5.291613817733e-12	-7.764752170422e-12	-2.802421257997e-12
-4.214600000000e-06	-8.487195832819e-12	-1.399796130605e-11	-2.638252504546e-12
-4.214400000000e-06	1.963136662312e-12	4.592646183969e-12	-9.208971155025e-13
-4.214200000000e-06	-2.725469718373e-12	-9.698639900606e-13	-4.993790653635e-12
-4.214000000000e-06	-2.801976659874e-12	-4.602045395269e-12	-8.963581914620e-13
-4.213800000000e-06	-1.644788385442e-12	-1.580004121134e-12	-1.864193966405e-12
-4.213600000000e-06	-6.773931077007e-12	-8.647757625955e-12	-5.076858119821e-12
-4.213400000000e-06	-4.205767040054e-13	-2.279205797039e-12	1.669107411139e-12
-4.213200000000e-06	-4.187795769233e-12	-3.759709222742e-12	-5.013967719945e-12
-4.213000000000e-06	-4.382039310022e-12	-6.956974969325e-12	-1.712984082633e-12
-4.212800000000e-06	-1.030851941146e-11	-1.753110329542e-11	-2.647117153649e-12
-4.212600000000e-06	-7.215717666441e-12	-7.708951219633e-12	-7.216029968958e-12
-4.212400000000e-06	-6.751388087047e-12	-1.428073617496e-11	1.560448625895e-12
-4.212200000000e-06	-3.652058637637e-12	-3.205199051554e-12	-4.447865779779e-12
-4.212000000000e-06	-1.998264556342e-12	2.913256223114e-13	-4.772389103956e-12
-4.211800000000e-06	-5.111010675180e-12	-9.683489871529e-12	-9.813284834011e-14
-4.211600000000e-06	-5.124207661592e-12	-3.913342942283e-12	-6.852909203876e-12
-4.211400000000e-06	-2.233820563146e-12	-1.599275371558e-12	-3.154187853663e-12
-4.211200000000e-06	-1.159671372354e-11	-1.675065190118e-11	-6.355439688514e-12
-4.211000000000e-06	-1.498817560373e-11	-2.748769392125e-11	-1.331244407229e-12
-4.210800000000e-06	-1.531435626895e-12	2.899669025661e-13	-3.736957760971e-12
-4.210600000000e-06	-4.777929911223e-12	-5.884067309714e-12	-3.881600935459e-12
-4.210400000000e-06	-1.299700910689e-12	-2.778197157029e-12	2.706200350453e-13
-4.210200000000e-06	-6.531168144573e-12	-9.041330622704e-12	-4.086208866312e-12
-4.210000000000e-06	-1.754314293634e-11	-2.026669350088e-11	-1.558327733627e-11
-4.209800000000e-06	-1.053346230458e-11	-2.790374165241e-11	9.276769785078e-12
-4.209600000000e-06	-6.425022352587e-13	2.621823214635e-13	-1.753829289068e-12
-4.209400000000e-06	-9.025564151536e-12	-9.792456634189e-12	-8.680566436687e-12
-4.209200000000e-06	-1.019375819559e-11	-1.749706738276e-11	-2.359282556106e-12
-4.209000000000e-06	2.063989211657e-12	-2.428133945365e-12	7.623563869432e-12
-4.208800000000e-06	-1.271177455308e-11	-1.375957003508e-11	-1.243235738921e-11
-4.208600000000e-06	-1.318817021373e-11	-1.440759188437e-11	-1.256021858957e-11
-4.208400000000e-06	1.596483341253e-12	1.724779703445e-12	1.620580078206e-12
-4.208200000000e-06	-5.783685582663e-12	-1.425513794553e-11	3.830004025650e-12
-4.208000000000e-06	-1.313986756467e-11	-8.627974984115e-12	-1.938068815833e-11
-4.207800000000e-06	-1.883937521608e-11	-2.577904180102e-11	-1.194110923816e-11
-4.207600000000e-06	-9.104668412644e-12	-1.288208168418e-11	-5.347526021138e-12
-4.207400000000e-06	-1.323089953976e-11	-2.057263814927e-11	-5.546480232505e-12
-4.207200000000e-06	-2.885077367303e-12	-1.072061948998e-11	6.386460952988e-12
-4.207000000000e-06	-1.777739360943e-11	-2.558753148853e-11	-9.744129435518e-12
-4.206800000000e-06	-8.300040926366e-12	-1.167124453435e-11	-4.896303552828e-12
-4.206600000000e-06	-4.120111340574e-12	-6.194300318314e-12	-1.882692539488e-12
-4.206400000000e-06	-1.835794689205e-11	-1.963405614978e-11	-1.810666871132e-11
-4.206200000000e-06	-3.506096650154e-12	-5.304906770592e-12	-1.457656293336e-12
-4.206000000000e-06	-1.313990659053e-11	-1.478009206641e-11	-1.195377690736e-11
-4.205800000000e-06	-1.652774881367e-11	-8.496150731558e-12	-2.701251076197e-11
-4.205600000000e-06	1.456246217697e-12	-1.189708304429e-11	1.735431259217e-11
-4.205400000000e-06	-2.303539966871e-11	-4.275634164641e-11	-1.167231993266e-12
-4.205200000000e-06	-9.644810482284e-12	-9.425904466536e-12	-1.072857857113e-11
-4.205000000000e-06	-3.112587021236e-11	-4.251740287567e-11	-1.956644791002e-11
-4.204800000000e-06	-2.904077700920e-11	-4.030971918541e-11	-1.750932487151e-11
-4.204600000000e-06	-2.726750490938e-11	-2.970609525571e-11	-2.612696030111e-11
-4.204400000000e-06	-4.074726516332e-12	-1.928394491174e-12	-6.868085656559e-12
-4.204200000000e-06	-2.399553745668e-11	-3.932175482531e-11	-7.273224108546e-12
-4.204000000000e-06	-3.351670391135e-11	-5.101004711408e-11	-1.481420652217e-11
-4.203800000000e-06	-2.594852730701e-11	-5.640404594746e-11	8.553634154274e-12
-4.203600000000e-06	-5.859532388270e-12	1.128877859941e-12	-1.463208556790e-11
-4.203400000000e-06	-3.672422261309e-11	-6.670177691520e-11	-3.606498945979e-12
-4.203200000000e-06	-2.590630399257e-11	-6.241215634807e-12	-5.069516481048e-11
-4.203000000000e-06	-1.610112717240e-11	-4.670097006777e-11	1.910031265866e-11
-4.202800000000e-06	-9.799879628507e-12	-2.131442598375e-11	3.275621789765e-12
-4.202600000000e-06	-1.802976727187e-11	-2.855716182146e-11	-6.663551243957e-12
-4.202400000000e-06	-1.881618708044e-11	-3.003089896529e-11	-6.623189954788e-12
-4.202200000000e-06	-6.867319187238e-12	-3.323208632052e-12	-1.151798548985e-11
-4.202000000000e-06	-2.687265492612e-11	-5.526597221536e-11	4.992744591826e-12
-4.201800000000e-06	-2.847723885096e-11	-5.152416394823e-11	-2.728178672769e-12
-4.201600000000e-06	-1.637375251171e-11	-1.266387797647e-11	-2.175099019004e-11
-4.201400000000e-06	-2.297630591935e-11	-3.548326799624e-11	-9.411002916670e-12
-4.201200000000e-06	-2.797777606418e-11	-2.469853610874e-11	-3.328902731590e-11
-4.201000000000e-06	-2.669030356003e-11	-4.223756651440e-11	-9.640696962883e-12
-4.200800000000e-06	-5.120581564169e-11	-8.031252824478e-11	-1.982328726333e-11
-4.200600000000e-06	-3.355247581495e-11	-5.037213492067e-11	-1.451067383785e-11
-4.200400000000e-06	-2.218687087337e-11	-2.178400467241e-11	-2.426771729101e-11
-4.200200000000e-06	-2.114888799964e-11	-3.650178763763e-11	-4.186060096404e-12
-4.200000000000e-06	-4.834255928675e-11	-6.955440244687e-11	-2.586721592118e-11
-4.199800000000e-06	-2.403399645658e-11	-1.443658395671e-11	-3.662582163596e-11
-4.199600000000e-06	-1.773368838643e-11	-1.784560107044e-11	-1.847245954526e-11
-4.199400000000e-06	-1.211433618495e-11	-5.546174265188e-12	-2.072198480922e-11
-4.199200000000e-06	-4.580742450649e-11	-6.024659146958e-11	-3.105495612285e-11
-4.199000000000e-06	-3.543379963822e-11	-7.235273350687e-11	6.374935347893e-12
-4.198800000000e-06	-4.049344434876e-11	-7.147791148149e-11	-5.718119194923e-12
-4.198600000000e-06	-1.773981019575e-11	-2.637577562905e-11	-8.813535447235e-12
-4.198400000000e-06	-3.341122739931e-11	-6.164932913774e-11	-1.746479365802e-12
-4.198200000000e-06	-7.045312473759e-11	-8.785269862590e-11	-5.360823937647e-11
-4.198000000000e-06	-7.091637003282e-12	-3.709647411967e-11	2.817359299437e-11
-4.197800000000e-06	-3.487383770493e-11	-5.240636086435e-11	-1.566663998040e-11
-4.197600000000e-06	-4.737859428596e-11	-6.937958464082e-11	-2.386856343983e-11
-4.197400000000e-06	-4.623598231744e-11	-5.690586012563e-11	-3.576444488924e-11
-4.197200000000e-06	-6.081215933397e-11	-6.817626696595e-11	-5.483672140547e-11
-4.197000000000e-06	-3.883850748648e-11	-5.990524123787e-11	-1.577512291232e-11
-4.196800000000e-06	-6.658366444002e-11	-7.233943451750e-11	-6.292009996979e-11
-4.196600000000e-06	-3.177475503082e-11	-4.866723383944e-11	-1.312185417524e-11
-4.196400000000e-06	-5.384351900095e-11	-5.528289806231e-11	-5.477338031461e-11
-4.196200000000e-06	-5.000084423535e-11	-7.201951077315e-11	-2.605521145022e-11
-4.196000000000e-06	-1.962672545934e-11	-2.924668306545e-11	-9.257225001506e-12
-4.195800000000e-06	-4.833005581629e-11	-8.160573861054e-11	-1.103379021149e-11
-4.195600000000e-06	-4.900748596584e-11	-7.764106716802e-11	-1.749356499560e-11
-4.195400000000e-06	-3.347187176109e-11	-7.072034766587e-11	9.348653545735e-12
-4.195200000000e-06	-5.186665075498e-11	-6.086137672493e-11	-4.390220248840e-11
-4.195000000000e-06	-4.005043230903e-11	-4.505404591261e-11	-3.591209761883e-11
-4.194800000000e-06	-6.618870182678e-11	-1.050241273740e-10	-2.304981508628e-11
-4.194600000000e-06	-4.664634718327e-11	-6.460080588958e-11	-2.718501849558e-11
-4.194400000000e-06	-4.401716366558e-11	-9.815977639182e-11	1.762612813306e-11
-4.194200000000e-06	-4.083556066082e-11	-4.691195326449e-11	-3.534525010579e-11
-4.194000000000e-06	-9.876006841467e-11	-9.710871334518e-11	-1.052925387381e-10
-4.193800000000e-06	-6.152623903561e-11	-1.084591012190e-10	-8.674456146341e-12
-4.193600000000e-06	-6.577400360047e-11	-8.535982573538e-11	-4.577001432457e-11
-4.193400000000e-06	-6.948160376204e-11	-1.070308395239e-10	-2.814317224640e-11
-4.193200000000e-06	-6.353865127205e-11	-6.996457900717e-11	-5.874706810118e-11
-4.193000000000e-06	-8.845508220500e-11	-1.133172126118e-10	-6.233179684925e-11
-4.192800000000e-06	-7.605156967309e-11	-9.984538612632e-11	-5.108445501550e-11
-4.192600000000e-06	-5.205583656431e-11	-9.694442212159e-11	-1.095388374673e-12
-4.192400000000e-06	-8.611944292802e-11	-1.027740742115e-10	-6.964967738830e-11
-4.192200000000e-06	-3.283731941721e-11	-5.835885416567e-11	-4.158286217399e-12
-4.192000000000e-06	-6.255219000388e-11	-1.084179458828e-10	-1.059132974062e-11
-4.191800000000e-06	-6.290707911769e-11	-9.056757425017e-11	-3.270131472309e-11
-4.191600000000e-06	-4.422304304603e-11	-6.857237774759e-11	-1.703062440561e-11
-4.191400000000e-06	-6.449801011135e-11	-1.130134387601e-10	-9.461849065391e-12
-4.191200000000e-06	-5.399074113571e-11	-4.207617743834e-11	-7.029972045230e-11
-4.191000000000e-06	-7.248834352247e-11	-9.204704054430e-11	-5.176415301581e-11
-4.190800000000e-06	-1.353531200427e-10	-1.964783463953e-10	-6.809869256555e-11
-4.190600000000e-06	-7.678756328041e-11	-9.893101137763e-11	-5.332474114657e-11
-4.190400000000e-06	-1.140339850001e-10	-1.630092674144e-10	-6.036900999398e-11
-4.190200000000e-06	-4.783755888418e-11	-8.908424476704e-11	-7.481573474831e-13
-4.190000000000e-06	-7.582730547987e-11	-1.262225735830e-10	-1.880485348589e-11
-4.189800000000e-06	-4.989629576918e-11	-7.845878524618e-11	-1.780174386076e-11
-4.189600000000e-06	-1.064233708170e-10	-1.645706423077e-10	-4.134937544472e-11
-4.189400000000e-06	-6.725568009390e-11	-9.318085198514e-11	-3.915307117815e-11
-4.189200000000e-06	-7.199580879152e-11	-1.031952319454e-10	-3.771546940843e-11
-4.189000000000e-06	-9.701223087116e-11	-1.435035612281e-10	-4.524967127395e-11
-4.188800000000e-06	-1.110201683208e-10	-1.454403234098e-10	-7.420296337607e-11
-4.188600000000e-06	-1.129486375944e-10	-1.618029840484e-10	-5.840423114313e-11
-4.188400000000e-06	-1.090666584804e-10	-1.427442054692e-10	-7.278159341267e-11
-4.188200000000e-06	-5.947038284128e-11	-6.155790993273e-11	-5.897335864871e-11
-4.188000000000e-06	-8.381592228924e-11	-1.080926750764e-10	-5.793362346263e-11
-4.187800000000e-06	-1.038428430315e-10	-1.565293920554e-10	-4.468107913344e-11
-4.187600000000e-06	-9.142054989048e-11	-1.569238511798e-10	-1.667568205795e-11
-4.187400000000e-06	-1.446917922740e-10	-2.032711326884e-10	-7.922113181352e-11
-4.187200000000e-06	-8.637581762099e-11	-8.767462530116e-11	-8.769777765547e-11
-4.187000000000e-06	-6.210867841836e-11	-1.061305122760e-10	-1.183086315112e-11
-4.186800000000e-06	-1.268430867462e-10	-2.089098229480e-10	-3.218397001686e-11
-4.186600000000e-06	-1.239196841309e-10	-1.501103041424e-10	-9.916751546214e-11
-4.186400000000e-06	-1.093801526786e-10	-1.411185105434e-10	-7.669699027983e-11
-4.186200000000e-06	-1.398513619397e-10	-2.741278552732e-10	1.688547641456e-11
-4.186000000000e-06	-7.936178549142e-11	-8.583690320358e-11	-7.385590083068e-11
-4.185800000000e-06	-1.091685417596e-10	-1.441695416433e-10	-7.056180329434e-11
-4.185600000000e-06	-1.465343130154e-10	-1.911412430561e-10	-9.759086779997e-11
-4.185400000000e-06	-1.068664229417e-10	-1.711154322361e-10	-3.352282225621e-11
-4.185200000000e-06	-1.040074375117e-10	-1.806258438392e-10	-1.579420367610e-11
-4.185000000000e-06	-1.199641343193e-10	-1.867080326601e-10	-4.454920655654e-11
-4.184800000000e-06	-1.480669593060e-10	-1.482954172580e-10	-1.518170135732e-10
-4.184600000000e-06	-1.490960904686e-10	-1.982187028053e-10	-9.450277319543e-11
-4.184400000000e-06	-1.651753880485e-10	-2.125640686191e-10	-1.132672080093e-10
-4.184200000000e-06	-1.322982876876e-10	-1.916902395768e-10	-6.553790503093e-11
-4.184000000000e-06	-1.509873056551e-10	-2.469017881623e-10	-4.085920660690e-11
-4.183800000000e-06	-1.316739364546e-10	-1.963427483853e-10	-5.777185402655e-11
-4.183600000000e-06	-1.187300631432e-10	-1.604003772063e-10	-7.181895016798e-11
-4.183400000000e-06	-1.519205237546e-10	-2.470732446278e-10	-4.325021442517e-11
-4.183200000000e-06	-1.582427395893e-10	-1.810331594970e-10	-1.348157913384e-10
-4.183000000000e-06	-1.172694514663e-10	-1.906847205415e-10	-3.298249532742e-11
-4.182800000000e-06	-1.358884075632e-10	-1.512540327081e-10	-1.211340527474e-10
-4.182600000000e-06	-1.522742995749e-10	-2.067006302695e-10	-9.166939584073e-11
-4.182400000000e-06	-1.792472721684e-10	-2.452841513651e-10	-1.054471968195e-10
-4.182200000000e-06	-1.906296595247e-10	-2.516074075130e-10	-1.226430975283e-10
-4.182000000000e-06	-1.341692854036e-10	-2.101550884962e-10	-4.675693112187e-11
-4.181800000000e-06	-2.028807271945e-10	-3.117828432388e-10	-7.737603340038e-11
-4.181600000000e-06	-1.311999888978e-10	-1.692615325768e-10	-8.935310933328e-11
-4.181400000000e-06	-1.458703749339e-10	-2.466421324446e-10	-2.861285137401e-11
-4.181200000000e-06	-1.729023698516e-10	-1.984436097301e-10	-1.469044185174e-10
-4.181000000000e-06	-2.511005157891e-10	-3.406948851377e-10	-1.500890489687e-10
-4.180800000000e-06	-2.072641240913e-10	-2.976570880545e-10	-1.040948907618e-10
-4.180600000000e-06	-1.473988698448e-10	-2.032151162265e-10	-8.433202725158e-11
-4.180400000000e-06	-1.731368678109e-10	-2.573439849891e-10	-7.676269745192e-11
-4.180200000000e-06	-1.702079621223e-10	-1.901682077467e-10	-1.496167981486e-10
-4.180000000000e-06	-1.568137200937e-10	-2.777786763252e-10	-1.615030194286e-11
-4.179800000000e-06	-2.887067521122e-10	-4.102857115828e-10	-1.494633995427e-10
-4.179600000000e-06	-2.126882696384e-10	-3.720667921487e-10	-2.729048267193e-11
-4.179400000000e-06	-2.272594583331e-10	-3.028308440929e-10	-1.409492811995e-10
-4.179200000000e-06	-1.817385840889e-10	-2.365301981440e-10	-1.200021140373e-10
-4.179000000000e-06	-1.109662300853e-10	-1.723042420039e-10	-4.034989168051e-11
-4.178800000000e-06	-2.432482960806e-10	-3.293592546120e-10	-1.451144352902e-10
-4.178600000000e-06	-2.487787025544e-10	-3.131046255277e-10	-1.763003512618e-10
-4.178400000000e-06	-1.635836434529e-10	-1.690356314114e-10	-1.597449101916e-10
-4.178200000000e-06	-1.458759262798e-10	-2.080203553898e-10	-7.530744482716e-11
-4.178000000000e-06	-2.249212012111e-10	-3.681085743766e-10	-5.747453626413e-11
-4.177800000000e-06	-1.895492544680e-10	-2.009308716933e-10	-1.795501414328e-10
-4.177600000000e-06	-2.899349219789e-10	-4.097401771760e-10	-1.523069668795e-10
-4.177400000000e-06	-2.519687195542e-10	-4.216005892019e-10	-5.340177799846e-11
-4.177200000000e-06	-2.419626892633e-10	-2.754289795177e-10	-2.055832080606e-10
-4.177000000000e-06	-2.596965142769e-10	-3.898434581364e-10	-1.084537719776e-10
-4.176800000000e-06	-2.407636844150e-10	-3.385003487529e-10	-1.282945595629e-10
-4.176600000000e-06	-2.123225109725e-10	-3.373649634432e-10	-6.635215571803e-11
-4.176400000000e-06	-2.004925054352e-10	-2.825330306954e-10	-1.057895960803e-10
-4.176200000000e-06	-2.599355627246e-10	-3.300728198787e-10	-1.803048251480e-10
-4.176000000000e-06	-2.816848891846e-10	-3.629501479190e-10	-1.881882873662e-10
-4.175800000000e-06	-2.504422297445e-10	-3.295691369155e-10	-1.597254603909e-10
-4.175600000000e-06	-1.946480539294e-10	-2.523670815394e-10	-1.269953922113e-10
-4.175400000000e-06	-2.591674181379e-10	-3.290072033364e-10	-1.798704556940e-10
-4.175200000000e-06	-2.666996277441e-10	-3.431901951476e-10	-1.790698884151e-10
-4.175000000000e-06	-3.139975586896e-10	-4.876423062692e-10	-1.109119221725e-10
-4.174800000000e-06	-2.064753528015e-10	-3.753175115748e-10	-7.132129075126e-12
-4.174600000000e-06	-2.725430640300e-10	-3.590743390347e-10	-1.716867710342e-10
-4.174400000000e-06	-2.747993712604e-10	-2.872556021954e-10	-2.636422067535e-10
-4.174200000000e-06	-2.880070968381e-10	-4.631820011184e-10	-8.204517864563e-11
-4.174000000000e-06	-3.666970674832e-10	-4.339867021353e-10	-2.901922254684e-10
-4.173800000000e-06	-2.393408313491e-10	-3.916513725082e-10	-6.006847762661e-11
-4.173600000000e-06	-2.635217228563e-10	-4.062632904684e-10	-9.596198527690e-11
-4.173400000000e-06	-2.746072069512e-10	-4.000032325672e-10	-1.275240077268e-10
-4.173200000000e-06	-3.460261184900e-10	-4.814878367174e-10	-1.866487529064e-10
-4.173000000000e-06	-3.018528308169e-10	-4.134746547220e-10	-1.709793857250e-10
-4.172800000000e-06	-2.671764170053e-10	-3.741196797072e-10	-1.418466267404e-10
-4.172600000000e-06	-3.312461955894e-10	-4.867465622889e-10	-1.487727398016e-10
-4.172400000000e-06	-2.961183287525e-10	-4.836523363702e-10	-7.365729001490e-11
-4.172200000000e-06	-3.428409874027e-10	-4.484448259946e-10	-2.196614255540e-10
-4.172000000000e-06	-3.566120919659e-10	-4.281190764226e-10	-2.739854674308e-10
-4.171800000000e-06	-3.226014983214e-10	-5.215457396229e-10	-8.821425148915e-11
-4.171600000000e-06	-2.915574125311e-10	-3.015523243515e-10	-2.820453022374e-10
-4.171400000000e-06	-3.973022238180e-10	-6.346036241250e-10	-1.168535733596e-10
-4.171200000000e-06	-3.188864329887e-10	-4.625507815453e-10	-1.495659456682e-10
-4.171000000000e-06	-3.390725987815e-10	-4.816516191515e-10	-1.701420962831e-10
-4.170800000000e-06	-4.360759237848e-10	-6.867111102678e-10	-1.384419592527e-10
-4.170600000000e-06	-3.193542023061e-10	-4.002593970481e-10	-2.248663738656e-10
-4.170400000000e-06	-3.734209645778e-10	-4.919998140211e-10	-2.325765006375e-10
-4.170200000000e-06	-3.113239711570e-10	-3.796616714485e-10	-2.315206216862e-10
-4.170000000000e-06	-3.635485711903e-10	-4.858621624998e-10	-2.199914611812e-10
-4.169800000000e-06	-2.500449919164e-10	-3.551306897143e-10	-1.253427181143e-10
-4.169600000000e-06	-3.356510491247e-10	-4.942410074762e-10	-1.470944678682e-10
-4.169400000000e-06	-3.502581457684e-10	-5.316450358065e-10	-1.343458557435e-10
-4.169200000000e-06	-3.640592205611e-10	-5.080616444477e-10	-1.937059518889e-10
-4.169000000000e-06	-3.510238646790e-10	-4.828086861763e-10	-1.936572831843e-10
-4.168800000000e-06	-4.463162108657e-10	-5.951086842737e-10	-2.688175768934e-10
-4.168600000000e-06	-4.364186046102e-10	-5.743785850313e-10	-2.724773628099e-10
-4.168400000000e-06	-4.278785889087e-10	-5.357553783183e-10	-3.000617072793e-10
-4.168200000000e-06	-3.829079165606e-10	-4.920871199758e-10	-2.537909578966e-10
-4.168000000000e-06	-4.537727318623e-10	-5.530304912855e-10	-3.348092733596e-10
-4.167800000000e-06	-3.910153684937e-10	-5.162047981504e-10	-2.408961718681e-10
-4.167600000000e-06	-3.762823848369e-10	-5.648700768093e-10	-1.507954122913e-10
-4.167400000000e-06	-4.525444026482e-10	-6.117767588766e-10	-2.610772499210e-10
-4.167200000000e-06	-3.726060679791e-10	-5.310058022113e-10	-1.831819474525e-10
-4.167000000000e-06	-4.395236971546e-10	-6.529854400942e-10	-1.846762071483e-10
-4.166800000000e-06	-3.745031378706e-10	-4.729485048492e-10	-2.552035451884e-10
-4.166600000000e-06	-4.727154226812e-10	-7.541225811519e-10	-1.347856466840e-10
-4.166400000000e-06	-3.442901765553e-10	-4.710844893345e-10	-1.929640022613e-10
-4.166200000000e-06	-4.704044900095e-10	-6.851508368286e-10	-2.103392686479e-10
-4.166000000000e-06	-4.044788520563e-10	-6.531526105835e-10	-1.057440941255e-10
-4.165800000000e-06	-4.575762307054e-10	-6.197653034623e-10	-2.624688852129e-10
-4.165600000000e-06	-5.637465038996e-10	-7.267691568307e-10	-3.664998174227e-10
-4.165400000000e-06	-3.610441840130e-10	-4.897026146100e-10	-2.057010884984e-10
-4.165200000000e-06	-3.928983904733e-10	-5.595323315838e-10	-1.914638182245e-10
-4.165000000000e-06	-4.301869647859e-10	-6.204223534476e-10	-2.001382998939e-10
-4.164800000000e-06	-5.502556607506e-10	-7.678877085624e-10	-2.870666737592e-10
-4.164600000000e-06	-3.598133099578e-10	-5.941934143665e-10	-7.638859734020e-11
-4.164400000000e-06	-4.795092422513e-10	-6.590878217766e-10	-2.609736410194e-10
-4.164200000000e-06	-2.810435539241e-10	-4.579859913045e-10	-6.780008193393e-11
-4.164000000000e-06	-4.250097003751e-10	-5.886345474595e-10	-2.255620921196e-10
-4.163800000000e-06	-5.968078228265e-10	-8.358260148776e-10	-3.062579201051e-10
-4.163600000000e-06	-5.627800516057e-10	-7.604201387837e-10	-3.221739573677e-10
-4.163400000000e-06	-4.630186178358e-10	-6.025934387897e-10	-2.925286403903e-10
-4.163200000000e-06	-4.698161537729e-10	-8.035527633040e-10	-6.599557922016e-11
-4.163000000000e-06	-5.556678823735e-10	-7.098059642572e-10	-3.675381078902e-10
-4.162800000000e-06	-4.508902573948e-10	-5.440059436583e-10	-3.355378510661e-10
-4.162600000000e-06	-5.109781226289e-10	-7.874764512690e-10	-1.740486813498e-10
-4.162400000000e-06	-4.533963142745e-10	-6.495054283641e-10	-2.141587855307e-10
-4.162200000000e-06	-6.530558248068e-10	-8.082067947945e-10	-4.603782721583e-10
-4.162000000000e-06	-4.759870063418e-10	-5.906036138899e-10	-3.339291615573e-10
-4.161800000000e-06	-5.787598066366e-10	-7.705851759346e-10	-3.429020581963e-10
-4.161600000000e-06	-4.791247947848e-10	-7.379999248435e-10	-1.623440935934e-10
-4.161400000000e-06	-4.926806741336e-10	-6.906664848255e-10	-2.500010633781e-10
-4.161200000000e-06	-5.405256167465e-10	-7.136348942777e-10	-3.278401392131e-10
-4.161000000000e-06	-5.996200071009e-10	-8.177680917145e-10	-3.310445335975e-10
-4.160800000000e-06	-5.728135041200e-10	-8.261322253820e-10	-2.608442001634e-10
-4.160600000000e-06	-4.829141478927e-10	-6.412643993924e-10	-2.871789941162e-10
-4.160400000000e-06	-5.811431795684e-10	-6.715665993449e-10	-4.656913914089e-10
-4.160200000000e-06	-4.440991712368e-10	-7.567149682116e-10	-6.186492514593e-11
-4.160000000000e-06	-5.369612898135e-10	-7.335402972079e-10	-2.938097701492e-10
-4.159800000000e-06	-5.860433184960e-10	-9.158910282463e-10	-1.832103629443e-10
-4.159600000000e-06	-5.732559907640e-10	-7.590087574784e-10	-3.418015622147e-10
-4.159400000000e-06	-6.795559826774e-10	-7.846882740612e-10	-5.425014885800e-10
-4.159200000000e-06	-5.559939001146e-10	-7.668937792880e-10	-2.942016373679e-10
-4.159000000000e-06	-5.270880987755e-10	-7.310278252570e-10	-2.738802459060e-10
-4.158800000000e-06	-5.375306320044e-10	-7.361617295258e-10	-2.903444420182e-10
-4.158600000000e-06	-6.753112980571e-10	-9.666046083507e-10	-3.134860225140e-10
-4.158400000000e-06	-5.940281332210e-10	-9.249432398381e-10	-1.875802066368e-10
-4.158200000000e-06	-5.564773142202e-10	-7.812825065946e-10	-2.760514627266e-10
-4.158000000000e-06	-4.902765624796e-10	-6.121261933630e-10	-3.337743486624e-10
-4.157800000000e-06	-6.264812789836e-10	-7.663914242069e-10	-4.467684133307e-10
-4.157600000000e-06	-5.974345315444e-10	-8.591022776093e-10	-2.716636016368e-10
-4.157400000000e-06	-5.532288197530e-10	-7.710864153829e-10	-2.801307122314e-10
-4.157200000000e-06	-7.002325321780e-10	-8.316243489518e-10	-5.300253304233e-10
-4.157000000000e-06	-6.257111127419e-10	-9.886331331078e-10	-1.746857613856e-10
-4.156800000000e-06	-5.363541065365e-10	-7.938669835048e-10	-2.159283557373e-10
-4.156600000000e-06	-5.268633576767e-10	-9.302174499640e-10	-3.124618793694e-11
-4.156400000000e-06	-6.563234906766e-10	-8.668476495550e-10	-3.888683100977e-10
-4.156200000000e-06	-7.128191252244e-10	-9.111789157305e-10	-4.597872458609e-10
-4.156000000000e-06	-7.374295945546e-10	-9.124995243535e-10	-5.115380221368e-10
-4.155800000000e-06	-5.367030975846e-10	-7.787721883722e-10	-2.328606667231e-10
-4.155600000000e-06	-5.826141493815e-10	-8.493942975692e-10	-2.481421039152e-10
-4.155400000000e-06	-7.418916182817e-10	-9.405063623214e-10	-4.875819367016e-10
-4.155200000000e-06	-4.571080313157e-10	-8.443328576452e-10	1.958599127754e-11
-4.155000000000e-06	-7.864932787820e-10	-1.029732857021e-09	-4.768206801669e-10
-4.154800000000e-06	-6.512144055780e-10	-8.063472162975e-10	-4.493735261300e-10
-4.154600000000e-06	-5.576344902676e-10	-7.073297265807e-10	-3.641959320562e-10
-4.154400000000e-06	-6.633041536646e-10	-9.939166660813e-10	-2.500127357818e-10
-4.154200000000e-06	-5.411649569453e-10	-8.321252483681e-10	-1.767057788367e-10
-4.154000000000e-06	-6.614647401308e-10	-1.039208952315e-09	-1.900899996631e-10
-4.153800000000e-06	-6.980305313368e-10	-1.024875035537e-09	-2.849201053552e-10
-4.153600000000e-06	-6.468719485437e-10	-9.538741358012e-10	-2.593861560627e-10
-4.153400000000e-06	-8.435015898312e-10	-1.004363430038e-09	-6.294974964949e-10
-4.153200000000e-06	-5.675812728612e-10	-7.459037914667e-10	-3.378039670348e-10
-4.153000000000e-06	-6.308216294883e-10	-7.965703427761e-10	-4.138540591443e-10
-4.152800000000e-06	-8.231206641895e-10	-1.075717577322e-09	-4.969549461352e-10
-4.152600000000e-06	-7.731261336563e-10	-1.029498653857e-09	-4.437765640507e-10
-4.152400000000e-06	-7.161592453874e-10	-1.012357447379e-09	-3.395554040203e-10
-4.152200000000e-06	-7.580516238840e-10	-1.042227391011e-09	-3.926305514772e-10
-4.152000000000e-06	-6.595912631670e-10	-9.893716943250e-10	-2.436094451730e-10
-4.151800000000e-06	-8.226481286434e-10	-1.176201653394e-09	-3.717059852343e-10
-4.151600000000e-06	-7.205811952900e-10	-9.770010063472e-10	-3.923916821944e-10
-4.151400000000e-06	-8.406361065422e-10	-1.035767763555e-09	-5.812288736560e-10
-4.151200000000e-06	-5.998076752532e-10	-9.832417633731e-10	-1.171686316212e-10
-4.151000000000e-06	-6.881783894486e-10	-8.775652384706e-10	-4.385186633161e-10
-4.150800000000e-06	-6.888383465903e-10	-1.042040250893e-09	-2.417593634173e-10
-4.150600000000e-06	-8.165820527897e-10	-1.169051467242e-09	-3.650767995934e-10
