3.427000000000e-06	0.000000000000e+00	0.000000000000e+00	0.000000000000e+00
3.427200000000e-06	0.000000000000e+00	0.000000000000e+00	0.000000000000e+00
3.427400000000e-06	0.000000000000e+00	0.000000000000e+00	0.000000000000e+00
3.427600000000e-06	0.000000000000e+00	0.000000000000e+00	0.000000000000e+00
3.427800000000e-06	0.000000000000e+00	0.000000000000e+00	0.000000000000e+00
3.428000000000e-06	0.000000000000e+00	0.000000000000e+00	0.000000000000e+00
3.428200000000e-06	0.000000000000e+00	0.000000000000e+00	0.000000000000e+00
3.428400000000e-06	0.000000000000e+00	0.000000000000e+00	0.000000000000e+00
3.428600000000e-06	0.000000000000e+00	0.000000000000e+00	0.000000000000e+00
3.428800000000e-06	0.000000000000e+00	0.000000000000e+00	0.000000000000e+00
3.429000000000e-06	0.000000000000e+00	0.000000000000e+00	0.000000000000e+00
3.429200000000e-06	0.000000000000e+00	0.000000000000e+00	0.000000000000e+00
3.429400000000e-06	0.000000000000e+00	0.000000000000e+00	0.000000000000e+00
3.429600000000e-06	0.000000000000e+00	0.000000000000e+00	0.000000000000e+00
3.429800000000e-06	0.000000000000e+00	0.000000000000e+00	0.000000000000e+00
3.430000000000e-06	0.000000000000e+00	0.000000000000e+00	0.000000000000e+00
3.430200000000e-06	0.000000000000e+00	0.000000000000e+00	0.000000000000e+00
3.430400000000e-06	0.000000000000e+00	0.000000000000e+00	0.000000000000e+00
3.430600000000e-06	0.000000000000e+00	0.000000000000e+00	0.000000000000e+00
3.430800000000e-06	0.000000000000e+00	0.000000000000e+00	0.000000000000e+00
3.431000000000e-06	0.000000000000e+00	0.000000000000e+00	0.000000000000e+00
3.431200000000e-06	0.000000000000e+00	0.000000000000e+00	0.000000000000e+00
3.431400000000e-06	0.000000000000e+00	0.000000000000e+00	0.000000000000e+00
3.431600000000e-06	0.000000000000e+00	0.000000000000e+00	0.000000000000e+00
3.431800000000e-06	0.000000000000e+00	0.000000000000e+00	0.000000000000e+00
3.432000000000e-06	0.000000000000e+00	0.000000000000e+00	0.000000000000e+00
3.432200000000e-06	0.000000000000e+00	0.000000000000e+00	0.000000000000e+00
3.432400000000e-06	0.000000000000e+00	0.000000000000e+00	0.000000000000e+00
3.432600000000e-06	0.000000000000e+00	0.000000000000e+00	0.000000000000e+00
3.432800000000e-06	0.000000000000e+00	0.000000000000e+00	0.000000000000e+00
3.433000000000e-06	0.000000000000e+00	0.000000000000e+00	0.000000000000e+00
3.433200000000e-06	0.000000000000e+00	0.000000000000e+00	0.000000000000e+00
3.433400000000e-06	0.000000000000e+00	0.000000000000e+00	0.000000000000e+00
3.433600000000e-06	0.000000000000e+00	0.000000000000e+00	0.000000000000e+00
3.433800000000e-06	0.000000000000e+00	0.000000000000e+00	0.000000000000e+00
3.434000000000e-06	0.000000000000e+00	0.000000000000e+00	0.000000000000e+00
3.434200000000e-06	0.000000000000e+00	0.000000000000e+00	0.000000000000e+00
3.434400000000e-06	0.000000000000e+00	0.000000000000e+00	0.000000000000e+00
3.434600000000e-06	0.000000000000e+00	0.000000000000e+00	0.000000000000e+00
3.434800000000e-06	0.000000000000e+00	0.000000000000e+00	0.000000000000e+00
3.435000000000e-06	0.000000000000e+00	0.000000000000e+00	0.000000000000e+00
3.435200000000e-06	0.000000000000e+00	0.000000000000e+00	0.000000000000e+00
3.435400000000e-06	0.000000000000e+00	0.000000000000e+00	0.000000000000e+00
3.435600000000e-06	0.000000000000e+00	0.000000000000e+00	0.000000000000e+00
3.435800000000e-06	0.000000000000e+00	0.000000000000e+00	0.000000000000e+00
3.436000000000e-06	0.000000000000e+00	0.000000000000e+00	0.000000000000e+00
3.436200000000e-06	0.000000000000e+00	0.000000000000e+00	0.000000000000e+00
3.436400000000e-06	0.000000000000e+00	0.000000000000e+00	0.000000000000e+00
3.436600000000e-06	0.000000000000e+00	0.000000000000e+00	0.000000000000e+00
3.436800000000e-06	0.000000000000e+00	0.000000000000e+00	0.000000000000e+00
3.437000000000e-06	0.000000000000e+00	0.000000000000e+00	0.000000000000e+00
3.437200000000e-06	0.000000000000e+00	0.000000000000e+00	0.000000000000e+00
3.437400000000e-06	0.000000000000e+00	0.000000000000e+00	0.000000000000e+00
3.437600000000e-06	0.000000000000e+00	0.000000000000e+00	0.000000000000e+00
3.437800000000e-06	0.000000000000e+00	0.000000000000e+00	0.000000000000e+00
3.438000000000e-06	0.000000000000e+00	0.000000000000e+00	0.000000000000e+00
3.438200000000e-06	0.000000000000e+00	0.000000000000e+00	0.000000000000e+00
3.438400000000e-06	0.000000000000e+00	0.000000000000e+00	0.000000000000e+00
3.438600000000e-06	0.000000000000e+00	0.000000000000e+00	0.000000000000e+00
3.438800000000e-06	0.000000000000e+00	0.000000000000e+00	0.000000000000e+00
3.439000000000e-06	0.000000000000e+00	0.000000000000e+00	0.000000000000e+00
3.439200000000e-06	0.000000000000e+00	0.000000000000e+00	0.000000000000e+00
3.439400000000e-06	0.000000000000e+00	0.000000000000e+00	0.000000000000e+00
3.439600000000e-06	0.000000000000e+00	0.000000000000e+00	0.000000000000e+00
3.439800000000e-06	0.000000000000e+00	0.000000000000e+00	0.000000000000e+00
3.440000000000e-06	0.000000000000e+00	0.000000000000e+00	0.000000000000e+00
3.440200000000e-06	0.000000000000e+00	0.000000000000e+00	0.000000000000e+00
3.440400000000e-06	0.000000000000e+00	0.000000000000e+00	0.000000000000e+00
3.440600000000e-06	0.000000000000e+00	0.000000000000e+00	0.000000000000e+00
3.440800000000e-06	0.000000000000e+00	0.000000000000e+00	0.000000000000e+00
3.441000000000e-06	0.000000000000e+00	0.000000000000e+00	0.000000000000e+00
3.441200000000e-06	0.000000000000e+00	0.000000000000e+00	0.000000000000e+00
3.441400000000e-06	0.000000000000e+00	0.000000000000e+00	0.000000000000e+00
3.441600000000e-06	0.000000000000e+00	0.000000000000e+00	0.000000000000e+00
3.441800000000e-06	0.000000000000e+00	0.000000000000e+00	0.000000000000e+00
3.442000000000e-06	0.000000000000e+00	0.000000000000e+00	0.000000000000e+00
3.442200000000e-06	0.000000000000e+00	0.000000000000e+00	0.000000000000e+00
3.442400000000e-06	0.000000000000e+00	0.000000000000e+00	0.000000000000e+00
3.442600000000e-06	0.000000000000e+00	0.000000000000e+00	0.000000000000e+00
3.442800000000e-06	0.000000000000e+00	0.000000000000e+00	0.000000000000e+00
3.443000000000e-06	0.000000000000e+00	0.000000000000e+00	0.000000000000e+00
3.443200000000e-06	0.000000000000e+00	0.000000000000e+00	0.000000000000e+00
3.443400000000e-06	0.000000000000e+00	0.000000000000e+00	0.000000000000e+00
3.443600000000e-06	0.000000000000e+00	0.000000000000e+00	0.000000000000e+00
3.443800000000e-06	0.000000000000e+00	0.000000000000e+00	0.000000000000e+00
3.444000000000e-06	0.000000000000e+00	0.000000000000e+00	0.000000000000e+00
3.444200000000e-06	0.000000000000e+00	0.000000000000e+00	0.000000000000e+00
3.444400000000e-06	0.000000000000e+00	0.000000000000e+00	0.000000000000e+00
3.444600000000e-06	0.000000000000e+00	0.000000000000e+00	0.000000000000e+00
3.444800000000e-06	0.000000000000e+00	0.000000000000e+00	0.000000000000e+00
3.445000000000e-06	0.000000000000e+00	0.000000000000e+00	0.000000000000e+00
3.445200000000e-06	0.000000000000e+00	0.000000000000e+00	0.000000000000e+00
3.445400000000e-06	0.000000000000e+00	0.000000000000e+00	0.000000000000e+00
3.445600000000e-06	0.000000000000e+00	0.000000000000e+00	0.000000000000e+00
3.445800000000e-06	0.000000000000e+00	0.000000000000e+00	0.000000000000e+00
3.446000000000e-06	0.000000000000e+00	0.000000000000e+00	0.000000000000e+00
3.446200000000e-06	0.000000000000e+00	0.000000000000e+00	0.000000000000e+00
3.446400000000e-06	0.000000000000e+00	0.000000000000e+00	0.000000000000e+00
3.446600000000e-06	0.000000000000e+00	0.000000000000e+00	0.000000000000e+00
3.446800000000e-06	0.000000000000e+00	0.000000000000e+00	0.000000000000e+00
3.447000000000e-06	0.000000000000e+00	0.000000000000e+00	0.000000000000e+00
3.447200000000e-06	0.000000000000e+00	0.000000000000e+00	0.000000000000e+00
3.447400000000e-06	0.000000000000e+00	0.000000000000e+00	0.000000000000e+00
3.447600000000e-06	0.000000000000e+00	0.000000000000e+00	0.000000000000e+00
3.447800000000e-06	0.000000000000e+00	0.000000000000e+00	0.000000000000e+00
3.448000000000e-06	0.000000000000e+00	0.000000000000e+00	0.000000000000e+00
3.448200000000e-06	0.000000000000e+00	0.000000000000e+00	0.000000000000e+00
3.448400000000e-06	0.000000000000e+00	0.000000000000e+00	0.000000000000e+00
3.448600000000e-06	0.000000000000e+00	0.000000000000e+00	0.000000000000e+00
3.448800000000e-06	0.000000000000e+00	0.000000000000e+00	0.000000000000e+00
3.449000000000e-06	0.000000000000e+00	0.000000000000e+00	0.000000000000e+00
3.449200000000e-06	0.000000000000e+00	0.000000000000e+00	0.000000000000e+00
3.449400000000e-06	0.000000000000e+00	0.000000000000e+00	0.000000000000e+00
3.449600000000e-06	0.000000000000e+00	0.000000000000e+00	0.000000000000e+00
3.449800000000e-06	0.000000000000e+00	0.000000000000e+00	0.000000000000e+00
3.450000000000e-06	0.000000000000e+00	0.000000000000e+00	0.000000000000e+00
3.450200000000e-06	0.000000000000e+00	0.000000000000e+00	0.000000000000e+00
3.450400000000e-06	0.000000000000e+00	0.000000000000e+00	0.000000000000e+00
3.450600000000e-06	0.000000000000e+00	0.000000000000e+00	0.000000000000e+00
3.450800000000e-06	0.000000000000e+00	0.000000000000e+00	0.000000000000e+00
3.451000000000e-06	0.000000000000e+00	0.000000000000e+00	0.000000000000e+00
3.451200000000e-06	0.000000000000e+00	0.000000000000e+00	0.000000000000e+00
3.451400000000e-06	0.000000000000e+00	0.000000000000e+00	0.000000000000e+00
3.451600000000e-06	0.000000000000e+00	0.000000000000e+00	0.000000000000e+00
3.451800000000e-06	0.000000000000e+00	0.000000000000e+00	0.000000000000e+00
3.452000000000e-06	0.000000000000e+00	0.000000000000e+00	0.000000000000e+00
3.452200000000e-06	0.000000000000e+00	0.000000000000e+00	0.000000000000e+00
3.452400000000e-06	0.000000000000e+00	0.000000000000e+00	0.000000000000e+00
3.452600000000e-06	0.000000000000e+00	0.000000000000e+00	0.000000000000e+00
3.452800000000e-06	0.000000000000e+00	0.000000000000e+00	0.000000000000e+00
3.453000000000e-06	0.000000000000e+00	0.000000000000e+00	0.000000000000e+00
3.453200000000e-06	0.000000000000e+00	0.000000000000e+00	0.000000000000e+00
3.453400000000e-06	0.000000000000e+00	0.000000000000e+00	0.000000000000e+00
3.453600000000e-06	0.000000000000e+00	0.000000000000e+00	0.000000000000e+00
3.453800000000e-06	0.000000000000e+00	0.000000000000e+00	0.000000000000e+00
3.454000000000e-06	0.000000000000e+00	0.000000000000e+00	0.000000000000e+00
3.454200000000e-06	0.000000000000e+00	0.000000000000e+00	0.000000000000e+00
3.454400000000e-06	0.000000000000e+00	0.000000000000e+00	0.000000000000e+00
3.454600000000e-06	0.000000000000e+00	0.000000000000e+00	0.000000000000e+00
3.454800000000e-06	0.000000000000e+00	0.000000000000e+00	0.000000000000e+00
3.455000000000e-06	0.000000000000e+00	0.000000000000e+00	0.000000000000e+00
3.455200000000e-06	-9.095885122017e-18	-1.506551786378e-17	-4.986391859616e-18
3.455400000000e-06	9.539024697977e-18	1.568698839359e-17	5.351700337263e-18
3.455600000000e-06	-7.073176877670e-17	-1.060395176325e-16	-5.123127993512e-17
3.455800000000e-06	1.606069215730e-15	2.641376969966e-15	9.035559120373e-16
3.456000000000e-06	-1.302156998993e-15	-2.144936923765e-15	-7.285916834027e-16
3.456200000000e-06	7.710047135243e-16	-2.723488496237e-15	4.885890269554e-15
3.456400000000e-06	-4.775672369183e-15	-7.055887232529e-15	-3.582789585233e-15
3.456600000000e-06	1.978912234663e-15	1.224769940403e-15	3.396911279027e-15
3.456800000000e-06	-2.185243364803e-14	-1.773086993702e-14	-3.290585588547e-14
3.457000000000e-06	-1.738950682855e-14	-8.956815449388e-14	5.824035805357e-14
3.457200000000e-06	-3.478959012973e-14	-8.226121878576e-14	7.932353912533e-15
3.457400000000e-06	7.194383548591e-15	4.098777318620e-14	-2.839648733221e-14
3.457600000000e-06	-1.664154934399e-13	-4.201525630896e-13	6.556900960314e-14
3.457800000000e-06	-3.153663726668e-13	-6.370177832685e-13	-5.478077153504e-14
3.458000000000e-06	5.724359755786e-13	1.196607680927e-12	4.911484827622e-14
3.458200000000e-06	1.446555752043e-12	2.215076843051e-12	1.030318086063e-12
3.458400000000e-06	-4.650526315285e-13	-5.527336952386e-13	-5.103641596769e-13
3.458600000000e-06	-1.388850744809e-13	-1.259878472752e-12	1.093365908666e-12
3.458800000000e-06	-9.101158380458e-13	-6.820737687221e-13	-1.445878291360e-12
3.459000000000e-06	-5.273418720481e-14	9.918907158827e-13	-1.255384261226e-12
3.459200000000e-06	7.476122251006e-14	3.658542225682e-13	-2.308266180807e-13
3.459400000000e-06	-3.383050658757e-13	-7.107844913512e-13	-1.733693725596e-14
3.459600000000e-06	4.232628215404e-13	5.285270772883e-14	9.658904968982e-13
3.459800000000e-06	-8.131163822798e-14	-1.989110696588e-13	3.167450327232e-14
3.460000000000e-06	-2.178237100681e-13	-2.273966509964e-13	-2.720245610391e-13
3.460200000000e-06	-3.534243320700e-14	4.581718939332e-13	-6.047336412775e-13
3.460400000000e-06	-4.240690659866e-13	-3.978584022827e-13	-5.812976066809e-13
3.460600000000e-06	-5.223644552613e-13	-1.193085085512e-12	7.903239262511e-14
3.460800000000e-06	1.822529203057e-13	1.415929409849e-13	2.838129722979e-13
3.461000000000e-06	-1.030928641310e-13	-4.564589170691e-13	2.671960155344e-13
3.461200000000e-06	-1.177263746947e-13	-9.615449989095e-14	-1.761904262247e-13
3.461400000000e-06	-1.425620166327e-13	-3.072493244842e-13	-6.335800149945e-16
3.461600000000e-06	-3.427373785971e-14	3.560121311830e-13	-4.761677264944e-13
3.461800000000e-06	-1.885456042920e-12	-1.153314923289e-12	-3.247333980453e-12
3.462000000000e-06	9.236791656635e-14	-8.928299527557e-13	1.219222228269e-12
3.462200000000e-06	1.187531075604e-14	-6.793836136578e-13	7.793821060065e-13
3.462400000000e-06	-6.376854307494e-14	6.548441895847e-13	-8.664138497731e-13
3.462600000000e-06	-2.333896866949e-12	-3.197834873841e-12	-2.068450323525e-12
3.462800000000e-06	-8.522772481604e-14	1.251046035082e-12	-1.589221403852e-12
3.463000000000e-06	-8.752258878909e-13	-3.082795394542e-12	1.289575342359e-12
3.463200000000e-06	-3.428299578347e-13	-8.558334458542e-13	1.051053705317e-13
3.463400000000e-06	-2.227715599423e-13	-1.368112189048e-12	9.827942504605e-13
3.463600000000e-06	-4.997897784075e-13	-1.381420084160e-12	3.180157496421e-13
3.463800000000e-06	-1.002606188450e-12	-1.752867950501e-12	-4.570502131985e-13
3.464000000000e-06	-3.739818433645e-13	2.162604949420e-13	-1.139370384862e-12
3.464200000000e-06	-8.558053881974e-13	-3.457846348333e-14	-2.020597208831e-12
3.464400000000e-06	7.157180767260e-13	1.952455327032e-12	-4.392470502707e-13
3.464600000000e-06	-4.939348785472e-12	-8.930112597779e-12	-2.009684305510e-12
3.464800000000e-06	-1.098339347145e-12	-3.930698535343e-12	1.712013709044e-12
3.465000000000e-06	1.622637456708e-12	1.265885087384e-12	2.495556271619e-12
3.465200000000e-06	-2.218058665583e-12	-4.190354185465e-12	-7.014057272744e-13
3.465400000000e-06	-2.725419910085e-12	-3.454625635661e-12	-2.738581683382e-12
3.465600000000e-06	7.158573842337e-14	-4.214689081630e-12	4.846169067376e-12
3.465800000000e-06	-6.532486170634e-12	-5.118991879159e-12	-1.008706466322e-11
3.466000000000e-06	-1.188795897704e-12	-4.820019710915e-12	2.460109448713e-12
3.466200000000e-06	-5.823591480229e-13	-2.098647038361e-12	9.246089661187e-13
3.466400000000e-06	-3.217634950103e-12	-5.700757080291e-12	-1.454214791833e-12
3.466600000000e-06	-7.957679238152e-12	-6.829051754608e-12	-1.162768196390e-11
3.466800000000e-06	-3.291701268759e-12	-1.013965079103e-11	3.297872619387e-12
3.467000000000e-06	-2.831715701630e-12	-7.365044175357e-12	1.283699529781e-12
3.467200000000e-06	-1.645494618082e-12	2.512220024460e-14	-3.984985687458e-12
3.467400000000e-06	-4.257874885267e-12	-4.570654142346e-12	-5.233451759770e-12
3.467600000000e-06	-3.931076303203e-12	-6.175115912207e-12	-2.662643819545e-12
3.467800000000e-06	2.314208740132e-12	1.428073630993e-12	3.992104025881e-12
3.468000000000e-06	-3.901837477782e-12	-9.373826160153e-12	9.787499917498e-13
3.468200000000e-06	-9.272324323598e-12	-1.529716771246e-11	-5.480564881509e-12
3.468400000000e-06	-2.421640417099e-12	-5.771071157737e-12	5.638152666015e-13
3.468600000000e-06	-1.371064244751e-11	-2.525703148680e-11	-5.250294225452e-12
3.468800000000e-06	-7.654300007194e-12	-1.327462384261e-11	-3.829790826857e-12
3.469000000000e-06	4.647896168517e-13	-5.017094519413e-12	6.697607431123e-12
3.469200000000e-06	-1.079026530006e-11	-1.433231042312e-11	-1.024098028310e-11
3.469400000000e-06	-4.720297818029e-12	-1.749744845112e-12	-9.536227416926e-12
3.469600000000e-06	-1.150462865688e-11	-1.619297073235e-11	-9.947665502569e-12
3.469800000000e-06	-5.226642546558e-12	-1.150070485024e-11	8.985129279466e-14
3.470000000000e-06	-1.508963571837e-12	-1.795330163393e-12	-1.664167542916e-12
3.470200000000e-06	-5.317460928513e-12	-9.349576153836e-12	-2.568712738517e-12
3.470400000000e-06	-9.175279059219e-12	-1.384511812508e-11	-6.986028934345e-12
3.470600000000e-06	-1.588471709916e-11	-2.187182897253e-11	-1.425203165770e-11
3.470800000000e-06	-8.434741947989e-12	-1.434544323902e-11	-4.597599177613e-12
3.471000000000e-06	-1.185626137458e-11	-1.816256150506e-11	-8.661886279298e-12
3.471200000000e-06	-1.418288447495e-11	-2.580979362211e-11	-5.874940720276e-12
3.471400000000e-06	-1.240688641205e-12	8.522050689820e-13	-3.925931814637e-12
3.471600000000e-06	-1.785830402084e-11	-2.301560490438e-11	-1.781187857575e-11
3.471800000000e-06	-1.144982803279e-11	-3.896352682461e-11	1.530332874560e-11
3.472000000000e-06	-6.814943160492e-12	-4.305374735431e-12	-1.181976699403e-11
3.472200000000e-06	-1.946527636156e-11	-2.595744682637e-11	-1.856476708434e-11
3.472400000000e-06	-2.470865606768e-11	-5.131837512871e-11	-3.345858166890e-12
3.472600000000e-06	-2.092264517733e-11	-3.340826679009e-11	-1.387727645504e-11
3.472800000000e-06	-1.108540791751e-11	-1.427651638300e-11	-1.109193715123e-11
3.473000000000e-06	-1.593209202358e-11	-2.520813002908e-11	-1.087096382547e-11
3.473200000000e-06	-3.549703585939e-11	-4.036980555613e-11	-4.157153730845e-11
3.473400000000e-06	-1.243318025949e-11	-3.188429176023e-11	5.087536984682e-12
3.473600000000e-06	-2.774195787421e-11	-5.935867552151e-11	-1.928597711622e-12
3.473800000000e-06	-3.078208001592e-11	-5.575215155685e-11	-1.308096586164e-11
3.474000000000e-06	-1.729380466076e-11	-2.993121082049e-11	-9.070834854117e-12
3.474200000000e-06	-2.765507961094e-11	-4.821837395090e-11	-1.401673632786e-11
3.474400000000e-06	-2.699685127593e-11	-5.260606915492e-11	-7.413529068228e-12
3.474600000000e-06	-2.755136086735e-11	-4.652524365101e-11	-1.550502973926e-11
3.474800000000e-06	-2.886826009359e-11	-4.117448931259e-11	-2.481084535297e-11
3.475000000000e-06	-2.452465008456e-11	-3.754055783332e-11	-1.815271249942e-11
3.475200000000e-06	-1.800339132552e-11	-2.853316264213e-11	-1.223348848794e-11
3.475400000000e-06	-3.904341705964e-11	-5.585612911349e-11	-3.330383788531e-11
3.475600000000e-06	-3.433079396787e-11	-4.860466630866e-11	-2.992528105576e-11
3.475800000000e-06	-2.514148211741e-11	-5.787491488720e-11	2.547896368342e-12
3.476000000000e-06	-4.482379545971e-11	-7.802797969861e-11	-2.293722866287e-11
3.476200000000e-06	-3.978075773599e-11	-6.266320030269e-11	-2.793362336009e-11
3.476400000000e-06	-4.390490514107e-11	-4.855025486720e-11	-5.326945396305e-11
3.476600000000e-06	-4.621848715345e-11	-9.200590773692e-11	-1.099665412915e-11
3.476800000000e-06	-5.081697408545e-11	-1.098809891566e-10	-2.462080968571e-12
3.477000000000e-06	-5.003783667241e-11	-6.984076453878e-11	-4.488383766276e-11
3.477200000000e-06	-7.995244146301e-11	-1.303733800984e-10	-5.116770938841e-11
3.477400000000e-06	-2.794804638516e-11	-4.521126416045e-11	-1.833294096971e-11
3.477600000000e-06	-4.820807712083e-11	-8.045210597283e-11	-2.879886005260e-11
3.477800000000e-06	-5.112374577743e-11	-8.985855304676e-11	-2.544284396909e-11
3.478000000000e-06	-7.404780652380e-11	-1.441501815057e-10	-2.183262636926e-11
3.478200000000e-06	-5.139925408716e-11	-8.906805884410e-11	-2.704458915509e-11
3.478400000000e-06	-5.890705426032e-11	-9.432908426574e-11	-3.985223615121e-11
3.478600000000e-06	-6.815821002307e-11	-1.210272523667e-10	-3.288710650379e-11
3.478800000000e-06	-8.660566126355e-11	-1.540292195932e-10	-4.153513136427e-11
3.479000000000e-06	-3.568819461314e-11	-5.427758645046e-11	-2.723433328826e-11
3.479200000000e-06	-1.133116956358e-10	-1.813189141140e-10	-7.694575388734e-11
3.479400000000e-06	-8.448313111657e-11	-1.395886534287e-10	-5.227156619719e-11
3.479600000000e-06	-7.939678015740e-11	-1.402704585462e-10	-3.959368600247e-11
3.479800000000e-06	-1.012672016062e-10	-1.659007636639e-10	-6.424279047885e-11
3.480000000000e-06	-1.267421207870e-10	-2.175526633661e-10	-6.961796139612e-11
3.480200000000e-06	-7.467933176183e-11	-1.484888618710e-10	-1.914418155187e-11
3.480400000000e-06	-1.017140648574e-10	-2.057751577664e-10	-2.194887484049e-11
3.480600000000e-06	-1.135624500698e-10	-1.707271356292e-10	-8.933799186955e-11
3.480800000000e-06	-9.892142989243e-11	-1.267386373140e-10	-1.020400368852e-10
3.481000000000e-06	-9.349783657801e-11	-1.546128050945e-10	-5.806063250828e-11
3.481200000000e-06	-9.778886321435e-11	-2.102434200246e-10	-7.725214439548e-12
3.481400000000e-06	-1.262223209412e-10	-2.029180129799e-10	-8.486780120319e-11
3.481600000000e-06	-1.240653716935e-10	-2.516439291450e-10	-2.687410220467e-11
3.481800000000e-06	-1.028487497737e-10	-1.659492909383e-10	-6.896362971110e-11
3.482000000000e-06	-1.324524815604e-10	-2.070764937331e-10	-9.644004998816e-11
3.482200000000e-06	-1.754075713320e-10	-2.782186984166e-10	-1.225692734904e-10
3.482400000000e-06	-9.356659082967e-11	-1.799552506400e-10	-3.102082793913e-11
3.482600000000e-06	-1.894602606214e-10	-3.169467063442e-10	-1.139566893690e-10
3.482800000000e-06	-1.570084875809e-10	-2.756591616419e-10	-8.026451585939e-11
3.483000000000e-06	-9.252234161496e-11	-1.976884301429e-10	-1.101917286906e-11
3.483200000000e-06	-1.817306887715e-10	-2.680563689157e-10	-1.498841816018e-10
3.483400000000e-06	-1.799011620598e-10	-3.350544402992e-10	-7.255558566040e-11
3.483600000000e-06	-1.828889631899e-10	-2.827986852632e-10	-1.366935264937e-10
3.483800000000e-06	-1.402872442178e-10	-2.967780738397e-10	-1.744993250054e-11
3.484000000000e-06	-1.682186934837e-10	-3.485629760937e-10	-2.943415482347e-11
3.484200000000e-06	-1.749568037778e-10	-2.874220785230e-10	-1.124899124003e-10
3.484400000000e-06	-2.498729447354e-10	-4.457160145659e-10	-1.223424719073e-10
3.484600000000e-06	-2.260148125127e-10	-3.665881988980e-10	-1.510865651604e-10
3.484800000000e-06	-1.991333466340e-10	-2.925632862213e-10	-1.665197522352e-10
3.485000000000e-06	-2.524802020984e-10	-4.069162479807e-10	-1.720160282690e-10
3.485200000000e-06	-2.246438300361e-10	-4.410435035840e-10	-6.672240557254e-11
3.485400000000e-06	-1.988289192273e-10	-3.166862858088e-10	-1.396846531584e-10
3.485600000000e-06	-2.378878769055e-10	-3.278269326699e-10	-2.234162045014e-10
3.485800000000e-06	-2.662997769361e-10	-4.711350610870e-10	-1.359269847108e-10
3.486000000000e-06	-2.483526741241e-10	-4.453841407305e-10	-1.205301882529e-10
3.486200000000e-06	-2.792484774050e-10	-5.053007506616e-10	-1.307860903008e-10
3.486400000000e-06	-3.511831068195e-10	-6.171607124081e-10	-1.844883389090e-10
3.486600000000e-06	-3.116543999791e-10	-5.028160680886e-10	-2.131580247757e-10
3.486800000000e-06	-2.348358768959e-10	-4.595619519871e-10	-7.208280600680e-11
3.487000000000e-06	-2.864508135206e-10	-4.812615870829e-10	-1.743937485474e-10
3.487200000000e-06	-3.651138228452e-10	-7.027463356032e-10	-1.255729641937e-10
3.487400000000e-06	-3.766531642609e-10	-6.245234888092e-10	-2.401108046045e-10
3.487600000000e-06	-3.827589653739e-10	-6.378189390009e-10	-2.404870965124e-10
3.487800000000e-06	-3.448545741690e-10	-5.691844186944e-10	-2.236168847217e-10
3.488000000000e-06	-3.310571373158e-10	-5.339956956045e-10	-2.273965375707e-10
3.488200000000e-06	-4.319590938652e-10	-7.243115124523e-10	-2.666842770894e-10
3.488400000000e-06	-3.471236218556e-10	-5.771026904127e-10	-2.206604912076e-10
3.488600000000e-06	-3.467155644908e-10	-6.141036669020e-10	-1.791499298399e-10
3.488800000000e-06	-4.231759154854e-10	-8.305927699060e-10	-1.298726136362e-10
3.489000000000e-06	-3.398557108181e-10	-5.765141098824e-10	-2.051435337598e-10
3.489200000000e-06	-4.237599841552e-10	-7.130603263605e-10	-2.605954582946e-10
3.489400000000e-06	-4.180523703638e-10	-6.884044319780e-10	-2.741065129218e-10
3.489600000000e-06	-4.575332336411e-10	-7.315154305856e-10	-3.238854937025e-10
3.489800000000e-06	-4.533478015555e-10	-7.824315088402e-10	-2.584683640797e-10
3.490000000000e-06	-3.507870302219e-10	-5.925870382735e-10	-2.145689636221e-10
3.490200000000e-06	-4.138211702997e-10	-8.155210470089e-10	-1.259871321095e-10
3.490400000000e-06	-4.541566152677e-10	-6.933652573046e-10	-3.592642827209e-10
3.490600000000e-06	-5.319912086868e-10	-9.568567693265e-10	-2.620566986966e-10
3.490800000000e-06	-4.865558087198e-10	-8.223690396944e-10	-2.981810686063e-10
3.491000000000e-06	-6.552644137571e-10	-1.145440124137e-09	-3.605283292179e-10
3.491200000000e-06	-5.892510323852e-10	-1.015326886549e-09	-3.405279521964e-10
3.491400000000e-06	-4.793399308023e-10	-8.792872255067e-10	-2.171805567201e-10
3.491600000000e-06	-5.693541607080e-10	-1.066484316459e-09	-2.371193663158e-10
3.491800000000e-06	-5.673496648277e-10	-9.782000348306e-10	-3.278985509059e-10
3.492000000000e-06	-5.181709566873e-10	-7.424563444419e-10	-4.643559687481e-10
3.492200000000e-06	-6.200978990324e-10	-1.079608805223e-09	-3.471575112329e-10
3.492400000000e-06	-5.271345853857e-10	-1.095673178425e-09	-1.019314146639e-10
3.492600000000e-06	-6.696318568996e-10	-1.131520792573e-09	-4.142655325576e-10
3.492800000000e-06	-6.985041644776e-10	-1.106741379798e-09	-5.125956242614e-10
3.493000000000e-06	-5.967139627274e-10	-1.082752137694e-09	-2.884131089375e-10
3.493200000000e-06	-7.275953733263e-10	-1.166626725515e-09	-5.190165340788e-10
3.493400000000e-06	-7.817116551135e-10	-1.285646228435e-09	-5.231665778065e-10
3.493600000000e-06	-7.885156718106e-10	-1.355436581875e-09	-4.658773120800e-10
3.493800000000e-06	-7.630499314881e-10	-1.400484598153e-09	-3.522146994639e-10
3.494000000000e-06	-6.387524609724e-10	-1.247160119708e-09	-2.148387196520e-10
3.494200000000e-06	-7.715848538813e-10	-1.178422553468e-09	-6.164542456230e-10
3.494400000000e-06	-8.084424140738e-10	-1.517866898343e-09	-3.380625435099e-10
3.494600000000e-06	-8.052985828968e-10	-1.366651560214e-09	-4.967132782699e-10
3.494800000000e-06	-7.265062037251e-10	-1.294366426507e-09	-3.817592483313e-10
3.495000000000e-06	-8.067253323380e-10	-1.363855897637e-09	-5.026407707253e-10
3.495200000000e-06	-9.027203934908e-10	-1.435792508633e-09	-6.610182953567e-10
3.495400000000e-06	-9.639127640818e-10	-1.586668131000e-09	-6.498449274240e-10
3.495600000000e-06	-8.084548145554e-10	-1.614137477718e-09	-2.389057637184e-10
3.495800000000e-06	-8.689001690139e-10	-1.544112388535e-09	-4.621408789234e-10
3.496000000000e-06	-8.751036213921e-10	-1.371402933579e-09	-6.641268814847e-10
3.496200000000e-06	-9.146535341223e-10	-1.572446468987e-09	-5.465454529960e-10
3.496400000000e-06	-9.451425673856e-10	-1.801905252513e-09	-3.723162443114e-10
3.496600000000e-06	-8.021928386290e-10	-1.396706185179e-09	-4.619101118486e-10
3.496800000000e-06	-8.400756832376e-10	-1.380220405475e-09	-5.712542830288e-10
3.497000000000e-06	-9.991635986914e-10	-1.842122804340e-09	-4.632995370946e-10
3.497200000000e-06	-1.027592208906e-09	-2.051667075772e-09	-3.157107706727e-10
3.497400000000e-06	-1.230119795059e-09	-1.927004792755e-09	-9.414193095331e-10
3.497600000000e-06	-1.007685703101e-09	-1.820759640860e-09	-5.098111378112e-10
3.497800000000e-06	-9.849715797777e-10	-1.690340613944e-09	-5.964341541340e-10
3.498000000000e-06	-1.100020179634e-09	-1.834327431889e-09	-7.240614861595e-10
3.498200000000e-06	-1.210893387464e-09	-2.101521816003e-09	-7.067458460829e-10
3.498400000000e-06	-9.668004291457e-10	-1.633923701168e-09	-6.119099708269e-10
3.498600000000e-06	-1.215065737391e-09	-2.200136644231e-09	-6.147407033781e-10
3.498800000000e-06	-1.261245267453e-09	-2.122823974012e-09	-8.114178547852e-10
3.499000000000e-06	-1.120088762346e-09	-1.728729531370e-09	-8.918243666559e-10
3.499200000000e-06	-1.029156215715e-09	-1.876649545545e-09	-5.045386969567e-10
3.499400000000e-06	-1.047495857911e-09	-1.890888931302e-09	-5.359628042930e-10
3.499600000000e-06	-1.244064439269e-09	-2.220620105387e-09	-6.662848622145e-10
3.499800000000e-06	-1.256208063710e-09	-2.077737283889e-09	-8.518082181941e-10
3.500000000000e-06	-1.049153885275e-09	-1.917397299216e-09	-5.131813494179e-10
3.500200000000e-06	-1.321375540440e-09	-2.202637482337e-09	-8.796333583893e-10
3.500400000000e-06	-1.246482137510e-09	-2.133693368504e-09	-7.685300126370e-10
3.500600000000e-06	-1.323478313266e-09	-2.387173327598e-09	-6.867014749880e-10
3.500800000000e-06	-1.456179622436e-09	-2.642641952362e-09	-6.999160376343e-10
3.501000000000e-06	-1.220382817746e-09	-2.144805634260e-09	-6.981685455554e-10
3.501200000000e-06	-1.508587861606e-09	-2.561780755204e-09	-9.571493489280e-10
3.501400000000e-06	-1.375756787957e-09	-2.440511348661e-09	-7.619180818452e-10
3.501600000000e-06	-1.398428852127e-09	-2.483677723416e-09	-7.726141196197e-10
3.501800000000e-06	-1.472545278846e-09	-2.398499328283e-09	-1.035093284226e-09
3.502000000000e-06	-1.405630832555e-09	-2.508926569940e-09	-7.605453408860e-10
3.502200000000e-06	-1.437801219152e-09	-2.516144704518e-09	-8.388864168131e-10
3.502400000000e-06	-1.483452149887e-09	-2.494217370228e-09	-9.617857825373e-10
3.502600000000e-06	-1.598567556288e-09	-2.851583139094e-09	-8.972834881550e-10
3.502800000000e-06	-1.497912692294e-09	-2.565218941092e-09	-9.318099708661e-10
3.503000000000e-06	-1.328216650541e-09	-2.354349006297e-09	-7.698448359217e-10
3.503200000000e-06	-1.548943834304e-09	-2.705958058479e-09	-9.060817964524e-10
3.503400000000e-06	-1.378622403907e-09	-2.561630588109e-09	-6.469984922192e-10
3.503600000000e-06	-1.468684390295e-09	-2.615282090450e-09	-8.088725387192e-10
3.503800000000e-06	-1.654081571572e-09	-2.811855690554e-09	-1.048710353158e-09
3.504000000000e-06	-1.720581198238e-09	-2.895159410150e-09	-1.144576226416e-09
3.504200000000e-06	-1.662913749209e-09	-2.933289799958e-09	-9.511196481727e-10
3.504400000000e-06	-1.547788668930e-09	-2.492337280566e-09	-1.141349165376e-09
3.504600000000e-06	-1.545949149774e-09	-2.660871017699e-09	-9.543425962242e-10
3.504800000000e-06	-1.715335671285e-09	-2.691442507413e-09	-1.346719682435e-09
3.505000000000e-06	-1.656801296444e-09	-3.140357158406e-09	-7.132309017630e-10
3.505200000000e-06	-1.688558660343e-09	-3.043747899859e-09	-8.985524628611e-10
3.505400000000e-06	-1.713828235671e-09	-2.953511506282e-09	-1.055278208204e-09
3.505600000000e-06	-1.681948182652e-09	-2.871305732619e-09	-1.072759681007e-09
3.505800000000e-06	-1.913199060428e-09	-3.296101703522e-09	-1.185689745573e-09
3.506000000000e-06	-1.739658955554e-09	-3.135755230806e-09	-9.307957750028e-10
3.506200000000e-06	-1.707939299279e-09	-3.085425124184e-09	-9.047993306072e-10
3.506400000000e-06	-2.049556409309e-09	-3.550942905194e-09	-1.254473289996e-09
3.506600000000e-06	-1.809178641353e-09	-3.190390748900e-09	-1.046454982129e-09
3.506800000000e-06	-1.799378239852e-09	-3.157583997223e-09	-1.059279588861e-09
3.507000000000e-06	-1.909608899394e-09	-3.162281662738e-09	-1.327458064645e-09
3.507200000000e-06	-2.032689749850e-09	-3.669352406079e-09	-1.086592573814e-09
3.507400000000e-06	-1.806479364797e-09	-3.233770273731e-09	-9.985149935248e-10
3.507600000000e-06	-1.802024199941e-09	-3.147452651523e-09	-1.078741259270e-09
3.507800000000e-06	-1.818052895378e-09	-3.247526200948e-09	-1.014990823998e-09
3.508000000000e-06	-1.938744770690e-09	-3.476093140929e-09	-1.071014705816e-09
3.508200000000e-06	-1.951479333947e-09	-3.233572439964e-09	-1.360333796850e-09
3.508400000000e-06	-2.094925124287e-09	-3.766086474660e-09	-1.143544335954e-09
3.508600000000e-06	-1.819732653166e-09	-3.111276721088e-09	-1.172250160755e-09
3.508800000000e-06	-2.018028054936e-09	-3.167873447756e-09	-1.603153354617e-09
3.509000000000e-06	-2.061943731393e-09	-3.894397590885e-09	-9.957525416363e-10
3.509200000000e-06	-1.909650797425e-09	-3.287076351119e-09	-1.208938186054e-09
3.509400000000e-06	-2.054246831436e-09	-3.618729377121e-09	-1.211649353566e-09
3.509600000000e-06	-2.169886860223e-09	-3.622893101435e-09	-1.494905436019e-09
3.509800000000e-06	-1.928227817299e-09	-3.706026474961e-09	-8.068555207684e-10
3.510000000000e-06	-1.939696025286e-09	-3.351642306322e-09	-1.218333503588e-09
3.510200000000e-06	-2.053881867673e-09	-3.731953763075e-09	-1.095244732570e-09
3.510400000000e-06	-2.105893306543e-09	-3.454043986145e-09	-1.520780995242e-09
3.510600000000e-06	-1.906668310972e-09	-3.812114216339e-09	-6.440099262731e-10
3.510800000000e-06	-2.541215163758e-09	-4.237958803033e-09	-1.765040735735e-09
3.511000000000e-06	-2.246921651589e-09	-3.836844559804e-09	-1.469971713559e-09
3.511200000000e-06	-2.282280839270e-09	-4.085767231509e-09	-1.277651225776e-09
3.511400000000e-06	-1.995930596475e-09	-3.864496503500e-09	-8.126323323168e-10
3.511600000000e-06	-1.855288579376e-09	-3.149010309755e-09	-1.235692104821e-09
3.511800000000e-06	-2.222026451512e-09	-3.736459260106e-09	-1.517370565973e-09
3.512000000000e-06	-2.097828808283e-09	-3.777443783569e-09	-1.166520530952e-09
3.512200000000e-06	-2.262861868664e-09	-4.004465973370e-09	-1.333985468746e-09
3.512400000000e-06	-2.149408424711e-09	-3.684007426633e-09	-1.397277338804e-09
3.512600000000e-06	-2.359224433955e-09	-3.990430859162e-09	-1.593268659252e-09
3.512800000000e-06	-2.464699233189e-09	-4.356098519812e-09	-1.460576916345e-09
3.513000000000e-06	-2.506431107048e-09	-3.927395803763e-09	-2.037002543723e-09
3.513200000000e-06	-2.253562049675e-09	-4.279858622211e-09	-1.023728401508e-09
3.513400000000e-06	-2.496272952130e-09	-4.236195253080e-09	-1.674065034053e-09
3.513600000000e-06	-2.418415609797e-09	-4.040935553852e-09	-1.692529881148e-09
3.513800000000e-06	-2.476881855088e-09	-4.634931434284e-09	-1.198996009439e-09
3.514000000000e-06	-2.413154721082e-09	-4.368052159052e-09	-1.333163010888e-09
3.514200000000e-06	-2.225302885999e-09	-3.947022544014e-09	-1.311137652171e-09
3.514400000000e-06	-2.499251666319e-09	-4.438243857145e-09	-1.475031257945e-09
3.514600000000e-06	-2.373811893749e-09	-4.261637805919e-09	-1.350641406399e-09
3.514800000000e-06	-2.292822602378e-09	-4.085758897545e-09	-1.342875551372e-09
3.515000000000e-06	-2.770728851505e-09	-4.596207381159e-09	-1.982363362092e-09
3.515200000000e-06	-2.633333651551e-09	-4.572799138407e-09	-1.667529323965e-09
3.515400000000e-06	-2.224023195292e-09	-3.986280501439e-09	-1.282256555540e-09
3.515600000000e-06	-2.444538700674e-09	-4.402971421455e-09	-1.387358084395e-09
3.515800000000e-06	-2.218561235967e-09	-3.754991520930e-09	-1.518769282613e-09
3.516000000000e-06	-2.421233703679e-09	-4.591533952971e-09	-1.124531295696e-09
3.516200000000e-06	-2.547094215150e-09	-4.246674793060e-09	-1.813179300092e-09
3.516400000000e-06	-2.498529316200e-09	-4.331210470909e-09	-1.603817516917e-09
3.516600000000e-06	-2.782270459309e-09	-4.849120154969e-09	-1.759325105385e-09
3.516800000000e-06	-2.077001739955e-09	-4.377866722266e-09	-5.004118378102e-10
3.517000000000e-06	-2.662147873724e-09	-4.496968957343e-09	-1.836298375653e-09
3.517200000000e-06	-2.327790820074e-09	-4.159038360518e-09	-1.371032046764e-09
3.517400000000e-06	-2.367784770187e-09	-4.244243996675e-09	-1.377510782885e-09
3.517600000000e-06	-2.311051391348e-09	-4.183785275928e-09	-1.305693622917e-09
3.517800000000e-06	-2.843076717820e-09	-5.193540001594e-09	-1.550706931457e-09
3.518000000000e-06	-2.703966563659e-09	-4.703163031239e-09	-1.727566192354e-09
3.518200000000e-06	-2.409318669894e-09	-4.174413374591e-09	-1.561811802801e-09
3.518400000000e-06	-2.722702379056e-09	-5.003208056358e-09	-1.455296411280e-09
3.518600000000e-06	-2.221731449929e-09	-3.839224262852e-09	-1.456481407274e-09
3.518800000000e-06	-2.801941392073e-09	-4.923367160794e-09	-1.742755759589e-09
3.519000000000e-06	-2.785250720981e-09	-4.738601640711e-09	-1.908032030635e-09
3.519200000000e-06	-2.699861529614e-09	-4.604125935278e-09	-1.829588457945e-09
3.519400000000e-06	-2.515785930940e-09	-4.484925539720e-09	-1.503874171442e-09
3.519600000000e-06	-2.296967532269e-09	-4.555126117347e-09	-8.804476518717e-10
3.519800000000e-06	-2.539499577908e-09	-4.663068887605e-09	-1.376400016008e-09
3.520000000000e-06	-2.641843878944e-09	-4.454707235798e-09	-1.859743254379e-09
3.520200000000e-06	-2.601935205674e-09	-4.237570043715e-09	-1.991699660423e-09
3.520400000000e-06	-2.594868451322e-09	-5.126869139651e-09	-1.023748664763e-09
3.520600000000e-06	-2.721203211691e-09	-4.747281826655e-09	-1.743952635926e-09
3.520800000000e-06	-2.706894476946e-09	-4.396358391570e-09	-2.088902741411e-09
3.521000000000e-06	-2.743889244001e-09	-5.056272809444e-09	-1.486209438886e-09
3.521200000000e-06	-2.474524279922e-09	-4.592711756570e-09	-1.300072593390e-09
3.521400000000e-06	-2.895792997669e-09	-5.032444303858e-09	-1.889879769674e-09
3.521600000000e-06	-2.605952640531e-09	-4.697129433518e-09	-1.524994842131e-09
3.521800000000e-06	-2.967705766230e-09	-5.287420824393e-09	-1.798613774789e-09
3.522000000000e-06	-2.434198781356e-09	-4.294183833251e-09	-1.529746929200e-09
3.522200000000e-06	-2.423264297946e-09	-4.167262525016e-09	-1.634321299312e-09
3.522400000000e-06	-2.730408924562e-09	-4.663402878982e-09	-1.881744971006e-09
3.522600000000e-06	-2.541000420660e-09	-4.763042504732e-09	-1.296656387119e-09
3.522800000000e-06	-2.584270211121e-09	-4.291277534717e-09	-1.913198143619e-09
3.523000000000e-06	-2.762894826097e-09	-4.826504234490e-09	-1.791019098927e-09
3.523200000000e-06	-2.617640480336e-09	-4.419822359335e-09	-1.862187192558e-09
3.523400000000e-06	-2.705236087654e-09	-4.630873895904e-09	-1.874322823014e-09
3.523600000000e-06	-2.427068321615e-09	-4.444609807620e-09	-1.368084442678e-09
3.523800000000e-06	-2.804300028658e-09	-5.059802952775e-09	-1.655636069940e-09
3.524000000000e-06	-2.420516929829e-09	-4.561747454636e-09	-1.229002608989e-09
3.524200000000e-06	-2.517165631269e-09	-4.426645673533e-09	-1.614066618997e-09
3.524400000000e-06	-2.730284871500e-09	-4.614023181993e-09	-1.949349713743e-09
3.524600000000e-06	-2.581687852686e-09	-4.608781168564e-09	-1.589814338891e-09
3.524800000000e-06	-2.553213298390e-09	-4.498334627240e-09	-1.631943672220e-09
3.525000000000e-06	-2.496923483138e-09	-3.955365778714e-09	-2.062206498636e-09
3.525200000000e-06	-2.348097896653e-09	-4.212918879576e-09	-1.419123721277e-09
3.525400000000e-06	-2.544080403157e-09	-4.418828336729e-09	-1.704502242890e-09
3.525600000000e-06	-2.607361246150e-09	-4.681847467080e-09	-1.572065206799e-09
3.525800000000e-06	-2.535203765972e-09	-4.243829589900e-09	-1.871121361183e-09
3.526000000000e-06	-2.491824621676e-09	-4.524859281403e-09	-1.461173432760e-09
3.526200000000e-06	-2.811835234242e-09	-4.961762342714e-09	-1.802747572332e-09
3.526400000000e-06	-2.745095949472e-09	-4.757208721864e-09	-1.857455184585e-09
3.526600000000e-06	-2.622683636371e-09	-4.851202669457e-09	-1.450618778105e-09
3.526800000000e-06	-2.311382256504e-09	-4.472536340590e-09	-1.069120711001e-09
3.527000000000e-06	-2.597502999936e-09	-4.680395005800e-09	-1.569993798608e-09
3.527200000000e-06	-2.800332697909e-09	-4.710675872323e-09	-2.051381326148e-09
3.527400000000e-06	-2.713475036868e-09	-4.608578445795e-09	-1.940896718065e-09
3.527600000000e-06	-2.560208282590e-09	-4.535494346342e-09	-1.638489655862e-09
3.527800000000e-06	-2.569165515000e-09	-4.948950805980e-09	-1.223023615754e-09
3.528000000000e-06	-2.233946585624e-09	-4.010931096277e-09	-1.381058268650e-09
3.528200000000e-06	-2.611529320820e-09	-4.820251405642e-09	-1.468901878553e-09
3.528400000000e-06	-2.373660679242e-09	-4.091958914454e-09	-1.643452570406e-09
3.528600000000e-06	-2.586224913361e-09	-4.613397643256e-09	-1.631300379122e-09
3.528800000000e-06	-2.309874863206e-09	-4.475516292102e-09	-1.081842425175e-09
3.529000000000e-06	-2.608074595021e-09	-4.408380901855e-09	-1.902885610746e-09
3.529200000000e-06	-2.322109514257e-09	-4.367178741781e-09	-1.235351615143e-09
3.529400000000e-06	-2.112340306640e-09	-3.536724253777e-09	-1.580648760421e-09
3.529600000000e-06	-2.759320204664e-09	-4.864322057367e-09	-1.798895732180e-09
3.529800000000e-06	-2.394008697660e-09	-3.968144626071e-09	-1.842826569657e-09
3.530000000000e-06	-2.539275109778e-09	-5.030308979990e-09	-1.084169023810e-09
3.530200000000e-06	-2.712519971282e-09	-4.650045570318e-09	-1.923839332958e-09
3.530400000000e-06	-2.465813081024e-09	-4.463644275389e-09	-1.500228125485e-09
3.530600000000e-06	-2.579457750835e-09	-4.465477491336e-09	-1.790457432256e-09
3.530800000000e-06	-2.035609181555e-09	-3.378641485660e-09	-1.576145648138e-09
3.531000000000e-06	-2.393627655636e-09	-4.319819699130e-09	-1.480057742278e-09
3.531200000000e-06	-1.901628627423e-09	-3.861440475504e-09	-7.341123540768e-10
3.531400000000e-06	-2.548327338097e-09	-4.537117469964e-09	-1.644849896130e-09
3.531600000000e-06	-2.313688615221e-09	-4.035102881797e-09	-1.582793614390e-09
3.531800000000e-06	-2.422961927347e-09	-4.522534728828e-09	-1.344994071128e-09
3.532000000000e-06	-2.537189697400e-09	-4.178926389024e-09	-2.001795376530e-09
3.532200000000e-06	-2.060817551802e-09	-3.758157459757e-09	-1.250532872625e-09
3.532400000000e-06	-2.380931973315e-09	-4.381895707134e-09	-1.395030447658e-09
3.532600000000e-06	-2.535566205541e-09	-4.418087656972e-09	-1.746470400812e-09
3.532800000000e-06	-1.985104299813e-09	-3.971833894775e-09	-8.257703899012e-10
3.533000000000e-06	-2.351141514556e-09	-4.034289955830e-09	-1.695418288909e-09
3.533200000000e-06	-2.125802247425e-09	-3.916963857640e-09	-1.245428172196e-09
3.533400000000e-06	-1.933232338376e-09	-3.923517735682e-09	-7.610135437510e-10
3.533600000000e-06	-2.654963003179e-09	-4.815239557150e-09	-1.637219688620e-09
3.533800000000e-06	-2.384656937245e-09	-4.306324730180e-09	-1.493697743069e-09
3.534000000000e-06	-2.225588346133e-09	-3.964236266836e-09	-1.459820801256e-09
3.534200000000e-06	-2.849123060902e-09	-4.880797987504e-09	-2.063205540399e-09
3.534400000000e-06	-2.509635575868e-09	-4.242630705964e-09	-1.889658431964e-09
3.534600000000e-06	-1.943130143950e-09	-3.520611712890e-09	-1.222311638395e-09
3.534800000000e-06	-1.857265026896e-09	-2.991199015828e-09	-1.562477573221e-09
3.535000000000e-06	-2.173945833656e-09	-4.035245014158e-09	-1.266465256689e-09
3.535200000000e-06	-2.503088406183e-09	-4.172309788987e-09	-1.950000765890e-09
3.535400000000e-06	-2.455923087779e-09	-4.309987816006e-09	-1.640447430960e-09
3.535600000000e-06	-1.869584058464e-09	-3.694845228802e-09	-8.613209975525e-10
3.535800000000e-06	-2.274575788322e-09	-3.942983190509e-09	-1.623830906956e-09
3.536000000000e-06	-2.068778916476e-09	-3.732571812612e-09	-1.321141099605e-09
3.536200000000e-06	-1.995489352229e-09	-3.749484154895e-09	-1.120950323204e-09
3.536400000000e-06	-1.863517046228e-09	-3.613965819840e-09	-9.388702999478e-10
3.536600000000e-06	-1.956341552922e-09	-3.369456508577e-09	-1.427694826457e-09
3.536800000000e-06	-2.113280538326e-09	-3.546749173765e-09	-1.645527554484e-09
3.537000000000e-06	-2.252932816204e-09	-3.983705723103e-09	-1.533952664152e-09
3.537200000000e-06	-1.865469108646e-09	-3.672720649860e-09	-8.808045183822e-10
3.537400000000e-06	-1.922442183124e-09	-3.431242146363e-09	-1.286309752383e-09
3.537600000000e-06	-2.046753819163e-09	-3.819296456785e-09	-1.187946929241e-09
3.537800000000e-06	-2.204197088961e-09	-3.873525181542e-09	-1.536327124417e-09
3.538000000000e-06	-1.798125149738e-09	-3.203736252439e-09	-1.227157491119e-09
3.538200000000e-06	-2.388654807519e-09	-4.373935264968e-09	-1.477889855655e-09
3.538400000000e-06	-2.043117430522e-09	-3.617595689441e-09	-1.401028764923e-09
3.538600000000e-06	-1.751911432305e-09	-3.133420863126e-09	-1.173271484093e-09
3.538800000000e-06	-1.920146389106e-09	-3.439952613471e-09	-1.289443269995e-09
3.539000000000e-06	-1.941332441627e-09	-3.627307164078e-09	-1.137436554252e-09
3.539200000000e-06	-1.741348195787e-09	-3.125592355074e-09	-1.165770689490e-09
3.539400000000e-06	-1.641841012483e-09	-2.569033528469e-09	-1.501850444860e-09
3.539600000000e-06	-1.747375992919e-09	-3.005670932461e-09	-1.314910326629e-09
3.539800000000e-06	-1.761311016057e-09	-3.145538275048e-09	-1.211781134598e-09
3.540000000000e-06	-2.156694584562e-09	-3.998407362407e-09	-1.296699893315e-09
3.540200000000e-06	-1.928951730392e-09	-3.071876107680e-09	-1.707026521274e-09
3.540400000000e-06	-1.392352484314e-09	-3.474528232554e-09	1.001664501360e-10
3.540600000000e-06	-1.686502223755e-09	-3.019824158189e-09	-1.142845924380e-09
3.540800000000e-06	-1.758939381229e-09	-2.922328380772e-09	-1.436725162957e-09
3.541000000000e-06	-1.679796544460e-09	-3.384642889925e-09	-7.446813415329e-10
3.541200000000e-06	-1.323595918403e-09	-2.589320905143e-09	-6.834341585748e-10
3.541400000000e-06	-2.230853364334e-09	-3.573590995065e-09	-1.942485111839e-09
3.541600000000e-06	-1.730796919770e-09	-2.872864447274e-09	-1.421324668276e-09
3.541800000000e-06	-1.817242876712e-09	-3.302906122034e-09	-1.189840736348e-09
3.542000000000e-06	-1.956209273169e-09	-3.473857805835e-09	-1.363777864262e-09
3.542200000000e-06	-1.621301155177e-09	-3.046150146045e-09	-9.662721954478e-10
3.542400000000e-06	-2.003625994475e-09	-3.922011413122e-09	-9.939896067676e-10
3.542600000000e-06	-1.596428335896e-09	-2.688827884576e-09	-1.306579380026e-09
3.542800000000e-06	-1.397594510567e-09	-2.695046045319e-09	-7.693023131436e-10
3.543000000000e-06	-1.873072919918e-09	-3.457701733768e-09	-1.177395459167e-09
3.543200000000e-06	-1.648682158349e-09	-2.776462472361e-09	-1.307226730727e-09
