-5.320000000000e-08	0.000000000000e+00	0.000000000000e+00	0.000000000000e+00
-5.300000000000e-08	0.000000000000e+00	0.000000000000e+00	0.000000000000e+00
-5.280000000000e-08	0.000000000000e+00	0.000000000000e+00	0.000000000000e+00
-5.260000000000e-08	0.000000000000e+00	0.000000000000e+00	0.000000000000e+00
-5.240000000000e-08	0.000000000000e+00	0.000000000000e+00	0.000000000000e+00
-5.220000000000e-08	0.000000000000e+00	0.000000000000e+00	0.000000000000e+00
-5.200000000000e-08	0.000000000000e+00	0.000000000000e+00	0.000000000000e+00
-5.180000000000e-08	0.000000000000e+00	0.000000000000e+00	0.000000000000e+00
-5.160000000000e-08	0.000000000000e+00	0.000000000000e+00	0.000000000000e+00
-5.140000000000e-08	0.000000000000e+00	0.000000000000e+00	0.000000000000e+00
-5.120000000000e-08	0.000000000000e+00	0.000000000000e+00	0.000000000000e+00
-5.100000000000e-08	0.000000000000e+00	0.000000000000e+00	0.000000000000e+00
-5.080000000000e-08	0.000000000000e+00	0.000000000000e+00	0.000000000000e+00
-5.060000000000e-08	0.000000000000e+00	0.000000000000e+00	0.000000000000e+00
-5.040000000000e-08	0.000000000000e+00	0.000000000000e+00	0.000000000000e+00
-5.020000000000e-08	0.000000000000e+00	0.000000000000e+00	0.000000000000e+00
-5.000000000000e-08	0.000000000000e+00	0.000000000000e+00	0.000000000000e+00
-4.980000000000e-08	0.000000000000e+00	0.000000000000e+00	0.000000000000e+00
-4.960000000000e-08	0.000000000000e+00	0.000000000000e+00	0.000000000000e+00
-4.940000000000e-08	0.000000000000e+00	0.000000000000e+00	0.000000000000e+00
-4.920000000000e-08	0.000000000000e+00	0.000000000000e+00	0.000000000000e+00
-4.900000000000e-08	0.000000000000e+00	0.000000000000e+00	0.000000000000e+00
-4.880000000000e-08	0.000000000000e+00	0.000000000000e+00	0.000000000000e+00
-4.860000000000e-08	0.000000000000e+00	0.000000000000e+00	0.000000000000e+00
-4.840000000000e-08	0.000000000000e+00	0.000000000000e+00	0.000000000000e+00
-4.820000000000e-08	0.000000000000e+00	0.000000000000e+00	0.000000000000e+00
-4.800000000000e-08	0.000000000000e+00	0.000000000000e+00	0.000000000000e+00
-4.780000000000e-08	0.000000000000e+00	0.000000000000e+00	0.000000000000e+00
-4.760000000000e-08	0.000000000000e+00	0.000000000000e+00	0.000000000000e+00
-4.740000000000e-08	0.000000000000e+00	0.000000000000e+00	0.000000000000e+00
-4.720000000000e-08	0.000000000000e+00	0.000000000000e+00	0.000000000000e+00
-4.700000000000e-08	0.000000000000e+00	0.000000000000e+00	0.000000000000e+00
-4.680000000000e-08	0.000000000000e+00	0.000000000000e+00	0.000000000000e+00
-4.660000000000e-08	0.000000000000e+00	0.000000000000e+00	0.000000000000e+00
-4.640000000000e-08	0.000000000000e+00	0.000000000000e+00	0.000000000000e+00
-4.620000000000e-08	0.000000000000e+00	0.000000000000e+00	0.000000000000e+00
-4.600000000000e-08	0.000000000000e+00	0.000000000000e+00	0.000000000000e+00
-4.580000000000e-08	0.000000000000e+00	0.000000000000e+00	0.000000000000e+00
-4.560000000000e-08	0.000000000000e+00	0.000000000000e+00	0.000000000000e+00
-4.540000000000e-08	0.000000000000e+00	0.000000000000e+00	0.000000000000e+00
-4.520000000000e-08	0.000000000000e+00	0.000000000000e+00	0.000000000000e+00
-4.500000000000e-08	0.000000000000e+00	0.000000000000e+00	0.000000000000e+00
-4.480000000000e-08	0.000000000000e+00	0.000000000000e+00	0.000000000000e+00
-4.460000000000e-08	0.000000000000e+00	0.000000000000e+00	0.000000000000e+00
-4.440000000000e-08	0.000000000000e+00	0.000000000000e+00	0.000000000000e+00
-4.420000000000e-08	0.000000000000e+00	0.000000000000e+00	0.000000000000e+00
-4.400000000000e-08	0.000000000000e+00	0.000000000000e+00	0.000000000000e+00
-4.380000000000e-08	0.000000000000e+00	0.000000000000e+00	0.000000000000e+00
-4.360000000000e-08	0.000000000000e+00	0.000000000000e+00	0.000000000000e+00
-4.340000000000e-08	0.000000000000e+00	0.000000000000e+00	0.000000000000e+00
-4.320000000000e-08	3.938800680352e-12	-4.126796443863e-14	9.333924980678e-12
-4.300000000000e-08	8.733399793615e-11	-2.580482923532e-13	2.116478700271e-10
-4.280000000000e-08	-4.439560636630e-11	-6.427609745478e-11	-2.862913888029e-11
-4.260000000000e-08	5.066556210343e-12	-9.311763917437e-14	9.324933039704e-12
-4.240000000000e-08	2.838609901207e-11	-2.091341448742e-10	2.833296612430e-10
-4.220000000000e-08	3.488190103236e-10	4.475690404217e-10	3.458639386028e-10
-4.200000000000e-08	1.736146210422e-11	1.328835505572e-10	-9.395433278961e-11
-4.180000000000e-08	4.928500103226e-11	1.340179959332e-10	-1.045172904536e-10
-4.160000000000e-08	-2.451626441921e-10	-2.314171448377e-10	-3.076135467288e-10
-4.140000000000e-08	-9.618809034650e-11	-3.503408456499e-10	1.776597341929e-10
-4.120000000000e-08	1.190634870610e-10	2.819778372686e-10	-6.631520123303e-11
-4.100000000000e-08	-2.318663979884e-11	-2.377358319832e-11	-5.260477974999e-11
-4.080000000000e-08	8.045765725295e-11	1.542999218044e-10	-1.740818018087e-11
-4.060000000000e-08	-2.726365820474e-10	-3.557034567795e-11	-5.671392891057e-10
-4.040000000000e-08	-3.170874885372e-10	-4.527707033284e-10	-2.328166757597e-10
-4.020000000000e-08	-2.032671777281e-09	-3.034852002970e-09	-1.316714603368e-09
-4.000000000000e-08	-8.836149874314e-10	-1.607663345175e-09	-2.541160166166e-10
-3.980000000000e-08	-3.217524481497e-10	-5.601709492027e-10	-2.960338220589e-11
-3.960000000000e-08	-5.028165899182e-10	-6.727149042322e-10	-4.586085192372e-10
-3.940000000000e-08	-2.868814487095e-10	-4.926366569183e-10	-7.488102955238e-11
-3.920000000000e-08	-4.443581455912e-10	-6.110937199687e-10	-3.309489196560e-10
-3.900000000000e-08	-9.412051490893e-10	-1.360444567054e-09	-6.146103159536e-10
-3.880000000000e-08	-8.732282699942e-10	-1.643769562556e-09	-1.504689937509e-10
-3.860000000000e-08	-9.551011770561e-10	-1.556956636899e-09	-4.792660235621e-10
-3.840000000000e-08	-7.758291227258e-10	-1.201097092248e-09	-4.881755499768e-10
-3.820000000000e-08	-1.243694785277e-09	-2.090690068429e-09	-5.937788978324e-10
-3.800000000000e-08	-1.736239277836e-09	-2.861728095275e-09	-8.112469710506e-10
-3.780000000000e-08	-2.712274422920e-09	-4.278499896533e-09	-1.513131566202e-09
-3.760000000000e-08	-3.869690560708e-09	-6.512285077707e-09	-1.620339754239e-09
-3.740000000000e-08	-6.305533120427e-09	-9.472047343812e-09	-3.978632375197e-09
-3.720000000000e-08	-1.199584136526e-08	-1.895360479123e-08	-6.563283382377e-09
-3.700000000000e-08	-1.927774188658e-08	-3.089616016185e-08	-1.009973522499e-08
-3.680000000000e-08	-1.880441673481e-08	-3.005467658954e-08	-1.000684091152e-08
-3.660000000000e-08	-2.010771652241e-09	-3.186274635559e-09	-1.062722194900e-09
-3.640000000000e-08	-1.489679227822e-09	-2.132629589439e-09	-1.046250774173e-09
-3.620000000000e-08	-2.387237752768e-09	-3.236049585129e-09	-1.753525372772e-09
-3.600000000000e-08	-2.461196656071e-09	-4.243708524670e-09	-9.632888157527e-10
-3.580000000000e-08	-2.507843225124e-09	-3.459984561720e-09	-1.991642090532e-09
-3.560000000000e-08	-3.697914134639e-09	-5.910838543525e-09	-1.907548412609e-09
-3.540000000000e-08	-3.617769604338e-09	-6.005501375571e-09	-1.728387683692e-09
-3.520000000000e-08	-5.498766942389e-09	-7.726282503011e-09	-4.019680049323e-09
-3.500000000000e-08	-4.978657750823e-09	-7.916797269403e-09	-2.487100518846e-09
-3.480000000000e-08	-6.570486676177e-09	-1.100233250945e-08	-2.857168094157e-09
-3.460000000000e-08	-8.509541184983e-09	-1.304917485555e-08	-5.072096072259e-09
-3.440000000000e-08	-8.574940729425e-09	-1.333511059004e-08	-4.979516642727e-09
-3.420000000000e-08	-9.291899849388e-09	-1.523044314543e-08	-4.487049987446e-09
-3.400000000000e-08	-1.189764684709e-08	-1.892725160762e-08	-6.744997913093e-09
-3.380000000000e-08	-1.352080329876e-08	-2.188475752959e-08	-6.828171106169e-09
-3.360000000000e-08	-1.534918300071e-08	-2.464976607459e-08	-7.855066019649e-09
-3.340000000000e-08	-1.891845411047e-08	-2.985349409446e-08	-1.040160520763e-08
-3.320000000000e-08	-1.884346613820e-08	-2.876546536904e-08	-1.138921379651e-08
-3.300000000000e-08	-2.288301574356e-08	-3.525544409478e-08	-1.363854505233e-08
-3.280000000000e-08	-2.467120686766e-08	-4.123889575839e-08	-1.082432745728e-08
-3.260000000000e-08	-2.787629892140e-08	-4.481914816441e-08	-1.434810204573e-08
-3.240000000000e-08	-3.110472650591e-08	-4.835048728254e-08	-1.789326794851e-08
-3.220000000000e-08	-3.353913544349e-08	-5.472851464228e-08	-1.646439462713e-08
-3.200000000000e-08	-3.779959411304e-08	-5.779609597359e-08	-2.274094604881e-08
-3.180000000000e-08	-4.057748641844e-08	-6.335685297133e-08	-2.306882288282e-08
-3.160000000000e-08	-4.277260080566e-08	-6.956744169772e-08	-2.106556128567e-08
-3.140000000000e-08	-4.474697044317e-08	-7.237927086734e-08	-2.256475781120e-08
-3.120000000000e-08	-5.021519676888e-08	-7.933250542453e-08	-2.738118995564e-08
-3.100000000000e-08	-5.330588151123e-08	-8.192272654315e-08	-3.164762011933e-08
-3.080000000000e-08	-5.098034146822e-08	-8.135621948849e-08	-2.700502412039e-08
-3.060000000000e-08	-5.170462006775e-08	-7.970331191694e-08	-3.053256374790e-08
-3.040000000000e-08	-5.084280833449e-08	-8.193243339919e-08	-2.595088457641e-08
-3.020000000000e-08	-5.169348348917e-08	-7.985901172507e-08	-3.010121444057e-08
-3.000000000000e-08	-4.847494116642e-08	-7.777793360623e-08	-2.512868980202e-08
-2.980000000000e-08	-4.585857491148e-08	-7.306351991149e-08	-2.444475712941e-08
-2.960000000000e-08	-4.336750289907e-08	-6.844841839630e-08	-2.376491415820e-08
-2.940000000000e-08	-4.144414105537e-08	-6.587142666349e-08	-2.212262410584e-08
-2.920000000000e-08	-3.601603092142e-08	-5.671145466866e-08	-1.987593310235e-08
-2.900000000000e-08	-3.300583396121e-08	-5.189139103495e-08	-1.837528184642e-08
-2.880000000000e-08	-2.706307335197e-08	-4.523204683102e-08	-1.196381906508e-08
-2.860000000000e-08	-2.428442738977e-08	-3.805557274188e-08	-1.363239022259e-08
-2.840000000000e-08	-1.929012968669e-08	-3.046107025814e-08	-1.072181135238e-08
-2.820000000000e-08	-1.499287794403e-08	-2.410382548325e-08	-7.717206041023e-09
-2.800000000000e-08	-9.862200262797e-09	-1.417832413455e-08	-7.008000329183e-09
-2.780000000000e-08	-5.512311072618e-09	-8.052285085967e-09	-3.698980380298e-09
-2.760000000000e-08	-2.447829272715e-09	-4.201732394596e-09	-1.187487093016e-09
-2.740000000000e-08	2.623942769380e-10	8.982236665484e-10	-2.881424508422e-10
-2.720000000000e-08	3.789059572426e-09	5.401639392529e-09	2.764503950669e-09
-2.700000000000e-08	5.735333920994e-09	9.875763739585e-09	2.182851489879e-09
-2.680000000000e-08	6.878619153602e-09	1.023597011014e-08	4.529007541220e-09
-2.660000000000e-08	6.659793013425e-09	1.155331329888e-08	2.518709823468e-09
-2.640000000000e-08	7.215164872690e-09	1.231234252019e-08	2.966428669118e-09
-2.620000000000e-08	8.122781405510e-09	1.378816013383e-08	3.477009400891e-09
-2.600000000000e-08	8.314223954887e-09	1.249589910706e-08	5.305983730677e-09
-2.580000000000e-08	6.996445088022e-09	1.128265181623e-08	3.600242046565e-09
-2.560000000000e-08	7.157142797881e-09	1.168892196864e-08	3.595696397755e-09
-2.540000000000e-08	6.780260037565e-09	1.163285294733e-08	2.713873570503e-09
-2.520000000000e-08	6.320637224821e-09	1.002506533917e-08	3.480408417057e-09
-2.500000000000e-08	5.948591139434e-09	9.341419011746e-09	3.350277454594e-09
-2.480000000000e-08	5.862693217539e-09	8.862585443234e-09	3.664532725967e-09
-2.460000000000e-08	5.780781701386e-09	9.518900491527e-09	2.723190654034e-09
-2.440000000000e-08	4.996920933432e-09	8.262174189803e-09	2.365943040952e-09
-2.420000000000e-08	5.036757739800e-09	8.243180994218e-09	2.492317083501e-09
-2.400000000000e-08	5.219881412507e-09	8.132993854004e-09	3.044135578438e-09
-2.380000000000e-08	4.926305911098e-09	8.582931489736e-09	1.863896451871e-09
-2.360000000000e-08	4.418454668741e-09	7.735440528192e-09	1.619642237101e-09
-2.340000000000e-08	4.605361616044e-09	7.646657721005e-09	2.164012975317e-09
-2.320000000000e-08	4.508857093438e-09	7.172434570452e-09	2.428724201573e-09
-2.300000000000e-08	4.263260542918e-09	7.073111049568e-09	2.001916251979e-09
-2.280000000000e-08	4.072731217526e-09	7.166858570142e-09	1.425751668938e-09
-2.260000000000e-08	3.899309894609e-09	6.148076998619e-09	2.207726156632e-09
-2.240000000000e-08	3.683340676996e-09	5.545003534292e-09	2.287505742245e-09
-2.220000000000e-08	4.079686724426e-09	6.103272782676e-09	2.708930622680e-09
-2.200000000000e-08	4.367659912361e-09	6.922338617214e-09	1.609740768629e-09
-2.180000000000e-08	4.101720996015e-09	6.976151031264e-09	1.804440894432e-09
-2.160000000000e-08	3.781218185086e-09	6.480796763570e-09	1.570487128397e-09
-2.140000000000e-08	3.814165953545e-09	6.127890745472e-09	1.960085777532e-09
-2.120000000000e-08	4.126453261643e-09	6.567318596590e-09	2.287099601861e-09
-2.100000000000e-08	3.253076595279e-09	5.396378991644e-09	1.605112862921e-09
-2.080000000000e-08	3.333254817862e-09	5.441941193929e-09	1.914354474527e-09
-2.060000000000e-08	3.867464041131e-09	5.958107476285e-09	2.349402745746e-09
-2.040000000000e-08	3.769504094521e-09	6.041998282338e-09	2.026094010802e-09
-2.020000000000e-08	3.476227202590e-09	5.809481914044e-09	1.526219383674e-09
-2.000000000000e-08	3.386736421500e-09	5.467573027822e-09	1.789297944557e-09
-1.980000000000e-08	3.346529294302e-09	5.642658155537e-09	1.456902233593e-09
-1.960000000000e-08	3.286081891136e-09	5.257367126556e-09	1.847343262552e-09
-1.940000000000e-08	3.102531003698e-09	4.667680625926e-09	1.985517870415e-09
-1.920000000000e-08	3.561167106972e-09	5.760275805766e-09	1.862553102830e-09
-1.900000000000e-08	3.162845339896e-09	5.300372455502e-09	1.458004230045e-09
-1.880000000000e-08	2.868466851995e-09	4.959394626141e-09	1.146618948856e-09
-1.860000000000e-08	3.288154235310e-09	5.394725333657e-09	1.620543165630e-09
-1.840000000000e-08	3.243234490214e-09	5.229126560165e-09	1.663462667275e-09
-1.820000000000e-08	2.857131488993e-09	4.937785231900e-09	1.117802112485e-09
-1.800000000000e-08	3.339321564123e-09	5.328490626058e-09	1.726318508461e-09
-1.780000000000e-08	3.042588691267e-09	4.779153358256e-09	1.741581361057e-09
-1.760000000000e-08	3.132224449817e-09	5.450435824296e-09	1.052726068728e-09
-1.740000000000e-08	2.980063612708e-09	4.574266798743e-09	1.530122906555e-09
-1.720000000000e-08	3.050798778986e-09	4.944134224047e-09	1.509050791473e-09
-1.700000000000e-08	2.646313561210e-09	4.557233823066e-09	1.122304070223e-09
-1.680000000000e-08	2.714908925295e-09	4.187094467862e-09	1.304101528841e-09
-1.660000000000e-08	3.228791821804e-09	5.063482762062e-09	1.852122937011e-09
-1.640000000000e-08	2.664985286918e-09	4.567619268861e-09	1.057613591049e-09
-1.620000000000e-08	3.078748313635e-09	4.671789695919e-09	1.961245795990e-09
-1.600000000000e-08	2.517005076627e-09	4.271477740241e-09	1.082406281968e-09
-1.580000000000e-08	2.463444423070e-09	4.173791731072e-09	9.669133375739e-10
-1.560000000000e-08	3.075225626781e-09	4.937085380891e-09	1.573729369160e-09
-1.540000000000e-08	2.863616868560e-09	4.783824585836e-09	1.341249033661e-09
-1.520000000000e-08	2.845392087588e-09	4.371836840498e-09	1.653413743971e-09
-1.500000000000e-08	2.560024452821e-09	4.404775206209e-09	1.085918176422e-09
-1.480000000000e-08	2.699605302910e-09	3.736492742979e-09	2.166692069246e-09
-1.460000000000e-08	2.566836023690e-09	4.015595917950e-09	1.543793968318e-09
-1.440000000000e-08	2.511102102395e-09	4.516253061367e-09	7.356159259398e-10
-1.420000000000e-08	2.557678241470e-09	4.016912804345e-09	1.558500662184e-09
-1.400000000000e-08	2.674631615087e-09	4.168601407538e-09	1.581721809279e-09
-1.380000000000e-08	2.512312643777e-09	3.964160241920e-09	1.420399139238e-09
-1.360000000000e-08	2.449262955840e-09	4.131922645850e-09	1.083950268666e-09
-1.340000000000e-08	2.859528765098e-09	4.472598307194e-09	1.636530209933e-09
-1.320000000000e-08	2.572382293321e-09	4.261171180018e-09	1.234754477308e-09
-1.300000000000e-08	2.853501246026e-09	4.359914595865e-09	1.739305578076e-09
-1.280000000000e-08	2.413335074618e-09	3.601978043560e-09	1.609533550654e-09
-1.260000000000e-08	2.679126244040e-09	4.130378674420e-09	1.582406450567e-09
-1.240000000000e-08	2.659706321234e-09	4.321461347314e-09	1.364895151258e-09
-1.220000000000e-08	2.427003684921e-09	3.758026784315e-09	1.543977459498e-09
-1.200000000000e-08	2.354457282062e-09	3.678416434155e-09	1.304978236855e-09
-1.180000000000e-08	2.435712812933e-09	4.473445853089e-09	7.091190313330e-10
-1.160000000000e-08	2.265430612213e-09	3.904212215886e-09	9.290890429369e-10
-1.140000000000e-08	2.392104799696e-09	3.548931300075e-09	1.578879986016e-09
-1.120000000000e-08	2.548502252209e-09	3.913999586509e-09	1.560574628122e-09
-1.100000000000e-08	2.478081027355e-09	4.023887026004e-09	1.235795841912e-09
-1.080000000000e-08	2.310196401376e-09	3.629144057911e-09	1.305475689428e-09
-1.060000000000e-08	2.557492145711e-09	3.860818512633e-09	1.614370035353e-09
-1.040000000000e-08	2.411791745546e-09	4.224915783956e-09	8.915000468359e-10
-1.020000000000e-08	2.346313718762e-09	4.069577708362e-09	8.618683362810e-10
-1.000000000000e-08	2.065364500279e-09	3.468996962077e-09	8.323882751028e-10
-9.800000000000e-09	2.610987383255e-09	4.104572350036e-09	1.500222962943e-09
-9.600000000000e-09	2.287204548963e-09	3.733841754462e-09	1.181180361209e-09
-9.400000000000e-09	2.076514508469e-09	3.721020350354e-09	7.391336203123e-10
-9.200000000000e-09	2.228048999722e-09	3.520601131812e-09	1.257637427948e-09
-9.000000000000e-09	1.899054923417e-09	3.401048818667e-09	7.823332083463e-10
-8.800000000000e-09	2.375236247020e-09	3.528251618932e-09	1.641752368344e-09
-8.600000000000e-09	2.374930575961e-09	3.717871823554e-09	1.455677696728e-09
-8.400000000000e-09	2.304866656939e-09	3.391442082625e-09	1.372367196565e-09
-8.200000000000e-09	2.303468668670e-09	3.637435364872e-09	1.395344217683e-09
-8.000000000000e-09	2.274929132680e-09	3.839320520346e-09	1.024276142590e-09
-7.800000000000e-09	2.077073705584e-09	3.177487620461e-09	1.296693951748e-09
-7.600000000000e-09	2.178817700360e-09	3.624177844971e-09	1.110096074334e-09
-7.400000000000e-09	2.331447427129e-09	3.777398912031e-09	1.195813358066e-09
-7.200000000000e-09	2.230628417761e-09	3.607488634911e-09	1.170974542097e-09
-7.000000000000e-09	2.236894389039e-09	3.622484929809e-09	1.005422343102e-09
-6.800000000000e-09	2.136639621827e-09	3.591607019927e-09	8.938001069970e-10
-6.600000000000e-09	2.335023194474e-09	3.694085113524e-09	1.316651572628e-09
-6.400000000000e-09	2.023376066079e-09	3.343453780678e-09	1.047496605123e-09
-6.200000000000e-09	2.321901609668e-09	3.933883244013e-09	9.733561207877e-10
-6.000000000000e-09	2.437195138294e-09	3.897244098626e-09	1.292698706004e-09
-5.800000000000e-09	2.006408484020e-09	3.310987775987e-09	8.269165357725e-10
-5.600000000000e-09	2.033588644204e-09	3.492901908627e-09	8.545847870157e-10
-5.400000000000e-09	2.265388641380e-09	3.458160523584e-09	1.443100333785e-09
-5.200000000000e-09	1.724925187525e-09	3.056562369043e-09	7.791132493399e-10
-5.000000000000e-09	2.174398221776e-09	3.596402725406e-09	1.055887675365e-09
-4.800000000000e-09	1.885083276199e-09	3.281478145941e-09	7.564182640860e-10
-4.600000000000e-09	2.204341664429e-09	3.502208542253e-09	1.265010472165e-09
-4.400000000000e-09	1.816229748329e-09	2.974512446250e-09	9.930174598941e-10
-4.200000000000e-09	2.238907322378e-09	3.565633757480e-09	1.244281349909e-09
-4.000000000000e-09	2.071601719834e-09	3.407573568631e-09	1.026045933969e-09
-3.800000000000e-09	2.013175410283e-09	3.194609945515e-09	1.053286799793e-09
-3.600000000000e-09	1.657802459385e-09	3.055549396036e-09	4.933736351735e-10
-3.400000000000e-09	1.953224225197e-09	3.375146403793e-09	8.325108994080e-10
-3.200000000000e-09	2.084459908786e-09	3.214208359313e-09	1.251656924750e-09
-3.000000000000e-09	2.151626060749e-09	3.331481745081e-09	1.231635650999e-09
-2.800000000000e-09	2.044304690404e-09	3.265832038623e-09	1.073804556828e-09
-2.600000000000e-09	1.904495586850e-09	3.052998444371e-09	1.136200195688e-09
-2.400000000000e-09	1.932965075674e-09	2.993339845743e-09	1.246597228055e-09
-2.200000000000e-09	1.752275572367e-09	2.967302595667e-09	8.188184798951e-10
-2.000000000000e-09	2.071754179596e-09	3.332242165865e-09	1.141970927901e-09
-1.800000000000e-09	2.087481015216e-09	2.987622473653e-09	1.488694066505e-09
-1.600000000000e-09	1.818133961290e-09	2.953631994005e-09	8.839137716339e-10
-1.400000000000e-09	2.003606358298e-09	3.199130428177e-09	1.049786691146e-09
-1.200000000000e-09	1.806350792502e-09	2.994589273163e-09	8.793183953819e-10
-1.000000000000e-09	1.831982868088e-09	3.156997116510e-09	8.038097207012e-10
-8.000000000000e-10	1.807607381304e-09	2.677388020713e-09	1.165524467183e-09
-6.000000000000e-10	1.918326060277e-09	3.007793924213e-09	1.150009952437e-09
-4.000000000000e-10	2.090954378379e-09	3.396647589511e-09	1.055611583027e-09
-2.000000000000e-10	2.024467542055e-09	3.239686759252e-09	1.073647790067e-09
2.016252743098e-24	2.011893304506e-09	3.286207737120e-09	1.001970772536e-09
2.000000000000e-10	1.978601200791e-09	3.084818857397e-09	1.098471051229e-09
4.000000000000e-10	1.820628823984e-09	2.975624977230e-09	1.198220746653e-09
6.000000000000e-10	1.819231192613e-09	2.850209840853e-09	1.007198774999e-09
8.000000000000e-10	1.997908407210e-09	3.284186794354e-09	9.181620389736e-10
1.000000000000e-09	1.829504150134e-09	2.886090759202e-09	1.023983190430e-09
1.200000000000e-09	1.741350607429e-09	2.977548280809e-09	7.573754626792e-10
1.400000000000e-09	1.861526762916e-09	2.972491873861e-09	1.033282177481e-09
1.600000000000e-09	1.703085673546e-09	2.922642713970e-09	7.388260441992e-10
1.800000000000e-09	1.770631867145e-09	2.952249682484e-09	8.505468895389e-10
2.000000000000e-09	1.815654052290e-09	3.027585846416e-09	9.112527589084e-10
2.200000000000e-09	1.863925725288e-09	2.961483411536e-09	1.112293041553e-09
2.400000000000e-09	1.856072430213e-09	2.725486118776e-09	1.293258440543e-09
2.600000000000e-09	1.788508047712e-09	2.600966039074e-09	1.222779444526e-09
2.800000000000e-09	1.740655791286e-09	2.826494980402e-09	8.934294252060e-10
3.000000000000e-09	1.823202724724e-09	2.983173697065e-09	9.082107768457e-10
3.200000000000e-09	1.693747963420e-09	2.776881635372e-09	7.893660985042e-10
3.400000000000e-09	1.729727127072e-09	3.010753254683e-09	7.580529970381e-10
3.600000000000e-09	1.757935223466e-09	2.713766956629e-09	1.068340065166e-09
3.800000000000e-09	1.676814184746e-09	2.649948054831e-09	9.433955187738e-10
4.000000000000e-09	1.801597545328e-09	2.729705027521e-09	1.125802341784e-09
4.200000000000e-09	1.678619040694e-09	2.859920728452e-09	7.752039124802e-10
4.400000000000e-09	1.729915795687e-09	2.761470019391e-09	9.474227807730e-10
4.600000000000e-09	1.484889721408e-09	2.675948006849e-09	5.579208576678e-10
4.800000000000e-09	1.646525399589e-09	2.906480746498e-09	6.187305952884e-10
5.000000000000e-09	1.772185216732e-09	2.836026901013e-09	9.974388223804e-10
5.200000000000e-09	1.752473532731e-09	2.679115181271e-09	1.211915704525e-09
5.400000000000e-09	1.726288166914e-09	2.884200035734e-09	7.996333709758e-10
5.600000000000e-09	1.591322749446e-09	2.527285509238e-09	9.344488362778e-10
5.800000000000e-09	1.720930864725e-09	2.811758313974e-09	8.131990583682e-10
6.000000000000e-09	1.791799136347e-09	2.758353364499e-09	1.058500551219e-09
6.200000000000e-09	1.810476676760e-09	2.678056764030e-09	1.193000013875e-09
6.400000000000e-09	1.820670291186e-09	3.026426756668e-09	9.117106335345e-10
6.600000000000e-09	1.580557908802e-09	2.565314225789e-09	8.320649887787e-10
6.800000000000e-09	1.619922071289e-09	2.719489084390e-09	7.307750509864e-10
7.000000000000e-09	1.541972914857e-09	2.525641037953e-09	8.610288692661e-10
7.200000000000e-09	1.823327615541e-09	2.990961853773e-09	8.496654089077e-10
7.400000000000e-09	1.769657688092e-09	2.780484199052e-09	1.037530084992e-09
7.600000000000e-09	1.489993107254e-09	2.529355322260e-09	6.597066549116e-10
7.800000000000e-09	1.733958183182e-09	2.773035317996e-09	9.322992182073e-10
8.000000000000e-09	1.608514826701e-09	2.703828106724e-09	8.043265235735e-10
8.200000000000e-09	1.666326709112e-09	2.704756119025e-09	8.464673067437e-10
8.400000000000e-09	1.538264639482e-09	2.628628201550e-09	6.596983120945e-10
8.600000000000e-09	1.761477885584e-09	2.888423433313e-09	8.830555336648e-10
8.800000000000e-09	1.778443736941e-09	2.868400769932e-09	8.663157904916e-10
9.000000000000e-09	1.600488225669e-09	2.742111893154e-09	7.973880313208e-10
9.200000000000e-09	1.574503995844e-09	2.505870831548e-09	9.379372864546e-10
9.400000000000e-09	1.518143429780e-09	2.288675430715e-09	9.701377877464e-10
9.600000000000e-09	1.712983790023e-09	2.598707186519e-09	1.038967777088e-09
9.800000000000e-09	1.500753774283e-09	2.620327143902e-09	6.483905374133e-10
1.000000000000e-08	1.510408864089e-09	2.485342917380e-09	7.773385257815e-10
1.020000000000e-08	1.781416109717e-09	2.857296815134e-09	9.269194428185e-10
1.040000000000e-08	1.681907307459e-09	2.598091747245e-09	1.033818935244e-09
1.060000000000e-08	1.507801847911e-09	2.369474024970e-09	9.072043445532e-10
1.080000000000e-08	1.636767201961e-09	2.641386343883e-09	8.112708802577e-10
1.100000000000e-08	1.590782470652e-09	2.559812590722e-09	8.421026736458e-10
1.120000000000e-08	1.485933919478e-09	2.565349376697e-09	5.036435390046e-10
1.140000000000e-08	1.574445633298e-09	2.660115884434e-09	7.968080071582e-10
1.160000000000e-08	1.628475830423e-09	2.415267000068e-09	1.028148046554e-09
1.180000000000e-08	1.300090313525e-09	2.138405554498e-09	6.432522582077e-10
1.200000000000e-08	1.542279320908e-09	2.632291477170e-09	7.864371210659e-10
1.220000000000e-08	1.426899543031e-09	2.422759012979e-09	6.299255076293e-10
1.240000000000e-08	1.732206294935e-09	2.591295670573e-09	9.689596977422e-10
1.260000000000e-08	1.459232241314e-09	2.460820796278e-09	6.433971131215e-10
1.280000000000e-08	1.660144065275e-09	2.556581701921e-09	1.028423906593e-09
1.300000000000e-08	1.573064139963e-09	2.357944139124e-09	1.108029382854e-09
1.320000000000e-08	1.595988382420e-09	2.602775197139e-09	7.875086874728e-10
1.340000000000e-08	1.518961438791e-09	2.450545942697e-09	9.119148800617e-10
1.360000000000e-08	1.528980069329e-09	2.377422901341e-09	9.293632181651e-10
1.380000000000e-08	1.477458066462e-09	2.414800851595e-09	7.629338310374e-10
1.400000000000e-08	1.300271945425e-09	2.208025673582e-09	6.682324984802e-10
1.420000000000e-08	1.479156303982e-09	2.303578972158e-09	9.321628972270e-10
1.440000000000e-08	1.471051129838e-09	2.416956491208e-09	7.185763030656e-10
1.460000000000e-08	1.486652280780e-09	2.448904575102e-09	7.385075477977e-10
1.480000000000e-08	1.467198226116e-09	2.395616803851e-09	6.904447698598e-10
1.500000000000e-08	1.579170646215e-09	2.444209582895e-09	8.834377228118e-10
1.520000000000e-08	1.489808443186e-09	2.521996622612e-09	5.961412379217e-10
1.540000000000e-08	1.348247253181e-09	2.184629868458e-09	8.540561666598e-10
1.560000000000e-08	1.401322387886e-09	2.324904227683e-09	6.751102191286e-10
1.580000000000e-08	1.569588875958e-09	2.333976184092e-09	1.022680329188e-09
1.600000000000e-08	1.556752994654e-09	2.461801075391e-09	9.183696136789e-10
1.620000000000e-08	1.415790698247e-09	2.426310510840e-09	6.405414727360e-10
1.640000000000e-08	1.447660502927e-09	2.279827760644e-09	8.775645385150e-10
1.660000000000e-08	1.412852109662e-09	2.161430915781e-09	9.183171842869e-10
1.680000000000e-08	1.492724243966e-09	2.507436195354e-09	7.036792066869e-10
1.700000000000e-08	1.446179837707e-09	2.288476170959e-09	8.430733320470e-10
1.720000000000e-08	1.485324949283e-09	2.201565439266e-09	9.793358553262e-10
1.740000000000e-08	1.322668333223e-09	2.149712130376e-09	8.351602158278e-10
1.760000000000e-08	1.443890544351e-09	2.245256653891e-09	8.655189661539e-10
1.780000000000e-08	1.456020287664e-09	2.306833106859e-09	8.160159767659e-10
1.800000000000e-08	1.458352712562e-09	2.374548611178e-09	7.849576859193e-10
1.820000000000e-08	1.391520930510e-09	2.257213007822e-09	7.703977865127e-10
1.840000000000e-08	1.517937612484e-09	2.266767735822e-09	8.833707161141e-10
1.860000000000e-08	1.383134863696e-09	2.133149633104e-09	8.115701948598e-10
1.880000000000e-08	1.411531182400e-09	2.259836764833e-09	7.633741359989e-10
1.900000000000e-08	1.284327753980e-09	2.177593497111e-09	5.533306153141e-10
1.920000000000e-08	1.474968883303e-09	2.397323898602e-09	7.473527099171e-10
1.940000000000e-08	1.362716377446e-09	2.105988217616e-09	8.151146286893e-10
1.960000000000e-08	1.292272395457e-09	2.114396570620e-09	6.513302525466e-10
1.980000000000e-08	1.402232912484e-09	2.242901327172e-09	7.435714812581e-10
2.000000000000e-08	1.226338815561e-09	1.962188282846e-09	6.792265170343e-10
2.020000000000e-08	1.406935824983e-09	2.338961607853e-09	7.492971469889e-10
2.040000000000e-08	1.303250469493e-09	2.106914431985e-09	7.029499624495e-10
2.060000000000e-08	1.377771200603e-09	2.044612406031e-09	8.905915988314e-10
2.080000000000e-08	1.457145457080e-09	2.374710486866e-09	7.705073180787e-10
2.100000000000e-08	1.405056441345e-09	2.394919198428e-09	6.349960349631e-10
2.120000000000e-08	1.401749928934e-09	2.246397136935e-09	6.553472817326e-10
2.140000000000e-08	1.314584289523e-09	2.000696455918e-09	8.259157439711e-10
2.160000000000e-08	1.330790292563e-09	2.213119988735e-09	6.293760886819e-10
2.180000000000e-08	1.399387044392e-09	2.310494853739e-09	6.309432558084e-10
2.200000000000e-08	1.377619537462e-09	2.115399661356e-09	7.721858822000e-10
2.220000000000e-08	1.324410301872e-09	2.203338369727e-09	7.873034325956e-10
2.240000000000e-08	1.315624985584e-09	2.370290929744e-09	7.697642822987e-10
2.260000000000e-08	1.407426801221e-09	2.309534123870e-09	7.058453075884e-10
2.280000000000e-08	1.304023524547e-09	2.064395623772e-09	7.976361696809e-10
2.300000000000e-08	1.273631617120e-09	2.161071640179e-09	5.277098026488e-10
2.320000000000e-08	1.234483865355e-09	1.869058900929e-09	7.459891142227e-10
2.340000000000e-08	1.451513195140e-09	2.345269066704e-09	8.285954708453e-10
2.360000000000e-08	1.381998504103e-09	2.134635114242e-09	8.129931129809e-10
2.380000000000e-08	1.184082428590e-09	1.912437415943e-09	6.415618646494e-10
2.400000000000e-08	1.225108117951e-09	1.891067592861e-09	8.188136149354e-10
2.420000000000e-08	1.326618713474e-09	2.121898293061e-09	7.207166102256e-10
2.440000000000e-08	1.266395493585e-09	2.050237787126e-09	6.895286957724e-10
2.460000000000e-08	1.313974108152e-09	2.009165270725e-09	7.873286009251e-10
2.480000000000e-08	1.328360064463e-09	2.241894431598e-09	6.023285029358e-10
2.500000000000e-08	1.236698516425e-09	1.972749848542e-09	6.581858239379e-10
2.520000000000e-08	1.433686006242e-09	2.119986696654e-09	8.495679677751e-10
2.540000000000e-08	1.282533808491e-09	2.101058711041e-09	5.992672792793e-10
2.560000000000e-08	1.304290449646e-09	2.015674346859e-09	7.183498424274e-10
2.580000000000e-08	1.369481522926e-09	2.102832736076e-09	8.536860115896e-10
2.600000000000e-08	1.294525022743e-09	2.167354491698e-09	7.179178491913e-10
2.620000000000e-08	1.341138046141e-09	2.082650836155e-09	7.925998075956e-10
2.640000000000e-08	1.206878419467e-09	1.916957758463e-09	7.018307363589e-10
2.660000000000e-08	1.358698385464e-09	2.080320971723e-09	8.310232341102e-10
2.680000000000e-08	1.241044838147e-09	2.103737315329e-09	5.396362358537e-10
2.700000000000e-08	1.200598616750e-09	1.886179721528e-09	6.415610083924e-10
2.720000000000e-08	1.169331305721e-09	1.837449550763e-09	6.174386098645e-10
2.740000000000e-08	1.190766743101e-09	1.997419669550e-09	5.666381624390e-10
2.760000000000e-08	1.287247406609e-09	2.198165506458e-09	5.374121333865e-10
2.780000000000e-08	1.203106741475e-09	1.884099646101e-09	6.846804011371e-10
2.800000000000e-08	1.159335052845e-09	1.852510352338e-09	6.615907759385e-10
2.820000000000e-08	1.280023459504e-09	1.918247629812e-09	8.574073330997e-10
2.840000000000e-08	1.249407120332e-09	2.069455418940e-09	6.615119000699e-10
2.860000000000e-08	1.191049795243e-09	1.838196215464e-09	8.828237319019e-10
2.880000000000e-08	1.311743640802e-09	1.960513126704e-09	8.901021110201e-10
2.900000000000e-08	1.142277457511e-09	1.880065420083e-09	5.614339397727e-10
2.920000000000e-08	1.269780702892e-09	2.037359746549e-09	6.789962506658e-10
2.940000000000e-08	1.179926051488e-09	1.871738959261e-09	7.021601385352e-10
2.960000000000e-08	1.232433706566e-09	1.901329827682e-09	7.419482221096e-10
2.980000000000e-08	1.122440321355e-09	1.874455921703e-09	5.597582218995e-10
3.000000000000e-08	1.162876225262e-09	2.039084109669e-09	5.576918388751e-10
3.020000000000e-08	1.224550750757e-09	1.830595997963e-09	7.629519457453e-10
3.040000000000e-08	1.312817758838e-09	2.003377446360e-09	8.262019489546e-10
3.060000000000e-08	1.190676328106e-09	1.885438155791e-09	6.905456237494e-10
3.080000000000e-08	1.207695702975e-09	1.833855173598e-09	8.220872819808e-10
3.100000000000e-08	1.213609721135e-09	1.928762861439e-09	6.672881429320e-10
3.120000000000e-08	1.184541334643e-09	1.890208867471e-09	6.262064063892e-10
3.140000000000e-08	1.159885153381e-09	1.899157396185e-09	7.576752018880e-10
3.160000000000e-08	1.177551838094e-09	1.923948754815e-09	5.927079289685e-10
3.180000000000e-08	1.261927538702e-09	1.942843225209e-09	7.093572102556e-10
3.200000000000e-08	1.163186455070e-09	1.803672644835e-09	7.015158350378e-10
3.220000000000e-08	1.158617721867e-09	1.888373201519e-09	6.122170726992e-10
3.240000000000e-08	1.158313756852e-09	1.880199084725e-09	6.162966817550e-10
3.260000000000e-08	1.067465568628e-09	1.737137877890e-09	5.353607006410e-10
3.280000000000e-08	1.132895105567e-09	1.871204106425e-09	5.225977036321e-10
3.300000000000e-08	1.062938577685e-09	1.655191246300e-09	6.815898110750e-10
3.320000000000e-08	1.136044518587e-09	1.954050087803e-09	4.667606424254e-10
3.340000000000e-08	1.124357550170e-09	1.848295857572e-09	5.353109395375e-10
3.360000000000e-08	1.154481759955e-09	1.843355293415e-09	6.335812833581e-10
3.380000000000e-08	1.141767167941e-09	1.708824211419e-09	7.124032603066e-10
3.400000000000e-08	1.102788569286e-09	1.796968992532e-09	5.524888915849e-10
3.420000000000e-08	1.198535966309e-09	2.005066881972e-09	5.370876422364e-10
3.440000000000e-08	1.085591156352e-09	1.849679555353e-09	4.965629034659e-10
3.460000000000e-08	1.023627593297e-09	1.780644271319e-09	5.825428708219e-10
3.480000000000e-08	1.043963187348e-09	1.716005635498e-09	7.308779690558e-10
3.500000000000e-08	1.179864901304e-09	1.903512638674e-09	6.398925422315e-10
3.520000000000e-08	1.141032762047e-09	1.925515079690e-09	6.276611551656e-10
3.540000000000e-08	1.096536914966e-09	1.811613304371e-09	4.619195953245e-10
3.560000000000e-08	1.135644203678e-09	1.738989919154e-09	7.438317540428e-10
3.580000000000e-08	1.221876389959e-09	1.857253022207e-09	7.379447565605e-10
3.600000000000e-08	1.094229415518e-09	1.740384254305e-09	6.211169779615e-10
3.620000000000e-08	1.130119412846e-09	1.765434162872e-09	6.600428454931e-10
3.640000000000e-08	1.185372296109e-09	1.827807107592e-09	7.082667130577e-10
3.660000000000e-08	1.085914015421e-09	1.716264688512e-09	6.667816223672e-10
3.680000000000e-08	1.213877335106e-09	1.990080386963e-09	5.879559817242e-10
3.700000000000e-08	1.029479408897e-09	1.614510334054e-09	6.460458346343e-10
3.720000000000e-08	1.010473191819e-09	1.674985361432e-09	4.477215252158e-10
3.740000000000e-08	1.108964592052e-09	1.746340849431e-09	6.205542492453e-10
3.760000000000e-08	1.058478306155e-09	1.733963443726e-09	5.533025207572e-10
3.780000000000e-08	1.042135466836e-09	1.673935114547e-09	5.634875744017e-10
3.800000000000e-08	1.057167887399e-09	1.592161289695e-09	7.010421951201e-10
3.820000000000e-08	1.133762201070e-09	1.723939045053e-09	6.170075015644e-10
3.840000000000e-08	1.069233870324e-09	1.697733754743e-09	5.093952746937e-10
3.860000000000e-08	1.033134686828e-09	1.628529838718e-09	6.092878552736e-10
3.880000000000e-08	1.101926168092e-09	1.795666571509e-09	6.001885195630e-10
3.900000000000e-08	1.026289307068e-09	1.847439923853e-09	3.875044269739e-10
3.920000000000e-08	1.068856241811e-09	1.520948337413e-09	7.710656874082e-10
3.940000000000e-08	1.086274191475e-09	1.720210581800e-09	6.655027256296e-10
3.960000000000e-08	1.044413086822e-09	1.721228085421e-09	5.123542046722e-10
3.980000000000e-08	9.824824993872e-10	1.759133588824e-09	4.024562084892e-10
4.000000000000e-08	1.037627729889e-09	1.642278605547e-09	5.960820752760e-10
4.020000000000e-08	1.028021882567e-09	1.635782536051e-09	7.202975733996e-10
4.040000000000e-08	1.083066046704e-09	1.652021130678e-09	5.766536657364e-10
4.060000000000e-08	1.054213297854e-09	1.627099007838e-09	6.655624601416e-10
4.080000000000e-08	1.016640751968e-09	1.582510946135e-09	6.018493042992e-10
4.100000000000e-08	9.809443973942e-10	1.537428939642e-09	5.857081818649e-10
4.120000000000e-08	9.409629909538e-10	1.523670432106e-09	4.329670268255e-10
4.140000000000e-08	1.013012765444e-09	1.641929610840e-09	5.424912656415e-10
4.160000000000e-08	9.908492675161e-10	1.561378770195e-09	5.696866152391e-10
4.180000000000e-08	9.879537462824e-10	1.533516715458e-09	5.689125256306e-10
4.200000000000e-08	1.040490778618e-09	1.645428929929e-09	6.143618315001e-10
4.220000000000e-08	9.858142193564e-10	1.484137279403e-09	6.348744054494e-10
4.240000000000e-08	9.850289713833e-10	1.581992831510e-09	4.997564496177e-10
4.260000000000e-08	1.075095375204e-09	1.759344814451e-09	5.320892674904e-10
4.280000000000e-08	9.397259849206e-10	1.556957661072e-09	5.263661106699e-10
4.300000000000e-08	1.014415368546e-09	1.631038837678e-09	5.356435654992e-10
4.320000000000e-08	1.010421992214e-09	1.459179921970e-09	6.103502136315e-10
4.340000000000e-08	9.651691928122e-10	1.669922923366e-09	3.953308898534e-10
4.360000000000e-08	9.755866114883e-10	1.507279084938e-09	6.584223813843e-10
4.380000000000e-08	1.067942140941e-09	1.702635233615e-09	5.680078455921e-10
4.400000000000e-08	1.101008380125e-09	1.682819139385e-09	6.825734444127e-10
4.420000000000e-08	1.004608612869e-09	1.566021490676e-09	6.762264105932e-10
4.440000000000e-08	9.916401465576e-10	1.625844326180e-09	5.339766806078e-10
4.460000000000e-08	1.006442945483e-09	1.704225291196e-09	4.495535610371e-10
4.480000000000e-08	9.855434764317e-10	1.452885396034e-09	7.033677921805e-10
4.500000000000e-08	9.837044436853e-10	1.579751745292e-09	4.957843749891e-10
4.520000000000e-08	1.000484170177e-09	1.567142842280e-09	6.616699915381e-10
4.540000000000e-08	1.007038275892e-09	1.603415643711e-09	5.600213398317e-10
4.560000000000e-08	1.008896389407e-09	1.647812319404e-09	5.336557682071e-10
4.580000000000e-08	9.815245843423e-10	1.570093310745e-09	5.505717250361e-10
4.600000000000e-08	9.488395477659e-10	1.520248335045e-09	5.043198459763e-10
4.620000000000e-08	9.693655579102e-10	1.493179037931e-09	6.447731664453e-10
4.640000000000e-08	1.002713361087e-09	1.532207319721e-09	6.354064366684e-10
4.660000000000e-08	9.197506897004e-10	1.506405930331e-09	5.241990634973e-10
4.680000000000e-08	9.514333926169e-10	1.687194591257e-09	3.498842881728e-10
4.700000000000e-08	8.826072841351e-10	1.418297695656e-09	4.926003065461e-10
4.720000000000e-08	9.609050627023e-10	1.536488990510e-09	6.465638925509e-10
4.740000000000e-08	9.466319592260e-10	1.546598929589e-09	4.847705262950e-10
4.760000000000e-08	9.171000880984e-10	1.510901307848e-09	4.727172978171e-10
4.780000000000e-08	9.641575579481e-10	1.565714769168e-09	4.494789461826e-10
4.800000000000e-08	9.504766911057e-10	1.377853097393e-09	6.598554516504e-10
4.820000000000e-08	1.034875814547e-09	1.551069175878e-09	5.907003128958e-10
4.840000000000e-08	1.010657631140e-09	1.615511253063e-09	5.557211872249e-10
4.860000000000e-08	8.587543470279e-10	1.372855173637e-09	4.965814795064e-10
4.880000000000e-08	9.790700637808e-10	1.457336535035e-09	6.464317507970e-10
4.900000000000e-08	9.046123254458e-10	1.520380737363e-09	4.637976988170e-10
4.920000000000e-08	8.868860711808e-10	1.426289517882e-09	5.150968317520e-10
4.940000000000e-08	9.763282826262e-10	1.546942092159e-09	5.952430269917e-10
4.960000000000e-08	9.905592367780e-10	1.568889746172e-09	5.723021153954e-10
4.980000000000e-08	9.497110924820e-10	1.387951622131e-09	6.078671288097e-10
5.000000000000e-08	8.493347912959e-10	1.401276212204e-09	5.373844137319e-10
5.020000000000e-08	8.663714064301e-10	1.435309285936e-09	4.588703207254e-10
5.040000000000e-08	8.932069314658e-10	1.433888189511e-09	4.813571058438e-10
5.060000000000e-08	9.248235072589e-10	1.591027070721e-09	4.175617966677e-10
5.080000000000e-08	9.177043672445e-10	1.448186494603e-09	5.060326897890e-10
5.100000000000e-08	9.692996167889e-10	1.464809482548e-09	6.031540656019e-10
5.120000000000e-08	9.063175693236e-10	1.488415785051e-09	4.299778951720e-10
5.140000000000e-08	9.148518891031e-10	1.432174518152e-09	5.204828466399e-10
5.160000000000e-08	9.040041252783e-10	1.384246465695e-09	5.400640941833e-10
5.180000000000e-08	9.085778322286e-10	1.464941747818e-09	4.438951460883e-10
5.200000000000e-08	9.042715874016e-10	1.388811421814e-09	5.947650521045e-10
5.220000000000e-08	9.162977283486e-10	1.360708714886e-09	6.621674412080e-10
5.240000000000e-08	9.201004957523e-10	1.415975980176e-09	5.356173815155e-10
5.260000000000e-08	9.515092646300e-10	1.458965989277e-09	6.416220560706e-10
5.280000000000e-08	9.082848058154e-10	1.377896447939e-09	5.868876010309e-10
5.300000000000e-08	8.240682716495e-10	1.363978265818e-09	4.354857202286e-10
5.320000000000e-08	8.363506158725e-10	1.398729449061e-09	4.182976817575e-10
5.340000000000e-08	8.404055006967e-10	1.355827855044e-09	5.207472357733e-10
5.360000000000e-08	8.433917185186e-10	1.372841288144e-09	5.781878420098e-10
5.380000000000e-08	8.875504216958e-10	1.432469291057e-09	4.810343489737e-10
5.400000000000e-08	8.054823127628e-10	1.219535552808e-09	5.270112884696e-10
5.420000000000e-08	8.473909340708e-10	1.329867237544e-09	5.580550133123e-10
5.440000000000e-08	8.622821064353e-10	1.349501683363e-09	4.599131329655e-10
5.460000000000e-08	8.566716762144e-10	1.334556374096e-09	4.444499348937e-10
5.480000000000e-08	8.555696503870e-10	1.322477278418e-09	5.411491329709e-10
5.500000000000e-08	8.972046029819e-10	1.382654634017e-09	5.472988428630e-10
5.520000000000e-08	8.716493768475e-10	1.454965353923e-09	4.134115814319e-10
5.540000000000e-08	7.910594207127e-10	1.238498405478e-09	4.798570840713e-10
5.560000000000e-08	8.772686712403e-10	1.436031336236e-09	4.816834314237e-10
5.580000000000e-08	8.793508410118e-10	1.284214243284e-09	5.956279517330e-10
5.600000000000e-08	8.213481516364e-10	1.320224282145e-09	4.599756424613e-10
5.620000000000e-08	8.342621683433e-10	1.355313242923e-09	4.456824370349e-10
5.640000000000e-08	8.000921239054e-10	1.248538323296e-09	4.678492967114e-10
5.660000000000e-08	8.797786706317e-10	1.473343970433e-09	3.761361515657e-10
5.680000000000e-08	8.494491826933e-10	1.355992022841e-09	4.706911479957e-10
5.700000000000e-08	8.704376747644e-10	1.313986353833e-09	5.026181006322e-10
5.720000000000e-08	7.773104709931e-10	1.275277968917e-09	3.692079335872e-10
5.740000000000e-08	8.357753124431e-10	1.222590065874e-09	6.038616507280e-10
5.760000000000e-08	9.350717632986e-10	1.399064962199e-09	5.599022142091e-10
5.780000000000e-08	8.364833149369e-10	1.380846420086e-09	4.751790920327e-10
5.800000000000e-08	8.496351885669e-10	1.324298802325e-09	4.659669070424e-10
5.820000000000e-08	7.911421076262e-10	1.295588533936e-09	4.893611068166e-10
5.840000000000e-08	8.854638920590e-10	1.375196633566e-09	5.622380933381e-10
5.860000000000e-08	8.664534112570e-10	1.406677390638e-09	4.796859855087e-10
5.880000000000e-08	8.546157851393e-10	1.313583546270e-09	5.651784096296e-10
5.900000000000e-08	8.354721530293e-10	1.348655791227e-09	4.952763992650e-10
5.920000000000e-08	8.112440653348e-10	1.321474600354e-09	3.914567024868e-10
5.940000000000e-08	7.726445362003e-10	1.200630514778e-09	5.384106197315e-10
5.960000000000e-08	8.107337134392e-10	1.267726079760e-09	5.145522647557e-10
5.980000000000e-08	7.739470470492e-10	1.309178120918e-09	3.594785472994e-10
6.000000000000e-08	8.433155322663e-10	1.339965898731e-09	4.955627630699e-10
6.020000000000e-08	7.875822634361e-10	1.263778187903e-09	3.880864080173e-10
6.040000000000e-08	8.478395116001e-10	1.297508922506e-09	5.498920127846e-10
6.060000000000e-08	8.118994113468e-10	1.234709585031e-09	5.516293055535e-10
6.080000000000e-08	7.846595350826e-10	1.287439033144e-09	4.263377084494e-10
6.100000000000e-08	7.652386756530e-10	1.264564255469e-09	4.195393191349e-10
6.120000000000e-08	8.266631479042e-10	1.371623359383e-09	4.000382963891e-10
6.140000000000e-08	8.060288364954e-10	1.246597913790e-09	5.277245492764e-10
6.160000000000e-08	7.990855679168e-10	1.282329761992e-09	4.795929926328e-10
6.180000000000e-08	8.212751674369e-10	1.229667260476e-09	5.764685536667e-10
6.200000000000e-08	7.380791480272e-10	1.281738515621e-09	3.799648850437e-10
6.220000000000e-08	8.498674178125e-10	1.134395181990e-09	6.333355782564e-10
6.240000000000e-08	7.768053737246e-10	1.268813200023e-09	5.250145840236e-10
6.260000000000e-08	7.657023277597e-10	1.109999089163e-09	5.010117233003e-10
6.280000000000e-08	8.646147953380e-10	1.324117249461e-09	5.018668623971e-10
6.300000000000e-08	7.710325212835e-10	1.157580099893e-09	4.950532166443e-10
