2.681000000000e-06	0.000000000000e+00	0.000000000000e+00	0.000000000000e+00
2.681200000000e-06	0.000000000000e+00	0.000000000000e+00	0.000000000000e+00
2.681400000000e-06	0.000000000000e+00	0.000000000000e+00	0.000000000000e+00
2.681600000000e-06	0.000000000000e+00	0.000000000000e+00	0.000000000000e+00
2.681800000000e-06	0.000000000000e+00	0.000000000000e+00	0.000000000000e+00
2.682000000000e-06	0.000000000000e+00	0.000000000000e+00	0.000000000000e+00
2.682200000000e-06	0.000000000000e+00	0.000000000000e+00	0.000000000000e+00
2.682400000000e-06	0.000000000000e+00	0.000000000000e+00	0.000000000000e+00
2.682600000000e-06	0.000000000000e+00	0.000000000000e+00	0.000000000000e+00
2.682800000000e-06	0.000000000000e+00	0.000000000000e+00	0.000000000000e+00
2.683000000000e-06	0.000000000000e+00	0.000000000000e+00	0.000000000000e+00
2.683200000000e-06	0.000000000000e+00	0.000000000000e+00	0.000000000000e+00
2.683400000000e-06	0.000000000000e+00	0.000000000000e+00	0.000000000000e+00
2.683600000000e-06	0.000000000000e+00	0.000000000000e+00	0.000000000000e+00
2.683800000000e-06	0.000000000000e+00	0.000000000000e+00	0.000000000000e+00
2.684000000000e-06	0.000000000000e+00	0.000000000000e+00	0.000000000000e+00
2.684200000000e-06	0.000000000000e+00	0.000000000000e+00	0.000000000000e+00
2.684400000000e-06	0.000000000000e+00	0.000000000000e+00	0.000000000000e+00
2.684600000000e-06	0.000000000000e+00	0.000000000000e+00	0.000000000000e+00
2.684800000000e-06	0.000000000000e+00	0.000000000000e+00	0.000000000000e+00
2.685000000000e-06	0.000000000000e+00	0.000000000000e+00	0.000000000000e+00
2.685200000000e-06	0.000000000000e+00	0.000000000000e+00	0.000000000000e+00
2.685400000000e-06	0.000000000000e+00	0.000000000000e+00	0.000000000000e+00
2.685600000000e-06	0.000000000000e+00	0.000000000000e+00	0.000000000000e+00
2.685800000000e-06	0.000000000000e+00	0.000000000000e+00	0.000000000000e+00
2.686000000000e-06	0.000000000000e+00	0.000000000000e+00	0.000000000000e+00
2.686200000000e-06	0.000000000000e+00	0.000000000000e+00	0.000000000000e+00
2.686400000000e-06	0.000000000000e+00	0.000000000000e+00	0.000000000000e+00
2.686600000000e-06	0.000000000000e+00	0.000000000000e+00	0.000000000000e+00
2.686800000000e-06	0.000000000000e+00	0.000000000000e+00	0.000000000000e+00
2.687000000000e-06	0.000000000000e+00	0.000000000000e+00	0.000000000000e+00
2.687200000000e-06	0.000000000000e+00	0.000000000000e+00	0.000000000000e+00
2.687400000000e-06	0.000000000000e+00	0.000000000000e+00	0.000000000000e+00
2.687600000000e-06	0.000000000000e+00	0.000000000000e+00	0.000000000000e+00
2.687800000000e-06	0.000000000000e+00	0.000000000000e+00	0.000000000000e+00
2.688000000000e-06	0.000000000000e+00	0.000000000000e+00	0.000000000000e+00
2.688200000000e-06	0.000000000000e+00	0.000000000000e+00	0.000000000000e+00
2.688400000000e-06	0.000000000000e+00	0.000000000000e+00	0.000000000000e+00
2.688600000000e-06	0.000000000000e+00	0.000000000000e+00	0.000000000000e+00
2.688800000000e-06	0.000000000000e+00	0.000000000000e+00	0.000000000000e+00
2.689000000000e-06	0.000000000000e+00	0.000000000000e+00	0.000000000000e+00
2.689200000000e-06	0.000000000000e+00	0.000000000000e+00	0.000000000000e+00
2.689400000000e-06	0.000000000000e+00	0.000000000000e+00	0.000000000000e+00
2.689600000000e-06	0.000000000000e+00	0.000000000000e+00	0.000000000000e+00
2.689800000000e-06	0.000000000000e+00	0.000000000000e+00	0.000000000000e+00
2.690000000000e-06	0.000000000000e+00	0.000000000000e+00	0.000000000000e+00
2.690200000000e-06	0.000000000000e+00	0.000000000000e+00	0.000000000000e+00
2.690400000000e-06	0.000000000000e+00	0.000000000000e+00	0.000000000000e+00
2.690600000000e-06	0.000000000000e+00	0.000000000000e+00	0.000000000000e+00
2.690800000000e-06	0.000000000000e+00	0.000000000000e+00	0.000000000000e+00
2.691000000000e-06	0.000000000000e+00	0.000000000000e+00	0.000000000000e+00
2.691200000000e-06	0.000000000000e+00	0.000000000000e+00	0.000000000000e+00
2.691400000000e-06	0.000000000000e+00	0.000000000000e+00	0.000000000000e+00
2.691600000000e-06	0.000000000000e+00	0.000000000000e+00	0.000000000000e+00
2.691800000000e-06	0.000000000000e+00	0.000000000000e+00	0.000000000000e+00
2.692000000000e-06	0.000000000000e+00	0.000000000000e+00	0.000000000000e+00
2.692200000000e-06	0.000000000000e+00	0.000000000000e+00	0.000000000000e+00
2.692400000000e-06	0.000000000000e+00	0.000000000000e+00	0.000000000000e+00
2.692600000000e-06	0.000000000000e+00	0.000000000000e+00	0.000000000000e+00
2.692800000000e-06	0.000000000000e+00	0.000000000000e+00	0.000000000000e+00
2.693000000000e-06	0.000000000000e+00	0.000000000000e+00	0.000000000000e+00
2.693200000000e-06	0.000000000000e+00	0.000000000000e+00	0.000000000000e+00
2.693400000000e-06	0.000000000000e+00	0.000000000000e+00	0.000000000000e+00
2.693600000000e-06	0.000000000000e+00	0.000000000000e+00	0.000000000000e+00
2.693800000000e-06	0.000000000000e+00	0.000000000000e+00	0.000000000000e+00
2.694000000000e-06	0.000000000000e+00	0.000000000000e+00	0.000000000000e+00
2.694200000000e-06	0.000000000000e+00	0.000000000000e+00	0.000000000000e+00
2.694400000000e-06	0.000000000000e+00	0.000000000000e+00	0.000000000000e+00
2.694600000000e-06	0.000000000000e+00	0.000000000000e+00	0.000000000000e+00
2.694800000000e-06	3.159610869072e-15	-5.243399926703e-14	6.994276523946e-14
2.695000000000e-06	-5.389366469293e-15	4.629058062757e-14	-6.832134944462e-14
2.695200000000e-06	8.611635350861e-15	1.582139989214e-14	3.293903258646e-15
2.695400000000e-06	-8.818946381382e-16	-3.863696152784e-16	-1.716270075024e-15
2.695600000000e-06	1.273979566211e-14	1.812151500132e-16	3.077062150396e-14
2.695800000000e-06	1.710988081465e-14	2.971489582345e-14	7.713778571814e-15
2.696000000000e-06	-7.229334972448e-14	1.174136152805e-13	-3.031610794848e-13
2.696200000000e-06	4.209837664701e-14	-2.761220903669e-13	3.901759859900e-13
2.696400000000e-06	-4.952682294925e-14	6.589026340177e-14	-1.832876782639e-13
2.696600000000e-06	-1.961172734665e-14	-3.634259210495e-14	-1.415185801527e-14
2.696800000000e-06	4.099180653438e-14	-1.998256414251e-14	1.323591867412e-13
2.697000000000e-06	-4.235206266019e-12	4.736065537836e-12	-1.336860223730e-11
2.697200000000e-06	-3.530224624872e-12	3.846720140913e-12	-1.084873378479e-11
2.697400000000e-06	9.821874868338e-13	1.103770789504e-12	1.651720049275e-12
2.697600000000e-06	-5.498207520546e-12	-3.382859491865e-12	-9.260952542557e-12
2.697800000000e-06	1.468565075086e-12	-1.756048820128e-12	4.881126243489e-12
2.698000000000e-06	1.169880126684e-12	-2.280155126401e-12	5.138086395912e-12
2.698200000000e-06	1.545588226375e-12	-4.933740178826e-12	9.395650340973e-12
2.698400000000e-06	3.849937494950e-12	6.691272156286e-12	1.309060926024e-12
2.698600000000e-06	-5.925903786529e-12	-8.887487248784e-12	-3.732642324637e-12
2.698800000000e-06	-2.767004901609e-14	1.372056174805e-12	-1.971841331321e-12
2.699000000000e-06	3.117036658615e-12	3.502424642880e-12	3.595642113572e-12
2.699200000000e-06	1.367081934297e-12	6.692562372432e-12	-4.332368727570e-12
2.699400000000e-06	-1.324793095430e-11	-1.752523736433e-11	-1.219479938440e-11
2.699600000000e-06	2.391789578759e-12	9.155902735947e-12	-4.835868363723e-12
2.699800000000e-06	-1.054017112008e-12	-4.351113392798e-12	2.210864911493e-12
2.700000000000e-06	-3.270038986044e-12	1.042280132705e-12	-8.376131676000e-12
2.700200000000e-06	-6.416630183450e-12	-1.676159414321e-11	3.284585767711e-12
2.700400000000e-06	-2.921524917199e-11	-4.245771901962e-11	-1.931019497758e-11
2.700600000000e-06	-2.249216545988e-11	-3.561638146728e-11	-1.573240900078e-11
2.700800000000e-06	-1.189326361854e-11	-3.892546502867e-11	1.499763138324e-11
2.701000000000e-06	-5.100676897586e-11	-8.407951286591e-11	-2.526901542293e-11
2.701200000000e-06	-1.489778107219e-10	-2.353978895888e-10	-8.756327083042e-11
2.701400000000e-06	-2.272453712396e-10	-4.059994552236e-10	-7.800712175923e-11
2.701600000000e-06	-6.466378009056e-10	-1.133528088864e-09	-2.537590883457e-10
2.701800000000e-06	-1.747771866752e-09	-3.410575816264e-09	-2.908342129154e-10
2.702000000000e-06	-3.504164035787e-09	-5.645312902734e-09	-1.955157986300e-09
2.702200000000e-06	-3.749384916464e-09	-5.868442810557e-09	-2.298871001783e-09
2.702400000000e-06	-3.504117009202e-09	-5.882877241506e-09	-1.693910349271e-09
2.702600000000e-06	-3.769839899938e-09	-6.318616460643e-09	-1.839061000307e-09
2.702800000000e-06	-3.938225455371e-09	-6.292613323738e-09	-2.295267996833e-09
2.703000000000e-06	-4.313245424593e-09	-6.618825239080e-09	-2.835121919681e-09
2.703200000000e-06	-4.252155267924e-09	-6.372580699517e-09	-2.971056347854e-09
2.703400000000e-06	-3.856603785146e-09	-6.197785219312e-09	-2.225545245075e-09
2.703600000000e-06	-3.697636966852e-09	-5.400450803117e-09	-2.760920262830e-09
2.703800000000e-06	-3.717354636395e-09	-5.863047552407e-09	-2.279940465207e-09
2.704000000000e-06	-3.421091767716e-09	-5.516420491009e-09	-1.963857634752e-09
2.704200000000e-06	-3.256302472615e-09	-5.199510372489e-09	-1.927006395791e-09
2.704400000000e-06	-3.294528982150e-09	-5.053094435523e-09	-2.194454381508e-09
2.704600000000e-06	-2.933808002398e-09	-4.838814909025e-09	-1.562421710098e-09
2.704800000000e-06	-2.788325521356e-09	-4.292204899669e-09	-1.829268853048e-09
2.705000000000e-06	-3.356924897750e-09	-5.018472153566e-09	-2.382733173811e-09
2.705200000000e-06	-2.991800630804e-09	-4.874890127692e-09	-1.649852395064e-09
2.705400000000e-06	-2.315134245949e-09	-3.037785073167e-09	-2.119602517071e-09
2.705600000000e-06	-1.000946690028e-09	-1.428530240033e-09	-8.126655378676e-10
2.705800000000e-06	-7.731621980042e-10	-1.041680559798e-09	-6.845428727383e-10
2.706000000000e-06	-5.114761639978e-10	-9.264015133053e-10	-1.915329884569e-10
2.706200000000e-06	-3.574251915557e-10	-5.861134207236e-10	-1.539470329684e-10
2.706400000000e-06	-4.426301389161e-10	-5.961586194892e-10	-4.077567887978e-10
2.706600000000e-06	-6.415570549986e-10	-7.982577316060e-10	-6.561318151005e-10
2.706800000000e-06	-4.179890933668e-10	-4.289650538605e-10	-5.304224504137e-10
2.707000000000e-06	-3.320616301926e-10	-7.193125609272e-10	1.218299327014e-11
2.707200000000e-06	-3.522548811869e-10	-4.659668455982e-10	-3.311179176361e-10
2.707400000000e-06	-4.526601394220e-10	-6.399113714355e-10	-5.261285392753e-10
2.707600000000e-06	-4.929094933357e-10	-6.948290138687e-10	-4.143367519317e-10
2.707800000000e-06	-4.974796584267e-10	-5.207254731342e-10	-6.163499473077e-10
2.708000000000e-06	-4.460487945920e-10	-8.473362785166e-10	-1.000414400227e-10
2.708200000000e-06	-1.370321004202e-09	-2.448958208014e-09	-5.106545689380e-10
2.708400000000e-06	-2.001892177676e-09	-2.861696819433e-09	-1.571068261759e-09
2.708600000000e-06	-3.333343499248e-09	-5.547118725473e-09	-1.690635458005e-09
2.708800000000e-06	-5.704102450463e-09	-9.197279629543e-09	-3.214073454254e-09
2.709000000000e-06	-9.762211799955e-09	-1.611108965567e-08	-5.060368004396e-09
2.709200000000e-06	-1.868891083310e-08	-3.078227595694e-08	-9.785848368249e-09
2.709400000000e-06	-3.689970770155e-08	-6.267282030886e-08	-1.705279715737e-08
2.709600000000e-06	-7.994594638978e-08	-1.471550326553e-07	-2.377349003517e-08
2.709800000000e-06	-1.753517658905e-07	-4.096683568248e-07	4.858850185134e-08
2.710000000000e-06	-5.392768539892e-07	-7.536952987017e-07	-4.371621201280e-07
2.710200000000e-06	-1.105179308928e-07	-1.361483450756e-07	-1.128916981909e-07
2.710400000000e-06	-4.005976207064e-08	-5.351219282607e-08	-3.694023413904e-08
2.710600000000e-06	-2.410856051353e-08	-3.315306657995e-08	-2.140887147973e-08
2.710800000000e-06	-1.224898387553e-08	-1.507581856037e-08	-1.326111244051e-08
2.711000000000e-06	-9.237291093092e-09	-1.281944770564e-08	-8.391282898016e-09
2.711200000000e-06	-2.025980372210e-09	-5.912851637284e-10	-4.842267733863e-09
2.711400000000e-06	-3.255391027316e-09	-5.172560288931e-09	-2.453601034542e-09
2.711600000000e-06	-5.127917115728e-10	2.277114815163e-09	-4.382117708081e-09
2.711800000000e-06	1.416252062738e-09	3.246900948789e-09	-6.443888634442e-10
2.712000000000e-06	6.486998932063e-10	3.042601382213e-09	-2.296960278840e-09
2.712200000000e-06	2.711290314528e-09	5.363303428498e-09	1.347125386043e-10
2.712400000000e-06	2.537283140618e-09	5.654921396715e-09	-6.285061380884e-10
2.712600000000e-06	2.446622014565e-09	4.239576480604e-09	8.449100099618e-10
2.712800000000e-06	2.915853191998e-09	5.163302592522e-09	9.464749427083e-10
2.713000000000e-06	3.763746564239e-09	6.615554852444e-09	1.329018181549e-09
2.713200000000e-06	3.206833802179e-09	5.568132711605e-09	1.177167417940e-09
2.713400000000e-06	4.392213218603e-09	7.188443740507e-09	2.235058818318e-09
2.713600000000e-06	4.200797916757e-09	7.541151005549e-09	1.377471821677e-09
2.713800000000e-06	4.086524108827e-09	7.229809649315e-09	1.479220268633e-09
2.714000000000e-06	4.018013971872e-09	6.675035500259e-09	1.969603229089e-09
2.714200000000e-06	3.371500029290e-09	5.800400369712e-09	1.406094331792e-09
2.714400000000e-06	3.902370039977e-09	6.764874878602e-09	1.578740952710e-09
2.714600000000e-06	4.518655133577e-09	7.547380483773e-09	2.228197289382e-09
2.714800000000e-06	3.536692585131e-09	6.631680446200e-09	8.974054580584e-10
2.715000000000e-06	3.625892665686e-09	6.048808410042e-09	1.815602322194e-09
2.715200000000e-06	3.923516399156e-09	5.704594774899e-09	2.931058492602e-09
2.715400000000e-06	3.603551660381e-09	6.540987870361e-09	1.130869587294e-09
2.715600000000e-06	3.630278959832e-09	6.038283275084e-09	1.845629696191e-09
2.715800000000e-06	3.514062407758e-09	4.786817466436e-09	3.014647786882e-09
2.716000000000e-06	3.670842152506e-09	6.656369368432e-09	1.196171078966e-09
2.716200000000e-06	3.447199990471e-09	5.044169590626e-09	2.551821098446e-09
2.716400000000e-06	3.548902281261e-09	6.606257021561e-09	9.402013043692e-10
2.716600000000e-06	3.444265829005e-09	5.673773380600e-09	1.807394697184e-09
2.716800000000e-06	3.570931454540e-09	5.515414975821e-09	2.291264501478e-09
2.717000000000e-06	3.556426350857e-09	5.359516803214e-09	2.470125226022e-09
2.717200000000e-06	3.736797156458e-09	6.052155062126e-09	2.097709819479e-09
2.717400000000e-06	4.128516614656e-09	6.563427170453e-09	2.491637970305e-09
2.717600000000e-06	3.439812572237e-09	5.713486066703e-09	1.765182032630e-09
2.717800000000e-06	3.355200055087e-09	5.446685133374e-09	1.867079192959e-09
2.718000000000e-06	4.039243840098e-09	6.865518874941e-09	1.913009992521e-09
2.718200000000e-06	3.080550394050e-09	4.610144536443e-09	2.183440883397e-09
2.718400000000e-06	3.341607775057e-09	5.858307039719e-09	1.355491137900e-09
2.718600000000e-06	3.073910180588e-09	5.116461943778e-09	1.569285594931e-09
2.718800000000e-06	3.595501035634e-09	5.272835808823e-09	2.706191766361e-09
2.719000000000e-06	3.306788267269e-09	5.101272990209e-09	2.168997194211e-09
2.719200000000e-06	2.973398011348e-09	4.357221879169e-09	2.223912882017e-09
2.719400000000e-06	3.320730859481e-09	5.981218610212e-09	1.169255372320e-09
2.719600000000e-06	2.924633718281e-09	4.505551436810e-09	1.932542639688e-09
2.719800000000e-06	3.185951159090e-09	5.848370239748e-09	1.016560885159e-09
2.720000000000e-06	3.410381996877e-09	4.964633045360e-09	2.606030974906e-09
2.720200000000e-06	2.645987813749e-09	4.899064806877e-09	7.461682314654e-10
2.720400000000e-06	3.156367097034e-09	5.090759695293e-09	1.803230107852e-09
2.720600000000e-06	2.939879473276e-09	4.506570911513e-09	1.965025984386e-09
2.720800000000e-06	3.303105690851e-09	4.744087335539e-09	2.601832129604e-09
2.721000000000e-06	2.789277048166e-09	4.966192765118e-09	1.075703058643e-09
2.721200000000e-06	2.659740765658e-09	4.354535982031e-09	1.437271248293e-09
2.721400000000e-06	2.801074348514e-09	4.255184783584e-09	1.949046391745e-09
2.721600000000e-06	3.071346143050e-09	5.289352954005e-09	1.394585351315e-09
2.721800000000e-06	2.776898052012e-09	4.331555119371e-09	1.759742898296e-09
2.722000000000e-06	3.114095188743e-09	5.119762538702e-09	1.708671302057e-09
2.722200000000e-06	2.751166943329e-09	4.921938185496e-09	1.022776544061e-09
2.722400000000e-06	2.654428604605e-09	4.086220737306e-09	1.783345358480e-09
2.722600000000e-06	2.779350784892e-09	3.954113641521e-09	2.246300686602e-09
2.722800000000e-06	2.940640639991e-09	4.523656983680e-09	1.972176919438e-09
2.723000000000e-06	2.808222795124e-09	4.438882350274e-09	1.732809718631e-09
2.723200000000e-06	3.020034090904e-09	4.664603232782e-09	2.019557984496e-09
2.723400000000e-06	2.703216362441e-09	3.874011424794e-09	2.142606159435e-09
2.723600000000e-06	2.877771813110e-09	4.684519567324e-09	1.615921958199e-09
2.723800000000e-06	2.440243307841e-09	4.236630605350e-09	1.051704754743e-09
2.724000000000e-06	2.319487427319e-09	3.936262005626e-09	1.119953766375e-09
2.724200000000e-06	2.627105282924e-09	3.976227912194e-09	1.856616892782e-09
2.724400000000e-06	2.451551161503e-09	4.186571289592e-09	1.160965139682e-09
2.724600000000e-06	2.596859193142e-09	4.069246976937e-09	1.651571716759e-09
2.724800000000e-06	2.678275249839e-09	4.565382067625e-09	1.269658244935e-09
2.725000000000e-06	2.799643028040e-09	4.505872358049e-09	1.648560041956e-09
2.725200000000e-06	3.030367343569e-09	4.165853300956e-09	2.624308922931e-09
2.725400000000e-06	2.912235663407e-09	4.466010169213e-09	1.983219669149e-09
2.725600000000e-06	2.747551337090e-09	4.055335469613e-09	2.029131749875e-09
2.725800000000e-06	2.574506106142e-09	4.061185980506e-09	1.634764121402e-09
2.726000000000e-06	2.813797055660e-09	4.392285144712e-09	1.810588951513e-09
2.726200000000e-06	2.539829254775e-09	4.073322885440e-09	1.491609928793e-09
2.726400000000e-06	2.008204634072e-09	3.716035926787e-09	5.882157836931e-10
2.726600000000e-06	2.643255270401e-09	4.039309083842e-09	1.830954599020e-09
2.726800000000e-06	2.691864369362e-09	4.235724589754e-09	1.719501048094e-09
2.727000000000e-06	2.656966249087e-09	4.197870451878e-09	1.672588175936e-09
2.727200000000e-06	2.489742760831e-09	4.230490225814e-09	1.195497387701e-09
2.727400000000e-06	2.984501110026e-09	4.479396275327e-09	2.145185890133e-09
2.727600000000e-06	2.434896667342e-09	3.866237002929e-09	1.504176464849e-09
2.727800000000e-06	2.158172064886e-09	3.654746912969e-09	1.041409636030e-09
2.728000000000e-06	2.729491844860e-09	4.494407180603e-09	1.505897564181e-09
2.728200000000e-06	2.452745954649e-09	3.814941661521e-09	1.587580605351e-09
2.728400000000e-06	2.649238158446e-09	3.815685248330e-09	2.093650149491e-09
2.728600000000e-06	2.289216703977e-09	3.474277808723e-09	1.616291473693e-09
2.728800000000e-06	2.503291368614e-09	4.006946007197e-09	1.505048830145e-09
2.729000000000e-06	2.350712286492e-09	3.987707225662e-09	1.180320706230e-09
2.729200000000e-06	2.264710539611e-09	3.529015021297e-09	1.431019036314e-09
2.729400000000e-06	2.358865200386e-09	3.851393972870e-09	1.356763162382e-09
2.729600000000e-06	2.495527344234e-09	3.682082767938e-09	1.872564646606e-09
2.729800000000e-06	2.309573985546e-09	3.603098635423e-09	1.481760845684e-09
2.730000000000e-06	2.519246150529e-09	4.032146647424e-09	1.537202475894e-09
2.730200000000e-06	2.309920767380e-09	3.852022571457e-09	1.216966110590e-09
2.730400000000e-06	2.317012715605e-09	3.851326307925e-09	1.227747914699e-09
2.730600000000e-06	2.565247128054e-09	4.065057776209e-09	1.595359551459e-09
2.730800000000e-06	2.457612402549e-09	3.968670356804e-09	1.426892342451e-09
2.731000000000e-06	2.259072973980e-09	3.593762337533e-09	1.401194702009e-09
2.731200000000e-06	2.386880890052e-09	3.818277726709e-09	1.423708299520e-09
2.731400000000e-06	2.176886245107e-09	3.548263026893e-09	1.234639399639e-09
2.731600000000e-06	2.175608827804e-09	3.566814968640e-09	1.206873553642e-09
2.731800000000e-06	2.300614612651e-09	3.552071062762e-09	1.559732445967e-09
2.732000000000e-06	2.315816998937e-09	4.009796242238e-09	1.043222360201e-09
2.732200000000e-06	2.423409305431e-09	3.550481472051e-09	1.866630621777e-09
2.732400000000e-06	2.293600027240e-09	3.560090855669e-09	1.521352741678e-09
2.732600000000e-06	2.348494994254e-09	3.776579338121e-09	1.382619429433e-09
2.732800000000e-06	2.201266762454e-09	3.345211042604e-09	1.552568667306e-09
2.733000000000e-06	2.144866554197e-09	3.194602043755e-09	1.578226976850e-09
2.733200000000e-06	2.016299114163e-09	3.289551873601e-09	1.136457142579e-09
2.733400000000e-06	2.321527746901e-09	3.871195987249e-09	1.218112500869e-09
2.733600000000e-06	2.099290123712e-09	3.333791593538e-09	1.317189475854e-09
2.733800000000e-06	2.298699496763e-09	3.500995012782e-09	1.609546823942e-09
2.734000000000e-06	2.330629079525e-09	3.513141605544e-09	1.667451463715e-09
2.734200000000e-06	2.073332789908e-09	3.419864085246e-09	1.130162864087e-09
2.734400000000e-06	2.292618386924e-09	3.698967789448e-09	1.354079793341e-09
2.734600000000e-06	2.109409491230e-09	3.583328777223e-09	1.041321613152e-09
2.734800000000e-06	2.370243101692e-09	3.649335423092e-09	1.615591790017e-09
2.735000000000e-06	2.133991705279e-09	3.209501654881e-09	1.520706128445e-09
2.735200000000e-06	2.079701147219e-09	3.038646325337e-09	1.600741633078e-09
2.735400000000e-06	2.293625000557e-09	3.734906357115e-09	1.316670192633e-09
2.735600000000e-06	1.903364726908e-09	3.248367145934e-09	9.216459249806e-10
2.735800000000e-06	2.192547367272e-09	3.440705511498e-09	1.439586165304e-09
2.736000000000e-06	2.044937366454e-09	3.095900182001e-09	1.453400629076e-09
2.736200000000e-06	2.207301241611e-09	3.253607505395e-09	1.657326826778e-09
2.736400000000e-06	2.125741352620e-09	3.308071029631e-09	1.401625817457e-09
2.736600000000e-06	2.194071851160e-09	3.436993692612e-09	1.414345002049e-09
2.736800000000e-06	1.990512576697e-09	3.276835341026e-09	1.086563328209e-09
2.737000000000e-06	2.174844386062e-09	3.371519651732e-09	1.436716339159e-09
2.737200000000e-06	1.989733619984e-09	3.045774692928e-09	1.368073982685e-09
2.737400000000e-06	1.846700320408e-09	3.051370233754e-09	1.016663191921e-09
2.737600000000e-06	2.009621461330e-09	3.160456066599e-09	1.308257038562e-09
2.737800000000e-06	1.988177919530e-09	3.230885829808e-09	1.156687355457e-09
2.738000000000e-06	2.040988628129e-09	3.191973415147e-09	1.337971840041e-09
2.738200000000e-06	2.131388081628e-09	3.229820715259e-09	1.502035935756e-09
2.738400000000e-06	2.102619844266e-09	3.526502950652e-09	1.090330762626e-09
2.738600000000e-06	1.893862901188e-09	3.299635214352e-09	8.204870452080e-10
2.738800000000e-06	2.045415897264e-09	3.019882005412e-09	1.571185202957e-09
2.739000000000e-06	2.116657079970e-09	3.189218255536e-09	1.530732690655e-09
2.739200000000e-06	1.927232459890e-09	3.136333941335e-09	1.091639967084e-09
2.739400000000e-06	1.807329583899e-09	2.799801286248e-09	1.207553628045e-09
2.739600000000e-06	1.997369874598e-09	3.046445313584e-09	1.393590005279e-09
2.739800000000e-06	1.885981453840e-09	3.112397933882e-09	1.030200990498e-09
2.740000000000e-06	1.732862809909e-09	2.540178818241e-09	1.325270809926e-09
2.740200000000e-06	2.108673598454e-09	3.392154489464e-09	1.256698137514e-09
2.740400000000e-06	1.924760763544e-09	3.140406755562e-09	1.116361019941e-09
2.740600000000e-06	2.069608637113e-09	3.458081573802e-09	1.093457264380e-09
2.740800000000e-06	1.996878337681e-09	3.175316705321e-09	1.238794042887e-09
2.741000000000e-06	1.890836053625e-09	3.136742489447e-09	1.012581738878e-09
2.741200000000e-06	1.908215764214e-09	3.052839559499e-09	1.161501666021e-09
2.741400000000e-06	1.816804784387e-09	2.593914511183e-09	1.484130283278e-09
2.741600000000e-06	2.007985800258e-09	3.098398581512e-09	1.367866652491e-09
2.741800000000e-06	1.902087338243e-09	2.894243520414e-09	1.332175087879e-09
2.742000000000e-06	1.914880395144e-09	3.213845184413e-09	9.964228842791e-10
2.742200000000e-06	1.794970470082e-09	2.952381783123e-09	9.969841007390e-10
2.742400000000e-06	1.780993149590e-09	2.682017275645e-09	1.288177356822e-09
2.742600000000e-06	1.675278561226e-09	2.602055935139e-09	1.102929137024e-09
2.742800000000e-06	1.939405429399e-09	3.047591733762e-09	1.249493102998e-09
2.743000000000e-06	1.869315759635e-09	2.894851250131e-09	1.271477792258e-09
2.743200000000e-06	1.825509832475e-09	2.875336357345e-09	1.170806672724e-09
2.743400000000e-06	1.861726831729e-09	2.974490914928e-09	1.147939166551e-09
2.743600000000e-06	1.724923333083e-09	2.679308447916e-09	1.150818383067e-09
2.743800000000e-06	1.859369607602e-09	3.067883577562e-09	1.019547851062e-09
2.744000000000e-06	1.552629113731e-09	2.590768366917e-09	8.098235164266e-10
2.744200000000e-06	1.870402198456e-09	2.962636695769e-09	1.170318024838e-09
2.744400000000e-06	1.835802965897e-09	2.925590646865e-09	1.104603181740e-09
2.744600000000e-06	1.889912834002e-09	3.127167314026e-09	1.016929173249e-09
2.744800000000e-06	1.670638629323e-09	2.547337543737e-09	1.192416895099e-09
2.745000000000e-06	1.831525991540e-09	2.870862813456e-09	1.202655467069e-09
2.745200000000e-06	1.742679570203e-09	2.707844625024e-09	1.163987564185e-09
2.745400000000e-06	1.726780770825e-09	2.771282919655e-09	1.030276557672e-09
2.745600000000e-06	1.705399878164e-09	2.709120698512e-09	1.088792065909e-09
2.745800000000e-06	1.794248789148e-09	2.624387590314e-09	1.376853762910e-09
2.746000000000e-06	1.733216535785e-09	2.808930138109e-09	1.005349992377e-09
2.746200000000e-06	1.670461263789e-09	2.577665804352e-09	1.123032971363e-09
2.746400000000e-06	1.641122047270e-09	2.698498636129e-09	8.968968789279e-10
2.746600000000e-06	1.858694065574e-09	2.950845059241e-09	1.205145202252e-09
2.746800000000e-06	1.644347459500e-09	2.656146435448e-09	9.371955181664e-10
2.747000000000e-06	1.705190494616e-09	2.659279726748e-09	1.137805822355e-09
2.747200000000e-06	1.925906294329e-09	2.897016971876e-09	1.365162771980e-09
2.747400000000e-06	1.625527830850e-09	2.690073879801e-09	8.756528696275e-10
2.747600000000e-06	1.651837009812e-09	2.769755652658e-09	8.982617492812e-10
2.747800000000e-06	1.642811109629e-09	2.418693528669e-09	1.247079883846e-09
2.748000000000e-06	1.606700643835e-09	2.516208092891e-09	1.043464259112e-09
2.748200000000e-06	1.674422367181e-09	2.758315092968e-09	9.265817647112e-10
2.748400000000e-06	1.634994626656e-09	2.774828827403e-09	8.120905138682e-10
2.748600000000e-06	1.655841903942e-09	2.656862786822e-09	1.027335173514e-09
2.748800000000e-06	1.544002221936e-09	2.613128555470e-09	7.970481245451e-10
2.749000000000e-06	1.690324638247e-09	2.721567248300e-09	1.022117354159e-09
2.749200000000e-06	1.745596879263e-09	2.628664112953e-09	1.260033886859e-09
2.749400000000e-06	1.747957544203e-09	2.764260658842e-09	1.094432567891e-09
2.749600000000e-06	1.559839897021e-09	2.251137228976e-09	1.247918156508e-09
2.749800000000e-06	1.598436575472e-09	2.573142124359e-09	9.635601846321e-10
2.750000000000e-06	1.630561314723e-09	2.593506990200e-09	1.023739618375e-09
2.750200000000e-06	1.674530399303e-09	2.895402847346e-09	7.730554382696e-10
2.750400000000e-06	1.542447567703e-09	2.445557050831e-09	9.686191004162e-10
2.750600000000e-06	1.635642459154e-09	2.648470029199e-09	9.670205504802e-10
2.750800000000e-06	1.648203092943e-09	2.513983144485e-09	1.149778285903e-09
2.751000000000e-06	1.687248237543e-09	2.744645734205e-09	9.869984820124e-10
2.751200000000e-06	1.624487094335e-09	2.459734820525e-09	1.154472860933e-09
2.751400000000e-06	1.526600732210e-09	2.553979523616e-09	8.154282134196e-10
2.751600000000e-06	1.725844158739e-09	2.560312216199e-09	1.290990296305e-09
2.751800000000e-06	1.493636434800e-09	2.421298925340e-09	8.709422419483e-10
2.752000000000e-06	1.524116296446e-09	2.441112444680e-09	9.227181258384e-10
2.752200000000e-06	1.683170933035e-09	2.490867122139e-09	1.282635002585e-09
2.752400000000e-06	1.630547229734e-09	2.354782735046e-09	1.299382738489e-09
2.752600000000e-06	1.523977901441e-09	2.511615846259e-09	8.415632350550e-10
2.752800000000e-06	1.499871970260e-09	2.390569733228e-09	9.353968763012e-10
2.753000000000e-06	1.642910735830e-09	2.520464786866e-09	1.147826521918e-09
2.753200000000e-06	1.702179035860e-09	2.767499711846e-09	9.868441655585e-10
2.753400000000e-06	1.511458394803e-09	2.297776902343e-09	1.054413481254e-09
2.753600000000e-06	1.621297376070e-09	2.640195938694e-09	9.448360307412e-10
2.753800000000e-06	1.633547543883e-09	2.601514172183e-09	1.014666364760e-09
2.754000000000e-06	1.565661490785e-09	2.494938261359e-09	1.002231562459e-09
2.754200000000e-06	1.559363782347e-09	2.521868191845e-09	9.276858214696e-10
2.754400000000e-06	1.587784327955e-09	2.543538069755e-09	9.636397755965e-10
2.754600000000e-06	1.489507718840e-09	2.419187050767e-09	8.576521623722e-10
2.754800000000e-06	1.515158493408e-09	2.354202926821e-09	1.036245831705e-09
2.755000000000e-06	1.492781367169e-09	2.479469869196e-09	7.997713973137e-10
2.755200000000e-06	1.345182803696e-09	2.103176643595e-09	9.100094015863e-10
2.755400000000e-06	1.520905377814e-09	2.333655065510e-09	1.053316210963e-09
2.755600000000e-06	1.640556291008e-09	2.718970642525e-09	8.991344588357e-10
2.755800000000e-06	1.582806450928e-09	2.570584602683e-09	9.278972939518e-10
2.756000000000e-06	1.335902926989e-09	2.192720697236e-09	7.528247672747e-10
2.756200000000e-06	1.443370162345e-09	2.122298834150e-09	1.064490785910e-09
2.756400000000e-06	1.503746659723e-09	2.310822194858e-09	1.037311463204e-09
2.756600000000e-06	1.561607678453e-09	2.317213269647e-09	1.185022400309e-09
2.756800000000e-06	1.316785284920e-09	2.168196773948e-09	7.565002325896e-10
2.757000000000e-06	1.465946684700e-09	2.369946759943e-09	8.690257168294e-10
2.757200000000e-06	1.515160382949e-09	2.510603650966e-09	8.060196304140e-10
2.757400000000e-06	1.469273568853e-09	2.215867470283e-09	1.078048133446e-09
2.757600000000e-06	1.622134674754e-09	2.594640656578e-09	1.000759167689e-09
2.757800000000e-06	1.511183331851e-09	2.520244147836e-09	7.779565211551e-10
2.758000000000e-06	1.373918011009e-09	2.161146754846e-09	8.605260610333e-10
2.758200000000e-06	1.303360768862e-09	1.985046902655e-09	9.132473794011e-10
2.758400000000e-06	1.477833444665e-09	2.249971112208e-09	1.044663389105e-09
2.758600000000e-06	1.527733695925e-09	2.479612727641e-09	9.116143169803e-10
2.758800000000e-06	1.394410271954e-09	2.321018581800e-09	7.448929082338e-10
2.759000000000e-06	1.500480373701e-09	2.360064622232e-09	9.828417839752e-10
2.759200000000e-06	1.315897626719e-09	2.196632376139e-09	6.814584296407e-10
2.759400000000e-06	1.424532341378e-09	2.329298124809e-09	8.331781831400e-10
2.759600000000e-06	1.365624929257e-09	2.118556503821e-09	8.956346812425e-10
2.759800000000e-06	1.464940810692e-09	2.379229983068e-09	8.523011677730e-10
2.760000000000e-06	1.336036640806e-09	2.168955160988e-09	7.804672580149e-10
2.760200000000e-06	1.352272077441e-09	2.020244485925e-09	9.884978875688e-10
2.760400000000e-06	1.403535578987e-09	2.226872245794e-09	8.938302815159e-10
2.760600000000e-06	1.415994904964e-09	2.201346779421e-09	9.772798054150e-10
2.760800000000e-06	1.329559876336e-09	2.144999188415e-09	8.070916223462e-10
2.761000000000e-06	1.373038882907e-09	2.151477831140e-09	8.937737562469e-10
2.761200000000e-06	1.437313378138e-09	2.045241001432e-09	1.167874263563e-09
2.761400000000e-06	1.318957905565e-09	2.166004190424e-09	7.377931531310e-10
2.761600000000e-06	1.399658873747e-09	2.357250351579e-09	7.195544422612e-10
2.761800000000e-06	1.483305793700e-09	2.341382823139e-09	9.437965915465e-10
2.762000000000e-06	1.399021617320e-09	2.174309891742e-09	9.406215772432e-10
2.762200000000e-06	1.450803686407e-09	2.262998456363e-09	9.899553060057e-10
2.762400000000e-06	1.350089238647e-09	2.122411630592e-09	8.597601904559e-10
2.762600000000e-06	1.399195858198e-09	2.258989667119e-09	8.354505489280e-10
2.762800000000e-06	1.352553004397e-09	2.128383168078e-09	8.861510518955e-10
2.763000000000e-06	1.325863296081e-09	2.199525805595e-09	7.462455721867e-10
2.763200000000e-06	1.417832891837e-09	2.223774462546e-09	9.222461216649e-10
2.763400000000e-06	1.346715820431e-09	2.119030360307e-09	8.678452750355e-10
2.763600000000e-06	1.334095818891e-09	1.994046178453e-09	9.839687115943e-10
2.763800000000e-06	1.300176374086e-09	2.126181483654e-09	7.468112363283e-10
2.764000000000e-06	1.227957559555e-09	1.974769623278e-09	7.398234611456e-10
2.764200000000e-06	1.420192212655e-09	2.278590730843e-09	8.753796185944e-10
2.764400000000e-06	1.292523392499e-09	2.184533885324e-09	6.564518666569e-10
2.764600000000e-06	1.270890365784e-09	2.061118957657e-09	7.546210636176e-10
2.764800000000e-06	1.395605812071e-09	2.218149138340e-09	8.948868603720e-10
2.765000000000e-06	1.233148391885e-09	1.856226850918e-09	8.983098968377e-10
2.765200000000e-06	1.326164471570e-09	2.069432348984e-09	8.842703383105e-10
2.765400000000e-06	1.327063296440e-09	2.114916129964e-09	8.300544544324e-10
2.765600000000e-06	1.279930143696e-09	2.076478689924e-09	7.592666482332e-10
2.765800000000e-06	1.210534237562e-09	1.985494129591e-09	6.813780762255e-10
2.766000000000e-06	1.244962754915e-09	1.996752601269e-09	7.632620749730e-10
2.766200000000e-06	1.358582529326e-09	2.070012029705e-09	9.446928451472e-10
2.766400000000e-06	1.279981466321e-09	1.992917194381e-09	8.501729766683e-10
2.766600000000e-06	1.247407189887e-09	1.894854437131e-09	8.705391321391e-10
2.766800000000e-06	1.318466128229e-09	1.979966481609e-09	9.794891807021e-10
2.767000000000e-06	1.290953129691e-09	2.113908688380e-09	7.335063691311e-10
2.767200000000e-06	1.300328489475e-09	1.978486927915e-09	9.354742698832e-10
2.767400000000e-06	1.368544115261e-09	2.139562098801e-09	9.285148701508e-10
2.767600000000e-06	1.248389855075e-09	1.984255461759e-09	7.896255186410e-10
2.767800000000e-06	1.281749632868e-09	2.098777371016e-09	7.227054711224e-10
2.768000000000e-06	1.274184203645e-09	2.022310918102e-09	7.994699288660e-10
2.768200000000e-06	1.316834810637e-09	1.970116855570e-09	9.686041237962e-10
2.768400000000e-06	1.229227844267e-09	2.027024706930e-09	6.793855011064e-10
2.768600000000e-06	1.347690729909e-09	2.142876419512e-09	8.557322197408e-10
2.768800000000e-06	1.372533590295e-09	2.302521929689e-09	7.408575304030e-10
2.769000000000e-06	1.305079141878e-09	2.033917708163e-09	8.409324165974e-10
2.769200000000e-06	1.231096377234e-09	1.930917510102e-09	7.926818516329e-10
2.769400000000e-06	1.224398574141e-09	2.062899856399e-09	6.248978241655e-10
2.769600000000e-06	1.176689353292e-09	1.895213852322e-09	7.060139799727e-10
2.769800000000e-06	1.259437670646e-09	1.928527345420e-09	8.787348330387e-10
2.770000000000e-06	1.233619901688e-09	1.892081059252e-09	8.512360901694e-10
2.770200000000e-06	1.235999928808e-09	1.920225195536e-09	8.136869266409e-10
2.770400000000e-06	1.173054332716e-09	1.850714712113e-09	7.437080568196e-10
2.770600000000e-06	1.215126391565e-09	2.042987320346e-09	6.384819473249e-10
2.770800000000e-06	1.308350245496e-09	1.995010488852e-09	9.063487156506e-10
2.771000000000e-06	1.047589672046e-09	1.843536675270e-09	4.633965245898e-10
2.771200000000e-06	1.147835902032e-09	1.817572463600e-09	7.237172372528e-10
2.771400000000e-06	1.244293398625e-09	1.870540091672e-09	9.052497320507e-10
2.771600000000e-06	1.236646372345e-09	1.876774100833e-09	8.784129981850e-10
2.771800000000e-06	1.258670714653e-09	1.993839862905e-09	7.934266959774e-10
2.772000000000e-06	1.139931691816e-09	1.847801902311e-09	6.868852882126e-10
2.772200000000e-06	1.132785957976e-09	1.740623692120e-09	7.980947643499e-10
2.772400000000e-06	1.154768513688e-09	1.752966474851e-09	8.279318768402e-10
2.772600000000e-06	1.208356590304e-09	1.922672074118e-09	7.619711506147e-10
2.772800000000e-06	1.201023886877e-09	1.779312094751e-09	9.048972030661e-10
2.773000000000e-06	1.158888795860e-09	1.903436681582e-09	6.665824320083e-10
2.773200000000e-06	1.215311728355e-09	1.856281235748e-09	8.805250711456e-10
2.773400000000e-06	1.083085623601e-09	1.723400448199e-09	6.684835553176e-10
2.773600000000e-06	1.177143260609e-09	1.876003096422e-09	7.342803955453e-10
2.773800000000e-06	1.150389454468e-09	1.893030492193e-09	6.478370386275e-10
2.774000000000e-06	1.160429608577e-09	1.817894852211e-09	7.720163708661e-10
2.774200000000e-06	1.150240718951e-09	1.845796470569e-09	6.950092930066e-10
2.774400000000e-06	1.162881340289e-09	1.937685479152e-09	6.130489473415e-10
2.774600000000e-06	1.183150694182e-09	1.886999771444e-09	7.453963021033e-10
2.774800000000e-06	1.116203408143e-09	1.778299980658e-09	7.135279755257e-10
2.775000000000e-06	1.202882083149e-09	1.795569963727e-09	8.807791404413e-10
2.775200000000e-06	1.098721663982e-09	1.677325855231e-09	7.857440010477e-10
2.775400000000e-06	1.142517223370e-09	1.916927948175e-09	5.904312286974e-10
2.775600000000e-06	1.198034128442e-09	1.806589630561e-09	8.596351721590e-10
2.775800000000e-06	1.139477096050e-09	1.863179124249e-09	6.726941389867e-10
2.776000000000e-06	1.001755454550e-09	1.605083847522e-09	6.206882142550e-10
2.776200000000e-06	1.117983426360e-09	1.601498082020e-09	9.033814147430e-10
2.776400000000e-06	1.106256900386e-09	1.816643611700e-09	6.446693873752e-10
2.776600000000e-06	1.136154776873e-09	1.758014776900e-09	7.823605631498e-10
2.776800000000e-06	1.121596712886e-09	1.804529723386e-09	6.852202336955e-10
2.777000000000e-06	1.069256183296e-09	1.819223098922e-09	5.180378774744e-10
2.777200000000e-06	1.045549577601e-09	1.532761374034e-09	8.125359516133e-10
2.777400000000e-06	9.806755783237e-10	1.593358277509e-09	5.700428495634e-10
2.777600000000e-06	1.129164633668e-09	1.730661637495e-09	7.972552294662e-10
2.777800000000e-06	1.182590657241e-09	1.842062390926e-09	8.087619500184e-10
2.778000000000e-06	1.065876688905e-09	1.710275855387e-09	6.453027513347e-10
2.778200000000e-06	1.058642434116e-09	1.822098067174e-09	5.240870746479e-10
2.778400000000e-06	1.217211877056e-09	1.901241726211e-09	8.115815592196e-10
2.778600000000e-06	1.048062344452e-09	1.641831581174e-09	6.869478672523e-10
2.778800000000e-06	1.063933470074e-09	1.759430643275e-09	5.985712239444e-10
2.779000000000e-06	1.066980376062e-09	1.660705342747e-09	7.420460059697e-10
2.779200000000e-06	1.066805818519e-09	1.731304679085e-09	6.607377613326e-10
2.779400000000e-06	1.072210579130e-09	1.673636991378e-09	7.068306220846e-10
2.779600000000e-06	1.036407826810e-09	1.752281914443e-09	5.316920797282e-10
2.779800000000e-06	1.093312162908e-09	1.736899972947e-09	6.857739570681e-10
2.780000000000e-06	1.109268248082e-09	1.738525433901e-09	7.197106286087e-10
2.780200000000e-06	1.061226206612e-09	1.664802953885e-09	6.927033665585e-10
2.780400000000e-06	1.098415171369e-09	1.757212979340e-09	6.866764768800e-10
2.780600000000e-06	1.047212661846e-09	1.670704777482e-09	6.534001409592e-10
2.780800000000e-06	9.932351121637e-10	1.630601704024e-09	5.772613061711e-10
2.781000000000e-06	1.054337916575e-09	1.718546399392e-09	5.985890672094e-10
2.781200000000e-06	1.114566235099e-09	1.760142811572e-09	7.032720011292e-10
2.781400000000e-06	1.025935703299e-09	1.579493171043e-09	7.097744807025e-10
2.781600000000e-06	1.129289303274e-09	1.787512719915e-09	7.282452940543e-10
2.781800000000e-06	1.024669166090e-09	1.603011708626e-09	6.816013144677e-10
2.782000000000e-06	9.567298048668e-10	1.505618591795e-09	6.308494440231e-10
2.782200000000e-06	9.785662323435e-10	1.629309958912e-09	5.487446621852e-10
2.782400000000e-06	1.073711661031e-09	1.706176361240e-09	6.634652389627e-10
2.782600000000e-06	1.061637873866e-09	1.622642140246e-09	7.496795597617e-10
2.782800000000e-06	9.136922472875e-10	1.521060964775e-09	5.016109501569e-10
2.783000000000e-06	1.092951642717e-09	1.675828966425e-09	7.730493349398e-10
2.783200000000e-06	1.056750451762e-09	1.751968749025e-09	5.793496866276e-10
2.783400000000e-06	1.045505981493e-09	1.639232295842e-09	6.820771065347e-10
2.783600000000e-06	1.063732797902e-09	1.724443974896e-09	6.471189519467e-10
2.783800000000e-06	1.051955776955e-09	1.580889749358e-09	7.531921608831e-10
2.784000000000e-06	9.975543204340e-10	1.554679756856e-09	6.489797918666e-10
2.784200000000e-06	9.827623256271e-10	1.595794000500e-09	5.933526861268e-10
2.784400000000e-06	9.818245091418e-10	1.465748257582e-09	7.205005231428e-10
2.784600000000e-06	9.868442246572e-10	1.434534645799e-09	7.689410329679e-10
2.784800000000e-06	1.003565586220e-09	1.696463842490e-09	5.219423176239e-10
2.785000000000e-06	8.941849340004e-10	1.412873491962e-09	5.863025255856e-10
2.785200000000e-06	9.168547513743e-10	1.531684197397e-09	4.977312344859e-10
2.785400000000e-06	9.975740020417e-10	1.628694092606e-09	5.741106640320e-10
2.785600000000e-06	1.116563430041e-09	1.718340251885e-09	7.787512088119e-10
2.785800000000e-06	9.763736626879e-10	1.543685451298e-09	6.172611318326e-10
2.786000000000e-06	1.101849378515e-09	1.697934174443e-09	7.506713158220e-10
2.786200000000e-06	9.653554549790e-10	1.548105083825e-09	5.671427033827e-10
2.786400000000e-06	9.452454983101e-10	1.468352155590e-09	6.598590774200e-10
2.786600000000e-06	9.651859118857e-10	1.569936073173e-09	5.582699189737e-10
2.786800000000e-06	1.075471884040e-09	1.656688137982e-09	7.625861387507e-10
2.787000000000e-06	9.411410196955e-10	1.504685808796e-09	5.852362213437e-10
2.787200000000e-06	9.080487662752e-10	1.472119400336e-09	5.324712460059e-10
2.787400000000e-06	1.016924392962e-09	1.501717202909e-09	7.618284184662e-10
2.787600000000e-06	9.787195640514e-10	1.524218011958e-09	6.581300411783e-10
2.787800000000e-06	1.048642233855e-09	1.637939090246e-09	7.117678777650e-10
2.788000000000e-06	9.704228832497e-10	1.568638019996e-09	5.777025206226e-10
2.788200000000e-06	1.011277677731e-09	1.524028648629e-09	7.466271053111e-10
2.788400000000e-06	9.282570088003e-10	1.537201846419e-09	5.195528609425e-10
2.788600000000e-06	8.714692851112e-10	1.274501277308e-09	6.830807029512e-10
2.788800000000e-06	9.220165212345e-10	1.462026519119e-09	6.018389184971e-10
2.789000000000e-06	8.912989509486e-10	1.320627755800e-09	6.823170673173e-10
2.789200000000e-06	9.600253174131e-10	1.515456528084e-09	6.039280410091e-10
2.789400000000e-06	1.052440088446e-09	1.741806887435e-09	5.925362209968e-10
2.789600000000e-06	9.302320456707e-10	1.458809176084e-09	6.240060409221e-10
2.789800000000e-06	9.847868291823e-10	1.465360708075e-09	7.575270862731e-10
2.790000000000e-06	9.919631710271e-10	1.551990228304e-09	6.401563934852e-10
2.790200000000e-06	9.862407416902e-10	1.555301184525e-09	6.265530311672e-10
2.790400000000e-06	9.347682664504e-10	1.396401652407e-09	6.838999444099e-10
2.790600000000e-06	9.072445924856e-10	1.473676307106e-09	5.203166584370e-10
2.790800000000e-06	8.907001512047e-10	1.365438247527e-09	6.339665274586e-10
2.791000000000e-06	9.081341601382e-10	1.469276273023e-09	5.409201197879e-10
2.791200000000e-06	9.504778781934e-10	1.516473713285e-09	5.730727189457e-10
2.791400000000e-06	9.720247570006e-10	1.609485533146e-09	5.390608934229e-10
2.791600000000e-06	9.008431131325e-10	1.424541561698e-09	5.806006309036e-10
2.791800000000e-06	9.054033795517e-10	1.487970707979e-09	5.159906785589e-10
2.792000000000e-06	8.871012334159e-10	1.418295995935e-09	5.546671549739e-10
2.792200000000e-06	9.491009942357e-10	1.447425037297e-09	6.705827842251e-10
2.792400000000e-06	9.064605932140e-10	1.441028295724e-09	5.647326976246e-10
2.792600000000e-06	8.643909038019e-10	1.330987448244e-09	5.839491282703e-10
2.792800000000e-06	8.748894808030e-10	1.389776758649e-09	5.610601919557e-10
2.793000000000e-06	9.476528905532e-10	1.507727744038e-09	5.987664708397e-10
2.793200000000e-06	8.985786172326e-10	1.453936335704e-09	5.377266857515e-10
2.793400000000e-06	9.895467772214e-10	1.595859132253e-09	5.922131978146e-10
2.793600000000e-06	9.016984773753e-10	1.314578063734e-09	6.990193425343e-10
2.793800000000e-06	8.413778090286e-10	1.417730223223e-09	4.389938578063e-10
2.794000000000e-06	9.128015307704e-10	1.474023036590e-09	5.549934404422e-10
2.794200000000e-06	8.823604976307e-10	1.366218394385e-09	6.014255823500e-10
2.794400000000e-06	9.057025238741e-10	1.411065766621e-09	6.139915051804e-10
2.794600000000e-06	8.294544565715e-10	1.230737103852e-09	6.337120393436e-10
2.794800000000e-06	8.812787848837e-10	1.514861795189e-09	4.274866856542e-10
2.795000000000e-06	9.262105174382e-10	1.513831445147e-09	5.404773528826e-10
2.795200000000e-06	8.799129656421e-10	1.406976242514e-09	5.489877747032e-10
2.795400000000e-06	8.632955142771e-10	1.439375269018e-09	4.728237320687e-10
2.795600000000e-06	9.013840300831e-10	1.434448561489e-09	5.465594180835e-10
2.795800000000e-06	8.680079477008e-10	1.358387676332e-09	5.886935557999e-10
2.796000000000e-06	8.263233260522e-10	1.379474018512e-09	4.455424168947e-10
2.796200000000e-06	8.799730043666e-10	1.421305073300e-09	5.480326851308e-10
2.796400000000e-06	8.443739415749e-10	1.408757022766e-09	4.675665421762e-10
2.796600000000e-06	8.437094063722e-10	1.325909487114e-09	5.536245361185e-10
2.796800000000e-06	8.880020428236e-10	1.387954154152e-09	5.794733283035e-10
2.797000000000e-06	9.036255139544e-10	1.417427119486e-09	6.041522446256e-10
2.797200000000e-06	8.085878306432e-10	1.243775998960e-09	5.691860884575e-10
