-6.896000000000e-07	0.000000000000e+00	0.000000000000e+00	0.000000000000e+00
-6.894000000000e-07	0.000000000000e+00	0.000000000000e+00	0.000000000000e+00
-6.892000000000e-07	0.000000000000e+00	0.000000000000e+00	0.000000000000e+00
-6.890000000000e-07	0.000000000000e+00	0.000000000000e+00	0.000000000000e+00
-6.888000000000e-07	0.000000000000e+00	0.000000000000e+00	0.000000000000e+00
-6.886000000000e-07	0.000000000000e+00	0.000000000000e+00	0.000000000000e+00
-6.884000000000e-07	0.000000000000e+00	0.000000000000e+00	0.000000000000e+00
-6.882000000000e-07	0.000000000000e+00	0.000000000000e+00	0.000000000000e+00
-6.880000000000e-07	0.000000000000e+00	0.000000000000e+00	0.000000000000e+00
-6.878000000000e-07	0.000000000000e+00	0.000000000000e+00	0.000000000000e+00
-6.876000000000e-07	0.000000000000e+00	0.000000000000e+00	0.000000000000e+00
-6.874000000000e-07	0.000000000000e+00	0.000000000000e+00	0.000000000000e+00
-6.872000000000e-07	0.000000000000e+00	0.000000000000e+00	0.000000000000e+00
-6.870000000000e-07	0.000000000000e+00	0.000000000000e+00	0.000000000000e+00
-6.868000000000e-07	0.000000000000e+00	0.000000000000e+00	0.000000000000e+00
-6.866000000000e-07	0.000000000000e+00	0.000000000000e+00	0.000000000000e+00
-6.864000000000e-07	0.000000000000e+00	0.000000000000e+00	0.000000000000e+00
-6.862000000000e-07	0.000000000000e+00	0.000000000000e+00	0.000000000000e+00
-6.860000000000e-07	0.000000000000e+00	0.000000000000e+00	0.000000000000e+00
-6.858000000000e-07	0.000000000000e+00	0.000000000000e+00	0.000000000000e+00
-6.856000000000e-07	0.000000000000e+00	0.000000000000e+00	0.000000000000e+00
-6.854000000000e-07	0.000000000000e+00	0.000000000000e+00	0.000000000000e+00
-6.852000000000e-07	0.000000000000e+00	0.000000000000e+00	0.000000000000e+00
-6.850000000000e-07	0.000000000000e+00	0.000000000000e+00	0.000000000000e+00
-6.848000000000e-07	0.000000000000e+00	0.000000000000e+00	0.000000000000e+00
-6.846000000000e-07	0.000000000000e+00	0.000000000000e+00	0.000000000000e+00
-6.844000000000e-07	0.000000000000e+00	0.000000000000e+00	0.000000000000e+00
-6.842000000000e-07	0.000000000000e+00	0.000000000000e+00	0.000000000000e+00
-6.840000000000e-07	0.000000000000e+00	0.000000000000e+00	0.000000000000e+00
-6.838000000000e-07	0.000000000000e+00	0.000000000000e+00	0.000000000000e+00
-6.836000000000e-07	0.000000000000e+00	0.000000000000e+00	0.000000000000e+00
-6.834000000000e-07	0.000000000000e+00	0.000000000000e+00	0.000000000000e+00
-6.832000000000e-07	0.000000000000e+00	0.000000000000e+00	0.000000000000e+00
-6.830000000000e-07	0.000000000000e+00	0.000000000000e+00	0.000000000000e+00
-6.828000000000e-07	0.000000000000e+00	0.000000000000e+00	0.000000000000e+00
-6.826000000000e-07	0.000000000000e+00	0.000000000000e+00	0.000000000000e+00
-6.824000000000e-07	0.000000000000e+00	0.000000000000e+00	0.000000000000e+00
-6.822000000000e-07	0.000000000000e+00	0.000000000000e+00	0.000000000000e+00
-6.820000000000e-07	0.000000000000e+00	0.000000000000e+00	0.000000000000e+00
-6.818000000000e-07	0.000000000000e+00	0.000000000000e+00	0.000000000000e+00
-6.816000000000e-07	0.000000000000e+00	0.000000000000e+00	0.000000000000e+00
-6.814000000000e-07	0.000000000000e+00	0.000000000000e+00	0.000000000000e+00
-6.812000000000e-07	0.000000000000e+00	0.000000000000e+00	0.000000000000e+00
-6.810000000000e-07	0.000000000000e+00	0.000000000000e+00	0.000000000000e+00
-6.808000000000e-07	0.000000000000e+00	0.000000000000e+00	0.000000000000e+00
-6.806000000000e-07	0.000000000000e+00	0.000000000000e+00	0.000000000000e+00
-6.804000000000e-07	0.000000000000e+00	0.000000000000e+00	0.000000000000e+00
-6.802000000000e-07	0.000000000000e+00	0.000000000000e+00	0.000000000000e+00
-6.800000000000e-07	0.000000000000e+00	0.000000000000e+00	0.000000000000e+00
-6.798000000000e-07	0.000000000000e+00	0.000000000000e+00	0.000000000000e+00
-6.796000000000e-07	0.000000000000e+00	0.000000000000e+00	0.000000000000e+00
-6.794000000000e-07	0.000000000000e+00	0.000000000000e+00	0.000000000000e+00
-6.792000000000e-07	0.000000000000e+00	0.000000000000e+00	0.000000000000e+00
-6.790000000000e-07	0.000000000000e+00	0.000000000000e+00	0.000000000000e+00
-6.788000000000e-07	0.000000000000e+00	0.000000000000e+00	0.000000000000e+00
-6.786000000000e-07	0.000000000000e+00	0.000000000000e+00	0.000000000000e+00
-6.784000000000e-07	0.000000000000e+00	0.000000000000e+00	0.000000000000e+00
-6.782000000000e-07	0.000000000000e+00	0.000000000000e+00	0.000000000000e+00
-6.780000000000e-07	-1.907030774871e-14	-1.762883656445e-14	-2.614636481114e-14
-6.778000000000e-07	-3.819150095103e-14	3.710547293772e-14	-1.312046555899e-13
-6.776000000000e-07	-1.927563465256e-14	-4.723324792632e-14	4.713312116234e-15
-6.774000000000e-07	1.702995371876e-13	4.687029979100e-13	-1.721855910541e-13
-6.772000000000e-07	-4.539960029943e-12	1.147946752805e-11	-2.295383295341e-11
-6.770000000000e-07	-4.804168164639e-14	-7.180276822316e-13	1.687786145589e-12
-6.768000000000e-07	-4.934299934930e-12	7.614731987375e-12	-1.900054695435e-11
-6.766000000000e-07	-1.002765632744e-11	-2.071611998413e-11	5.238868348550e-13
-6.764000000000e-07	-1.147903518419e-12	-4.765706285341e-13	-1.628678639595e-12
-6.762000000000e-07	-3.321187200004e-11	-2.674737896950e-11	-4.910637533355e-11
-6.760000000000e-07	2.036993066451e-11	7.018869099053e-11	-2.878412097804e-11
-6.758000000000e-07	5.063964577953e-12	3.406336751645e-11	-2.011441170083e-11
-6.756000000000e-07	-1.671077639439e-11	-3.344537371761e-11	-2.357648441015e-12
-6.754000000000e-07	-5.216769196017e-13	-1.918403334292e-11	1.610142134159e-11
-6.752000000000e-07	-1.797799760194e-11	-2.401990831514e-11	-1.404181049679e-11
-6.750000000000e-07	9.744569270524e-12	3.966971615165e-11	-2.191729428226e-11
-6.748000000000e-07	-1.308208631190e-10	-1.659171131064e-10	-1.188643951395e-10
-6.746000000000e-07	-4.268010314093e-10	-7.189748754818e-10	-1.975991786174e-10
-6.744000000000e-07	-1.060031023074e-09	-1.691325540875e-09	-6.072697768561e-10
-6.742000000000e-07	-7.557745529095e-10	-1.351351291861e-09	-2.700078440419e-10
-6.740000000000e-07	-6.126527721165e-10	-9.279432535861e-10	-3.991854129566e-10
-6.738000000000e-07	-5.963825076284e-10	-1.031738531479e-09	-2.594836688998e-10
-6.736000000000e-07	-2.766726991951e-10	-4.941276270298e-10	-1.022346496395e-10
-6.734000000000e-07	-5.914434716695e-10	-9.410536261988e-10	-3.367516548373e-10
-6.732000000000e-07	-5.271469720007e-10	-8.850791475416e-10	-2.495198256111e-10
-6.730000000000e-07	-3.673593142787e-10	-5.467341125718e-10	-2.476325419046e-10
-6.728000000000e-07	-4.102844679944e-10	-7.119730910618e-10	-1.655374703854e-10
-6.726000000000e-07	-4.114290959490e-10	-9.290884076021e-10	6.463079524658e-11
-6.724000000000e-07	-1.632848532163e-09	-2.727027587920e-09	-7.834074880219e-10
-6.722000000000e-07	-1.797026114364e-08	-2.706648695567e-08	-1.177267715392e-08
-6.720000000000e-07	-2.689705454721e-08	-4.501493662286e-08	-1.272027634651e-08
-6.718000000000e-07	-1.073309904604e-08	-1.906557221903e-08	-3.956175486566e-09
-6.716000000000e-07	-2.635860504327e-09	-4.155023301219e-09	-1.557994685261e-09
-6.714000000000e-07	-1.063856983125e-09	-1.714989811307e-09	-6.093700928805e-10
-6.712000000000e-07	-1.310756985270e-09	-1.999231074430e-09	-8.778820921128e-10
-6.710000000000e-07	-6.182348272344e-10	-1.199479442756e-09	-1.235915842763e-10
-6.708000000000e-07	-8.367560532162e-10	-1.158685622263e-09	-6.453670270973e-10
-6.706000000000e-07	-4.533639181894e-10	-1.083972743805e-09	1.486869970342e-10
-6.704000000000e-07	-5.972156525106e-10	-9.924262150825e-10	-2.896137419554e-10
-6.702000000000e-07	-1.220580049743e-09	-1.864274959739e-09	-8.219257545166e-10
-6.700000000000e-07	-5.918876378236e-10	-9.844130886961e-10	-2.860234825460e-10
-6.698000000000e-07	-1.093088028895e-09	-1.436974312611e-09	-9.581680195239e-10
-6.696000000000e-07	-7.057299942142e-10	-1.278328170541e-09	-2.322069017959e-10
-6.694000000000e-07	-1.522345135308e-09	-2.378171327309e-09	-9.354888333074e-10
-6.692000000000e-07	-1.883840027356e-09	-3.405895856410e-09	-6.736947982809e-10
-6.690000000000e-07	-4.222821004082e-09	-6.424329642273e-09	-2.825246517541e-09
-6.688000000000e-07	-7.608767310212e-09	-1.286460955134e-08	-3.685322231075e-09
-6.686000000000e-07	-1.066267994858e-08	-1.783838150525e-08	-5.335867521766e-09
-6.684000000000e-07	-1.377157326881e-08	-2.175636707980e-08	-8.246693820182e-09
-6.682000000000e-07	-1.632176807870e-08	-2.752987720667e-08	-7.821374864074e-09
-6.680000000000e-07	-1.998147563082e-08	-3.336639418957e-08	-9.890821755647e-09
-6.678000000000e-07	-2.379712654510e-08	-3.938146106239e-08	-1.215466423859e-08
-6.676000000000e-07	-3.021675774542e-08	-4.882267206938e-08	-1.663658677026e-08
-6.674000000000e-07	-3.580695745947e-08	-5.704793311717e-08	-2.047505446095e-08
-6.672000000000e-07	-4.157366520355e-08	-6.888213713901e-08	-2.082609044035e-08
-6.670000000000e-07	-4.568800469593e-08	-7.748956154744e-08	-2.084642036443e-08
-6.668000000000e-07	-5.197907275158e-08	-8.729488757059e-08	-2.459570468432e-08
-6.666000000000e-07	-5.946504588846e-08	-9.686991459766e-08	-3.132812618900e-08
-6.664000000000e-07	-6.263389768545e-08	-1.026285687871e-07	-3.227107091214e-08
-6.662000000000e-07	-6.762161240054e-08	-1.087387339540e-07	-3.708860957323e-08
-6.660000000000e-07	-7.257097319625e-08	-1.206731320047e-07	-3.526439421124e-08
-6.658000000000e-07	-7.296663208235e-08	-1.205485841532e-07	-3.623993499272e-08
-6.656000000000e-07	-7.084807559397e-08	-1.136634977405e-07	-3.885865254606e-08
-6.654000000000e-07	-7.022787136688e-08	-1.126274804237e-07	-3.848270515013e-08
-6.652000000000e-07	-6.729556507005e-08	-1.097576623167e-07	-3.481802957204e-08
-6.650000000000e-07	-5.810263397463e-08	-9.656946762674e-08	-2.794005850826e-08
-6.648000000000e-07	-5.400833080306e-08	-8.753183852420e-08	-2.842273207061e-08
-6.646000000000e-07	-4.846057351852e-08	-7.874731712546e-08	-2.524085942773e-08
-6.644000000000e-07	-4.237630479363e-08	-6.875080512386e-08	-2.213707705021e-08
-6.642000000000e-07	-3.303358823916e-08	-5.531969231110e-08	-1.526367628079e-08
-6.640000000000e-07	-2.608293597090e-08	-4.218889380835e-08	-1.371528475139e-08
-6.638000000000e-07	-1.874061845605e-08	-3.151388131995e-08	-8.464058065702e-09
-6.636000000000e-07	-1.165850432871e-08	-1.808909183459e-08	-6.881874033744e-09
-6.634000000000e-07	-2.772750477601e-09	-4.399091986243e-09	-1.416114808946e-09
-6.632000000000e-07	3.928993759372e-11	2.223681063437e-10	-5.682863917949e-11
-6.630000000000e-07	2.590529679072e-09	5.411580105233e-09	8.427088149578e-11
-6.628000000000e-07	6.858923820687e-09	9.944196378648e-09	5.003893491063e-09
-6.626000000000e-07	8.436337971948e-09	1.356516949186e-08	4.618653575193e-09
-6.624000000000e-07	9.294273741399e-09	1.654441104357e-08	3.277641131740e-09
-6.622000000000e-07	9.013875870617e-09	1.451173619486e-08	4.889196599857e-09
-6.620000000000e-07	8.847260630405e-09	1.397819167169e-08	5.074837315301e-09
-6.618000000000e-07	8.378324898779e-09	1.339983724892e-08	4.677788169822e-09
-6.616000000000e-07	7.604640912922e-09	1.306752344707e-08	3.213352626443e-09
-6.614000000000e-07	8.170267286546e-09	1.313703541476e-08	4.468908468716e-09
-6.612000000000e-07	6.946011315416e-09	1.111917776947e-08	3.865720858685e-09
-6.610000000000e-07	6.392381992879e-09	1.045932552061e-08	3.289716656444e-09
-6.608000000000e-07	5.520787000935e-09	9.799000970970e-09	2.003681877993e-09
-6.606000000000e-07	6.300651137389e-09	9.930770907119e-09	3.698885663965e-09
-6.604000000000e-07	5.666025886277e-09	9.825837023612e-09	2.296304107746e-09
-6.602000000000e-07	4.932392353885e-09	8.850700128805e-09	1.710264625842e-09
-6.600000000000e-07	5.113439583753e-09	9.149011917984e-09	1.762945496076e-09
-6.598000000000e-07	5.251003761959e-09	8.572061381336e-09	2.765686381196e-09
-6.596000000000e-07	5.188316423982e-09	8.447890026439e-09	2.730884270539e-09
-6.594000000000e-07	5.256751007042e-09	8.723443471700e-09	2.578809017384e-09
-6.592000000000e-07	4.841182534686e-09	8.169758420474e-09	2.263875504131e-09
-6.590000000000e-07	4.648216718266e-09	7.935262331194e-09	2.060661765758e-09
-6.588000000000e-07	4.507387876553e-09	7.685653407923e-09	2.027709660090e-09
-6.586000000000e-07	4.987326566620e-09	8.658921648460e-09	2.072066321781e-09
-6.584000000000e-07	4.119924387145e-09	6.473810723806e-09	2.439186024694e-09
-6.582000000000e-07	4.176660915702e-09	6.753975877292e-09	2.231064526583e-09
-6.580000000000e-07	4.449002040848e-09	6.734150229026e-09	2.939522691143e-09
-6.578000000000e-07	3.885729277621e-09	7.113421191182e-09	1.199547209946e-09
-6.576000000000e-07	4.032737156360e-09	6.504825959432e-09	2.225304482863e-09
-6.574000000000e-07	3.882063576107e-09	6.101557999772e-09	2.308029438617e-09
-6.572000000000e-07	3.981300048235e-09	6.623370154045e-09	1.972240544389e-09
-6.570000000000e-07	4.144373073878e-09	6.887098270051e-09	2.068299164915e-09
-6.568000000000e-07	3.687071168425e-09	7.109267621545e-09	7.444660010214e-10
-6.566000000000e-07	3.447850958348e-09	5.993844319058e-09	1.428661747798e-09
-6.564000000000e-07	3.462570654403e-09	6.454543504105e-09	9.787023684481e-10
-6.562000000000e-07	3.698923570683e-09	6.521790328459e-09	1.416908969738e-09
-6.560000000000e-07	3.609642620416e-09	5.688904808253e-09	2.113801539087e-09
-6.558000000000e-07	3.315685119363e-09	5.324081430568e-09	1.820797711158e-09
-6.556000000000e-07	3.337008599051e-09	6.227004981222e-09	9.459138736242e-10
-6.554000000000e-07	3.859077420247e-09	5.786758453381e-09	2.582672456719e-09
-6.552000000000e-07	3.541496092162e-09	5.941447323206e-09	1.714643333641e-09
-6.550000000000e-07	3.090847274088e-09	5.960868116101e-09	6.610450073361e-10
-6.548000000000e-07	3.323379568461e-09	6.068963809878e-09	1.013329447497e-09
-6.546000000000e-07	2.879652731639e-09	5.380672311457e-09	7.946658291717e-10
-6.544000000000e-07	3.641462851777e-09	5.656982388878e-09	2.234423371461e-09
-6.542000000000e-07	3.573693984737e-09	5.624781626241e-09	2.120240342219e-09
-6.540000000000e-07	3.407806501811e-09	6.050091113992e-09	1.295573005128e-09
-6.538000000000e-07	3.697961090943e-09	6.103917223375e-09	1.898553406857e-09
-6.536000000000e-07	2.830201282860e-09	5.055320219691e-09	1.027029300545e-09
-6.534000000000e-07	2.930594005564e-09	5.488256781394e-09	8.124632364852e-10
-6.532000000000e-07	3.051873793985e-09	5.467665682425e-09	1.128291033361e-09
-6.530000000000e-07	2.902302053309e-09	4.529727231616e-09	1.757016920982e-09
-6.528000000000e-07	3.146107529897e-09	5.118464221818e-09	1.705139512847e-09
-6.526000000000e-07	2.868475771951e-09	4.835933101516e-09	1.379054281504e-09
-6.524000000000e-07	3.038784010909e-09	4.949843715640e-09	1.579681087825e-09
-6.522000000000e-07	3.082063378085e-09	5.223546395070e-09	1.444080653447e-09
-6.520000000000e-07	3.044382603135e-09	4.947003718061e-09	1.653275443451e-09
-6.518000000000e-07	2.947969868615e-09	5.661535897043e-09	6.268256832862e-10
-6.516000000000e-07	2.761802133588e-09	4.338527077927e-09	1.675043991897e-09
-6.514000000000e-07	2.406419618748e-09	4.121605745536e-09	1.092551633673e-09
-6.512000000000e-07	2.545792254341e-09	4.764306459397e-09	7.011108261821e-10
-6.510000000000e-07	3.055701953606e-09	4.925217116309e-09	1.669235636150e-09
-6.508000000000e-07	2.863375078381e-09	5.046402176575e-09	1.110952153829e-09
-6.506000000000e-07	2.760283159439e-09	4.384512443947e-09	1.590635237722e-09
-6.504000000000e-07	2.620217534700e-09	4.791726730377e-09	8.193176434096e-10
-6.502000000000e-07	2.576758910648e-09	4.641430556651e-09	9.080081205695e-10
-6.500000000000e-07	2.825124060888e-09	4.466477861275e-09	1.766372794484e-09
-6.498000000000e-07	2.587918751047e-09	4.566096048119e-09	9.783505800755e-10
-6.496000000000e-07	2.710847214653e-09	4.299718626660e-09	1.581633973770e-09
-6.494000000000e-07	2.738446359059e-09	4.479302924206e-09	1.483394439406e-09
-6.492000000000e-07	2.691531816900e-09	4.470437979769e-09	1.338996559946e-09
-6.490000000000e-07	2.605386353967e-09	4.502651883063e-09	1.152255288260e-09
-6.488000000000e-07	2.365392700349e-09	3.931468023655e-09	1.211521785205e-09
-6.486000000000e-07	2.689468073603e-09	4.866984614197e-09	9.293807346037e-10
-6.484000000000e-07	2.240142364818e-09	3.829404905149e-09	1.026509744542e-09
-6.482000000000e-07	2.642523714627e-09	4.269981641153e-09	1.447432127878e-09
-6.480000000000e-07	2.859497674111e-09	4.677560305751e-09	1.507626218304e-09
-6.478000000000e-07	2.645771723587e-09	4.453757677420e-09	1.241486046331e-09
-6.476000000000e-07	2.612877117303e-09	4.490980816264e-09	1.189861559019e-09
-6.474000000000e-07	2.671696170197e-09	4.313450317951e-09	1.492868225682e-09
-6.472000000000e-07	2.247399139545e-09	3.759113085736e-09	1.112666751693e-09
-6.470000000000e-07	2.314519687798e-09	4.185147099906e-09	8.072655308556e-10
-6.468000000000e-07	2.158609175859e-09	3.941222411126e-09	7.096146920101e-10
-6.466000000000e-07	2.551158770557e-09	4.404792860015e-09	1.127168188566e-09
-6.464000000000e-07	2.567972813099e-09	3.983988152052e-09	1.596297885214e-09
-6.462000000000e-07	2.452435517094e-09	4.336871910225e-09	9.678285402266e-10
-6.460000000000e-07	2.223497858309e-09	3.585244389811e-09	1.240608886562e-09
-6.458000000000e-07	2.606176255684e-09	4.293456233445e-09	1.380649431881e-09
-6.456000000000e-07	2.216308505920e-09	3.709631848863e-09	1.087885852649e-09
-6.454000000000e-07	2.285984205799e-09	3.946710133518e-09	9.798334059448e-10
-6.452000000000e-07	2.545754692286e-09	4.088117327012e-09	1.417337087663e-09
-6.450000000000e-07	2.304258518222e-09	3.938077477922e-09	1.083149510386e-09
-6.448000000000e-07	2.444199394704e-09	4.264700027375e-09	9.869948014987e-10
-6.446000000000e-07	2.308811397160e-09	4.078640244907e-09	9.268430633617e-10
-6.444000000000e-07	2.384330714368e-09	3.888914815007e-09	1.291452799253e-09
-6.442000000000e-07	2.190691153904e-09	3.590216096801e-09	1.182261991626e-09
-6.440000000000e-07	2.115549733147e-09	3.955985897289e-09	5.538019747325e-10
-6.438000000000e-07	2.410297554609e-09	4.376084215546e-09	8.364105496884e-10
-6.436000000000e-07	2.451967661192e-09	3.890236281558e-09	1.425212164532e-09
-6.434000000000e-07	2.214142335976e-09	3.633437518958e-09	1.167112897625e-09
-6.432000000000e-07	2.305187644335e-09	3.899119841898e-09	1.061166332284e-09
-6.430000000000e-07	2.211639850307e-09	3.786975675749e-09	1.026251682437e-09
-6.428000000000e-07	2.066354217323e-09	3.927493687782e-09	5.049115088611e-10
-6.426000000000e-07	2.257565828305e-09	3.978585291328e-09	8.986231044170e-10
-6.424000000000e-07	2.121189199084e-09	3.720021782705e-09	8.834436286160e-10
-6.422000000000e-07	2.359531477426e-09	3.818069406994e-09	1.306787082439e-09
-6.420000000000e-07	2.375483451470e-09	3.706290174255e-09	1.460902379511e-09
-6.418000000000e-07	2.365348698850e-09	4.023942007844e-09	1.080018291186e-09
-6.416000000000e-07	2.062311006423e-09	3.609033916338e-09	8.439377632119e-10
-6.414000000000e-07	2.107772489135e-09	3.776545138859e-09	8.080953662736e-10
-6.412000000000e-07	2.228675338238e-09	3.806736644514e-09	1.001875316563e-09
-6.410000000000e-07	2.183754448839e-09	3.633143524900e-09	1.112683571547e-09
-6.408000000000e-07	2.285469263424e-09	3.823695307889e-09	1.106204105625e-09
-6.406000000000e-07	2.024708206497e-09	3.626757696209e-09	7.518804031075e-10
-6.404000000000e-07	2.136281280919e-09	3.434083656639e-09	1.213959370618e-09
-6.402000000000e-07	2.159820772160e-09	3.851505334840e-09	8.067765060867e-10
-6.400000000000e-07	2.145206382660e-09	3.349540587011e-09	1.321355292003e-09
-6.398000000000e-07	2.077454693280e-09	3.735955651630e-09	7.225324258855e-10
-6.396000000000e-07	2.149166114329e-09	3.449545315588e-09	1.255351911604e-09
-6.394000000000e-07	1.783736947929e-09	3.262344873695e-09	5.926645433313e-10
-6.392000000000e-07	1.954185565321e-09	3.221991439611e-09	1.039892991378e-09
-6.390000000000e-07	1.807038518617e-09	3.354086992289e-09	5.727681013669e-10
-6.388000000000e-07	2.239025228063e-09	3.721394734169e-09	1.166536069471e-09
-6.386000000000e-07	2.063881043172e-09	3.818371990310e-09	6.076096795368e-10
-6.384000000000e-07	2.204949133282e-09	3.575553467071e-09	1.202315941927e-09
-6.382000000000e-07	2.181187212226e-09	3.563326643416e-09	1.172370022279e-09
-6.380000000000e-07	1.974081018140e-09	3.244665420433e-09	1.061101230317e-09
-6.378000000000e-07	1.963614827267e-09	2.989921199442e-09	1.304589832816e-09
-6.376000000000e-07	2.043369640235e-09	3.411365294737e-09	1.035319021857e-09
-6.374000000000e-07	2.068602452883e-09	3.400755257257e-09	1.138027564809e-09
-6.372000000000e-07	1.972568939031e-09	3.312093802373e-09	9.703480795672e-10
-6.370000000000e-07	1.957755260216e-09	3.345332214345e-09	8.992108817014e-10
-6.368000000000e-07	1.824798427458e-09	3.172557961618e-09	7.651717020580e-10
-6.366000000000e-07	1.827094158560e-09	3.041867345087e-09	9.533330521464e-10
-6.364000000000e-07	1.915206286453e-09	3.135014268190e-09	1.041743064504e-09
-6.362000000000e-07	1.946706650997e-09	3.317219525377e-09	9.215140268826e-10
-6.360000000000e-07	1.774554844417e-09	3.007980695744e-09	7.404576871649e-10
-6.358000000000e-07	2.108168569205e-09	3.404236654472e-09	1.136266030479e-09
-6.356000000000e-07	2.012398007569e-09	3.438605158401e-09	9.642669215342e-10
-6.354000000000e-07	1.997182808380e-09	3.305451234060e-09	1.008381525753e-09
-6.352000000000e-07	1.889398869223e-09	3.283635974354e-09	8.310350113847e-10
-6.350000000000e-07	1.858106899833e-09	3.102859549638e-09	9.129579713972e-10
-6.348000000000e-07	1.743037424073e-09	2.950380160153e-09	8.015648188602e-10
-6.346000000000e-07	2.061159624636e-09	3.409404538028e-09	1.082754456830e-09
-6.344000000000e-07	1.899426496400e-09	3.205136288012e-09	9.348477895850e-10
-6.342000000000e-07	1.857752770935e-09	3.076331907197e-09	9.514920385403e-10
-6.340000000000e-07	1.764841213419e-09	2.879955848560e-09	9.536558017666e-10
-6.338000000000e-07	1.951556924148e-09	3.117452610971e-09	1.105781174094e-09
-6.336000000000e-07	1.789928796224e-09	3.232136529260e-09	6.216909817349e-10
-6.334000000000e-07	1.871817308378e-09	2.990378528214e-09	1.074862828754e-09
-6.332000000000e-07	1.755087593427e-09	3.168339788871e-09	6.604304048264e-10
-6.330000000000e-07	1.874574139048e-09	3.167424349642e-09	8.652648927185e-10
-6.328000000000e-07	2.005081243387e-09	3.317470962536e-09	1.062980738796e-09
-6.326000000000e-07	1.753222147630e-09	3.038099900670e-09	7.352670669724e-10
-6.324000000000e-07	1.828518626270e-09	3.180220440868e-09	7.810000292677e-10
-6.322000000000e-07	1.950526007210e-09	3.203831907974e-09	1.059778128636e-09
-6.320000000000e-07	1.741549048410e-09	2.904912713321e-09	9.056358989968e-10
-6.318000000000e-07	1.824709116968e-09	3.025800159668e-09	9.492694979678e-10
-6.316000000000e-07	1.767043494986e-09	2.884780231599e-09	9.362814746698e-10
-6.314000000000e-07	1.766045246789e-09	3.198097146970e-09	6.793121081108e-10
-6.312000000000e-07	1.957170002921e-09	3.304811262219e-09	8.931339611274e-10
-6.310000000000e-07	1.662919493568e-09	2.620796178543e-09	9.653826144283e-10
-6.308000000000e-07	1.808845025928e-09	3.042059757792e-09	8.549666451218e-10
-6.306000000000e-07	1.704297658024e-09	2.989746554667e-09	6.975946758523e-10
-6.304000000000e-07	1.615273477431e-09	2.803074234207e-09	6.987845837246e-10
-6.302000000000e-07	1.873239335157e-09	3.223786381713e-09	8.533052933912e-10
-6.300000000000e-07	1.854782050419e-09	3.103781981311e-09	9.424433264984e-10
-6.298000000000e-07	1.723797740825e-09	2.980569135911e-09	7.690186147992e-10
-6.296000000000e-07	1.694065944323e-09	2.815224769253e-09	8.761717449090e-10
-6.294000000000e-07	1.952851035272e-09	3.124790562194e-09	1.116885865278e-09
-6.292000000000e-07	1.567591343217e-09	2.757047114967e-09	6.467770850384e-10
-6.290000000000e-07	1.693696685984e-09	2.801703313736e-09	8.966063877271e-10
-6.288000000000e-07	1.688880353121e-09	2.895077414023e-09	7.429818760778e-10
-6.286000000000e-07	1.830102843287e-09	2.901789390688e-09	1.065450396209e-09
-6.284000000000e-07	1.719833935631e-09	2.763420923410e-09	9.768955701905e-10
-6.282000000000e-07	1.741022825448e-09	2.674461802701e-09	1.099403932209e-09
-6.280000000000e-07	1.815492050870e-09	3.073361072915e-09	8.667014883629e-10
-6.278000000000e-07	1.681465278985e-09	2.794213719604e-09	8.436258553498e-10
-6.276000000000e-07	1.519126327246e-09	3.055681000915e-09	2.294714469726e-10
-6.274000000000e-07	1.614002478481e-09	2.626147356813e-09	9.235287302141e-10
-6.272000000000e-07	1.748713908887e-09	2.984397517078e-09	7.869421957453e-10
-6.270000000000e-07	1.545483087578e-09	2.708111949120e-09	6.523846818763e-10
-6.268000000000e-07	1.630558118195e-09	2.625897098315e-09	9.478877142314e-10
-6.266000000000e-07	1.535925910899e-09	2.688237469553e-09	6.373707175964e-10
-6.264000000000e-07	1.750462620169e-09	2.863436250093e-09	9.065298788856e-10
-6.262000000000e-07	1.625998191552e-09	2.608002986673e-09	9.965808910097e-10
-6.260000000000e-07	1.690108542055e-09	2.773388454542e-09	8.430665673899e-10
-6.258000000000e-07	1.669290952756e-09	2.655045564343e-09	1.016706866469e-09
-6.256000000000e-07	1.601767522485e-09	2.806537644303e-09	6.621286184055e-10
-6.254000000000e-07	1.622103499644e-09	2.746836302723e-09	7.718033248072e-10
-6.252000000000e-07	1.743503343101e-09	2.999516835187e-09	7.946779130625e-10
-6.250000000000e-07	1.591803748100e-09	2.568260948401e-09	9.308923164489e-10
-6.248000000000e-07	1.593282669839e-09	2.546827675292e-09	9.432975265394e-10
-6.246000000000e-07	1.647962660569e-09	2.598123799352e-09	1.033970390899e-09
-6.244000000000e-07	1.632512960948e-09	2.870290645473e-09	6.772638417980e-10
-6.242000000000e-07	1.557013222212e-09	2.449376789915e-09	9.364256954667e-10
-6.240000000000e-07	1.663110703978e-09	2.829039331663e-09	7.808335088538e-10
-6.238000000000e-07	1.497005526695e-09	2.389947628371e-09	8.657267580373e-10
-6.236000000000e-07	1.556868886936e-09	2.438156906891e-09	9.591644622223e-10
-6.234000000000e-07	1.672182331336e-09	2.579022744671e-09	1.059024590395e-09
-6.232000000000e-07	1.559178158525e-09	2.697635721442e-09	6.676678374093e-10
-6.230000000000e-07	1.584549255767e-09	2.645626895248e-09	8.251706516262e-10
-6.228000000000e-07	1.427087596273e-09	2.538637525346e-09	5.639706119817e-10
-6.226000000000e-07	1.621292608478e-09	2.751648950275e-09	7.167524717109e-10
-6.224000000000e-07	1.620014517790e-09	2.645816012346e-09	9.243272125122e-10
-6.222000000000e-07	1.449144945672e-09	2.459799003853e-09	7.072122493757e-10
-6.220000000000e-07	1.497181732355e-09	2.540086647306e-09	7.491415593314e-10
-6.218000000000e-07	1.549831411158e-09	2.749369243440e-09	6.643655978285e-10
-6.216000000000e-07	1.564217248093e-09	2.468786316404e-09	9.076508706563e-10
-6.214000000000e-07	1.579657517365e-09	2.518282044854e-09	9.234785047220e-10
-6.212000000000e-07	1.566250806984e-09	2.874736950284e-09	5.151769618072e-10
-6.210000000000e-07	1.527368160572e-09	2.523100601206e-09	8.342063532673e-10
-6.208000000000e-07	1.390040204457e-09	2.347860007669e-09	6.687258055270e-10
-6.206000000000e-07	1.562531900911e-09	2.735509179292e-09	6.606403046453e-10
-6.204000000000e-07	1.637663385490e-09	2.733398637807e-09	8.591002591206e-10
-6.202000000000e-07	1.534028326247e-09	2.566005705596e-09	7.829489637342e-10
-6.200000000000e-07	1.580476489335e-09	2.500004442830e-09	9.352151531714e-10
-6.198000000000e-07	1.486969548084e-09	2.597484984575e-09	6.538186881225e-10
-6.196000000000e-07	1.480772093490e-09	2.532797089763e-09	6.692016026004e-10
-6.194000000000e-07	1.394747149372e-09	2.417769696911e-09	5.874011945172e-10
-6.192000000000e-07	1.337142225269e-09	2.331532990030e-09	5.674678928485e-10
-6.190000000000e-07	1.755615250813e-09	2.870121121579e-09	9.412011917992e-10
-6.188000000000e-07	1.473728457105e-09	2.486986805418e-09	7.107554419584e-10
-6.186000000000e-07	1.530961907348e-09	2.476994886946e-09	8.737611452538e-10
-6.184000000000e-07	1.361047395447e-09	2.319820302142e-09	6.679386888292e-10
-6.182000000000e-07	1.433522893450e-09	2.336365340945e-09	7.436602634141e-10
-6.180000000000e-07	1.469963194664e-09	2.351386124561e-09	8.436358529435e-10
-6.178000000000e-07	1.398398573539e-09	2.477025668294e-09	5.492232134514e-10
-6.176000000000e-07	1.569376972001e-09	2.509703469612e-09	9.286965194305e-10
-6.174000000000e-07	1.390838371354e-09	2.414616348402e-09	5.932997157773e-10
-6.172000000000e-07	1.325065640742e-09	2.254082479496e-09	5.954673563617e-10
-6.170000000000e-07	1.463536680099e-09	2.422821275240e-09	7.615387033443e-10
-6.168000000000e-07	1.462310278457e-09	2.334065231034e-09	8.527216658018e-10
-6.166000000000e-07	1.383104812388e-09	2.382233891506e-09	5.928558867272e-10
-6.164000000000e-07	1.479788319303e-09	2.433237480587e-09	7.680437654640e-10
-6.162000000000e-07	1.396008573539e-09	2.456356886898e-09	5.704176335458e-10
-6.160000000000e-07	1.517149943937e-09	2.653249462331e-09	6.449305395571e-10
-6.158000000000e-07	1.462782885418e-09	2.361594099904e-09	8.215257152594e-10
-6.156000000000e-07	1.393771247939e-09	2.290805739327e-09	7.467239434559e-10
-6.154000000000e-07	1.329391794106e-09	2.241734266205e-09	6.541187434289e-10
-6.152000000000e-07	1.351225468818e-09	2.229129180421e-09	6.975211272243e-10
-6.150000000000e-07	1.521711984865e-09	2.431997521388e-09	8.946844969677e-10
-6.148000000000e-07	1.384066398207e-09	2.288020299299e-09	7.566346124791e-10
-6.146000000000e-07	1.386630205944e-09	2.284966897265e-09	7.436713897073e-10
-6.144000000000e-07	1.365291006002e-09	2.126271095031e-09	8.619732753269e-10
-6.142000000000e-07	1.389922338291e-09	2.276857128634e-09	6.979328493441e-10
-6.140000000000e-07	1.330983460900e-09	2.178795811794e-09	7.239217275648e-10
-6.138000000000e-07	1.398582140231e-09	2.317166981678e-09	7.508970476852e-10
-6.136000000000e-07	1.213330530606e-09	2.020300945316e-09	6.241657488249e-10
-6.134000000000e-07	1.396122803382e-09	2.204885205184e-09	8.127898463127e-10
-6.132000000000e-07	1.329588053842e-09	2.118744390630e-09	7.985631723197e-10
-6.130000000000e-07	1.374189515291e-09	2.464064140096e-09	5.359082548439e-10
-6.128000000000e-07	1.377572657226e-09	2.260387387960e-09	7.227638938568e-10
-6.126000000000e-07	1.402151487846e-09	2.365265354883e-09	7.302073750185e-10
-6.124000000000e-07	1.365609646139e-09	2.240129786822e-09	7.061366397000e-10
-6.122000000000e-07	1.269888148017e-09	2.183742711158e-09	5.709798154534e-10
-6.120000000000e-07	1.362047675169e-09	2.248449424321e-09	6.936149920146e-10
-6.118000000000e-07	1.363759756434e-09	2.140347702794e-09	8.593723340774e-10
-6.116000000000e-07	1.285936704921e-09	2.145630411994e-09	6.487057989803e-10
-6.114000000000e-07	1.334987880781e-09	2.244062746874e-09	6.671702800544e-10
-6.112000000000e-07	1.353439371395e-09	2.289487459571e-09	6.658553459538e-10
-6.110000000000e-07	1.394572301258e-09	2.109144886820e-09	9.390494550775e-10
-6.108000000000e-07	1.232568596648e-09	2.154207674270e-09	5.014728838336e-10
-6.106000000000e-07	1.219190452233e-09	2.016661374806e-09	6.568589095096e-10
-6.104000000000e-07	1.485583790691e-09	2.259400330776e-09	8.832259229693e-10
-6.102000000000e-07	1.404049596548e-09	2.323808781788e-09	7.362933304009e-10
-6.100000000000e-07	1.277709552518e-09	1.990797995703e-09	7.492001399604e-10
-6.098000000000e-07	1.346933085963e-09	2.215213972646e-09	7.362474045320e-10
-6.096000000000e-07	1.385964858738e-09	2.456136697630e-09	5.660296267818e-10
-6.094000000000e-07	1.219583446611e-09	2.033546659984e-09	6.463239790581e-10
-6.092000000000e-07	1.189929752940e-09	2.217602325295e-09	3.505270876371e-10
-6.090000000000e-07	1.261639234878e-09	2.078956960294e-09	6.940916209644e-10
-6.088000000000e-07	1.301592825973e-09	2.213899025826e-09	5.965122269437e-10
-6.086000000000e-07	1.238594117517e-09	2.061717152932e-09	6.176525650306e-10
-6.084000000000e-07	1.273693907986e-09	2.021041877067e-09	7.656533511533e-10
-6.082000000000e-07	1.222896836637e-09	1.971974785247e-09	7.048432128516e-10
-6.080000000000e-07	1.185696052912e-09	2.051402510375e-09	5.414786052059e-10
-6.078000000000e-07	1.163006931502e-09	2.020071169933e-09	4.949176621756e-10
-6.076000000000e-07	1.197798728498e-09	2.031898201827e-09	5.808292608068e-10
-6.074000000000e-07	1.297042341984e-09	2.093500199708e-09	7.067680466349e-10
-6.072000000000e-07	1.349198133199e-09	2.304380838712e-09	6.538081747884e-10
-6.070000000000e-07	1.235114581602e-09	2.160393066619e-09	5.566275429351e-10
-6.068000000000e-07	1.423674955423e-09	2.244926232366e-09	8.629461379742e-10
-6.066000000000e-07	1.307150358615e-09	2.236093631155e-09	6.622996622710e-10
-6.064000000000e-07	1.283590029269e-09	2.049176808908e-09	7.526984995905e-10
-6.062000000000e-07	1.170152120609e-09	1.909120320809e-09	6.803114841820e-10
-6.060000000000e-07	1.284779607264e-09	2.172707633368e-09	6.121076021899e-10
-6.058000000000e-07	1.269166383674e-09	2.125198309461e-09	6.473843728929e-10
-6.056000000000e-07	1.209419030464e-09	2.018880475474e-09	6.183507810155e-10
-6.054000000000e-07	1.233575836827e-09	2.033671961840e-09	6.379479765240e-10
-6.052000000000e-07	1.199869192683e-09	2.083623047995e-09	5.840086904549e-10
-6.050000000000e-07	1.195865208484e-09	2.077881231058e-09	5.121080776503e-10
-6.048000000000e-07	1.209838391872e-09	2.056439394758e-09	5.759402032403e-10
-6.046000000000e-07	1.186221567113e-09	2.002390771117e-09	5.859197462877e-10
-6.044000000000e-07	1.183058227003e-09	1.861210738234e-09	7.216677591499e-10
-6.042000000000e-07	1.203433203008e-09	1.934543784889e-09	7.210775349652e-10
-6.040000000000e-07	1.156475730566e-09	1.907748609893e-09	5.880342427900e-10
-6.038000000000e-07	1.009767702391e-09	1.807279000611e-09	4.203345815094e-10
-6.036000000000e-07	1.214467961751e-09	1.957907034456e-09	6.704434225365e-10
-6.034000000000e-07	1.237389934086e-09	1.936533829307e-09	7.782695279706e-10
-6.032000000000e-07	1.268814712476e-09	2.145955730578e-09	6.201884552851e-10
-6.030000000000e-07	1.203117465975e-09	1.895994094887e-09	7.186833735071e-10
-6.028000000000e-07	1.102042573744e-09	1.869249858051e-09	5.352218906269e-10
-6.026000000000e-07	1.169911081940e-09	1.933376027761e-09	6.101394427533e-10
-6.024000000000e-07	1.120291048476e-09	1.927968969588e-09	4.814643306162e-10
-6.022000000000e-07	1.201717000659e-09	1.938234518404e-09	6.545764025618e-10
-6.020000000000e-07	1.154544366862e-09	1.879528242558e-09	6.432214296851e-10
-6.018000000000e-07	1.264326395500e-09	2.216838570681e-09	5.547604023980e-10
-6.016000000000e-07	1.179261757661e-09	1.892318401152e-09	6.990739863184e-10
-6.014000000000e-07	1.160425003217e-09	1.930264463912e-09	6.165051110034e-10
-6.012000000000e-07	1.165300358419e-09	1.844329225843e-09	7.213137169491e-10
-6.010000000000e-07	1.019805370256e-09	1.874804940123e-09	3.803085655837e-10
-6.008000000000e-07	1.145584720729e-09	1.872124324953e-09	5.790120873063e-10
-6.006000000000e-07	1.131459690575e-09	1.809562494569e-09	6.593624684820e-10
-6.004000000000e-07	1.077977664442e-09	1.969727357743e-09	3.720300301308e-10
-6.002000000000e-07	1.155579967004e-09	1.803291093689e-09	7.147007766448e-10
-6.000000000000e-07	1.184336274195e-09	2.027498074946e-09	5.425862016384e-10
-5.998000000000e-07	1.050542305733e-09	1.796320675779e-09	4.843221573010e-10
-5.996000000000e-07	1.067919461046e-09	1.809140875741e-09	5.315448735995e-10
-5.994000000000e-07	1.184206670043e-09	1.757197601952e-09	8.140629277499e-10
-5.992000000000e-07	1.219077923363e-09	1.906984402553e-09	7.368490811196e-10
-5.990000000000e-07	1.105233702576e-09	1.860317778301e-09	5.470372872789e-10
-5.988000000000e-07	1.071288306402e-09	1.766312736665e-09	5.428268043282e-10
-5.986000000000e-07	1.103950483105e-09	1.863366496366e-09	5.651598181849e-10
-5.984000000000e-07	1.109477034656e-09	1.929841960929e-09	4.619718596998e-10
-5.982000000000e-07	1.150466876667e-09	1.686272627028e-09	7.690210164750e-10
-5.980000000000e-07	1.090240718650e-09	1.800511761944e-09	5.782077983814e-10
-5.978000000000e-07	1.041928048898e-09	1.804585274403e-09	4.746461572446e-10
-5.976000000000e-07	1.072088209500e-09	1.711042879542e-09	6.559558084107e-10
-5.974000000000e-07	1.124872182733e-09	1.893427499683e-09	5.929570208329e-10
-5.972000000000e-07	1.059112950303e-09	1.697565956110e-09	6.032317055297e-10
-5.970000000000e-07	1.155033251601e-09	1.999877071277e-09	5.232706918167e-10
-5.968000000000e-07	1.143163999678e-09	1.829632433489e-09	6.656836211919e-10
-5.966000000000e-07	1.141046358889e-09	1.812446056853e-09	6.807784434380e-10
-5.964000000000e-07	1.126756208872e-09	1.868467378404e-09	5.695901620874e-10
-5.962000000000e-07	1.078312178595e-09	1.816187785065e-09	5.422886916897e-10
-5.960000000000e-07	1.056481675292e-09	1.781287612839e-09	5.541966639430e-10
-5.958000000000e-07	1.175740280014e-09	1.810242532601e-09	7.261106678170e-10
-5.956000000000e-07	1.083286055648e-09	1.807538927538e-09	5.835163808829e-10
-5.954000000000e-07	1.063808584327e-09	1.886021777912e-09	4.143476846292e-10
-5.952000000000e-07	1.131902391777e-09	1.757555473240e-09	7.185412913275e-10
-5.950000000000e-07	1.016170977304e-09	1.740714264067e-09	4.781887528259e-10
-5.948000000000e-07	1.124898648296e-09	1.901104863064e-09	5.597796863889e-10
-5.946000000000e-07	1.124425198438e-09	1.794560652311e-09	6.636191790093e-10
-5.944000000000e-07	9.975289623305e-10	1.685417333932e-09	4.531246074809e-10
-5.942000000000e-07	1.076425829535e-09	1.772189593701e-09	5.836646055068e-10
-5.940000000000e-07	1.062726315359e-09	1.645687493365e-09	6.351746827924e-10
-5.938000000000e-07	1.025234842910e-09	1.799252692723e-09	4.360418044696e-10
-5.936000000000e-07	1.166805825327e-09	1.702418486186e-09	8.137642884842e-10
-5.934000000000e-07	1.025478322359e-09	1.756251579122e-09	4.746240533371e-10
-5.932000000000e-07	1.043825247905e-09	1.813876690173e-09	4.616496547537e-10
-5.930000000000e-07	9.692934254255e-10	1.615832813594e-09	4.967351490776e-10
-5.928000000000e-07	9.487984023868e-10	1.556710265346e-09	4.894070625613e-10
-5.926000000000e-07	9.724924580948e-10	1.671637626973e-09	4.686581754408e-10
-5.924000000000e-07	1.060314677868e-09	1.724845900395e-09	5.693636472263e-10
-5.922000000000e-07	9.793764303769e-10	1.617409207051e-09	5.079969928162e-10
-5.920000000000e-07	1.005798309895e-09	1.815678438287e-09	4.034971897335e-10
-5.918000000000e-07	1.079465973425e-09	1.748478090415e-09	6.066570092358e-10
-5.916000000000e-07	9.720515190677e-10	1.515468907662e-09	6.244833402571e-10
-5.914000000000e-07	9.798003852626e-10	1.577554184395e-09	5.844897903982e-10
-5.912000000000e-07	1.021923634763e-09	1.654354909974e-09	5.736171478861e-10
-5.910000000000e-07	9.654165254542e-10	1.631360957692e-09	4.624891165202e-10
-5.908000000000e-07	1.036406495806e-09	1.723045155031e-09	5.288064691744e-10
-5.906000000000e-07	9.539525271333e-10	1.672411099787e-09	3.962037138170e-10
-5.904000000000e-07	1.027114128982e-09	1.659664552914e-09	4.919389842744e-10
-5.902000000000e-07	1.020929058429e-09	1.495032063402e-09	7.481941728905e-10
-5.900000000000e-07	1.024931849822e-09	1.561375784051e-09	7.109366181403e-10
-5.898000000000e-07	9.581316100078e-10	1.571586074428e-09	5.289031247180e-10
-5.896000000000e-07	9.965289225051e-10	1.649507548175e-09	5.355602131378e-10
-5.894000000000e-07	1.046532273418e-09	1.729732588116e-09	5.562017443196e-10
-5.892000000000e-07	9.439204284686e-10	1.522288085749e-09	5.653254720701e-10
-5.890000000000e-07	9.615091242707e-10	1.655878371568e-09	4.632710086004e-10
-5.888000000000e-07	9.084341680149e-10	1.511677735408e-09	4.717813981489e-10
-5.886000000000e-07	1.049422519336e-09	1.644604839339e-09	6.919205017969e-10
-5.884000000000e-07	1.003464877836e-09	1.574733007096e-09	6.136012379354e-10
-5.882000000000e-07	1.006616589133e-09	1.643144988486e-09	5.522303830985e-10
-5.880000000000e-07	9.741689173700e-10	1.508735615923e-09	6.002895544606e-10
-5.878000000000e-07	9.580279179055e-10	1.626318197843e-09	4.844467309549e-10
-5.876000000000e-07	9.760229036805e-10	1.475947433523e-09	6.780219277934e-10
-5.874000000000e-07	9.592847081036e-10	1.610328135316e-09	4.893548636488e-10
-5.872000000000e-07	9.094930439795e-10	1.541307866445e-09	4.187091553683e-10
-5.870000000000e-07	9.759878911390e-10	1.556560397818e-09	5.939170505075e-10
-5.868000000000e-07	1.003940837342e-09	1.653806592934e-09	5.479239507975e-10
-5.866000000000e-07	9.629697824243e-10	1.549419358502e-09	5.992890155722e-10
-5.864000000000e-07	9.234795958610e-10	1.502449319679e-09	5.390804732266e-10
-5.862000000000e-07	9.534281746579e-10	1.636544876165e-09	4.647715610826e-10
-5.860000000000e-07	9.715901372831e-10	1.582435106494e-09	5.622615647122e-10
-5.858000000000e-07	8.711272656033e-10	1.433590682066e-09	4.867782722429e-10
-5.856000000000e-07	8.739517526948e-10	1.561254465519e-09	3.998930372797e-10
-5.854000000000e-07	8.685079775345e-10	1.468755248547e-09	4.202004242983e-10
-5.852000000000e-07	9.042146715630e-10	1.515900363372e-09	4.830482432762e-10
-5.850000000000e-07	9.114353952730e-10	1.471341856764e-09	5.078937187295e-10
-5.848000000000e-07	9.745106508868e-10	1.569257484467e-09	5.556552441401e-10
-5.846000000000e-07	9.352348351884e-10	1.495326404811e-09	5.546632626799e-10
-5.844000000000e-07	9.424306548161e-10	1.609180893385e-09	4.737620979658e-10
-5.842000000000e-07	8.976428381703e-10	1.460178567874e-09	5.007677339645e-10
-5.840000000000e-07	8.551572390150e-10	1.430720354907e-09	4.316437788626e-10
-5.838000000000e-07	9.495954466129e-10	1.626448554891e-09	4.751820483333e-10
-5.836000000000e-07	9.311518608565e-10	1.365182915230e-09	6.530819396993e-10
-5.834000000000e-07	9.340352379198e-10	1.465430930982e-09	5.296213310835e-10
-5.832000000000e-07	8.695219895595e-10	1.509977310515e-09	3.764038619773e-10
-5.830000000000e-07	8.978073869603e-10	1.363835617126e-09	6.015503190141e-10
-5.828000000000e-07	9.042160935073e-10	1.566559479139e-09	4.081938968162e-10
-5.826000000000e-07	9.191452593185e-10	1.507112999764e-09	5.333733159346e-10
-5.824000000000e-07	8.767111268567e-10	1.415340522835e-09	4.793370092722e-10
-5.822000000000e-07	8.615325553453e-10	1.474894267311e-09	3.715042030239e-10
-5.820000000000e-07	8.344114478717e-10	1.528466526426e-09	2.921737348793e-10
-5.818000000000e-07	9.169672721598e-10	1.489789979888e-09	5.067119453314e-10
-5.816000000000e-07	8.783529110857e-10	1.442459602542e-09	4.883953279938e-10
-5.814000000000e-07	8.382147629757e-10	1.359863190388e-09	4.638355851168e-10
-5.812000000000e-07	8.711926797830e-10	1.344290739482e-09	5.275847423779e-10
-5.810000000000e-07	7.696061214768e-10	1.345043824321e-09	3.615722988951e-10
-5.808000000000e-07	8.861314856483e-10	1.373718472494e-09	5.671304751397e-10
-5.806000000000e-07	8.868099901008e-10	1.498362537351e-09	4.332115820781e-10
-5.804000000000e-07	8.018844673384e-10	1.354101287320e-09	3.779265876929e-10
-5.802000000000e-07	1.028842185918e-09	1.591455066047e-09	6.483561407909e-10
-5.800000000000e-07	9.050282648724e-10	1.463300219017e-09	5.223752024102e-10
-5.798000000000e-07	8.237438799626e-10	1.487216161273e-09	3.536296930544e-10
-5.796000000000e-07	8.936587048864e-10	1.427272781542e-09	4.933675095908e-10
-5.794000000000e-07	8.547842949139e-10	1.448351117448e-09	4.256392280283e-10
-5.792000000000e-07	8.123486148719e-10	1.328921419758e-09	3.839664078481e-10
-5.790000000000e-07	8.267837851911e-10	1.398765578243e-09	4.359288782592e-10
-5.788000000000e-07	8.778326397226e-10	1.341904898259e-09	6.132222076859e-10
-5.786000000000e-07	8.235096598882e-10	1.270454264927e-09	5.320557888132e-10
-5.784000000000e-07	8.783567817165e-10	1.416538555889e-09	5.116371257105e-10
-5.782000000000e-07	9.537104701339e-10	1.521508224281e-09	5.555285666367e-10
-5.780000000000e-07	8.646587127723e-10	1.396186133524e-09	5.245017783314e-10
-5.778000000000e-07	8.684209971200e-10	1.283963035222e-09	6.177542129125e-10
-5.776000000000e-07	8.903268317734e-10	1.432959813247e-09	4.839960456188e-10
-5.774000000000e-07	8.632401368783e-10	1.461692024099e-09	4.379581661754e-10
-5.772000000000e-07	8.752300058909e-10	1.381042519097e-09	5.101101195714e-10
-5.770000000000e-07	8.738922941032e-10	1.460968083281e-09	4.729608893933e-10
-5.768000000000e-07	8.413208397884e-10	1.416734759423e-09	3.993130031165e-10
-5.766000000000e-07	8.818599935610e-10	1.404961113869e-09	5.089360825878e-10
-5.764000000000e-07	8.231122188154e-10	1.386483563566e-09	4.060837568421e-10
-5.762000000000e-07	8.431754382705e-10	1.387451916718e-09	4.438621766188e-10
-5.760000000000e-07	8.961951371973e-10	1.538846902900e-09	3.957159140791e-10
-5.758000000000e-07	7.896744765074e-10	1.248761952233e-09	4.603133445385e-10
-5.756000000000e-07	7.938744266273e-10	1.357395618013e-09	3.837064741076e-10
-5.754000000000e-07	7.832602321114e-10	1.267302205039e-09	4.577465985346e-10
-5.752000000000e-07	8.574114688674e-10	1.415320432162e-09	4.510201930653e-10
-5.750000000000e-07	7.794835047911e-10	1.394401971046e-09	3.543860655257e-10
-5.748000000000e-07	8.082904491016e-10	1.388056778699e-09	3.954597960935e-10
-5.746000000000e-07	8.908239409056e-10	1.408114372081e-09	5.350119837353e-10
-5.744000000000e-07	7.724228614459e-10	1.330139130809e-09	4.172149401211e-10
-5.742000000000e-07	8.080484673318e-10	1.337322634144e-09	3.847256462298e-10
-5.740000000000e-07	7.464117302225e-10	1.182788368555e-09	4.799938670489e-10
-5.738000000000e-07	8.857233540281e-10	1.430839331693e-09	5.266206576518e-10
-5.736000000000e-07	8.360544001758e-10	1.403538973162e-09	4.180065412286e-10
-5.734000000000e-07	7.698252955674e-10	1.204172173003e-09	5.121205042337e-10
