-1.388000000000e-07	0.000000000000e+00	0.000000000000e+00	0.000000000000e+00
-1.386000000000e-07	0.000000000000e+00	0.000000000000e+00	0.000000000000e+00
-1.384000000000e-07	0.000000000000e+00	0.000000000000e+00	0.000000000000e+00
-1.382000000000e-07	0.000000000000e+00	0.000000000000e+00	0.000000000000e+00
-1.380000000000e-07	0.000000000000e+00	0.000000000000e+00	0.000000000000e+00
-1.378000000000e-07	0.000000000000e+00	0.000000000000e+00	0.000000000000e+00
-1.376000000000e-07	0.000000000000e+00	0.000000000000e+00	0.000000000000e+00
-1.374000000000e-07	0.000000000000e+00	0.000000000000e+00	0.000000000000e+00
-1.372000000000e-07	0.000000000000e+00	0.000000000000e+00	0.000000000000e+00
-1.370000000000e-07	0.000000000000e+00	0.000000000000e+00	0.000000000000e+00
-1.368000000000e-07	0.000000000000e+00	0.000000000000e+00	0.000000000000e+00
-1.366000000000e-07	0.000000000000e+00	0.000000000000e+00	0.000000000000e+00
-1.364000000000e-07	0.000000000000e+00	0.000000000000e+00	0.000000000000e+00
-1.362000000000e-07	0.000000000000e+00	0.000000000000e+00	0.000000000000e+00
-1.360000000000e-07	0.000000000000e+00	0.000000000000e+00	0.000000000000e+00
-1.358000000000e-07	0.000000000000e+00	0.000000000000e+00	0.000000000000e+00
-1.356000000000e-07	0.000000000000e+00	0.000000000000e+00	0.000000000000e+00
-1.354000000000e-07	0.000000000000e+00	0.000000000000e+00	0.000000000000e+00
-1.352000000000e-07	0.000000000000e+00	0.000000000000e+00	0.000000000000e+00
-1.350000000000e-07	0.000000000000e+00	0.000000000000e+00	0.000000000000e+00
-1.348000000000e-07	0.000000000000e+00	0.000000000000e+00	0.000000000000e+00
-1.346000000000e-07	0.000000000000e+00	0.000000000000e+00	0.000000000000e+00
-1.344000000000e-07	0.000000000000e+00	0.000000000000e+00	0.000000000000e+00
-1.342000000000e-07	0.000000000000e+00	0.000000000000e+00	0.000000000000e+00
-1.340000000000e-07	0.000000000000e+00	0.000000000000e+00	0.000000000000e+00
-1.338000000000e-07	0.000000000000e+00	0.000000000000e+00	0.000000000000e+00
-1.336000000000e-07	0.000000000000e+00	0.000000000000e+00	0.000000000000e+00
-1.334000000000e-07	0.000000000000e+00	0.000000000000e+00	0.000000000000e+00
-1.332000000000e-07	0.000000000000e+00	0.000000000000e+00	0.000000000000e+00
-1.330000000000e-07	0.000000000000e+00	0.000000000000e+00	0.000000000000e+00
-1.328000000000e-07	0.000000000000e+00	0.000000000000e+00	0.000000000000e+00
-1.326000000000e-07	0.000000000000e+00	0.000000000000e+00	0.000000000000e+00
-1.324000000000e-07	0.000000000000e+00	0.000000000000e+00	0.000000000000e+00
-1.322000000000e-07	0.000000000000e+00	0.000000000000e+00	0.000000000000e+00
-1.320000000000e-07	0.000000000000e+00	0.000000000000e+00	0.000000000000e+00
-1.318000000000e-07	0.000000000000e+00	0.000000000000e+00	0.000000000000e+00
-1.316000000000e-07	0.000000000000e+00	0.000000000000e+00	0.000000000000e+00
-1.314000000000e-07	0.000000000000e+00	0.000000000000e+00	0.000000000000e+00
-1.312000000000e-07	0.000000000000e+00	0.000000000000e+00	0.000000000000e+00
-1.310000000000e-07	0.000000000000e+00	0.000000000000e+00	0.000000000000e+00
-1.308000000000e-07	0.000000000000e+00	0.000000000000e+00	0.000000000000e+00
-1.306000000000e-07	0.000000000000e+00	0.000000000000e+00	0.000000000000e+00
-1.304000000000e-07	0.000000000000e+00	0.000000000000e+00	0.000000000000e+00
-1.302000000000e-07	0.000000000000e+00	0.000000000000e+00	0.000000000000e+00
-1.300000000000e-07	0.000000000000e+00	0.000000000000e+00	0.000000000000e+00
-1.298000000000e-07	0.000000000000e+00	0.000000000000e+00	0.000000000000e+00
-1.296000000000e-07	0.000000000000e+00	0.000000000000e+00	0.000000000000e+00
-1.294000000000e-07	0.000000000000e+00	0.000000000000e+00	0.000000000000e+00
-1.292000000000e-07	0.000000000000e+00	0.000000000000e+00	0.000000000000e+00
-1.290000000000e-07	0.000000000000e+00	0.000000000000e+00	0.000000000000e+00
-1.288000000000e-07	0.000000000000e+00	0.000000000000e+00	0.000000000000e+00
-1.286000000000e-07	1.548616384976e-12	1.282105804999e-12	1.743960109632e-12
-1.284000000000e-07	1.918362529445e-11	2.084776352960e-11	1.725715149701e-11
-1.282000000000e-07	1.571752418130e-11	5.785390883280e-11	-2.687532250159e-11
-1.280000000000e-07	5.369803630367e-11	9.480435549027e-11	1.309080391787e-11
-1.278000000000e-07	-6.011222080965e-11	-7.182067054970e-11	-6.139876544971e-11
-1.276000000000e-07	-2.375168432684e-10	-3.309292436817e-10	-1.190554667599e-10
-1.274000000000e-07	1.605797385766e-10	-6.076192148505e-11	4.072312907221e-10
-1.272000000000e-07	7.370848081788e-11	1.025921522920e-10	-1.726689757303e-11
-1.270000000000e-07	-4.287154994457e-11	-4.287710778571e-10	3.542400341833e-10
-1.268000000000e-07	-1.899158909109e-10	5.238141909081e-12	-4.133980713132e-10
-1.266000000000e-07	2.115507544338e-11	1.251686451720e-10	-6.112757468127e-11
-1.264000000000e-07	-1.861106170258e-10	-2.340333770559e-10	-1.951794128279e-10
-1.262000000000e-07	-8.864534724233e-11	9.521539928907e-11	-3.217832052489e-10
-1.260000000000e-07	-4.064352468321e-10	-8.328188779806e-10	-7.206550409092e-11
-1.258000000000e-07	-1.874980765420e-09	-2.673819605749e-09	-1.205678101568e-09
-1.256000000000e-07	-1.372308806209e-09	-2.186584048643e-09	-6.604928489223e-10
-1.254000000000e-07	-3.631569857251e-10	-9.582226554843e-10	2.644611802416e-10
-1.252000000000e-07	-3.736121014386e-10	-8.128237887229e-10	-6.265677545667e-11
-1.250000000000e-07	-2.009468753500e-10	-1.717751568222e-10	-2.852144124673e-10
-1.248000000000e-07	-4.237621565860e-10	-4.955273093108e-10	-4.240402819495e-10
-1.246000000000e-07	-7.492903898763e-10	-8.484747644556e-10	-9.301595055345e-10
-1.244000000000e-07	-7.689724485277e-10	-1.705263510338e-09	1.020880057313e-10
-1.242000000000e-07	-4.996046030599e-10	-8.274850963854e-10	-2.752166065992e-10
-1.240000000000e-07	-1.012226763994e-09	-1.577305517937e-09	-5.407436858722e-10
-1.238000000000e-07	-1.323393825347e-09	-1.902657296541e-09	-9.979423780567e-10
-1.236000000000e-07	-1.580439649684e-09	-2.631767747326e-09	-6.546659498823e-10
-1.234000000000e-07	-2.603749359922e-09	-4.302701542507e-09	-1.163117756738e-09
-1.232000000000e-07	-3.738565514890e-09	-6.269029210789e-09	-1.627277841986e-09
-1.230000000000e-07	-6.441291061446e-09	-9.763500229539e-09	-3.949444259269e-09
-1.228000000000e-07	-1.117754611771e-08	-1.760720503945e-08	-6.121659634677e-09
-1.226000000000e-07	-1.896629520703e-08	-3.024510865606e-08	-1.002937477751e-08
-1.224000000000e-07	-1.945908013230e-08	-3.146046827770e-08	-9.930275500419e-09
-1.222000000000e-07	-2.474365135767e-09	-4.266147709146e-09	-1.385641510916e-09
-1.220000000000e-07	-2.017946911648e-09	-2.952909055721e-09	-1.377925744508e-09
-1.218000000000e-07	-2.250975315745e-09	-3.432791454834e-09	-1.393188966144e-09
-1.216000000000e-07	-2.389224144129e-09	-3.921089051357e-09	-1.115322206609e-09
-1.214000000000e-07	-2.669690672840e-09	-3.750148252778e-09	-2.075143152840e-09
-1.212000000000e-07	-3.087128806585e-09	-5.255801238617e-09	-1.262225993636e-09
-1.210000000000e-07	-3.901585605420e-09	-6.262603995988e-09	-1.963343469245e-09
-1.208000000000e-07	-5.276500208863e-09	-7.465874719245e-09	-3.374506592965e-09
-1.206000000000e-07	-5.282219485815e-09	-8.400590389782e-09	-2.873200624711e-09
-1.204000000000e-07	-6.233752040543e-09	-1.019909452608e-08	-3.071035187068e-09
-1.202000000000e-07	-7.963995129418e-09	-1.317341824850e-08	-3.676930826394e-09
-1.200000000000e-07	-9.183692390083e-09	-1.355218740636e-08	-6.099365022971e-09
-1.198000000000e-07	-9.084980488739e-09	-1.497115185939e-08	-4.258481000380e-09
-1.196000000000e-07	-1.130789706029e-08	-1.872337802766e-08	-5.321630076310e-09
-1.194000000000e-07	-1.379219070032e-08	-2.135232071816e-08	-8.044549188692e-09
-1.192000000000e-07	-1.494576694034e-08	-2.483654142453e-08	-6.815379728712e-09
-1.190000000000e-07	-1.840006007011e-08	-2.910416541047e-08	-9.995797931044e-09
-1.188000000000e-07	-1.972710850263e-08	-2.989941185885e-08	-1.234843285691e-08
-1.186000000000e-07	-2.273528851963e-08	-3.539225567444e-08	-1.290927176344e-08
-1.184000000000e-07	-2.458864321675e-08	-3.998375668166e-08	-1.217723768381e-08
-1.182000000000e-07	-2.751724114497e-08	-4.538440346554e-08	-1.286833210171e-08
-1.180000000000e-07	-3.154002476344e-08	-4.936647936029e-08	-1.777634201478e-08
-1.178000000000e-07	-3.415908493901e-08	-5.464213308835e-08	-1.785951150154e-08
-1.176000000000e-07	-3.588637106621e-08	-5.630680608568e-08	-1.997693768407e-08
-1.174000000000e-07	-4.163723152327e-08	-6.497905146060e-08	-2.366682189735e-08
-1.172000000000e-07	-4.216686019951e-08	-6.797357714461e-08	-2.148304575791e-08
-1.170000000000e-07	-4.457859361403e-08	-7.228186171186e-08	-2.234745238885e-08
-1.168000000000e-07	-5.058009225577e-08	-8.098934795837e-08	-2.647943277663e-08
-1.166000000000e-07	-5.268845892268e-08	-8.099252723042e-08	-3.137416367538e-08
-1.164000000000e-07	-5.130581356745e-08	-8.074941482842e-08	-2.840439879096e-08
-1.162000000000e-07	-5.172776877909e-08	-8.080549505250e-08	-2.947801623711e-08
-1.160000000000e-07	-5.148673383655e-08	-8.251481839234e-08	-2.663500356259e-08
-1.158000000000e-07	-5.033614011804e-08	-7.866251603893e-08	-2.847230846023e-08
-1.156000000000e-07	-4.906242658057e-08	-7.896278816541e-08	-2.521447188820e-08
-1.154000000000e-07	-4.565659638439e-08	-7.270450047420e-08	-2.435476011288e-08
-1.152000000000e-07	-4.371657642865e-08	-6.841198838957e-08	-2.469060427483e-08
-1.150000000000e-07	-4.209417702830e-08	-6.660790156378e-08	-2.293924626214e-08
-1.148000000000e-07	-3.537880477596e-08	-5.617365461756e-08	-1.905719570090e-08
-1.146000000000e-07	-3.332331562599e-08	-5.312030877195e-08	-1.763489062626e-08
-1.144000000000e-07	-2.767050260730e-08	-4.596690115947e-08	-1.221752608908e-08
-1.142000000000e-07	-2.448969470890e-08	-3.813816088921e-08	-1.402146522586e-08
-1.140000000000e-07	-2.010147592165e-08	-3.166203337412e-08	-1.117298885407e-08
-1.138000000000e-07	-1.528160845733e-08	-2.428244765374e-08	-8.123595026198e-09
-1.136000000000e-07	-1.006690179776e-08	-1.482928355298e-08	-6.742108823664e-09
-1.134000000000e-07	-5.515079031632e-09	-8.067143690484e-09	-3.733420630119e-09
-1.132000000000e-07	-3.065957115775e-09	-5.353032388022e-09	-1.123842774776e-09
-1.130000000000e-07	5.250000023257e-10	8.386198361597e-10	3.684941708053e-10
-1.128000000000e-07	3.462713989117e-09	5.699094469011e-09	1.693810077591e-09
-1.126000000000e-07	5.614254007439e-09	9.469051163626e-09	2.408055384218e-09
-1.124000000000e-07	6.438351191441e-09	1.018760187724e-08	3.599484256765e-09
-1.122000000000e-07	6.959377676043e-09	1.178658201952e-08	2.986728202092e-09
-1.120000000000e-07	7.429759538662e-09	1.184317736006e-08	4.002985506611e-09
-1.118000000000e-07	8.096364034432e-09	1.355608125555e-08	3.485149409794e-09
-1.116000000000e-07	8.314755216305e-09	1.258004975141e-08	5.141605156071e-09
-1.114000000000e-07	7.388970794530e-09	1.212937637427e-08	3.579216476582e-09
-1.112000000000e-07	6.561792102920e-09	1.138518574381e-08	2.523940367243e-09
-1.110000000000e-07	6.856026737065e-09	1.089139968998e-08	3.723440581600e-09
-1.108000000000e-07	6.300109870512e-09	9.851527375003e-09	3.612514682663e-09
-1.106000000000e-07	6.054806867699e-09	1.024357559490e-08	2.439624223719e-09
-1.104000000000e-07	6.149225670880e-09	9.651995076504e-09	3.651261393455e-09
-1.102000000000e-07	5.634316706888e-09	9.097285545593e-09	2.963018564875e-09
-1.100000000000e-07	5.324690338965e-09	8.596568958521e-09	2.651628339181e-09
-1.098000000000e-07	4.827644749884e-09	8.328445995268e-09	1.776065567086e-09
-1.096000000000e-07	5.420569541145e-09	7.970501953135e-09	3.651251485217e-09
-1.094000000000e-07	4.854563868499e-09	8.641850775227e-09	1.529744360836e-09
-1.092000000000e-07	4.498659782306e-09	8.209493751029e-09	1.464143439015e-09
-1.090000000000e-07	4.461035766611e-09	7.362691158706e-09	2.223291581842e-09
-1.088000000000e-07	4.565401866273e-09	7.395561829704e-09	2.410399802372e-09
-1.086000000000e-07	4.545668114734e-09	7.434341256924e-09	2.377677595795e-09
-1.084000000000e-07	3.563781747162e-09	6.212735522064e-09	1.389414491998e-09
-1.082000000000e-07	3.884672316777e-09	6.554409349399e-09	1.422990867264e-09
-1.080000000000e-07	3.684003995923e-09	5.231893840799e-09	2.887244966021e-09
-1.078000000000e-07	4.184207216777e-09	6.369992620522e-09	3.509932656835e-09
-1.076000000000e-07	4.189778406903e-09	7.164913734179e-09	1.737390222332e-09
-1.074000000000e-07	3.720390092406e-09	6.296292979243e-09	1.587668769427e-09
-1.072000000000e-07	4.121108327642e-09	6.750902412941e-09	2.014099169600e-09
-1.070000000000e-07	3.831288859511e-09	6.588126307056e-09	1.556671157331e-09
-1.068000000000e-07	3.778432024163e-09	5.918662897048e-09	2.110256932937e-09
-1.066000000000e-07	3.771370609773e-09	6.185466132173e-09	1.766328149474e-09
-1.064000000000e-07	3.395803907865e-09	5.967576366067e-09	1.827436080152e-09
-1.062000000000e-07	3.774578382621e-09	5.791883817836e-09	2.450115033780e-09
-1.060000000000e-07	3.617372940970e-09	5.952763713650e-09	1.807999250738e-09
-1.058000000000e-07	3.716640266033e-09	6.389585795033e-09	1.465280815123e-09
-1.056000000000e-07	3.377919903470e-09	5.737022414277e-09	1.445362878575e-09
-1.054000000000e-07	3.081623260805e-09	5.265959208488e-09	1.310470854250e-09
-1.052000000000e-07	3.362007210001e-09	4.912061804618e-09	2.312861391472e-09
-1.050000000000e-07	3.128688640639e-09	4.957397931552e-09	1.752986778943e-09
-1.048000000000e-07	3.258353602864e-09	5.019477003138e-09	1.712454049700e-09
-1.046000000000e-07	3.377270378804e-09	5.581071096627e-09	1.620104651117e-09
-1.044000000000e-07	2.858320825297e-09	5.175229618269e-09	9.376185571089e-10
-1.042000000000e-07	3.332221803650e-09	5.394310706818e-09	1.748695217373e-09
-1.040000000000e-07	3.134013707859e-09	5.178206051288e-09	1.371334569842e-09
-1.038000000000e-07	3.136247530620e-09	5.142952760538e-09	1.164255396053e-09
-1.036000000000e-07	3.356137297124e-09	5.084433666386e-09	2.178794983391e-09
-1.034000000000e-07	2.839696480029e-09	4.494614674287e-09	1.558318292634e-09
-1.032000000000e-07	3.083125947199e-09	5.548737951773e-09	1.007688520045e-09
-1.030000000000e-07	3.255888845520e-09	4.857949778098e-09	2.119691863040e-09
-1.028000000000e-07	2.660632352283e-09	4.565951191152e-09	1.079639993993e-09
-1.026000000000e-07	2.817852249975e-09	4.639331167730e-09	1.308827057414e-09
-1.024000000000e-07	3.092427661936e-09	5.183534603468e-09	1.497317424350e-09
-1.022000000000e-07	2.665173036137e-09	4.541219434458e-09	1.127102147770e-09
-1.020000000000e-07	2.887909081670e-09	5.008583627973e-09	1.136910482247e-09
-1.018000000000e-07	2.940385404514e-09	4.207200100142e-09	1.812050075439e-09
-1.016000000000e-07	2.669610365592e-09	4.233873149945e-09	1.579003500795e-09
-1.014000000000e-07	2.931092447673e-09	4.822533100898e-09	1.481419165292e-09
-1.012000000000e-07	2.745523853886e-09	4.690935600000e-09	1.090203340873e-09
-1.010000000000e-07	2.477573984325e-09	4.112626737237e-09	1.220701223351e-09
-1.008000000000e-07	2.890562874081e-09	4.446834570046e-09	1.750120506037e-09
-1.006000000000e-07	2.708558941607e-09	4.276897458750e-09	1.493250019905e-09
-1.004000000000e-07	2.384249834924e-09	3.898980826103e-09	1.222185233478e-09
-1.002000000000e-07	2.556052921992e-09	4.310372254038e-09	1.334162810092e-09
-1.000000000000e-07	2.684640415061e-09	4.331516752275e-09	1.429174836995e-09
-9.980000000000e-08	2.569218575879e-09	4.092728450461e-09	1.417055669708e-09
-9.960000000000e-08	2.582316074079e-09	4.370450136418e-09	1.002625479355e-09
-9.940000000000e-08	2.641095362908e-09	4.204406306140e-09	1.496627669562e-09
-9.920000000000e-08	2.575747543575e-09	3.930804830452e-09	1.557036221427e-09
-9.900000000000e-08	2.819841089121e-09	4.370995466168e-09	1.628504695269e-09
-9.880000000000e-08	2.657500771848e-09	4.335252700198e-09	1.323411865515e-09
-9.860000000000e-08	2.853748162129e-09	4.389997484529e-09	1.784349191455e-09
-9.840000000000e-08	2.271630189198e-09	3.416275993219e-09	1.496407723248e-09
-9.820000000000e-08	2.814994786720e-09	4.631563610802e-09	1.381813797984e-09
-9.800000000000e-08	2.371069239634e-09	3.743095601310e-09	1.382329636214e-09
-9.780000000000e-08	2.631186445558e-09	4.262254714475e-09	1.344909661477e-09
-9.760000000000e-08	2.049182979192e-09	3.599089908010e-09	7.400166869683e-10
-9.740000000000e-08	2.459964945053e-09	4.184896763713e-09	1.140578768046e-09
-9.720000000000e-08	2.627275335610e-09	4.178068233489e-09	1.391766361576e-09
-9.700000000000e-08	2.257729460781e-09	3.644371808646e-09	1.299198212000e-09
-9.680000000000e-08	2.423199378567e-09	3.867675261457e-09	1.430943475491e-09
-9.660000000000e-08	2.345995663486e-09	3.829150114559e-09	1.187975338506e-09
-9.640000000000e-08	2.537595147858e-09	3.861402840262e-09	1.503862002555e-09
-9.620000000000e-08	2.507963899217e-09	3.980790828212e-09	1.569890094333e-09
-9.600000000000e-08	2.433746631260e-09	4.121256318862e-09	9.386308833978e-10
-9.580000000000e-08	2.324482998273e-09	3.479854210508e-09	1.300176649169e-09
-9.560000000000e-08	2.288838508992e-09	4.176582412201e-09	8.760264342079e-10
-9.540000000000e-08	2.565934914599e-09	4.193574573383e-09	1.310502172121e-09
-9.520000000000e-08	2.241654742262e-09	3.916804759229e-09	7.518568663885e-10
-9.500000000000e-08	2.140530318860e-09	3.540935236319e-09	1.051100985784e-09
-9.480000000000e-08	2.141383347045e-09	3.469180419381e-09	1.046606273327e-09
-9.460000000000e-08	2.360871831763e-09	3.882210625954e-09	1.196464757061e-09
-9.440000000000e-08	1.940206707142e-09	3.495891370770e-09	6.292783772344e-10
-9.420000000000e-08	2.221341791379e-09	3.608744257436e-09	1.278776789896e-09
-9.400000000000e-08	2.501252020130e-09	3.283204218709e-09	1.848757298628e-09
-9.380000000000e-08	2.386523998556e-09	3.604660535858e-09	1.552659456428e-09
-9.360000000000e-08	2.209453699929e-09	3.697006671262e-09	1.134608826298e-09
-9.340000000000e-08	2.113020510739e-09	3.499401046898e-09	8.693893977809e-10
-9.320000000000e-08	2.343636748028e-09	3.620579820163e-09	1.424836704254e-09
-9.300000000000e-08	2.077622010762e-09	3.488148381475e-09	9.246236745342e-10
-9.280000000000e-08	2.134940281648e-09	3.704958869436e-09	8.632427332421e-10
-9.260000000000e-08	2.354714716437e-09	3.960105755254e-09	1.140199311383e-09
-9.240000000000e-08	2.148488856545e-09	3.577406175122e-09	1.021999557040e-09
-9.220000000000e-08	2.052485327274e-09	3.158470919748e-09	1.276167243715e-09
-9.200000000000e-08	2.290797733639e-09	3.822439952880e-09	1.107400393804e-09
-9.180000000000e-08	2.219326912036e-09	3.760009615633e-09	9.499432901796e-10
-9.160000000000e-08	2.264111634305e-09	3.701326810628e-09	1.125342754650e-09
-9.140000000000e-08	2.138601327509e-09	3.629357611885e-09	8.780740900355e-10
-9.120000000000e-08	1.972760192989e-09	3.478670851933e-09	1.017701124082e-09
-9.100000000000e-08	2.049623391220e-09	3.385534032348e-09	9.831804085741e-10
-9.080000000000e-08	2.197400032012e-09	3.496196054093e-09	1.058672452414e-09
-9.060000000000e-08	1.942865847156e-09	3.419176031140e-09	7.188532558618e-10
-9.040000000000e-08	2.249445927896e-09	3.649932609174e-09	1.171088571875e-09
-9.020000000000e-08	1.987971491504e-09	3.021819414627e-09	1.243595695444e-09
-9.000000000000e-08	2.033559704750e-09	3.531476538317e-09	8.960520757057e-10
-8.980000000000e-08	2.062974976278e-09	3.223272968305e-09	1.156885691802e-09
-8.960000000000e-08	2.120612665798e-09	3.268286878516e-09	1.314312064977e-09
-8.940000000000e-08	1.651489640240e-09	3.063337136138e-09	4.901253468177e-10
-8.920000000000e-08	1.905881618660e-09	3.319692040666e-09	8.408743658162e-10
-8.900000000000e-08	1.925124932378e-09	3.040535917176e-09	9.563280631526e-10
-8.880000000000e-08	2.142976268553e-09	3.356578435233e-09	1.164688582943e-09
-8.860000000000e-08	1.980611572255e-09	3.143037694361e-09	1.068698946973e-09
-8.840000000000e-08	2.082948561539e-09	3.173432272243e-09	1.097579173613e-09
-8.820000000000e-08	2.053429056077e-09	3.232250075713e-09	1.206583728165e-09
-8.800000000000e-08	1.944738450231e-09	2.918944618753e-09	1.307562643812e-09
-8.780000000000e-08	1.880006059848e-09	3.143469601087e-09	9.600795361706e-10
-8.760000000000e-08	2.019742371748e-09	3.147880602848e-09	1.173296670476e-09
-8.740000000000e-08	2.087330124478e-09	3.211153195322e-09	1.108624536408e-09
-8.720000000000e-08	1.849936848199e-09	3.352579005587e-09	6.344130768183e-10
-8.700000000000e-08	1.928487166203e-09	2.895463241875e-09	1.295637132760e-09
-8.680000000000e-08	1.849681858561e-09	3.191648094652e-09	6.915696196710e-10
-8.660000000000e-08	1.792542305444e-09	2.884378368425e-09	9.879381187217e-10
-8.640000000000e-08	1.755722741056e-09	3.084430465432e-09	6.769601382481e-10
-8.620000000000e-08	1.883677093546e-09	3.018706057687e-09	1.046561714092e-09
-8.600000000000e-08	2.083762393224e-09	3.326760279468e-09	1.163995989450e-09
-8.580000000000e-08	2.039864340611e-09	3.252186311602e-09	1.123591205671e-09
-8.560000000000e-08	2.122536738212e-09	3.215942775827e-09	1.245250226650e-09
-8.540000000000e-08	1.966282361278e-09	2.883832488092e-09	1.246969098158e-09
-8.520000000000e-08	1.919543209414e-09	3.091773401500e-09	1.182553081447e-09
-8.500000000000e-08	1.825988860239e-09	3.003052617482e-09	8.600409772178e-10
-8.480000000000e-08	1.734357472339e-09	3.087800743389e-09	5.067805942207e-10
-8.460000000000e-08	1.898497330048e-09	2.912765637798e-09	1.091976969261e-09
-8.440000000000e-08	1.883653929077e-09	3.107827149746e-09	8.852011176050e-10
-8.420000000000e-08	1.657342305919e-09	2.699417944897e-09	8.714115910089e-10
-8.400000000000e-08	1.895646913355e-09	2.916380185107e-09	1.228776593548e-09
-8.380000000000e-08	1.845531762691e-09	3.206802787764e-09	7.725974697150e-10
-8.360000000000e-08	1.871004837142e-09	3.064514250230e-09	9.698545330448e-10
-8.340000000000e-08	1.901264747635e-09	2.818609786496e-09	1.129911612260e-09
-8.320000000000e-08	1.740653287391e-09	2.699585028724e-09	1.140114602798e-09
-8.300000000000e-08	1.811209533649e-09	2.808015502633e-09	1.124888393170e-09
-8.280000000000e-08	1.842802352549e-09	3.065690241004e-09	1.046240089172e-09
-8.260000000000e-08	1.725697784365e-09	2.774230207150e-09	9.983664113061e-10
-8.240000000000e-08	1.665487059712e-09	2.829177798514e-09	6.927642611788e-10
-8.220000000000e-08	1.763555979761e-09	3.016834157267e-09	5.266563298262e-10
-8.200000000000e-08	1.799058477313e-09	2.872606310616e-09	1.092563517391e-09
-8.180000000000e-08	1.853262024954e-09	2.740983712206e-09	1.217068683966e-09
-8.160000000000e-08	1.728665991126e-09	2.662418382402e-09	9.302423715596e-10
-8.140000000000e-08	1.634406103531e-09	2.779351895094e-09	7.424018329449e-10
-8.120000000000e-08	1.768832909884e-09	2.902691464698e-09	9.031110732558e-10
-8.100000000000e-08	1.755409013488e-09	3.001144847167e-09	5.968477852351e-10
-8.080000000000e-08	1.694917669782e-09	2.744641361868e-09	9.238894761639e-10
-8.060000000000e-08	1.661619594375e-09	2.650996494383e-09	9.224005591436e-10
-8.040000000000e-08	1.793307071097e-09	2.875039369262e-09	1.059911403470e-09
-8.020000000000e-08	1.680491805432e-09	2.605364463212e-09	1.048776077933e-09
-8.000000000000e-08	1.814606188256e-09	2.863688454601e-09	9.533218541711e-10
-7.980000000000e-08	1.686158122677e-09	2.719947370283e-09	8.900474344330e-10
-7.960000000000e-08	1.662733608414e-09	2.725794593985e-09	8.381693288384e-10
-7.940000000000e-08	1.731420747996e-09	2.638199564855e-09	1.080142017506e-09
-7.920000000000e-08	1.794628335473e-09	2.965191089701e-09	9.086047331393e-10
-7.900000000000e-08	1.684028724113e-09	2.605410748686e-09	9.384003979527e-10
-7.880000000000e-08	1.616897800668e-09	2.752536948488e-09	7.021410057887e-10
-7.860000000000e-08	1.553564549227e-09	2.366114462888e-09	1.037309615550e-09
-7.840000000000e-08	1.753363991154e-09	2.917963603873e-09	8.169658815691e-10
-7.820000000000e-08	1.619152647684e-09	2.667496711816e-09	7.827607525845e-10
-7.800000000000e-08	1.756934746904e-09	3.002589903035e-09	7.667183536891e-10
-7.780000000000e-08	1.643813944456e-09	2.690010345988e-09	8.039195228733e-10
-7.760000000000e-08	1.589396262929e-09	2.474920441993e-09	9.661685863461e-10
-7.740000000000e-08	1.654602337967e-09	2.599268057780e-09	9.235379858677e-10
-7.720000000000e-08	1.608223390129e-09	2.701679036581e-09	7.249509011031e-10
-7.700000000000e-08	1.757383570930e-09	2.941131442151e-09	9.129178303891e-10
-7.680000000000e-08	1.680942109560e-09	2.806998543295e-09	7.160557940021e-10
-7.660000000000e-08	1.527836416908e-09	2.474487067372e-09	8.490754218817e-10
-7.640000000000e-08	1.708830122622e-09	2.659676962333e-09	1.091587845074e-09
-7.620000000000e-08	1.453966695158e-09	2.331576843419e-09	7.653180340784e-10
-7.600000000000e-08	1.597774727985e-09	2.512879758132e-09	8.949546789431e-10
-7.580000000000e-08	1.634731383033e-09	2.672086619998e-09	9.298629895261e-10
-7.560000000000e-08	1.623950293344e-09	2.775396542790e-09	7.996474644807e-10
-7.540000000000e-08	1.453457046330e-09	2.428910926739e-09	6.724312301565e-10
-7.520000000000e-08	1.595948704014e-09	2.780721078816e-09	6.981729562042e-10
-7.500000000000e-08	1.631640922646e-09	2.529980639343e-09	1.096301420868e-09
-7.480000000000e-08	1.665157550356e-09	2.563555357444e-09	1.049772904241e-09
-7.460000000000e-08	1.571279499386e-09	2.591915454724e-09	7.665835417191e-10
-7.440000000000e-08	1.521471144171e-09	2.491246931673e-09	7.200244218466e-10
-7.420000000000e-08	1.567721315118e-09	2.541988860257e-09	8.417002717897e-10
-7.400000000000e-08	1.584508819030e-09	2.632855062805e-09	7.684016632505e-10
-7.380000000000e-08	1.480744083870e-09	2.656475727067e-09	6.279310916573e-10
-7.360000000000e-08	1.466775295686e-09	2.531872829741e-09	6.609192563171e-10
-7.340000000000e-08	1.453694094537e-09	2.329288624722e-09	7.802541842043e-10
-7.320000000000e-08	1.545956312485e-09	2.390149063955e-09	9.328955386256e-10
-7.300000000000e-08	1.622119219154e-09	2.638468427524e-09	9.503784876192e-10
-7.280000000000e-08	1.473758873598e-09	2.400286476597e-09	7.227586953406e-10
-7.260000000000e-08	1.573924066732e-09	2.446498702830e-09	9.272807252733e-10
-7.240000000000e-08	1.664604529134e-09	2.476059110919e-09	9.062011212628e-10
-7.220000000000e-08	1.541266986294e-09	2.646343129050e-09	8.237654510141e-10
-7.200000000000e-08	1.327981221865e-09	2.247824760042e-09	6.087826638070e-10
-7.180000000000e-08	1.470575087662e-09	2.586509641003e-09	7.292133596576e-10
-7.160000000000e-08	1.317976754944e-09	2.172712323741e-09	6.975122521167e-10
-7.140000000000e-08	1.548290300838e-09	2.218175697660e-09	1.071199500378e-09
-7.120000000000e-08	1.601537058709e-09	2.616057541413e-09	7.666993899822e-10
-7.100000000000e-08	1.461294944653e-09	2.399303135561e-09	7.333145382823e-10
-7.080000000000e-08	1.547997723471e-09	2.450493156006e-09	9.232048961162e-10
-7.060000000000e-08	1.576615924707e-09	2.560319251329e-09	7.036855842761e-10
-7.040000000000e-08	1.527248369687e-09	2.442853802440e-09	8.627054393219e-10
-7.020000000000e-08	1.319811389397e-09	2.121176936824e-09	6.999863708955e-10
-7.000000000000e-08	1.387728634835e-09	2.354694708891e-09	6.511306526566e-10
-6.980000000000e-08	1.477242444363e-09	2.423129770728e-09	8.268017125043e-10
-6.960000000000e-08	1.543043217822e-09	2.349501418515e-09	1.019166834008e-09
-6.940000000000e-08	1.465866698735e-09	2.377485705479e-09	8.755692918591e-10
-6.920000000000e-08	1.432803779791e-09	2.452250896364e-09	6.767160153195e-10
-6.900000000000e-08	1.281787810117e-09	2.288944627168e-09	5.540600800004e-10
-6.880000000000e-08	1.495902764605e-09	2.316147875880e-09	7.900040720434e-10
-6.860000000000e-08	1.413512298071e-09	2.381160103851e-09	6.390794856248e-10
-6.840000000000e-08	1.461463108018e-09	2.203412524001e-09	9.473656226045e-10
-6.820000000000e-08	1.484776530476e-09	2.295260634198e-09	8.648628142396e-10
-6.800000000000e-08	1.475627814320e-09	2.293462538750e-09	9.792729579754e-10
-6.780000000000e-08	1.488503001555e-09	2.234010113060e-09	7.336434147110e-10
-6.760000000000e-08	1.608942896838e-09	2.412907346944e-09	1.027470578456e-09
-6.740000000000e-08	1.433345445635e-09	2.298894780352e-09	7.675914018938e-10
-6.720000000000e-08	1.333189924072e-09	2.175322436362e-09	7.067245409125e-10
-6.700000000000e-08	1.359682167486e-09	2.127063905710e-09	7.649696114485e-10
-6.680000000000e-08	1.320805213176e-09	2.093184311082e-09	7.044411013912e-10
-6.660000000000e-08	1.311396889418e-09	2.077314385704e-09	7.638809781837e-10
-6.640000000000e-08	1.433162895366e-09	2.515386070634e-09	6.029272048249e-10
-6.620000000000e-08	1.455025990471e-09	2.335362322968e-09	8.075755382612e-10
-6.600000000000e-08	1.446267530542e-09	2.214157620893e-09	9.093558779621e-10
-6.580000000000e-08	1.406977260371e-09	2.230421528971e-09	8.007023148245e-10
-6.560000000000e-08	1.116340160456e-09	2.039538674703e-09	5.436245464285e-10
-6.540000000000e-08	1.247175543922e-09	2.129969752112e-09	6.904358922000e-10
-6.520000000000e-08	1.280825311134e-09	2.149964897851e-09	5.784065854615e-10
-6.500000000000e-08	1.482889143942e-09	2.344578132482e-09	8.814145063706e-10
-6.480000000000e-08	1.375173074313e-09	2.182735631991e-09	6.919810100728e-10
-6.460000000000e-08	1.350660977620e-09	2.217304580272e-09	7.946635499447e-10
-6.440000000000e-08	1.405728074311e-09	2.160500164082e-09	8.177288805042e-10
-6.420000000000e-08	1.304736512267e-09	2.198487474241e-09	7.728510212565e-10
-6.400000000000e-08	1.415258397554e-09	2.349312618118e-09	6.828752586234e-10
-6.380000000000e-08	1.413236809113e-09	2.206207547240e-09	8.111728544746e-10
-6.360000000000e-08	1.356294533812e-09	2.217968015730e-09	6.462622069379e-10
-6.340000000000e-08	1.413659033613e-09	2.320519336802e-09	6.576789892756e-10
-6.320000000000e-08	1.305037801780e-09	2.194061888136e-09	6.004217129043e-10
-6.300000000000e-08	1.327789744700e-09	2.114652980669e-09	6.309206017219e-10
-6.280000000000e-08	1.415394415962e-09	2.103444670052e-09	9.794688817631e-10
-6.260000000000e-08	1.361604530358e-09	2.125145555612e-09	8.123732660340e-10
-6.240000000000e-08	1.271591612611e-09	2.080612360644e-09	6.134468665892e-10
-6.220000000000e-08	1.281850575175e-09	2.170489733920e-09	6.243973820306e-10
-6.200000000000e-08	1.364377935528e-09	2.114725974280e-09	7.990792276601e-10
-6.180000000000e-08	1.227442719035e-09	1.931988349839e-09	7.348828370616e-10
-6.160000000000e-08	1.355822880254e-09	2.089359089109e-09	8.649155973095e-10
-6.140000000000e-08	1.263079529906e-09	2.104782781604e-09	6.079296830172e-10
-6.120000000000e-08	1.368533489023e-09	2.121055773720e-09	8.649275956339e-10
-6.100000000000e-08	1.375506717441e-09	2.279442128075e-09	7.217004865554e-10
-6.080000000000e-08	1.229282776422e-09	1.992360956805e-09	6.591999775913e-10
-6.060000000000e-08	1.124517173134e-09	1.838407208134e-09	5.451459760471e-10
-6.040000000000e-08	1.352891175301e-09	2.134517323836e-09	7.569740007130e-10
-6.020000000000e-08	1.357777899157e-09	2.226755890602e-09	6.757492131818e-10
-6.000000000000e-08	1.349027468448e-09	2.175974639640e-09	6.989081782792e-10
-5.980000000000e-08	1.271639689768e-09	1.916030731965e-09	7.977895096571e-10
-5.960000000000e-08	1.275442660426e-09	2.108603781579e-09	6.648810015390e-10
-5.940000000000e-08	1.255379218535e-09	1.898547973713e-09	7.942051593124e-10
-5.920000000000e-08	1.261783911099e-09	1.998674346688e-09	7.206182518091e-10
-5.900000000000e-08	1.305304425756e-09	2.045053252937e-09	7.977534364523e-10
-5.880000000000e-08	1.275387908387e-09	2.196063513143e-09	4.017695065788e-10
-5.860000000000e-08	1.304325162228e-09	2.049843141003e-09	7.574469750743e-10
-5.840000000000e-08	1.264391454627e-09	2.007286495254e-09	6.957937423207e-10
-5.820000000000e-08	1.173377708949e-09	1.932209749817e-09	5.851425242588e-10
-5.800000000000e-08	1.119534817587e-09	1.970253307327e-09	4.594319466564e-10
-5.780000000000e-08	1.260475261951e-09	1.948737095962e-09	7.718243357468e-10
-5.760000000000e-08	1.204767667722e-09	1.953727397938e-09	5.724817720458e-10
-5.740000000000e-08	1.257535227345e-09	1.980567640258e-09	8.034327299710e-10
-5.720000000000e-08	1.267415334788e-09	2.000897726674e-09	7.540133830199e-10
-5.700000000000e-08	1.294764149679e-09	2.033980832822e-09	7.405381682203e-10
-5.680000000000e-08	1.221876477927e-09	1.803945159730e-09	8.411437394361e-10
-5.660000000000e-08	1.217179752369e-09	1.913611661834e-09	7.345102287314e-10
-5.640000000000e-08	1.124362118003e-09	1.925656352630e-09	5.401068716184e-10
-5.620000000000e-08	1.226885037298e-09	1.915051767860e-09	7.678148985955e-10
-5.600000000000e-08	1.092088990103e-09	1.818496934127e-09	5.314576377355e-10
-5.580000000000e-08	1.239274548043e-09	1.903768531438e-09	7.574332042998e-10
-5.560000000000e-08	1.205391729761e-09	1.990900027695e-09	6.466704544835e-10
-5.540000000000e-08	1.347460211039e-09	2.126050759948e-09	7.948361273244e-10
-5.520000000000e-08	1.238884323118e-09	1.928746475273e-09	6.835611411704e-10
-5.500000000000e-08	1.158489777638e-09	1.945984276071e-09	5.046639649718e-10
-5.480000000000e-08	1.243399949228e-09	1.836470503868e-09	7.746802508661e-10
-5.460000000000e-08	1.128198449623e-09	1.883142162946e-09	5.823442183430e-10
-5.440000000000e-08	1.197242656456e-09	1.835092503248e-09	7.790334557520e-10
-5.420000000000e-08	1.209594931308e-09	1.932092487891e-09	7.198480927649e-10
-5.400000000000e-08	1.156456296535e-09	1.959777679588e-09	5.172987803292e-10
-5.380000000000e-08	1.197471757267e-09	1.958194407499e-09	6.394038510765e-10
-5.360000000000e-08	1.233789488390e-09	1.949096601317e-09	6.180290106110e-10
-5.340000000000e-08	1.188317856762e-09	1.836716294981e-09	7.310695703169e-10
-5.320000000000e-08	1.136939883259e-09	1.814674365201e-09	6.577111624564e-10
-5.300000000000e-08	1.115826115391e-09	1.847401179483e-09	7.201120217358e-10
-5.280000000000e-08	1.187972855625e-09	1.817310026372e-09	6.326437357184e-10
-5.260000000000e-08	1.087938074894e-09	1.764422610895e-09	5.966096240535e-10
-5.240000000000e-08	1.040808178751e-09	1.742319075921e-09	4.736670623342e-10
-5.220000000000e-08	1.093398539011e-09	1.716156913479e-09	5.667423631389e-10
-5.200000000000e-08	1.067657177820e-09	1.644122497435e-09	6.342688696583e-10
-5.180000000000e-08	1.098215780480e-09	1.848599327442e-09	4.871537966527e-10
-5.160000000000e-08	1.097004808882e-09	1.715002591600e-09	6.779182665875e-10
-5.140000000000e-08	1.194114454681e-09	1.833613857700e-09	7.186297847870e-10
-5.120000000000e-08	1.217912544960e-09	2.058545028580e-09	5.443601430530e-10
-5.100000000000e-08	1.169247750014e-09	1.845724464288e-09	7.271604180296e-10
-5.080000000000e-08	1.107419912822e-09	1.873641323390e-09	5.198026303663e-10
-5.060000000000e-08	1.102263624239e-09	1.822392202173e-09	6.770304896943e-10
-5.040000000000e-08	1.123569698934e-09	1.819412315636e-09	6.466731417671e-10
-5.020000000000e-08	1.182858224224e-09	1.987740102811e-09	5.228859851040e-10
-5.000000000000e-08	1.115825744333e-09	1.797382144684e-09	6.528139557529e-10
-4.980000000000e-08	1.055808318191e-09	1.698409949637e-09	5.693501505204e-10
-4.960000000000e-08	1.102621299649e-09	1.800931492599e-09	6.119297559591e-10
-4.940000000000e-08	1.122657272256e-09	1.860551850395e-09	5.442622198801e-10
-4.920000000000e-08	1.178430359724e-09	1.853168607809e-09	6.860231073679e-10
-4.900000000000e-08	1.179319021246e-09	1.706971624703e-09	7.765526821365e-10
-4.880000000000e-08	1.093762267449e-09	1.760201299084e-09	5.806730847989e-10
-4.860000000000e-08	1.034223132924e-09	1.736106306953e-09	5.562502272675e-10
-4.840000000000e-08	1.086718967726e-09	1.618821559606e-09	7.439645962580e-10
-4.820000000000e-08	1.010272546937e-09	1.632671670157e-09	4.494912147476e-10
-4.800000000000e-08	1.049972001447e-09	1.762787198806e-09	4.893103707946e-10
-4.780000000000e-08	1.082873515287e-09	1.790942451828e-09	5.425913037063e-10
-4.760000000000e-08	1.061177978468e-09	1.687367411530e-09	6.058034120026e-10
-4.740000000000e-08	1.017870178669e-09	1.601060967869e-09	7.495221021860e-10
-4.720000000000e-08	1.130595033756e-09	1.774412624777e-09	6.063583236560e-10
-4.700000000000e-08	9.717753896295e-10	1.521223496653e-09	6.223554834867e-10
-4.680000000000e-08	1.078112203074e-09	1.795256339501e-09	6.125654973462e-10
-4.660000000000e-08	9.833647361504e-10	1.640398824736e-09	4.907152195206e-10
-4.640000000000e-08	1.166236075811e-09	1.876609921198e-09	6.527939436579e-10
-4.620000000000e-08	1.003292917755e-09	1.520312627622e-09	6.455451607947e-10
-4.600000000000e-08	1.071144372321e-09	1.663134651418e-09	5.863536380345e-10
-4.580000000000e-08	1.157938975675e-09	1.728018397467e-09	8.156867935449e-10
-4.560000000000e-08	1.001001524039e-09	1.669000317365e-09	4.841255725226e-10
-4.540000000000e-08	1.032356768450e-09	1.831780984692e-09	3.825815553287e-10
-4.520000000000e-08	9.823090717978e-10	1.621377105072e-09	4.003803720178e-10
-4.500000000000e-08	1.091603132756e-09	1.612594352639e-09	7.423730944219e-10
-4.480000000000e-08	1.038594575013e-09	1.589074413089e-09	6.312461150831e-10
-4.460000000000e-08	9.923664503333e-10	1.649503879106e-09	4.961303155939e-10
-4.440000000000e-08	9.750126638229e-10	1.463649315789e-09	6.385129139193e-10
-4.420000000000e-08	1.038130086934e-09	1.568470310014e-09	6.687328775897e-10
-4.400000000000e-08	9.971156672698e-10	1.602940258888e-09	5.433620983955e-10
-4.380000000000e-08	9.271336424830e-10	1.588120183758e-09	4.743589244655e-10
-4.360000000000e-08	1.085803006378e-09	1.595665105547e-09	6.783335062664e-10
-4.340000000000e-08	1.049458113114e-09	1.713968797230e-09	5.434526278435e-10
-4.320000000000e-08	9.281155333578e-10	1.500549098503e-09	5.003260412965e-10
-4.300000000000e-08	9.585745429586e-10	1.491960547129e-09	5.622832931366e-10
-4.280000000000e-08	9.807759113946e-10	1.663314088737e-09	4.638563020136e-10
-4.260000000000e-08	9.310756379225e-10	1.598663884454e-09	3.998202204498e-10
-4.240000000000e-08	1.061985301469e-09	1.678635308494e-09	6.148596548837e-10
-4.220000000000e-08	1.043933772415e-09	1.784210917884e-09	4.062820622218e-10
-4.200000000000e-08	1.051906023933e-09	1.660312096552e-09	6.136046594158e-10
-4.180000000000e-08	1.011970522264e-09	1.608352713413e-09	6.415995283987e-10
-4.160000000000e-08	1.029809401628e-09	1.669431749947e-09	5.436350909123e-10
-4.140000000000e-08	1.007659596489e-09	1.604068424005e-09	6.003356670147e-10
-4.120000000000e-08	9.916033647570e-10	1.577896167624e-09	4.952279070501e-10
-4.100000000000e-08	1.093247174517e-09	1.642574797321e-09	7.160880824406e-10
-4.080000000000e-08	1.076598870346e-09	1.618471272472e-09	6.740261872445e-10
-4.060000000000e-08	9.667636405191e-10	1.574377872565e-09	5.239455016414e-10
-4.040000000000e-08	9.955509655253e-10	1.541926405269e-09	5.553851902023e-10
-4.020000000000e-08	1.040413562586e-09	1.583448195526e-09	6.988930771218e-10
-4.000000000000e-08	9.573868131820e-10	1.493319676872e-09	5.588473192856e-10
-3.980000000000e-08	9.992509590971e-10	1.591106398330e-09	3.712305690929e-10
-3.960000000000e-08	9.575161103992e-10	1.488457354937e-09	6.190101703929e-10
-3.940000000000e-08	9.493134807722e-10	1.513851481072e-09	5.544421421899e-10
-3.920000000000e-08	1.017351029210e-09	1.691522704936e-09	4.899351694239e-10
-3.900000000000e-08	9.829778811503e-10	1.515515300175e-09	5.680995174416e-10
-3.880000000000e-08	9.810534370744e-10	1.495658585023e-09	5.535755909885e-10
-3.860000000000e-08	9.038015570684e-10	1.421936858646e-09	5.514251164159e-10
-3.840000000000e-08	9.677261559083e-10	1.585941225445e-09	5.364046139675e-10
-3.820000000000e-08	9.345973572056e-10	1.531657641176e-09	4.674457316516e-10
-3.800000000000e-08	9.782472185474e-10	1.560873995880e-09	5.777049172387e-10
-3.780000000000e-08	9.469502285812e-10	1.454851532361e-09	6.018364615806e-10
-3.760000000000e-08	8.591017793323e-10	1.425905017943e-09	4.194016575722e-10
-3.740000000000e-08	9.709506034925e-10	1.504642558638e-09	6.284402161181e-10
-3.720000000000e-08	9.719855853840e-10	1.529668746125e-09	5.503677335883e-10
-3.700000000000e-08	8.077927728468e-10	1.430156572145e-09	5.681628251942e-10
-3.680000000000e-08	1.013515273051e-09	1.529766792565e-09	6.348683883963e-10
-3.660000000000e-08	1.005762344863e-09	1.533165389194e-09	6.441400810976e-10
-3.640000000000e-08	8.786961545815e-10	1.534664064751e-09	4.097010465382e-10
-3.620000000000e-08	9.295885765819e-10	1.460650774473e-09	5.554803460921e-10
-3.600000000000e-08	9.423912003525e-10	1.519401283634e-09	5.083243805516e-10
-3.580000000000e-08	8.683199178601e-10	1.457028910647e-09	4.441846256246e-10
-3.560000000000e-08	9.097001776768e-10	1.484815185725e-09	4.615474929169e-10
-3.540000000000e-08	9.113631333775e-10	1.364844775505e-09	6.099042274915e-10
-3.520000000000e-08	8.567031933454e-10	1.484770799196e-09	5.423860728832e-10
-3.500000000000e-08	9.646121705380e-10	1.593070226774e-09	4.540828255447e-10
-3.480000000000e-08	8.482543448326e-10	1.290357817449e-09	5.210779828473e-10
-3.460000000000e-08	8.583362291443e-10	1.491938739834e-09	3.707229808712e-10
-3.440000000000e-08	9.471003222960e-10	1.592722292810e-09	4.106610705694e-10
-3.420000000000e-08	8.629265973307e-10	1.398631968589e-09	5.326874901499e-10
-3.400000000000e-08	8.949425297669e-10	1.474924639367e-09	4.506630116932e-10
-3.380000000000e-08	9.472530401062e-10	1.443922637957e-09	6.490004820705e-10
-3.360000000000e-08	9.596503219346e-10	1.463157631480e-09	5.748055497891e-10
-3.340000000000e-08	9.314948706458e-10	1.411819420908e-09	5.988146298023e-10
-3.320000000000e-08	8.566282710830e-10	1.392379985331e-09	4.863689217527e-10
-3.300000000000e-08	8.818340250902e-10	1.393526163194e-09	4.780946453285e-10
-3.280000000000e-08	8.863361407755e-10	1.420626543322e-09	4.897134238548e-10
-3.260000000000e-08	8.955111151413e-10	1.407243789525e-09	4.900131505147e-10
-3.240000000000e-08	8.415390699458e-10	1.364198891914e-09	4.843096711707e-10
-3.220000000000e-08	8.160169778644e-10	1.284516432998e-09	5.606452939802e-10
-3.200000000000e-08	8.961733190418e-10	1.411618665661e-09	5.476189771786e-10
-3.180000000000e-08	8.927273011908e-10	1.368160674556e-09	5.374484916017e-10
-3.160000000000e-08	8.744641002188e-10	1.269205950496e-09	6.156958898948e-10
-3.140000000000e-08	9.230165681457e-10	1.466516566207e-09	4.517436140077e-10
-3.120000000000e-08	8.459134237179e-10	1.188592722423e-09	6.466513576407e-10
-3.100000000000e-08	8.499981622681e-10	1.319748027112e-09	5.251596930037e-10
-3.080000000000e-08	8.787587010069e-10	1.365155786052e-09	4.117711944915e-10
-3.060000000000e-08	8.780200281863e-10	1.346501524456e-09	5.439218614451e-10
-3.040000000000e-08	8.490330838159e-10	1.454329273868e-09	3.039006790019e-10
-3.020000000000e-08	8.708761317364e-10	1.298125683068e-09	5.894283770227e-10
-3.000000000000e-08	8.314345491299e-10	1.312333170401e-09	4.775612193756e-10
-2.980000000000e-08	8.184585695226e-10	1.318142698673e-09	4.132051157790e-10
-2.960000000000e-08	9.032135319667e-10	1.451392828697e-09	4.822589918873e-10
-2.940000000000e-08	8.677119595311e-10	1.401186113687e-09	4.089136773316e-10
-2.920000000000e-08	8.749643345492e-10	1.411134108034e-09	4.396307114326e-10
-2.900000000000e-08	8.869149716567e-10	1.319409218294e-09	5.428863753354e-10
-2.880000000000e-08	7.765659440747e-10	1.250087045027e-09	5.365956659010e-10
-2.860000000000e-08	8.534867585421e-10	1.344939696880e-09	5.204227932300e-10
-2.840000000000e-08	8.487847326167e-10	1.447963139666e-09	4.908364134959e-10
-2.820000000000e-08	8.226583111812e-10	1.341212566684e-09	4.099363252246e-10
-2.800000000000e-08	8.136155650623e-10	1.336598480749e-09	4.581668714722e-10
-2.780000000000e-08	8.679901755874e-10	1.336526764762e-09	5.811867664509e-10
-2.760000000000e-08	7.891632881511e-10	1.218598467403e-09	5.103327081839e-10
-2.740000000000e-08	8.426341963745e-10	1.260742242396e-09	5.552604141616e-10
-2.720000000000e-08	9.040314903647e-10	1.455321818655e-09	5.360402646221e-10
-2.700000000000e-08	8.627166239935e-10	1.292711381755e-09	5.530912342184e-10
-2.680000000000e-08	8.291807857639e-10	1.399807365571e-09	3.684156864859e-10
-2.660000000000e-08	8.373161543803e-10	1.397925776382e-09	4.738346196520e-10
-2.640000000000e-08	8.222635166089e-10	1.326064084118e-09	4.447868142561e-10
-2.620000000000e-08	8.514957745383e-10	1.297637264872e-09	5.017021736006e-10
-2.600000000000e-08	7.415117868835e-10	1.191099859413e-09	4.072214702961e-10
-2.580000000000e-08	8.962863278073e-10	1.357034354028e-09	5.282501004892e-10
-2.560000000000e-08	8.047608324618e-10	1.249102781737e-09	4.310881871281e-10
-2.540000000000e-08	8.130447658815e-10	1.261518842728e-09	5.244850739490e-10
-2.520000000000e-08	7.070782293251e-10	1.169601247779e-09	3.532830619430e-10
-2.500000000000e-08	8.384352847806e-10	1.327185495449e-09	4.968558512392e-10
-2.480000000000e-08	8.084117000156e-10	1.334840683776e-09	4.158302891565e-10
-2.460000000000e-08	8.473015288953e-10	1.328552767936e-09	4.959848792116e-10
-2.440000000000e-08	8.264914452654e-10	1.245034698755e-09	5.004183500234e-10
-2.420000000000e-08	7.567147740449e-10	1.245538456620e-09	4.324794238030e-10
-2.400000000000e-08	8.809776034995e-10	1.343356863394e-09	5.899858881553e-10
-2.380000000000e-08	7.687195047708e-10	1.152338289896e-09	5.602493296290e-10
-2.360000000000e-08	7.717143873348e-10	1.136232935185e-09	5.080116566150e-10
-2.340000000000e-08	8.278002995424e-10	1.295730760198e-09	4.860271370134e-10
-2.320000000000e-08	8.358991569621e-10	1.317313470748e-09	4.860467322598e-10
-2.300000000000e-08	8.537431636555e-10	1.350681754098e-09	4.857909337300e-10
-2.280000000000e-08	7.755651235697e-10	1.207300745554e-09	4.368951672440e-10
-2.260000000000e-08	7.683966932796e-10	1.155782782319e-09	4.471756785736e-10
