-1.666600000000e-06	0.000000000000e+00	0.000000000000e+00	0.000000000000e+00
-1.666400000000e-06	0.000000000000e+00	0.000000000000e+00	0.000000000000e+00
-1.666200000000e-06	0.000000000000e+00	0.000000000000e+00	0.000000000000e+00
-1.666000000000e-06	0.000000000000e+00	0.000000000000e+00	0.000000000000e+00
-1.665800000000e-06	0.000000000000e+00	0.000000000000e+00	0.000000000000e+00
-1.665600000000e-06	0.000000000000e+00	0.000000000000e+00	0.000000000000e+00
-1.665400000000e-06	0.000000000000e+00	0.000000000000e+00	0.000000000000e+00
-1.665200000000e-06	0.000000000000e+00	0.000000000000e+00	0.000000000000e+00
-1.665000000000e-06	0.000000000000e+00	0.000000000000e+00	0.000000000000e+00
-1.664800000000e-06	0.000000000000e+00	0.000000000000e+00	0.000000000000e+00
-1.664600000000e-06	0.000000000000e+00	0.000000000000e+00	0.000000000000e+00
-1.664400000000e-06	0.000000000000e+00	0.000000000000e+00	0.000000000000e+00
-1.664200000000e-06	0.000000000000e+00	0.000000000000e+00	0.000000000000e+00
-1.664000000000e-06	0.000000000000e+00	0.000000000000e+00	0.000000000000e+00
-1.663800000000e-06	0.000000000000e+00	0.000000000000e+00	0.000000000000e+00
-1.663600000000e-06	0.000000000000e+00	0.000000000000e+00	0.000000000000e+00
-1.663400000000e-06	0.000000000000e+00	0.000000000000e+00	0.000000000000e+00
-1.663200000000e-06	0.000000000000e+00	0.000000000000e+00	0.000000000000e+00
-1.663000000000e-06	0.000000000000e+00	0.000000000000e+00	0.000000000000e+00
-1.662800000000e-06	0.000000000000e+00	0.000000000000e+00	0.000000000000e+00
-1.662600000000e-06	0.000000000000e+00	0.000000000000e+00	0.000000000000e+00
-1.662400000000e-06	0.000000000000e+00	0.000000000000e+00	0.000000000000e+00
-1.662200000000e-06	0.000000000000e+00	0.000000000000e+00	0.000000000000e+00
-1.662000000000e-06	0.000000000000e+00	0.000000000000e+00	0.000000000000e+00
-1.661800000000e-06	0.000000000000e+00	0.000000000000e+00	0.000000000000e+00
-1.661600000000e-06	0.000000000000e+00	0.000000000000e+00	0.000000000000e+00
-1.661400000000e-06	0.000000000000e+00	0.000000000000e+00	0.000000000000e+00
-1.661200000000e-06	0.000000000000e+00	0.000000000000e+00	0.000000000000e+00
-1.661000000000e-06	0.000000000000e+00	0.000000000000e+00	0.000000000000e+00
-1.660800000000e-06	0.000000000000e+00	0.000000000000e+00	0.000000000000e+00
-1.660600000000e-06	0.000000000000e+00	0.000000000000e+00	0.000000000000e+00
-1.660400000000e-06	0.000000000000e+00	0.000000000000e+00	0.000000000000e+00
-1.660200000000e-06	0.000000000000e+00	0.000000000000e+00	0.000000000000e+00
-1.660000000000e-06	0.000000000000e+00	0.000000000000e+00	0.000000000000e+00
-1.659800000000e-06	0.000000000000e+00	0.000000000000e+00	0.000000000000e+00
-1.659600000000e-06	0.000000000000e+00	0.000000000000e+00	0.000000000000e+00
-1.659400000000e-06	0.000000000000e+00	0.000000000000e+00	0.000000000000e+00
-1.659200000000e-06	0.000000000000e+00	0.000000000000e+00	0.000000000000e+00
-1.659000000000e-06	0.000000000000e+00	0.000000000000e+00	0.000000000000e+00
-1.658800000000e-06	0.000000000000e+00	0.000000000000e+00	0.000000000000e+00
-1.658600000000e-06	0.000000000000e+00	0.000000000000e+00	0.000000000000e+00
-1.658400000000e-06	0.000000000000e+00	0.000000000000e+00	0.000000000000e+00
-1.658200000000e-06	0.000000000000e+00	0.000000000000e+00	0.000000000000e+00
-1.658000000000e-06	0.000000000000e+00	0.000000000000e+00	0.000000000000e+00
-1.657800000000e-06	0.000000000000e+00	0.000000000000e+00	0.000000000000e+00
-1.657600000000e-06	0.000000000000e+00	0.000000000000e+00	0.000000000000e+00
-1.657400000000e-06	0.000000000000e+00	0.000000000000e+00	0.000000000000e+00
-1.657200000000e-06	0.000000000000e+00	0.000000000000e+00	0.000000000000e+00
-1.657000000000e-06	0.000000000000e+00	0.000000000000e+00	0.000000000000e+00
-1.656800000000e-06	0.000000000000e+00	0.000000000000e+00	0.000000000000e+00
-1.656600000000e-06	0.000000000000e+00	0.000000000000e+00	0.000000000000e+00
-1.656400000000e-06	0.000000000000e+00	0.000000000000e+00	0.000000000000e+00
-1.656200000000e-06	0.000000000000e+00	0.000000000000e+00	0.000000000000e+00
-1.656000000000e-06	0.000000000000e+00	0.000000000000e+00	0.000000000000e+00
-1.655800000000e-06	0.000000000000e+00	0.000000000000e+00	0.000000000000e+00
-1.655600000000e-06	0.000000000000e+00	0.000000000000e+00	0.000000000000e+00
-1.655400000000e-06	0.000000000000e+00	0.000000000000e+00	0.000000000000e+00
-1.655200000000e-06	0.000000000000e+00	0.000000000000e+00	0.000000000000e+00
-1.655000000000e-06	0.000000000000e+00	0.000000000000e+00	0.000000000000e+00
-1.654800000000e-06	0.000000000000e+00	0.000000000000e+00	0.000000000000e+00
-1.654600000000e-06	0.000000000000e+00	0.000000000000e+00	0.000000000000e+00
-1.654400000000e-06	0.000000000000e+00	0.000000000000e+00	0.000000000000e+00
-1.654200000000e-06	0.000000000000e+00	0.000000000000e+00	0.000000000000e+00
-1.654000000000e-06	0.000000000000e+00	0.000000000000e+00	0.000000000000e+00
-1.653800000000e-06	0.000000000000e+00	0.000000000000e+00	0.000000000000e+00
-1.653600000000e-06	0.000000000000e+00	0.000000000000e+00	0.000000000000e+00
-1.653400000000e-06	0.000000000000e+00	0.000000000000e+00	0.000000000000e+00
-1.653200000000e-06	0.000000000000e+00	0.000000000000e+00	0.000000000000e+00
-1.653000000000e-06	0.000000000000e+00	0.000000000000e+00	0.000000000000e+00
-1.652800000000e-06	0.000000000000e+00	0.000000000000e+00	0.000000000000e+00
-1.652600000000e-06	0.000000000000e+00	0.000000000000e+00	0.000000000000e+00
-1.652400000000e-06	0.000000000000e+00	0.000000000000e+00	0.000000000000e+00
-1.652200000000e-06	0.000000000000e+00	0.000000000000e+00	0.000000000000e+00
-1.652000000000e-06	0.000000000000e+00	0.000000000000e+00	0.000000000000e+00
-1.651800000000e-06	0.000000000000e+00	0.000000000000e+00	0.000000000000e+00
-1.651600000000e-06	0.000000000000e+00	0.000000000000e+00	0.000000000000e+00
-1.651400000000e-06	6.568557538085e-15	2.758399185896e-14	-1.509169378762e-14
-1.651200000000e-06	1.120089864673e-14	1.746201844357e-14	6.678406100711e-15
-1.651000000000e-06	-2.266537457920e-15	-1.092226316358e-14	7.564491176509e-15
-1.650800000000e-06	-3.547476951305e-15	-1.105236673033e-14	3.367930815783e-15
-1.650600000000e-06	1.165927651411e-15	3.651454638455e-15	-8.318021346569e-16
-1.650400000000e-06	8.527519249597e-15	1.785292724453e-16	2.017467852236e-14
-1.650200000000e-06	3.029746660008e-13	-1.225244266280e-13	8.796767831626e-13
-1.650000000000e-06	-1.606705851719e-13	1.817017187679e-13	-6.046161420163e-13
-1.649800000000e-06	1.838506191194e-12	8.576713507284e-14	3.827451793313e-12
-1.649600000000e-06	-9.409158439036e-12	-1.034302264091e-11	-1.003001024690e-11
-1.649400000000e-06	-1.451943459007e-12	-3.898292009868e-12	9.106609523840e-13
-1.649200000000e-06	-7.117028713228e-14	1.762698745838e-12	-2.117004922400e-12
-1.649000000000e-06	-4.083474112880e-12	-1.072129097147e-11	2.842532786762e-12
-1.648800000000e-06	-1.713516467135e-11	1.735294325331e-12	-3.737353514328e-11
-1.648600000000e-06	-1.914721324777e-12	-1.485400018135e-11	1.162318398229e-11
-1.648400000000e-06	-4.005158431426e-12	2.541740672357e-12	-1.040069940606e-11
-1.648200000000e-06	3.606315382906e-12	2.250688391079e-11	-1.562187988830e-11
-1.648000000000e-06	3.012322317231e-12	1.058320222226e-12	7.198466895906e-12
-1.647800000000e-06	-1.091670747366e-12	-2.444972855312e-12	-3.258864463222e-13
-1.647600000000e-06	-3.501654082392e-12	-8.567466710297e-12	6.208376697742e-13
-1.647400000000e-06	-1.546454963883e-13	4.625380345262e-12	-5.516574740234e-12
-1.647200000000e-06	2.306091129003e-11	1.074671866210e-11	3.415241192090e-11
-1.647000000000e-06	-3.435773755565e-13	-8.255885177618e-12	8.153455824674e-12
-1.646800000000e-06	-5.215504274989e-12	-5.920701507658e-12	-7.440752218030e-12
-1.646600000000e-06	-1.409684783374e-11	-3.526164205523e-12	-2.300618361186e-11
-1.646400000000e-06	-6.481838543972e-12	-1.658748181890e-11	6.177741440485e-12
-1.646200000000e-06	-1.404709747417e-11	-1.597865283792e-11	-1.604210740772e-11
-1.646000000000e-06	-7.451601182549e-12	-1.478408197864e-11	-3.654012875616e-12
-1.645800000000e-06	-2.105307652641e-11	-3.893987293254e-11	-4.121079469628e-12
-1.645600000000e-06	-2.143147753701e-11	-4.918773059848e-11	2.576331132269e-12
-1.645400000000e-06	-8.863580135280e-11	-1.333670239509e-10	-5.730751666390e-11
-1.645200000000e-06	-9.845697154421e-11	-1.545341495804e-10	-6.108752829681e-11
-1.645000000000e-06	-1.572500705789e-10	-2.590381266018e-10	-8.161315686749e-11
-1.644800000000e-06	-2.235891327843e-10	-3.579660365080e-10	-1.256572267446e-10
-1.644600000000e-06	-5.736851837948e-10	-7.892263278646e-10	-4.703261969780e-10
-1.644400000000e-06	-1.130085577190e-09	-1.421234617921e-09	-1.064895337308e-09
-1.644200000000e-06	-2.385749311818e-09	-3.528291378768e-09	-1.704407285861e-09
-1.644000000000e-06	-2.605255973030e-09	-4.428013323081e-09	-1.228896757328e-09
-1.643800000000e-06	-2.536675861895e-09	-4.223983697213e-09	-1.305550364628e-09
-1.643600000000e-06	-2.423314447405e-09	-3.967920231491e-09	-1.312205452879e-09
-1.643400000000e-06	-2.581192260155e-09	-4.607540148166e-09	-9.678018667714e-10
-1.643200000000e-06	-2.466858533517e-09	-3.864763013108e-09	-1.509387586453e-09
-1.643000000000e-06	-2.292167694247e-09	-3.580727066499e-09	-1.445809700955e-09
-1.642800000000e-06	-2.408290742516e-09	-4.189361336208e-09	-1.049853866683e-09
-1.642600000000e-06	-2.627562955403e-09	-4.386252903943e-09	-1.335627304589e-09
-1.642400000000e-06	-2.379715478044e-09	-4.368645686500e-09	-8.118359811509e-10
-1.642200000000e-06	-2.403664796045e-09	-3.968697066857e-09	-1.280243251346e-09
-1.642000000000e-06	-2.237161963510e-09	-3.595490364689e-09	-1.301579562588e-09
-1.641800000000e-06	-2.434414941332e-09	-4.006067372516e-09	-1.315597861248e-09
-1.641600000000e-06	-2.556120725023e-09	-4.382040635568e-09	-1.205287456345e-09
-1.641400000000e-06	-2.902537023599e-09	-4.604739339039e-09	-1.768032664970e-09
-1.641200000000e-06	-3.431336690662e-09	-4.966033273011e-09	-2.601571916409e-09
-1.641000000000e-06	-4.182469432691e-09	-7.016165247140e-09	-2.136596631749e-09
-1.640800000000e-06	-5.731147406155e-09	-9.765482528423e-09	-2.782505485841e-09
-1.640600000000e-06	-3.159732794401e-09	-7.488082549509e-09	7.166471814515e-10
-1.640400000000e-06	-1.186068443594e-09	-1.879791238529e-09	-7.444852539478e-10
-1.640200000000e-06	-1.193994491265e-09	-1.907223558543e-09	-7.300894541346e-10
-1.640000000000e-06	-8.900683781405e-10	-2.042004405299e-09	8.895719653667e-11
-1.639800000000e-06	-1.198485460020e-09	-1.882075818751e-09	-7.783679882981e-10
-1.639600000000e-06	-9.346432841801e-10	-1.832806423408e-09	-2.119267071505e-10
-1.639400000000e-06	-9.341987823726e-10	-2.028630109742e-09	1.078116746770e-12
-1.639200000000e-06	-9.705663308430e-10	-1.997401750758e-09	-1.127029682754e-10
-1.639000000000e-06	-7.313656181203e-10	-1.399646670748e-09	-2.072483292861e-10
-1.638800000000e-06	-1.061495943327e-09	-1.254621751930e-09	-1.113701665117e-09
-1.638600000000e-06	-9.714635978172e-10	-1.928811880738e-09	-1.839622762251e-10
-1.638400000000e-06	-1.157885247180e-09	-1.917794619777e-09	-6.221515350827e-10
-1.638200000000e-06	-2.098489603120e-09	-3.464452847078e-09	-1.119952983530e-09
-1.638000000000e-06	-2.652828576582e-09	-4.370945698828e-09	-1.399418644368e-09
-1.637800000000e-06	-4.620845631054e-09	-7.075935332670e-09	-3.017228562967e-09
-1.637600000000e-06	-8.555801012731e-09	-1.310783025751e-08	-5.535697012029e-09
-1.637400000000e-06	-1.605689305248e-08	-2.258426489506e-08	-1.258462761581e-08
-1.637200000000e-06	-3.077991323215e-08	-4.448482119481e-08	-2.280357620364e-08
-1.637000000000e-06	-5.063656144379e-08	-7.349336691398e-08	-3.722804376487e-08
-1.636800000000e-06	-7.462728924407e-08	-1.117718437373e-07	-5.124313828177e-08
-1.636600000000e-06	-9.288241850273e-08	-1.478625605563e-07	-5.454305670072e-08
-1.636400000000e-06	-1.009367304177e-07	-1.648371013653e-07	-5.514598925934e-08
-1.636200000000e-06	-9.748825813735e-08	-1.678057111025e-07	-4.438042766499e-08
-1.636000000000e-06	-8.511349945315e-08	-1.478232215834e-07	-3.769818379411e-08
-1.635800000000e-06	-7.394326104520e-08	-1.303565647372e-07	-3.098575109800e-08
-1.635600000000e-06	-6.090211098132e-08	-1.083237432093e-07	-2.472836439675e-08
-1.635400000000e-06	-5.360661054264e-08	-9.700521194674e-08	-2.018266925758e-08
-1.635200000000e-06	-4.283231839570e-08	-7.636040129616e-08	-1.756038164283e-08
-1.635000000000e-06	-3.760877242277e-08	-6.757761424811e-08	-1.498933652842e-08
-1.634800000000e-06	-2.979339746580e-08	-5.625192361814e-08	-9.099610406191e-09
-1.634600000000e-06	-2.590132078902e-08	-4.627935146897e-08	-1.082207110049e-08
-1.634400000000e-06	-2.088556799896e-08	-4.012101369737e-08	-5.836992754266e-09
-1.634200000000e-06	-1.771628433672e-08	-3.217745138303e-08	-6.966213034385e-09
-1.634000000000e-06	-1.489892238824e-08	-2.966246517792e-08	-3.190136306557e-09
-1.633800000000e-06	-1.207091615857e-08	-2.316198502495e-08	-3.590885991163e-09
-1.633600000000e-06	-9.813948891673e-09	-1.872666929510e-08	-3.089926175595e-09
-1.633400000000e-06	-8.454305226077e-09	-1.623056013763e-08	-2.595041092526e-09
-1.633200000000e-06	-6.613198986608e-09	-1.309790671081e-08	-1.678414153185e-09
-1.633000000000e-06	-6.021841326779e-09	-1.207827909844e-08	-1.371063629229e-09
-1.632800000000e-06	-4.301300550356e-09	-9.050076067526e-09	-6.300416478569e-10
-1.632600000000e-06	-4.276892804492e-09	-8.472602823831e-09	-1.172914574332e-09
-1.632400000000e-06	-3.633183490643e-09	-5.579298573111e-09	-2.755148443739e-09
-1.632200000000e-06	-1.388188855108e-09	-4.877955276058e-09	1.694735156330e-09
-1.632000000000e-06	-1.450444218143e-09	-3.641589473613e-09	2.374442608574e-10
-1.631800000000e-06	-1.556583520041e-09	-2.734414020874e-09	-9.313934389937e-10
-1.631600000000e-06	-1.458789782588e-09	-4.379132073566e-09	1.013634155496e-09
-1.631400000000e-06	-4.366576717627e-10	-8.845950140024e-10	-3.110607389493e-10
-1.631200000000e-06	6.313056928044e-10	-1.998949632361e-09	3.345079025841e-09
-1.631000000000e-06	1.535948282389e-11	-3.674585740435e-10	2.270741432319e-10
-1.630800000000e-06	9.528532902601e-10	2.177965494863e-10	1.754116788069e-09
-1.630600000000e-06	1.229274793256e-09	1.181381028724e-09	1.383680524465e-09
-1.630400000000e-06	8.947147141724e-10	1.405027594450e-09	3.735980990706e-10
-1.630200000000e-06	7.060685116125e-10	1.136109677431e-09	2.388047959100e-10
-1.630000000000e-06	2.177980116678e-09	2.899252277434e-09	1.753666264254e-09
-1.629800000000e-06	2.104958540946e-09	3.107054280984e-09	1.392801915267e-09
-1.629600000000e-06	1.008724677229e-09	2.261683941304e-09	-2.470187062408e-10
-1.629400000000e-06	9.267514657665e-10	2.588098176613e-09	-7.425030621024e-10
-1.629200000000e-06	2.058852283501e-09	1.975391597570e-09	2.505046708811e-09
-1.629000000000e-06	2.754662385171e-09	3.473473456970e-09	2.509363255587e-09
-1.628800000000e-06	2.780341782289e-09	4.371368094478e-09	1.663501298198e-09
-1.628600000000e-06	1.168579650712e-09	2.149080868110e-09	2.539621485388e-10
-1.628400000000e-06	2.745997576220e-09	4.533637820842e-09	1.428283825545e-09
-1.628200000000e-06	1.801870376219e-09	2.700757947949e-09	1.188441276352e-09
-1.628000000000e-06	1.991918901986e-09	3.332649451881e-09	9.390088896835e-10
-1.627800000000e-06	2.193339490310e-09	3.560939010300e-09	1.156173282713e-09
-1.627600000000e-06	2.646657793979e-09	3.820137468914e-09	1.929376048866e-09
-1.627400000000e-06	1.897548746583e-09	4.605268854875e-09	-5.683398040684e-10
-1.627200000000e-06	2.006178418820e-09	3.385927764381e-09	9.203915112093e-10
-1.627000000000e-06	2.879931879735e-09	5.088633046681e-09	1.167170297726e-09
-1.626800000000e-06	2.447558808179e-09	3.597934180021e-09	1.725517763121e-09
-1.626600000000e-06	2.439667595750e-09	3.783526973406e-09	1.508227545494e-09
-1.626400000000e-06	2.500436986271e-09	4.259192974366e-09	1.173609333811e-09
-1.626200000000e-06	2.580552440572e-09	4.582847632049e-09	1.024496182696e-09
-1.626000000000e-06	3.204414830192e-09	4.473960175596e-09	2.583568674139e-09
-1.625800000000e-06	2.540934592954e-09	4.692898731329e-09	8.290327026501e-10
-1.625600000000e-06	1.915084180775e-09	3.676383094972e-09	4.631224467866e-10
-1.625400000000e-06	2.506282201421e-09	4.572108241716e-09	8.543478863244e-10
-1.625200000000e-06	2.221034325499e-09	4.313165808036e-09	4.868807774013e-10
-1.625000000000e-06	2.819113379752e-09	4.948329275669e-09	1.183210083691e-09
-1.624800000000e-06	2.566727589246e-09	4.726184114277e-09	8.696330870468e-10
-1.624600000000e-06	2.803131884867e-09	4.623099696481e-09	1.511450467966e-09
-1.624400000000e-06	2.431623345910e-09	4.077439025725e-09	1.225924859701e-09
-1.624200000000e-06	3.048691136596e-09	4.515288010040e-09	2.185243215025e-09
-1.624000000000e-06	2.155878103599e-09	4.002901507661e-09	6.980754387393e-10
-1.623800000000e-06	2.626950919621e-09	4.554556337038e-09	1.166773717186e-09
-1.623600000000e-06	2.522783760842e-09	4.523683432857e-09	9.919947621734e-10
-1.623400000000e-06	2.524391909865e-09	4.437868946201e-09	1.097231655214e-09
-1.623200000000e-06	2.715260514569e-09	4.950173137433e-09	9.813260653365e-10
-1.623000000000e-06	2.810124556247e-09	5.489854530801e-09	6.261169334539e-10
-1.622800000000e-06	2.319044346722e-09	4.459792814941e-09	5.728953719715e-10
-1.622600000000e-06	1.981547068005e-09	3.816247448167e-09	4.790668395040e-10
-1.622400000000e-06	2.317746966560e-09	4.494333040486e-09	5.481097192900e-10
-1.622200000000e-06	2.333506175786e-09	4.260866100636e-09	8.505789832588e-10
-1.622000000000e-06	3.079643502905e-09	4.864226853156e-09	1.913527399389e-09
-1.621800000000e-06	2.904313847121e-09	5.099990957391e-09	1.287247982696e-09
-1.621600000000e-06	2.293928397828e-09	4.770033625420e-09	2.256567490093e-10
-1.621400000000e-06	1.959794088327e-09	3.595250340082e-09	6.563832696159e-10
-1.621200000000e-06	2.568019395245e-09	4.521476741577e-09	1.108341082638e-09
-1.621000000000e-06	2.631701436089e-09	4.249805486552e-09	1.544915755515e-09
-1.620800000000e-06	2.692098180892e-09	4.718258276147e-09	1.208810595366e-09
-1.620600000000e-06	2.192483527851e-09	3.924946258953e-09	8.793853343792e-10
-1.620400000000e-06	2.817970212699e-09	5.308129962947e-09	8.429662357045e-10
-1.620200000000e-06	2.560410096706e-09	4.345011197254e-09	1.259695347475e-09
-1.620000000000e-06	2.304347474480e-09	3.664061668106e-09	1.403301851161e-09
-1.619800000000e-06	2.424940212540e-09	4.860667169450e-09	4.200688933189e-10
-1.619600000000e-06	2.357472910364e-09	4.318940095805e-09	8.417282809114e-10
-1.619400000000e-06	2.271601488856e-09	4.070461603220e-09	9.287096784837e-10
-1.619200000000e-06	2.360845622638e-09	4.201756019065e-09	9.988310828613e-10
-1.619000000000e-06	2.639449476894e-09	4.822336097201e-09	9.796087892030e-10
-1.618800000000e-06	2.203022067871e-09	3.922093199184e-09	8.903531891873e-10
-1.618600000000e-06	2.150780205728e-09	4.321350027071e-09	3.897024875640e-10
-1.618400000000e-06	2.548091293569e-09	4.471620888404e-09	1.133875239842e-09
-1.618200000000e-06	2.478028760122e-09	4.892063959882e-09	5.296406751413e-10
-1.618000000000e-06	2.324968856019e-09	4.211010115473e-09	9.295990420172e-10
-1.617800000000e-06	2.608552628827e-09	4.282348826625e-09	1.457120711819e-09
-1.617600000000e-06	2.088561662933e-09	4.162534745372e-09	4.201092723492e-10
-1.617400000000e-06	2.505041944111e-09	4.303610324711e-09	1.210700455879e-09
-1.617200000000e-06	2.303268626097e-09	4.634060427908e-09	4.526821027011e-10
-1.617000000000e-06	2.368377944399e-09	3.931596008675e-09	1.267330489022e-09
-1.616800000000e-06	1.830286862523e-09	4.108672744198e-09	-1.048402888409e-10
-1.616600000000e-06	2.117687959022e-09	3.618407951266e-09	1.031889631699e-09
-1.616400000000e-06	2.436838852704e-09	4.462735805776e-09	9.055136749547e-10
-1.616200000000e-06	2.495551594806e-09	4.164005142935e-09	1.359655220837e-09
-1.616000000000e-06	2.362262481620e-09	4.492614800835e-09	7.266993514876e-10
-1.615800000000e-06	2.512659971110e-09	3.949046273139e-09	1.585505276560e-09
-1.615600000000e-06	2.385075632900e-09	4.321569374836e-09	9.183682035784e-10
-1.615400000000e-06	2.343789532218e-09	4.586298161198e-09	5.630555487731e-10
-1.615200000000e-06	2.472841535109e-09	4.196108937396e-09	1.259515168876e-09
-1.615000000000e-06	2.146338072895e-09	3.921581188764e-09	7.769423801668e-10
-1.614800000000e-06	2.395522794365e-09	4.791731062195e-09	4.795688709096e-10
-1.614600000000e-06	2.394155345460e-09	3.992339247271e-09	1.293799006952e-09
-1.614400000000e-06	2.337370239041e-09	4.417748741605e-09	7.207065617116e-10
-1.614200000000e-06	2.182820931265e-09	3.737370322762e-09	1.067730134908e-09
-1.614000000000e-06	2.286954473566e-09	4.159691576239e-09	8.719928382847e-10
-1.613800000000e-06	2.103111479581e-09	3.818160579136e-09	7.812769035662e-10
-1.613600000000e-06	1.960040429679e-09	3.760056468357e-09	5.580004597484e-10
-1.613400000000e-06	2.403758176124e-09	4.701388371806e-09	5.936484795129e-10
-1.613200000000e-06	1.971490510054e-09	3.587013264653e-09	7.634610919633e-10
-1.613000000000e-06	2.009517167703e-09	3.769245622681e-09	6.341953831009e-10
-1.612800000000e-06	2.207014753130e-09	3.896040365437e-09	9.737119979056e-10
-1.612600000000e-06	2.330607076466e-09	4.025836122321e-09	1.091701857695e-09
-1.612400000000e-06	2.302077364329e-09	4.018094052427e-09	1.067380459629e-09
-1.612200000000e-06	2.322763621632e-09	4.035751020211e-09	1.116605491564e-09
-1.612000000000e-06	2.469493691136e-09	4.299240835543e-09	1.164936127496e-09
-1.611800000000e-06	2.130091170343e-09	3.799622852265e-09	8.875170939144e-10
-1.611600000000e-06	1.909861112397e-09	3.565629665782e-09	6.326555907444e-10
-1.611400000000e-06	1.941637077268e-09	4.105335052059e-09	1.536212503487e-10
-1.611200000000e-06	2.252316635603e-09	4.248530808466e-09	7.418356318082e-10
-1.611000000000e-06	1.970618550003e-09	3.393299253830e-09	9.453815360631e-10
-1.610800000000e-06	2.152346046373e-09	3.887948978695e-09	8.699590380425e-10
-1.610600000000e-06	1.887591358212e-09	4.057634831270e-09	7.928028370904e-11
-1.610400000000e-06	2.236509564637e-09	3.623979565963e-09	1.300862954556e-09
-1.610200000000e-06	2.272814744182e-09	3.710183092813e-09	1.351563842295e-09
-1.610000000000e-06	2.061479244304e-09	3.729719870375e-09	8.058136931915e-10
-1.609800000000e-06	1.763240386852e-09	3.306164582065e-09	5.766086405038e-10
-1.609600000000e-06	1.898760417646e-09	3.774311642714e-09	4.097529949649e-10
-1.609400000000e-06	1.926222531091e-09	3.492915061226e-09	7.480675221949e-10
-1.609200000000e-06	2.257365167328e-09	3.985343789132e-09	1.017969366998e-09
-1.609000000000e-06	2.158939395128e-09	4.113780671746e-09	6.385181331304e-10
-1.608800000000e-06	2.090517004022e-09	3.711526878170e-09	9.146182558042e-10
-1.608600000000e-06	2.032442911812e-09	3.584544241948e-09	9.216614646916e-10
-1.608400000000e-06	1.962333814013e-09	3.410332460765e-09	9.212256604999e-10
-1.608200000000e-06	2.091866428928e-09	3.781180366581e-09	8.265282864126e-10
-1.608000000000e-06	1.893974650147e-09	3.174280290453e-09	1.000834621248e-09
-1.607800000000e-06	2.061082903147e-09	3.657091039916e-09	8.782451060193e-10
-1.607600000000e-06	2.010810937814e-09	3.377813548891e-09	1.050573439475e-09
-1.607400000000e-06	2.012885310336e-09	3.671978814826e-09	7.921002748099e-10
-1.607200000000e-06	1.955643686102e-09	3.476064888387e-09	8.461669847709e-10
-1.607000000000e-06	1.942231181277e-09	3.589671955547e-09	6.977970790892e-10
-1.606800000000e-06	2.165986101325e-09	3.505246686245e-09	1.282637517631e-09
-1.606600000000e-06	2.056678365963e-09	3.586650449540e-09	9.591156287048e-10
-1.606400000000e-06	1.815424395985e-09	3.514545734012e-09	4.900678030745e-10
-1.606200000000e-06	2.089778247818e-09	3.605418990305e-09	1.030502170113e-09
-1.606000000000e-06	1.849830579114e-09	3.549293441298e-09	5.229708335946e-10
-1.605800000000e-06	1.884908680157e-09	3.210958108590e-09	9.803982239615e-10
-1.605600000000e-06	1.854000398490e-09	3.318192782426e-09	7.910398444802e-10
-1.605400000000e-06	1.740472332602e-09	3.160550277671e-09	6.521555620294e-10
-1.605200000000e-06	1.987053721789e-09	3.612312148881e-09	7.875099201119e-10
-1.605000000000e-06	1.887257446310e-09	3.545547786940e-09	6.319967753626e-10
-1.604800000000e-06	2.006253224004e-09	3.564509232599e-09	8.686316634802e-10
-1.604600000000e-06	1.910338909114e-09	3.416827921299e-09	8.071397626347e-10
-1.604400000000e-06	1.842256898140e-09	3.306139828538e-09	7.396389353494e-10
-1.604200000000e-06	1.928937628368e-09	3.374481840193e-09	9.054740814319e-10
-1.604000000000e-06	1.591952564995e-09	2.970950300906e-09	5.474587695011e-10
-1.603800000000e-06	2.167037337993e-09	4.002862946857e-09	7.760395041020e-10
-1.603600000000e-06	1.918339655454e-09	3.407933548124e-09	8.481515690053e-10
-1.603400000000e-06	1.899312004516e-09	3.285024666574e-09	9.060882320703e-10
-1.603200000000e-06	2.045189068642e-09	3.525757921966e-09	9.977942349901e-10
-1.603000000000e-06	1.862905411532e-09	3.477491743646e-09	6.597350173318e-10
-1.602800000000e-06	1.905561529801e-09	3.519678997401e-09	7.134389325845e-10
-1.602600000000e-06	1.739669417343e-09	3.062043885572e-09	7.568445286656e-10
-1.602400000000e-06	1.814918189614e-09	3.092932836548e-09	9.136871168206e-10
-1.602200000000e-06	1.766289774585e-09	2.998884331327e-09	9.090256391212e-10
-1.602000000000e-06	1.852904738052e-09	3.440372053610e-09	6.598453706992e-10
-1.601800000000e-06	1.861331200223e-09	3.705758631121e-09	3.903500134340e-10
-1.601600000000e-06	1.803717603374e-09	3.430124344505e-09	5.367013675920e-10
-1.601400000000e-06	1.846450461063e-09	3.421208284176e-09	6.899075080362e-10
-1.601200000000e-06	1.816073438861e-09	3.184932003423e-09	8.397967937173e-10
-1.601000000000e-06	1.751644970119e-09	3.075502274026e-09	7.951737484592e-10
-1.600800000000e-06	1.969649069938e-09	3.233224428675e-09	1.137028533666e-09
-1.600600000000e-06	1.761551170819e-09	3.136805336257e-09	7.879840309836e-10
-1.600400000000e-06	1.828454009951e-09	3.276789279749e-09	7.871732258922e-10
-1.600200000000e-06	1.696528437818e-09	3.119232967284e-09	6.351934607359e-10
-1.600000000000e-06	1.866234187277e-09	3.530764984356e-09	5.953106404202e-10
-1.599800000000e-06	1.609981477313e-09	2.833945068583e-09	7.075265929446e-10
-1.599600000000e-06	1.852428814938e-09	3.422837634661e-09	6.849439227446e-10
-1.599400000000e-06	1.784426847920e-09	3.259670669595e-09	6.937124074149e-10
-1.599200000000e-06	1.642565256686e-09	2.899433657886e-09	7.220866556685e-10
-1.599000000000e-06	1.807792524297e-09	2.857455998405e-09	1.120394093901e-09
-1.598800000000e-06	1.751874116191e-09	3.465138009595e-09	3.988227362389e-10
-1.598600000000e-06	1.623798217062e-09	3.056797951475e-09	5.108823121218e-10
-1.598400000000e-06	1.907444171001e-09	3.282580403473e-09	9.263161216730e-10
-1.598200000000e-06	1.727843279319e-09	3.126388947959e-09	6.935027848142e-10
-1.598000000000e-06	1.786269698350e-09	3.187287325047e-09	7.849020478569e-10
-1.597800000000e-06	1.696183801216e-09	2.866672291881e-09	9.028176349187e-10
-1.597600000000e-06	1.656361254136e-09	3.021120967246e-09	6.426576316477e-10
-1.597400000000e-06	1.851628081496e-09	3.264460897045e-09	8.251345918685e-10
-1.597200000000e-06	1.613174756550e-09	2.891857061722e-09	7.059531417030e-10
-1.597000000000e-06	1.804262456225e-09	3.326998734281e-09	6.509071011645e-10
-1.596800000000e-06	1.580212505322e-09	2.761033936284e-09	7.224518737832e-10
-1.596600000000e-06	1.553232169302e-09	2.864848733527e-09	5.868970006796e-10
-1.596400000000e-06	1.930259795716e-09	3.492988029393e-09	7.920827983742e-10
-1.596200000000e-06	1.580711837480e-09	2.745746822631e-09	7.584759441425e-10
-1.596000000000e-06	1.671316251430e-09	2.879973108484e-09	8.567361538351e-10
-1.595800000000e-06	1.566838303759e-09	2.635054751225e-09	8.470002506336e-10
-1.595600000000e-06	1.721836220934e-09	2.990045915185e-09	8.387344690307e-10
-1.595400000000e-06	1.658689019719e-09	2.934814611324e-09	7.270378692083e-10
-1.595200000000e-06	1.624621021563e-09	2.803249843273e-09	7.927416597866e-10
-1.595000000000e-06	1.699865039828e-09	3.067807856688e-09	7.083136574470e-10
-1.594800000000e-06	1.674029175937e-09	3.109106865866e-09	6.211907724215e-10
-1.594600000000e-06	1.645839960976e-09	2.867828839110e-09	7.960815226424e-10
-1.594400000000e-06	1.541734362941e-09	2.855751631042e-09	5.472509378688e-10
-1.594200000000e-06	1.885670884576e-09	3.199463269192e-09	9.765195469508e-10
-1.594000000000e-06	1.636512766074e-09	2.902047730842e-09	7.447208676352e-10
-1.593800000000e-06	1.599452440089e-09	2.979210912222e-09	5.781471898623e-10
-1.593600000000e-06	1.614324355495e-09	2.868964332242e-09	6.991443997286e-10
-1.593400000000e-06	1.574982993930e-09	2.900976356302e-09	5.869876230401e-10
-1.593200000000e-06	1.447877173595e-09	2.584534225366e-09	6.167050258399e-10
-1.593000000000e-06	1.597196653925e-09	2.914351403208e-09	6.000737814341e-10
-1.592800000000e-06	1.616639736951e-09	2.912723041043e-09	6.713907189465e-10
-1.592600000000e-06	1.590183542875e-09	2.726752893957e-09	8.324864979367e-10
-1.592400000000e-06	1.441797193398e-09	2.636420105787e-09	5.577843211273e-10
-1.592200000000e-06	1.677597826120e-09	2.755008030608e-09	9.605517462933e-10
-1.592000000000e-06	1.639390524624e-09	2.858973316907e-09	7.885414452891e-10
-1.591800000000e-06	1.568545514135e-09	2.798423050443e-09	6.723226108379e-10
-1.591600000000e-06	1.406690669339e-09	2.612870594959e-09	5.140953687678e-10
-1.591400000000e-06	1.717774252119e-09	2.946585711331e-09	8.762803778846e-10
-1.591200000000e-06	1.626713471552e-09	2.722360048291e-09	8.967584236199e-10
-1.591000000000e-06	1.640490660260e-09	2.901855872882e-09	7.373134466622e-10
-1.590800000000e-06	1.557995335085e-09	2.829176764049e-09	6.105770211737e-10
-1.590600000000e-06	1.571296856625e-09	2.843305753566e-09	6.405009573620e-10
-1.590400000000e-06	1.706160003252e-09	2.822005294980e-09	9.556167738335e-10
-1.590200000000e-06	1.376773077430e-09	2.440958389444e-09	6.086260572849e-10
-1.590000000000e-06	1.498726636269e-09	2.726182052001e-09	5.974551074878e-10
-1.589800000000e-06	1.573363695594e-09	2.827280893830e-09	6.711103479761e-10
-1.589600000000e-06	1.530801247254e-09	2.496766445027e-09	9.071669704734e-10
-1.589400000000e-06	1.465232721976e-09	2.579767159582e-09	6.541930711879e-10
-1.589200000000e-06	1.509812886051e-09	2.681332668250e-09	6.722493257748e-10
-1.589000000000e-06	1.579967376762e-09	2.673131004271e-09	8.604577635125e-10
-1.588800000000e-06	1.483050117943e-09	2.558804475569e-09	7.286134106329e-10
-1.588600000000e-06	1.547708643317e-09	2.730753481018e-09	7.065756487160e-10
-1.588400000000e-06	1.460317742193e-09	2.618319310655e-09	6.163506445334e-10
-1.588200000000e-06	1.548608532456e-09	2.609373190680e-09	8.203531224400e-10
-1.588000000000e-06	1.471426839812e-09	2.838657145482e-09	4.140033969143e-10
-1.587800000000e-06	1.474355035475e-09	2.639562847204e-09	6.465622331635e-10
-1.587600000000e-06	1.539383162105e-09	2.734307568128e-09	6.954840054184e-10
-1.587400000000e-06	1.368938795219e-09	2.386166277896e-09	6.330522910110e-10
-1.587200000000e-06	1.535311938498e-09	2.734953257458e-09	6.832028487125e-10
-1.587000000000e-06	1.410530598307e-09	2.439048572569e-09	7.066010240755e-10
-1.586800000000e-06	1.515477394523e-09	2.830509377726e-09	5.394330750165e-10
-1.586600000000e-06	1.366756598699e-09	2.436151817343e-09	5.831055855338e-10
-1.586400000000e-06	1.389817736641e-09	2.360886624241e-09	7.290831812857e-10
-1.586200000000e-06	1.421515171120e-09	2.540412818916e-09	5.957986272870e-10
-1.586000000000e-06	1.483739863804e-09	2.586921410985e-09	6.847251739958e-10
-1.585800000000e-06	1.399155383269e-09	2.452604985274e-09	6.608439212518e-10
-1.585600000000e-06	1.510140183815e-09	2.761606572714e-09	5.868195440770e-10
-1.585400000000e-06	1.396824251360e-09	2.418032534749e-09	6.826440858312e-10
-1.585200000000e-06	1.432903250012e-09	2.518677282728e-09	6.586497528615e-10
-1.585000000000e-06	1.460933416869e-09	2.541269659233e-09	7.051572831897e-10
-1.584800000000e-06	1.514662237269e-09	2.431507233302e-09	9.373990417683e-10
-1.584600000000e-06	1.557498283824e-09	2.674763123644e-09	7.825498986074e-10
-1.584400000000e-06	1.476582358593e-09	2.586690711698e-09	6.717547258778e-10
-1.584200000000e-06	1.409578754435e-09	2.554638191894e-09	5.671197847136e-10
-1.584000000000e-06	1.368024278428e-09	2.425759753441e-09	6.228653633448e-10
-1.583800000000e-06	1.494958121761e-09	2.656913488104e-09	6.725228402153e-10
-1.583600000000e-06	1.422992805383e-09	2.686707531889e-09	4.762992142477e-10
-1.583400000000e-06	1.505118037399e-09	2.660626334862e-09	6.705570472956e-10
-1.583200000000e-06	1.432267626265e-09	2.498435482795e-09	6.751918314293e-10
-1.583000000000e-06	1.469141584549e-09	2.571847961640e-09	7.242356937562e-10
-1.582800000000e-06	1.426753202523e-09	2.443237467972e-09	7.348435967365e-10
-1.582600000000e-06	1.385769376113e-09	2.460358782950e-09	6.144681895660e-10
-1.582400000000e-06	1.424072891468e-09	2.210713730410e-09	9.382453705318e-10
-1.582200000000e-06	1.210979534632e-09	2.192736393654e-09	5.194842057941e-10
-1.582000000000e-06	1.390556134332e-09	2.413814772658e-09	6.765263606860e-10
-1.581800000000e-06	1.435458241045e-09	2.339945799901e-09	8.549893697316e-10
-1.581600000000e-06	1.330997468872e-09	2.471918979221e-09	4.889301150726e-10
-1.581400000000e-06	1.222136625582e-09	2.001117485500e-09	6.959797151353e-10
-1.581200000000e-06	1.362220388379e-09	2.440084335161e-09	6.160649435884e-10
-1.581000000000e-06	1.273721956291e-09	2.383215502909e-09	4.277230387000e-10
-1.580800000000e-06	1.351534952382e-09	2.441102275752e-09	5.739857901448e-10
-1.580600000000e-06	1.263406226466e-09	2.316308569735e-09	4.992146524951e-10
-1.580400000000e-06	1.396759396545e-09	2.425340779764e-09	6.825150380576e-10
-1.580200000000e-06	1.313907863419e-09	2.286533360862e-09	6.611559364988e-10
-1.580000000000e-06	1.364879947811e-09	2.413327601097e-09	6.135706019248e-10
-1.579800000000e-06	1.257749544532e-09	2.130400716835e-09	6.570938539677e-10
-1.579600000000e-06	1.259561746271e-09	2.341890185248e-09	4.468227817453e-10
-1.579400000000e-06	1.404838651084e-09	2.462462084232e-09	6.419526495828e-10
-1.579200000000e-06	1.316806785386e-09	2.325062063131e-09	5.768661547381e-10
-1.579000000000e-06	1.261925111867e-09	2.271045258035e-09	5.773885594712e-10
-1.578800000000e-06	1.419733212083e-09	2.514161297815e-09	6.449784077460e-10
-1.578600000000e-06	1.310623230750e-09	2.196876182244e-09	7.156975426619e-10
-1.578400000000e-06	1.292608654459e-09	2.225748123675e-09	6.383904093122e-10
-1.578200000000e-06	1.271243373027e-09	2.061966210195e-09	7.688254879194e-10
-1.578000000000e-06	1.222994944843e-09	2.142333635611e-09	5.838132389093e-10
-1.577800000000e-06	1.393755799966e-09	2.321845943632e-09	7.667130033061e-10
-1.577600000000e-06	1.163089005519e-09	2.047944505122e-09	5.379204816279e-10
-1.577400000000e-06	1.416257106457e-09	2.370544024616e-09	7.690378095795e-10
-1.577200000000e-06	1.300132199496e-09	2.278826032403e-09	6.156462108596e-10
-1.577000000000e-06	1.233910395389e-09	2.125063426148e-09	6.319602484271e-10
-1.576800000000e-06	1.176729338139e-09	2.110641349566e-09	5.113039153335e-10
-1.576600000000e-06	1.376108472180e-09	2.322748670294e-09	7.473222751539e-10
-1.576400000000e-06	1.293634694788e-09	2.219800396316e-09	6.603016318714e-10
-1.576200000000e-06	1.267559291602e-09	2.291915002325e-09	5.065572460126e-10
-1.576000000000e-06	1.407898336969e-09	2.333843002808e-09	7.993531146147e-10
-1.575800000000e-06	1.325944136009e-09	2.240337190359e-09	7.148818390765e-10
-1.575600000000e-06	1.229585224063e-09	2.167449634732e-09	5.799956911044e-10
-1.575400000000e-06	1.239740825481e-09	2.106019092722e-09	6.552660269798e-10
-1.575200000000e-06	1.151099908922e-09	2.178300889134e-09	3.754450694964e-10
-1.575000000000e-06	1.317328158581e-09	2.369682069628e-09	5.701930284527e-10
-1.574800000000e-06	1.250720761750e-09	2.196968285295e-09	5.811587121362e-10
-1.574600000000e-06	1.262317277395e-09	2.091071295878e-09	7.317081419469e-10
-1.574400000000e-06	1.238494255248e-09	2.272604340146e-09	4.870563823438e-10
-1.574200000000e-06	1.316027872577e-09	2.278349114401e-09	6.524057208279e-10
-1.574000000000e-06	1.142565216567e-09	2.170818079023e-09	3.591420161631e-10
-1.573800000000e-06	1.268350519957e-09	2.099790716666e-09	7.083004412754e-10
-1.573600000000e-06	1.304191598182e-09	2.194278402703e-09	6.933272424087e-10
-1.573400000000e-06	1.178159066738e-09	2.088524446475e-09	5.700340763495e-10
-1.573200000000e-06	1.213860415953e-09	2.237450121628e-09	4.612059508508e-10
-1.573000000000e-06	1.166041533172e-09	2.218442791476e-09	3.539057006358e-10
-1.572800000000e-06	1.109720364768e-09	2.122434889020e-09	3.478374013691e-10
-1.572600000000e-06	1.180431342244e-09	2.086811945249e-09	5.524583567562e-10
-1.572400000000e-06	1.035642364457e-09	1.762223407673e-09	5.380634438927e-10
-1.572200000000e-06	1.152424443983e-09	2.128393095957e-09	4.371884355107e-10
-1.572000000000e-06	1.231975415801e-09	2.173097605994e-09	5.772547932394e-10
-1.571800000000e-06	1.230591684657e-09	2.171348152118e-09	5.648883539481e-10
-1.571600000000e-06	1.202131091819e-09	2.063402583535e-09	6.003583697890e-10
-1.571400000000e-06	1.134408276290e-09	2.035200347319e-09	4.844926026073e-10
-1.571200000000e-06	1.215018508855e-09	2.074750430911e-09	6.265821535445e-10
-1.571000000000e-06	1.252164734228e-09	2.131170572943e-09	6.484947215094e-10
-1.570800000000e-06	1.092300202789e-09	2.063199515910e-09	3.767379638499e-10
-1.570600000000e-06	1.106622305461e-09	1.860021839531e-09	6.130423970621e-10
-1.570400000000e-06	1.251070226995e-09	2.031633475025e-09	7.497143224583e-10
-1.570200000000e-06	1.147115752867e-09	2.007790224697e-09	5.590964870515e-10
-1.570000000000e-06	1.251850361597e-09	2.101861141044e-09	6.689787544006e-10
-1.569800000000e-06	1.255561123494e-09	2.167532613213e-09	6.255842384062e-10
-1.569600000000e-06	1.190306290643e-09	2.056023402695e-09	6.093197050702e-10
-1.569400000000e-06	1.161727557850e-09	2.087331047107e-09	4.832001252966e-10
-1.569200000000e-06	1.114886155354e-09	1.944110583360e-09	5.268146738066e-10
-1.569000000000e-06	1.174988490405e-09	2.001273045068e-09	6.209764008745e-10
-1.568800000000e-06	1.176746016018e-09	1.979885329204e-09	6.275256036368e-10
-1.568600000000e-06	1.297244614068e-09	2.209322241957e-09	6.842694816467e-10
-1.568400000000e-06	1.184993655119e-09	2.121866208225e-09	5.150154752541e-10
-1.568200000000e-06	1.078479576904e-09	1.941063047349e-09	4.708581292305e-10
-1.568000000000e-06	1.142830000240e-09	2.014026057625e-09	5.121562394916e-10
-1.567800000000e-06	1.119696728404e-09	2.034828245762e-09	4.874672195474e-10
-1.567600000000e-06	1.169964608155e-09	2.035340480673e-09	5.686056140221e-10
-1.567400000000e-06	1.110527061618e-09	2.010576894689e-09	4.620272308799e-10
-1.567200000000e-06	1.142449178073e-09	1.922782513480e-09	6.194134662706e-10
-1.567000000000e-06	1.154882509682e-09	2.070653907410e-09	5.152137539667e-10
-1.566800000000e-06	1.211460299989e-09	1.999273788059e-09	6.687947410371e-10
-1.566600000000e-06	1.039230826015e-09	1.930621030209e-09	3.873996603318e-10
-1.566400000000e-06	1.171959005186e-09	1.963743501895e-09	6.629961824552e-10
-1.566200000000e-06	1.114575282142e-09	2.016833869049e-09	4.779000504834e-10
-1.566000000000e-06	1.099727589112e-09	1.952082821826e-09	4.784107653358e-10
-1.565800000000e-06	1.095449778758e-09	1.884330192705e-09	5.602623289829e-10
-1.565600000000e-06	1.118496824115e-09	1.922271355717e-09	5.894836410113e-10
-1.565400000000e-06	1.119950205988e-09	1.801664816080e-09	6.843043271185e-10
-1.565200000000e-06	1.040895859042e-09	1.813605810264e-09	4.834442942175e-10
-1.565000000000e-06	1.058304208011e-09	1.885761678807e-09	4.651962065302e-10
-1.564800000000e-06	1.090948614383e-09	1.777691779474e-09	6.597702419402e-10
-1.564600000000e-06	1.036577851569e-09	1.919170424253e-09	3.739189060773e-10
-1.564400000000e-06	9.628340633169e-10	1.793348276770e-09	3.533961595419e-10
-1.564200000000e-06	1.070332632436e-09	1.808144200866e-09	5.718703824046e-10
-1.564000000000e-06	1.113580311873e-09	1.885476748660e-09	5.971652620534e-10
-1.563800000000e-06	1.072992019170e-09	1.848880659148e-09	5.463530575531e-10
-1.563600000000e-06	1.076975055627e-09	1.841885005479e-09	5.471854139730e-10
-1.563400000000e-06	1.115153872464e-09	1.892809797859e-09	5.835240824691e-10
-1.563200000000e-06	1.042430187787e-09	1.924491965916e-09	3.897644076898e-10
-1.563000000000e-06	9.974453010092e-10	1.710295108381e-09	5.364139605447e-10
-1.562800000000e-06	1.071736048901e-09	1.779634129919e-09	6.138198071921e-10
-1.562600000000e-06	1.198268722518e-09	1.958813555999e-09	7.095555056948e-10
-1.562400000000e-06	1.055921999310e-09	1.683864002593e-09	6.429623337451e-10
-1.562200000000e-06	1.013047821677e-09	1.569741183469e-09	6.159002738442e-10
-1.562000000000e-06	1.155684173650e-09	2.080258333816e-09	5.220667298746e-10
-1.561800000000e-06	9.579617094627e-10	1.767174883772e-09	3.735994208483e-10
-1.561600000000e-06	1.033594701608e-09	1.790388013150e-09	5.120115012205e-10
-1.561400000000e-06	1.001088925779e-09	1.851395864808e-09	3.709324301248e-10
-1.561200000000e-06	9.304825069176e-10	1.551922282880e-09	5.463029930040e-10
-1.561000000000e-06	1.064462888747e-09	1.822767763744e-09	5.507370744308e-10
-1.560800000000e-06	1.011892244182e-09	1.885919567620e-09	3.709711586807e-10
-1.560600000000e-06	9.491034183817e-10	1.629139197215e-09	4.609750507595e-10
-1.560400000000e-06	1.006916400657e-09	1.780461186049e-09	4.444779311463e-10
-1.560200000000e-06	1.152554907490e-09	1.962610791312e-09	6.459235634208e-10
-1.560000000000e-06	1.007985053159e-09	1.752069721138e-09	4.838616347574e-10
-1.559800000000e-06	9.937644035512e-10	1.869565451888e-09	3.313483592855e-10
-1.559600000000e-06	1.106269576180e-09	1.787039774651e-09	6.761667775083e-10
-1.559400000000e-06	9.927109741859e-10	1.747571078501e-09	4.613063853041e-10
-1.559200000000e-06	1.078642368126e-09	1.751157867607e-09	6.605558567182e-10
-1.559000000000e-06	1.001736139693e-09	1.722953313465e-09	4.829076461501e-10
-1.558800000000e-06	1.090832709498e-09	1.713387618979e-09	7.276587363054e-10
-1.558600000000e-06	1.025574622824e-09	1.737187225378e-09	5.250590730261e-10
-1.558400000000e-06	1.074955304167e-09	1.775427327307e-09	5.988212627779e-10
-1.558200000000e-06	1.028312735147e-09	1.824510467465e-09	4.806222828370e-10
-1.558000000000e-06	1.071080771114e-09	1.695963352467e-09	6.840139601901e-10
-1.557800000000e-06	9.941079821023e-10	1.740599687632e-09	4.637209774624e-10
-1.557600000000e-06	9.975209947397e-10	1.741025006163e-09	4.760508967732e-10
-1.557400000000e-06	1.051832246631e-09	1.847025323515e-09	4.945892158248e-10
-1.557200000000e-06	1.007090127205e-09	1.697848405866e-09	5.557979820861e-10
-1.557000000000e-06	9.588183883130e-10	1.792492133232e-09	3.302555260630e-10
-1.556800000000e-06	9.682286175236e-10	1.685912116858e-09	4.962184929334e-10
-1.556600000000e-06	9.596076114978e-10	1.603929905141e-09	5.397962607164e-10
-1.556400000000e-06	9.548159643523e-10	1.792214915174e-09	3.400269936036e-10
-1.556200000000e-06	9.343415536471e-10	1.589931950301e-09	5.088679113505e-10
-1.556000000000e-06	9.587615807387e-10	1.670381617269e-09	4.604808662383e-10
-1.555800000000e-06	9.046727685574e-10	1.594752507790e-09	4.213689247154e-10
-1.555600000000e-06	9.618867808770e-10	1.584380598193e-09	5.437506510105e-10
-1.555400000000e-06	9.416197898356e-10	1.653256173129e-09	4.367190742265e-10
-1.555200000000e-06	9.936880919704e-10	1.619307080518e-09	5.937029485680e-10
-1.555000000000e-06	9.531626923482e-10	1.657281351884e-09	4.711344456099e-10
-1.554800000000e-06	9.854941386500e-10	1.793667448673e-09	4.122431563321e-10
-1.554600000000e-06	9.794054519052e-10	1.543189653569e-09	6.307937704260e-10
-1.554400000000e-06	9.126416974656e-10	1.538994572131e-09	4.865606273996e-10
-1.554200000000e-06	1.045661004108e-09	1.657736537817e-09	6.935527087449e-10
-1.554000000000e-06	8.451075613204e-10	1.555109478556e-09	3.256978466729e-10
-1.553800000000e-06	9.376115025317e-10	1.580936264540e-09	5.130469152158e-10
-1.553600000000e-06	9.495583110822e-10	1.643764127663e-09	4.612956694066e-10
-1.553400000000e-06	9.593524661127e-10	1.637325020532e-09	5.066015182297e-10
-1.553200000000e-06	9.867430902099e-10	1.633722369910e-09	5.795364615932e-10
-1.553000000000e-06	9.196674666747e-10	1.489303053240e-09	5.585712945609e-10
-1.552800000000e-06	9.783059850966e-10	1.697390432272e-09	4.988985545281e-10
-1.552600000000e-06	8.906955504770e-10	1.515809646148e-09	4.377917252886e-10
-1.552400000000e-06	9.054808433554e-10	1.591089173319e-09	4.302584577284e-10
-1.552200000000e-06	9.418196618618e-10	1.621387203725e-09	4.762186405702e-10
-1.552000000000e-06	9.207411129348e-10	1.510322968850e-09	5.405876013180e-10
-1.551800000000e-06	8.401678813007e-10	1.373123386685e-09	4.871429296824e-10
-1.551600000000e-06	9.157174454701e-10	1.581115702553e-09	4.725362505873e-10
-1.551400000000e-06	9.569254326592e-10	1.646743256931e-09	4.946543399527e-10
-1.551200000000e-06	8.777014646298e-10	1.570304578890e-09	3.487700491261e-10
-1.551000000000e-06	9.348121850738e-10	1.577244260207e-09	4.968567762266e-10
-1.550800000000e-06	8.533518413059e-10	1.551332098082e-09	3.691591286322e-10
-1.550600000000e-06	9.280816739080e-10	1.666559889186e-09	4.096456249944e-10
-1.550400000000e-06	9.000088399346e-10	1.656677731722e-09	3.617258546213e-10
