1.282800000000e-06	0.000000000000e+00	0.000000000000e+00	0.000000000000e+00
1.283000000000e-06	0.000000000000e+00	0.000000000000e+00	0.000000000000e+00
1.283200000000e-06	0.000000000000e+00	0.000000000000e+00	0.000000000000e+00
1.283400000000e-06	0.000000000000e+00	0.000000000000e+00	0.000000000000e+00
1.283600000000e-06	0.000000000000e+00	0.000000000000e+00	0.000000000000e+00
1.283800000000e-06	0.000000000000e+00	0.000000000000e+00	0.000000000000e+00
1.284000000000e-06	0.000000000000e+00	0.000000000000e+00	0.000000000000e+00
1.284200000000e-06	0.000000000000e+00	0.000000000000e+00	0.000000000000e+00
1.284400000000e-06	0.000000000000e+00	0.000000000000e+00	0.000000000000e+00
1.284600000000e-06	0.000000000000e+00	0.000000000000e+00	0.000000000000e+00
1.284800000000e-06	0.000000000000e+00	0.000000000000e+00	0.000000000000e+00
1.285000000000e-06	0.000000000000e+00	0.000000000000e+00	0.000000000000e+00
1.285200000000e-06	0.000000000000e+00	0.000000000000e+00	0.000000000000e+00
1.285400000000e-06	0.000000000000e+00	0.000000000000e+00	0.000000000000e+00
1.285600000000e-06	0.000000000000e+00	0.000000000000e+00	0.000000000000e+00
1.285800000000e-06	0.000000000000e+00	0.000000000000e+00	0.000000000000e+00
1.286000000000e-06	0.000000000000e+00	0.000000000000e+00	0.000000000000e+00
1.286200000000e-06	0.000000000000e+00	0.000000000000e+00	0.000000000000e+00
1.286400000000e-06	0.000000000000e+00	0.000000000000e+00	0.000000000000e+00
1.286600000000e-06	0.000000000000e+00	0.000000000000e+00	0.000000000000e+00
1.286800000000e-06	0.000000000000e+00	0.000000000000e+00	0.000000000000e+00
1.287000000000e-06	0.000000000000e+00	0.000000000000e+00	0.000000000000e+00
1.287200000000e-06	0.000000000000e+00	0.000000000000e+00	0.000000000000e+00
1.287400000000e-06	0.000000000000e+00	0.000000000000e+00	0.000000000000e+00
1.287600000000e-06	0.000000000000e+00	0.000000000000e+00	0.000000000000e+00
1.287800000000e-06	0.000000000000e+00	0.000000000000e+00	0.000000000000e+00
1.288000000000e-06	0.000000000000e+00	0.000000000000e+00	0.000000000000e+00
1.288200000000e-06	0.000000000000e+00	0.000000000000e+00	0.000000000000e+00
1.288400000000e-06	0.000000000000e+00	0.000000000000e+00	0.000000000000e+00
1.288600000000e-06	0.000000000000e+00	0.000000000000e+00	0.000000000000e+00
1.288800000000e-06	0.000000000000e+00	0.000000000000e+00	0.000000000000e+00
1.289000000000e-06	0.000000000000e+00	0.000000000000e+00	0.000000000000e+00
1.289200000000e-06	0.000000000000e+00	0.000000000000e+00	0.000000000000e+00
1.289400000000e-06	0.000000000000e+00	0.000000000000e+00	0.000000000000e+00
1.289600000000e-06	0.000000000000e+00	0.000000000000e+00	0.000000000000e+00
1.289800000000e-06	0.000000000000e+00	0.000000000000e+00	0.000000000000e+00
1.290000000000e-06	0.000000000000e+00	0.000000000000e+00	0.000000000000e+00
1.290200000000e-06	0.000000000000e+00	0.000000000000e+00	0.000000000000e+00
1.290400000000e-06	0.000000000000e+00	0.000000000000e+00	0.000000000000e+00
1.290600000000e-06	0.000000000000e+00	0.000000000000e+00	0.000000000000e+00
1.290800000000e-06	0.000000000000e+00	0.000000000000e+00	0.000000000000e+00
1.291000000000e-06	0.000000000000e+00	0.000000000000e+00	0.000000000000e+00
1.291200000000e-06	0.000000000000e+00	0.000000000000e+00	0.000000000000e+00
1.291400000000e-06	0.000000000000e+00	0.000000000000e+00	0.000000000000e+00
1.291600000000e-06	0.000000000000e+00	0.000000000000e+00	0.000000000000e+00
1.291800000000e-06	0.000000000000e+00	0.000000000000e+00	0.000000000000e+00
1.292000000000e-06	0.000000000000e+00	0.000000000000e+00	0.000000000000e+00
1.292200000000e-06	0.000000000000e+00	0.000000000000e+00	0.000000000000e+00
1.292400000000e-06	0.000000000000e+00	0.000000000000e+00	0.000000000000e+00
1.292600000000e-06	0.000000000000e+00	0.000000000000e+00	0.000000000000e+00
1.292800000000e-06	0.000000000000e+00	0.000000000000e+00	0.000000000000e+00
1.293000000000e-06	0.000000000000e+00	0.000000000000e+00	0.000000000000e+00
1.293200000000e-06	0.000000000000e+00	0.000000000000e+00	0.000000000000e+00
1.293400000000e-06	0.000000000000e+00	0.000000000000e+00	0.000000000000e+00
1.293600000000e-06	0.000000000000e+00	0.000000000000e+00	0.000000000000e+00
1.293800000000e-06	0.000000000000e+00	0.000000000000e+00	0.000000000000e+00
1.294000000000e-06	0.000000000000e+00	0.000000000000e+00	0.000000000000e+00
1.294200000000e-06	-3.411286928310e-15	-6.606380755574e-15	-8.944560817609e-16
1.294400000000e-06	-3.008717398130e-17	-1.677315599747e-17	-5.295731857081e-17
1.294600000000e-06	-6.301289503876e-12	-9.969021611477e-14	-1.396797214671e-11
1.294800000000e-06	9.800388692888e-12	-1.154777621330e-11	3.410945904267e-11
1.295000000000e-06	8.149538500122e-12	-6.547230903881e-12	2.390588397836e-11
1.295200000000e-06	4.077670075358e-12	7.467905898501e-12	1.741466195603e-13
1.295400000000e-06	-1.392144572120e-12	-1.718705447003e-12	-1.495596791141e-12
1.295600000000e-06	4.951773125427e-12	-9.816083158212e-12	1.804881965915e-11
1.295800000000e-06	-3.986616874656e-13	-4.689841462777e-12	3.758666241320e-12
1.296000000000e-06	-1.769835472624e-11	-7.984517026901e-12	-3.204508216922e-11
1.296200000000e-06	-5.640231566861e-12	-8.152955057389e-12	-4.618962617967e-12
1.296400000000e-06	-1.825179854784e-12	-1.492365559137e-11	1.269694665498e-11
1.296600000000e-06	-6.464581912040e-13	1.537681204591e-13	-2.084493490566e-12
1.296800000000e-06	-6.062607674196e-12	-7.571423996297e-12	-5.439945696142e-12
1.297000000000e-06	-8.147343546155e-12	2.266498832952e-13	-2.058411683793e-11
1.297200000000e-06	2.212474878561e-11	1.655798994385e-11	3.446495464507e-11
1.297400000000e-06	-9.048359718404e-12	-2.758688948987e-11	4.501497473320e-12
1.297600000000e-06	-9.066723061897e-11	-7.828144453798e-11	-1.229720759509e-10
1.297800000000e-06	-1.954677881911e-10	-4.041455417329e-10	-4.554962066842e-12
1.298000000000e-06	-9.781111657274e-10	-1.502496831942e-09	-6.231372322040e-10
1.298200000000e-06	-7.807392895558e-10	-1.234129205708e-09	-4.572389317095e-10
1.298400000000e-06	-6.403986070969e-10	-8.989837423785e-10	-5.282069664400e-10
1.298600000000e-06	-6.123015814089e-10	-1.028625901268e-09	-2.921451398655e-10
1.298800000000e-06	-3.826461810567e-10	-6.928216071702e-10	-1.276319261029e-10
1.299000000000e-06	-4.224414328095e-10	-6.916036987673e-10	-2.243262434092e-10
1.299200000000e-06	-4.593043574444e-10	-7.568603326372e-10	-2.513893897444e-10
1.299400000000e-06	-3.909479364606e-10	-7.044005440988e-10	-1.243851873827e-10
1.299600000000e-06	-3.373506838473e-10	-3.735907641581e-10	-3.725877994174e-10
1.299800000000e-06	-4.157295445227e-10	-7.458296118791e-10	-1.356328520520e-10
1.300000000000e-06	-6.200383417447e-10	-9.471516761427e-10	-4.032217863800e-10
1.300200000000e-06	-2.559069237383e-09	-4.286202271286e-09	-1.192132267648e-09
1.300400000000e-06	-2.100516396476e-08	-3.524211560825e-08	-9.695278354357e-09
1.300600000000e-06	-2.481560370297e-08	-3.780728915902e-08	-1.596650945010e-08
1.300800000000e-06	-8.721632305086e-09	-1.333441962248e-08	-5.619592071574e-09
1.301000000000e-06	-2.083072078954e-09	-3.107444837496e-09	-1.460208248915e-09
1.301200000000e-06	-1.306919029340e-09	-2.636202409051e-09	-1.163439516418e-10
1.301400000000e-06	-5.115628868331e-10	-7.079576329355e-10	-4.358591977531e-10
1.301600000000e-06	-4.318163761353e-10	-6.724103254912e-10	-2.511106638160e-10
1.301800000000e-06	-1.000826257335e-09	-1.228480820147e-09	-9.809966775896e-10
1.302000000000e-06	-7.569292480106e-10	-8.104391233712e-10	-8.847962881669e-10
1.302200000000e-06	-6.796010435673e-10	-1.166090189911e-09	-2.772613381524e-10
1.302400000000e-06	-7.991254906292e-10	-1.349431580033e-09	-3.599849374958e-10
1.302600000000e-06	-6.901662447687e-10	-1.086484582661e-09	-4.058623377614e-10
1.302800000000e-06	-8.601558190154e-10	-9.453932918116e-10	-1.004185628792e-09
1.303000000000e-06	-1.047730073892e-09	-1.678947334338e-09	-6.129117055321e-10
1.303200000000e-06	-1.006723154700e-09	-1.400589209225e-09	-8.267611696080e-10
1.303400000000e-06	-1.931222330183e-09	-3.155609043491e-09	-1.018081730779e-09
1.303600000000e-06	-4.186710656700e-09	-6.622196080481e-09	-2.504367017811e-09
1.303800000000e-06	-7.064578168671e-09	-1.105640923183e-08	-4.415009117095e-09
1.304000000000e-06	-8.442341764530e-09	-1.421147151875e-08	-4.079938884734e-09
1.304200000000e-06	-1.000833731411e-08	-1.577339178124e-08	-5.984894140249e-09
1.304400000000e-06	-1.349683797083e-08	-2.087400831547e-08	-8.576091268827e-09
1.304600000000e-06	-1.674396387473e-08	-2.692959462575e-08	-9.427195429572e-09
1.304800000000e-06	-2.121520627735e-08	-3.376575504441e-08	-1.227451219463e-08
1.305000000000e-06	-2.540645133453e-08	-3.926008946512e-08	-1.602622574358e-08
1.305200000000e-06	-3.098207727639e-08	-4.905725708214e-08	-1.813072678334e-08
1.305400000000e-06	-3.758234880234e-08	-6.035783667626e-08	-2.090407223111e-08
1.305600000000e-06	-4.210343029316e-08	-6.678677299330e-08	-2.435014330492e-08
1.305800000000e-06	-4.823470487254e-08	-7.599803535577e-08	-2.837153420511e-08
1.306000000000e-06	-5.380565980535e-08	-8.469939740737e-08	-3.171871978186e-08
1.306200000000e-06	-6.098919913824e-08	-9.540651563339e-08	-3.659221923639e-08
1.306400000000e-06	-6.383693332257e-08	-1.003984275404e-07	-3.754997755017e-08
1.306600000000e-06	-6.942828067315e-08	-1.113539248517e-07	-3.825598651460e-08
1.306800000000e-06	-7.159858780962e-08	-1.135243586991e-07	-4.088309466935e-08
1.307000000000e-06	-7.176153304886e-08	-1.141097139568e-07	-4.052487812846e-08
1.307200000000e-06	-7.035987076365e-08	-1.090303999817e-07	-4.299032863002e-08
1.307400000000e-06	-6.831115094709e-08	-1.077898637605e-07	-3.940549839854e-08
1.307600000000e-06	-6.463133841113e-08	-1.015784432726e-07	-3.768917953575e-08
1.307800000000e-06	-5.760600078942e-08	-9.047865163901e-08	-3.357748542310e-08
1.308000000000e-06	-5.258327431229e-08	-8.356872186196e-08	-2.948729986443e-08
1.308200000000e-06	-4.531048161301e-08	-7.209420593963e-08	-2.524141344699e-08
1.308400000000e-06	-3.885809956348e-08	-6.095490436821e-08	-2.267827149082e-08
1.308600000000e-06	-2.996972876603e-08	-4.802524209782e-08	-1.622151123794e-08
1.308800000000e-06	-2.286492949230e-08	-3.641758387579e-08	-1.260072281179e-08
1.309000000000e-06	-1.468088267322e-08	-2.087909032550e-08	-1.090892283254e-08
1.309200000000e-06	-9.136911287659e-09	-1.369370753602e-08	-5.970029655703e-09
1.309400000000e-06	-2.187092383275e-09	-2.730458804974e-09	-1.950109588445e-09
1.309600000000e-06	3.177706819564e-09	5.479481283586e-09	1.332574619214e-09
1.309800000000e-06	4.376631809121e-09	7.711763179480e-09	1.750083673612e-09
1.310000000000e-06	7.905747615500e-09	1.232322969405e-08	4.734781849489e-09
1.310200000000e-06	9.580512609351e-09	1.579972372349e-08	4.768073788289e-09
1.310400000000e-06	9.189889339081e-09	1.439749409524e-08	5.428449789468e-09
1.310600000000e-06	8.970878210365e-09	1.497376053664e-08	4.264238787741e-09
1.310800000000e-06	8.510502726733e-09	1.348932104064e-08	4.868833330175e-09
1.311000000000e-06	8.204098813259e-09	1.362085301804e-08	3.956173337059e-09
1.311200000000e-06	7.570949559470e-09	1.233578995288e-08	3.944763094308e-09
1.311400000000e-06	6.480246286914e-09	1.031200680557e-08	3.668099412229e-09
1.311600000000e-06	6.628764742836e-09	1.084036221342e-08	3.422806101748e-09
1.311800000000e-06	6.173925939661e-09	1.027057272326e-08	2.970266999115e-09
1.312000000000e-06	6.089047233831e-09	1.000305211980e-08	3.097418223562e-09
1.312200000000e-06	5.831601855913e-09	9.237430843384e-09	3.340715471217e-09
1.312400000000e-06	5.522031890395e-09	9.062864904309e-09	2.826242063900e-09
1.312600000000e-06	5.495311297477e-09	9.149069808258e-09	2.652578163418e-09
1.312800000000e-06	5.105511022377e-09	8.207042293945e-09	2.812123994536e-09
1.313000000000e-06	5.912447733562e-09	9.011831369126e-09	3.844993253301e-09
1.313200000000e-06	4.502188917809e-09	8.054200178838e-09	1.516775181765e-09
1.313400000000e-06	4.516829971562e-09	6.922275159034e-09	2.887585921439e-09
1.313600000000e-06	4.990203256707e-09	7.481686768506e-09	3.344803806179e-09
1.313800000000e-06	4.113659925121e-09	7.050867258140e-09	1.836654687318e-09
1.314000000000e-06	4.582893155735e-09	7.568212090342e-09	2.299768975574e-09
1.314200000000e-06	4.514603935891e-09	6.899593638680e-09	2.816128621979e-09
1.314400000000e-06	4.016567979861e-09	6.914555642939e-09	1.683711996963e-09
1.314600000000e-06	3.591870959520e-09	5.486357543090e-09	2.324965021604e-09
1.314800000000e-06	4.341666958843e-09	6.881787696806e-09	2.517925358124e-09
1.315000000000e-06	4.036518647889e-09	6.819683195997e-09	1.860280928574e-09
1.315200000000e-06	3.951842835977e-09	6.371934677945e-09	2.155494736955e-09
1.315400000000e-06	3.840448170950e-09	6.148342810245e-09	2.174776371915e-09
1.315600000000e-06	3.653189791257e-09	6.917466842624e-09	8.512981408915e-10
1.315800000000e-06	4.262767981070e-09	6.770782988511e-09	2.491784616668e-09
1.316000000000e-06	3.851611576211e-09	5.710183385742e-09	2.697410501341e-09
1.316200000000e-06	3.824432166408e-09	5.876442971254e-09	2.415733435062e-09
1.316400000000e-06	3.830660056669e-09	6.072152265809e-09	2.228364668447e-09
1.316600000000e-06	3.283705428588e-09	5.596606655557e-09	1.441902724207e-09
1.316800000000e-06	3.837455419068e-09	5.895410074912e-09	2.407515567460e-09
1.317000000000e-06	3.154274291315e-09	5.075394585117e-09	1.798879901403e-09
1.317200000000e-06	3.524916031611e-09	5.931535449247e-09	1.661273835232e-09
1.317400000000e-06	3.607935963787e-09	6.061306059228e-09	1.717146049294e-09
1.317600000000e-06	3.182762753669e-09	5.373815328434e-09	1.516985413453e-09
1.317800000000e-06	3.245270785589e-09	5.095659774583e-09	1.957247066681e-09
1.318000000000e-06	3.345897791655e-09	5.617228893552e-09	1.574045407074e-09
1.318200000000e-06	3.481520180308e-09	5.838408742720e-09	1.663577765962e-09
1.318400000000e-06	3.163410555398e-09	4.855379356063e-09	2.024904881673e-09
1.318600000000e-06	2.997587764073e-09	4.910385017087e-09	1.576341352854e-09
1.318800000000e-06	3.334399721396e-09	5.176752318080e-09	2.073487094636e-09
1.319000000000e-06	3.088010227312e-09	5.468772587629e-09	1.148704852311e-09
1.319200000000e-06	2.702578365814e-09	4.490920651037e-09	1.287184492388e-09
1.319400000000e-06	2.716324254653e-09	4.615671320290e-09	1.207260975284e-09
1.319600000000e-06	3.105970350199e-09	4.677894160765e-09	2.131543269579e-09
1.319800000000e-06	3.288972127934e-09	5.375868348158e-09	1.729555663116e-09
1.320000000000e-06	2.970120738233e-09	4.234725235670e-09	2.342941901047e-09
1.320200000000e-06	3.115375202447e-09	5.053306892259e-09	1.680399177734e-09
1.320400000000e-06	2.840287366810e-09	4.539267521527e-09	1.628844897638e-09
1.320600000000e-06	3.205618328528e-09	4.984867255155e-09	1.988369334011e-09
1.320800000000e-06	3.026343247670e-09	5.077396733462e-09	1.450405945797e-09
1.321000000000e-06	2.953798907247e-09	4.716225209718e-09	1.702052026298e-09
1.321200000000e-06	2.891441205625e-09	4.569418510546e-09	1.712249375448e-09
1.321400000000e-06	2.473198817790e-09	3.899317420125e-09	1.477919053643e-09
1.321600000000e-06	2.798123490432e-09	4.721677247776e-09	1.342651610192e-09
1.321800000000e-06	2.698585701945e-09	4.042371395300e-09	1.881171646449e-09
1.322000000000e-06	2.607724441106e-09	4.136208715615e-09	1.501803276163e-09
1.322200000000e-06	2.883464698469e-09	4.360433492224e-09	1.950664725403e-09
1.322400000000e-06	2.582671039608e-09	3.957784614435e-09	1.669419415171e-09
1.322600000000e-06	2.949928375030e-09	4.929735644192e-09	1.451760113553e-09
1.322800000000e-06	2.601503464400e-09	4.325255536536e-09	1.308869440466e-09
1.323000000000e-06	2.404461526409e-09	3.862778066889e-09	1.351789942011e-09
1.323200000000e-06	2.618463150849e-09	4.149643726452e-09	1.557624951964e-09
1.323400000000e-06	2.631087375005e-09	3.781838983114e-09	2.004752199186e-09
1.323600000000e-06	2.947526432121e-09	5.039559356961e-09	1.309324802538e-09
1.323800000000e-06	2.984645054555e-09	5.036633105421e-09	1.409821534778e-09
1.324000000000e-06	2.495489956175e-09	4.418758934177e-09	9.226023715781e-10
1.324200000000e-06	3.004936292570e-09	4.687470861227e-09	1.894894038870e-09
1.324400000000e-06	2.238830972655e-09	3.840043009431e-09	9.676442107150e-10
1.324600000000e-06	2.448846328111e-09	3.843560592759e-09	1.505775614250e-09
1.324800000000e-06	2.447409013972e-09	3.683528059985e-09	1.645394574358e-09
1.325000000000e-06	2.411596022545e-09	4.083195568918e-09	1.120211641360e-09
1.325200000000e-06	2.690490866747e-09	4.166084569274e-09	1.702927457023e-09
1.325400000000e-06	2.411603923205e-09	3.777641445736e-09	1.453765710901e-09
1.325600000000e-06	2.562499568026e-09	3.916184212814e-09	1.686220204973e-09
1.325800000000e-06	2.837174196607e-09	4.340541117088e-09	1.830884854259e-09
1.326000000000e-06	2.560417290970e-09	3.986634927113e-09	1.633737081604e-09
1.326200000000e-06	2.399247544960e-09	4.030485093906e-09	1.180673877471e-09
1.326400000000e-06	2.401470784628e-09	3.690995436345e-09	1.510473271589e-09
1.326600000000e-06	2.117369636533e-09	3.480798843181e-09	1.106538668045e-09
1.326800000000e-06	2.366987578544e-09	3.829749896504e-09	1.287217611888e-09
1.327000000000e-06	2.340803703372e-09	3.661963685625e-09	1.414410550400e-09
1.327200000000e-06	2.550633420332e-09	4.199972981348e-09	1.301963592155e-09
1.327400000000e-06	2.542879020813e-09	4.451516089991e-09	1.023271376258e-09
1.327600000000e-06	2.583843096292e-09	4.234576938055e-09	1.377663317686e-09
1.327800000000e-06	2.256514150574e-09	3.606670108596e-09	1.293797685202e-09
1.328000000000e-06	2.312266713426e-09	3.574891561799e-09	1.477700275156e-09
1.328200000000e-06	2.443982265303e-09	3.619468318978e-09	1.746535462141e-09
1.328400000000e-06	2.434307789066e-09	3.968348982063e-09	1.249199603701e-09
1.328600000000e-06	2.270483060148e-09	3.767815257219e-09	1.136321019036e-09
1.328800000000e-06	2.073115293950e-09	3.289922903350e-09	1.229144322398e-09
1.329000000000e-06	2.316618966835e-09	3.853782091342e-09	1.147883561731e-09
1.329200000000e-06	2.057804760221e-09	3.362575145382e-09	1.098456231838e-09
1.329400000000e-06	2.444082641881e-09	4.079638920870e-09	1.207759128209e-09
1.329600000000e-06	2.160871492915e-09	3.515643192377e-09	1.104584485981e-09
1.329800000000e-06	2.236665452367e-09	3.744689476251e-09	1.070780543526e-09
1.330000000000e-06	2.236658612353e-09	3.465303890481e-09	1.443544255051e-09
1.330200000000e-06	2.020037061390e-09	3.245365858002e-09	1.130714753214e-09
1.330400000000e-06	2.187730647355e-09	3.576799860934e-09	1.150573858825e-09
1.330600000000e-06	2.179155521087e-09	3.641367007018e-09	1.081578360296e-09
1.330800000000e-06	2.245811318656e-09	3.651491658585e-09	1.247293558941e-09
1.331000000000e-06	2.146187836125e-09	3.409087006206e-09	1.282334234780e-09
1.331200000000e-06	2.196941029354e-09	3.463549305421e-09	1.297191352104e-09
1.331400000000e-06	2.104744700414e-09	3.324093440096e-09	1.273416796364e-09
1.331600000000e-06	2.140282910403e-09	3.170212496176e-09	1.465177021475e-09
1.331800000000e-06	2.274022890771e-09	3.470535890310e-09	1.484962448314e-09
1.332000000000e-06	2.135718985730e-09	3.596975555348e-09	1.021029858088e-09
1.332200000000e-06	2.213126441299e-09	3.341699748096e-09	1.508250512288e-09
1.332400000000e-06	2.033872773003e-09	3.514830686815e-09	9.750207545341e-10
1.332600000000e-06	2.439876869547e-09	3.690612356054e-09	1.672134381102e-09
1.332800000000e-06	2.158026355492e-09	3.187563146736e-09	1.540462324688e-09
1.333000000000e-06	2.143303585919e-09	3.427650958366e-09	1.241703054162e-09
1.333200000000e-06	2.085765394044e-09	3.319285618531e-09	1.209268017489e-09
1.333400000000e-06	2.071835350342e-09	3.658073387799e-09	1.013116055960e-09
1.333600000000e-06	2.127573600754e-09	3.472110016989e-09	1.158436985269e-09
1.333800000000e-06	2.134685427578e-09	3.275982170376e-09	1.402282367249e-09
1.334000000000e-06	1.987198668668e-09	2.998746694699e-09	1.376339370129e-09
1.334200000000e-06	2.016718842861e-09	2.991806135786e-09	1.461298818650e-09
1.334400000000e-06	2.130359243813e-09	3.596936616865e-09	1.042030664054e-09
1.334600000000e-06	2.048328818236e-09	3.404201629644e-09	9.596079064301e-10
1.334800000000e-06	2.013441209271e-09	3.150674723016e-09	1.216332780062e-09
1.335000000000e-06	2.086534118418e-09	3.343540574344e-09	1.196493248515e-09
1.335200000000e-06	1.881312038397e-09	3.163478584910e-09	9.081790994972e-10
1.335400000000e-06	1.834823530835e-09	2.883727669848e-09	1.129244331994e-09
1.335600000000e-06	1.976065523571e-09	3.039415827020e-09	1.302491964352e-09
1.335800000000e-06	1.942235435608e-09	3.149679508654e-09	1.098105810016e-09
1.336000000000e-06	2.008919558879e-09	3.234304984624e-09	1.132705548716e-09
1.336200000000e-06	1.805535262575e-09	2.850727313017e-09	1.078062912090e-09
1.336400000000e-06	1.878048589338e-09	3.182148891021e-09	8.685899515988e-10
1.336600000000e-06	2.083278231747e-09	3.231834242751e-09	1.302316450437e-09
1.336800000000e-06	1.838033146223e-09	2.911767433493e-09	1.096474693605e-09
1.337000000000e-06	2.062834064979e-09	3.222706196789e-09	1.305351419007e-09
1.337200000000e-06	1.696319782290e-09	2.720844023655e-09	9.642348523291e-10
1.337400000000e-06	1.936002834379e-09	3.033461830376e-09	1.208533918686e-09
1.337600000000e-06	2.131312788521e-09	3.264858897445e-09	1.418661520692e-09
1.337800000000e-06	1.795365592932e-09	2.908035652094e-09	9.837871584255e-10
1.338000000000e-06	1.727827642931e-09	2.697692929876e-09	1.075834112964e-09
1.338200000000e-06	1.813632921053e-09	3.049434457151e-09	8.591621335813e-10
1.338400000000e-06	1.821906867244e-09	3.013495077550e-09	9.623705376700e-10
1.338600000000e-06	1.871156489361e-09	2.907622972961e-09	1.200341146887e-09
1.338800000000e-06	1.824160113442e-09	2.928236415691e-09	1.023416504095e-09
1.339000000000e-06	1.957939999214e-09	2.985574216349e-09	1.279992219370e-09
1.339200000000e-06	2.037670066948e-09	3.379944280797e-09	1.037445205771e-09
1.339400000000e-06	1.963332070417e-09	3.223305961267e-09	1.050345103431e-09
1.339600000000e-06	1.719051676898e-09	2.937658966503e-09	8.191903082836e-10
1.339800000000e-06	1.818103416651e-09	2.949671191359e-09	1.009884219779e-09
1.340000000000e-06	1.813940091087e-09	2.987728377776e-09	9.721133666970e-10
1.340200000000e-06	1.717527416963e-09	2.629977567449e-09	1.130187245197e-09
1.340400000000e-06	1.817829437238e-09	2.780731459469e-09	1.176365462386e-09
1.340600000000e-06	1.783136023587e-09	2.901646044900e-09	9.704066835914e-10
1.340800000000e-06	1.789076553387e-09	2.902187629749e-09	9.935081108931e-10
1.341000000000e-06	1.743732808143e-09	3.013694491389e-09	7.343087609240e-10
1.341200000000e-06	1.772290823323e-09	2.791548178803e-09	1.087288863500e-09
1.341400000000e-06	1.680733091062e-09	2.797851361899e-09	8.830565165186e-10
1.341600000000e-06	2.044539023394e-09	2.892204989318e-09	1.608098897009e-09
1.341800000000e-06	1.757905177132e-09	2.857296446292e-09	9.657730352010e-10
1.342000000000e-06	1.651944995539e-09	2.742830080104e-09	8.412064530312e-10
1.342200000000e-06	1.738526175949e-09	2.854704795567e-09	9.365155242380e-10
1.342400000000e-06	1.771099973757e-09	2.755844671288e-09	1.106260781896e-09
1.342600000000e-06	1.698945619525e-09	2.619381463299e-09	1.091707200090e-09
1.342800000000e-06	1.887441843192e-09	2.919545538788e-09	1.196736330871e-09
1.343000000000e-06	1.630628561297e-09	2.379499817742e-09	1.192042245605e-09
1.343200000000e-06	1.878648506894e-09	3.035771976256e-09	1.079926490764e-09
1.343400000000e-06	1.732455547415e-09	2.718233480614e-09	1.098031436973e-09
1.343600000000e-06	1.723538585855e-09	2.664569478860e-09	1.048899830149e-09
1.343800000000e-06	1.735739336652e-09	2.677977342731e-09	1.115876005791e-09
1.344000000000e-06	1.673368371409e-09	2.720811421164e-09	9.141396335892e-10
1.344200000000e-06	1.691003411137e-09	2.757541811383e-09	9.403063320846e-10
1.344400000000e-06	1.749117694902e-09	2.594129929011e-09	1.242485545435e-09
1.344600000000e-06	1.635194029243e-09	2.914500557065e-09	6.128267258140e-10
1.344800000000e-06	1.627401820840e-09	2.658062892575e-09	8.325907180031e-10
1.345000000000e-06	1.598661759148e-09	2.721363468207e-09	7.175627901628e-10
1.345200000000e-06	1.643530772996e-09	2.740705580916e-09	8.357058952181e-10
1.345400000000e-06	1.662401859652e-09	2.604424683010e-09	1.015975798781e-09
1.345600000000e-06	1.676641821545e-09	2.831825017043e-09	8.073507157231e-10
1.345800000000e-06	1.689666661953e-09	2.709820419535e-09	9.679546719107e-10
1.346000000000e-06	1.649315143765e-09	2.597144850124e-09	1.071023185915e-09
1.346200000000e-06	1.402542569116e-09	2.203371795122e-09	8.905226099847e-10
1.346400000000e-06	1.648183747047e-09	2.735461329739e-09	8.662199594893e-10
1.346600000000e-06	1.817761250269e-09	2.803592995448e-09	1.166464614006e-09
1.346800000000e-06	1.781966234379e-09	2.660938870960e-09	1.259910574577e-09
1.347000000000e-06	1.594909240369e-09	2.518450000436e-09	1.021423136564e-09
1.347200000000e-06	1.674031290929e-09	2.638307017695e-09	1.052215241463e-09
1.347400000000e-06	1.602301683872e-09	2.504546871798e-09	1.024953446382e-09
1.347600000000e-06	1.650282427289e-09	2.477640841522e-09	1.124894179119e-09
1.347800000000e-06	1.378429292302e-09	2.385991479512e-09	5.816906032375e-10
1.348000000000e-06	1.779540461140e-09	2.909300868360e-09	9.436402938560e-10
1.348200000000e-06	1.603795131127e-09	2.465040544978e-09	1.053066598842e-09
1.348400000000e-06	1.533676551826e-09	2.527223654355e-09	8.263116933130e-10
1.348600000000e-06	1.539962697770e-09	2.564400470782e-09	7.497895909859e-10
1.348800000000e-06	1.644556951100e-09	2.624352617157e-09	9.817716871729e-10
1.349000000000e-06	1.604008769573e-09	2.592379147773e-09	8.433680815971e-10
1.349200000000e-06	1.469154309800e-09	2.513361187156e-09	6.957195358212e-10
1.349400000000e-06	1.641920760480e-09	2.529890090942e-09	1.066278756494e-09
1.349600000000e-06	1.506382375503e-09	2.344904457412e-09	9.575021963492e-10
1.349800000000e-06	1.474496592000e-09	2.426122487313e-09	7.636392143874e-10
1.350000000000e-06	1.356834542471e-09	2.188014187735e-09	7.480219354164e-10
1.350200000000e-06	1.352241526082e-09	2.455523862651e-09	4.489978291616e-10
1.350400000000e-06	1.624959780025e-09	2.501741589040e-09	1.048797009732e-09
1.350600000000e-06	1.642287761575e-09	2.612975266148e-09	9.641652794017e-10
1.350800000000e-06	1.470592899836e-09	2.295922661538e-09	9.338532017662e-10
1.351000000000e-06	1.693607362372e-09	2.554976610624e-09	1.195098012058e-09
1.351200000000e-06	1.582174587206e-09	2.427752970032e-09	1.029250329716e-09
1.351400000000e-06	1.537269630035e-09	2.330114170950e-09	1.045697567959e-09
1.351600000000e-06	1.518026617523e-09	2.548876539385e-09	7.656109942495e-10
1.351800000000e-06	1.577828937312e-09	2.457358125019e-09	9.889785061408e-10
1.352000000000e-06	1.343683708436e-09	2.227698971568e-09	6.565906362347e-10
1.352200000000e-06	1.482659854174e-09	2.416345146829e-09	8.120187615825e-10
1.352400000000e-06	1.498393688667e-09	2.447598914845e-09	8.055815418783e-10
1.352600000000e-06	1.564732098194e-09	2.493747507457e-09	9.270717797277e-10
1.352800000000e-06	1.523370960417e-09	2.330314668407e-09	9.927574948505e-10
1.353000000000e-06	1.513473957768e-09	2.355646400800e-09	9.421679994136e-10
1.353200000000e-06	1.507345584556e-09	2.539433956940e-09	7.113157809402e-10
1.353400000000e-06	1.612517425291e-09	2.462944565278e-09	1.058430321114e-09
1.353600000000e-06	1.382283401087e-09	2.321318646957e-09	6.824779614076e-10
1.353800000000e-06	1.452156353795e-09	2.277869615208e-09	9.189157261290e-10
1.354000000000e-06	1.370948544753e-09	2.315303422544e-09	6.332774528580e-10
1.354200000000e-06	1.332451939860e-09	2.149650232122e-09	7.457796816049e-10
1.354400000000e-06	1.531577738734e-09	2.544372553601e-09	7.496919677202e-10
1.354600000000e-06	1.538207055580e-09	2.340227933870e-09	1.054731655389e-09
1.354800000000e-06	1.498229469560e-09	2.433861617130e-09	8.552374444803e-10
1.355000000000e-06	1.380543573332e-09	2.450703871454e-09	4.983356675156e-10
1.355200000000e-06	1.493995364179e-09	2.350721769793e-09	8.899822199229e-10
1.355400000000e-06	1.578434458778e-09	2.534313686531e-09	9.419227401904e-10
1.355600000000e-06	1.500915945362e-09	2.390324647999e-09	9.449046464635e-10
1.355800000000e-06	1.380869027052e-09	2.045880940925e-09	1.007534393420e-09
1.356000000000e-06	1.318363494863e-09	2.081013693041e-09	8.066079659204e-10
1.356200000000e-06	1.422321308624e-09	2.244423846636e-09	8.655765484830e-10
1.356400000000e-06	1.335621313046e-09	2.177521982461e-09	7.139747319264e-10
1.356600000000e-06	1.357314384830e-09	2.121207849038e-09	8.671518363152e-10
1.356800000000e-06	1.327911131798e-09	2.226268111875e-09	6.544913351417e-10
1.357000000000e-06	1.329885348478e-09	2.090564152365e-09	8.136811217130e-10
1.357200000000e-06	1.463023200046e-09	2.491383495386e-09	6.725358740193e-10
1.357400000000e-06	1.364539662446e-09	2.238768673536e-09	7.420537178006e-10
1.357600000000e-06	1.411514355888e-09	2.185992399868e-09	8.612878217528e-10
1.357800000000e-06	1.392648215485e-09	2.098586315759e-09	9.521505658672e-10
1.358000000000e-06	1.449756370682e-09	2.423703333157e-09	7.522546690924e-10
1.358200000000e-06	1.505468997352e-09	2.351554311280e-09	9.346252618265e-10
1.358400000000e-06	1.357141322739e-09	2.201945026977e-09	7.666247833766e-10
1.358600000000e-06	1.387493926709e-09	2.201518358291e-09	8.373533683129e-10
1.358800000000e-06	1.408882507504e-09	2.232759647166e-09	8.300199540716e-10
1.359000000000e-06	1.438616252226e-09	2.350617925456e-09	8.047503573569e-10
1.359200000000e-06	1.188664941981e-09	1.835110267506e-09	7.310511762566e-10
1.359400000000e-06	1.328103928852e-09	2.085972524006e-09	8.043675645553e-10
1.359600000000e-06	1.394135402094e-09	2.194421747778e-09	8.503780319933e-10
1.359800000000e-06	1.359010933359e-09	2.027626228835e-09	9.738567236971e-10
1.360000000000e-06	1.351333639411e-09	2.132353191149e-09	8.151769562290e-10
1.360200000000e-06	1.399262191163e-09	2.241492962210e-09	7.680491095961e-10
1.360400000000e-06	1.218754086293e-09	2.054277107326e-09	5.677291808566e-10
1.360600000000e-06	1.281079085739e-09	2.093003132321e-09	7.337555145750e-10
1.360800000000e-06	1.345558326116e-09	2.038294717613e-09	9.033151219278e-10
1.361000000000e-06	1.308160391573e-09	2.044925680692e-09	8.374220455194e-10
1.361200000000e-06	1.346854075980e-09	2.045031511758e-09	9.049368641184e-10
1.361400000000e-06	1.262567119028e-09	2.097358934972e-09	6.405445845783e-10
1.361600000000e-06	1.356682636101e-09	2.159374457089e-09	7.890448982158e-10
1.361800000000e-06	1.291970466480e-09	1.995599302757e-09	8.096042854724e-10
1.362000000000e-06	1.391310668571e-09	2.157996095419e-09	8.907817704414e-10
1.362200000000e-06	1.321734552185e-09	2.103378275144e-09	8.052106094065e-10
1.362400000000e-06	1.380963153143e-09	2.164360164527e-09	8.938138304191e-10
1.362600000000e-06	1.278593571219e-09	2.080080936872e-09	6.621267874621e-10
1.362800000000e-06	1.257431943238e-09	1.947612063472e-09	8.235580804959e-10
1.363000000000e-06	1.338597105201e-09	2.214085056830e-09	7.170066121980e-10
1.363200000000e-06	1.248037545749e-09	1.991099323117e-09	7.437773559328e-10
1.363400000000e-06	1.224464646033e-09	1.995176196647e-09	7.129876156800e-10
1.363600000000e-06	1.307306918728e-09	2.061883203253e-09	8.343077501078e-10
1.363800000000e-06	1.228676815535e-09	1.978144152275e-09	7.006368114160e-10
1.364000000000e-06	1.149498144572e-09	1.910298274505e-09	5.812859491247e-10
1.364200000000e-06	1.356157045565e-09	2.067482307082e-09	9.084268971912e-10
1.364400000000e-06	1.226619351211e-09	2.125584909502e-09	5.523065149028e-10
1.364600000000e-06	1.196098033589e-09	1.849164718084e-09	7.422400271979e-10
1.364800000000e-06	1.360086599253e-09	2.086932058725e-09	9.321239360061e-10
1.365000000000e-06	1.346335189069e-09	2.156129261237e-09	8.299599495056e-10
1.365200000000e-06	1.206671905790e-09	1.972012408655e-09	6.455163470413e-10
1.365400000000e-06	1.208336972603e-09	2.082820705736e-09	5.594172352431e-10
1.365600000000e-06	1.248697630464e-09	1.943679069883e-09	7.592721610067e-10
1.365800000000e-06	1.248209568018e-09	1.833341627314e-09	9.133978023101e-10
1.366000000000e-06	1.052980188870e-09	1.702409102857e-09	6.211594464083e-10
1.366200000000e-06	1.256297354250e-09	1.969621232038e-09	8.302988378555e-10
1.366400000000e-06	1.228070322650e-09	1.850846756086e-09	8.605227283569e-10
1.366600000000e-06	1.310150454864e-09	2.074755240653e-09	7.542865598446e-10
1.366800000000e-06	1.235996973486e-09	2.083463334566e-09	5.979380039227e-10
1.367000000000e-06	1.168664124920e-09	2.010311125698e-09	4.954419991715e-10
1.367200000000e-06	1.145532071512e-09	1.848423776007e-09	6.383738789442e-10
1.367400000000e-06	1.148666623352e-09	1.968676119560e-09	5.283734093387e-10
1.367600000000e-06	1.280697653380e-09	1.886585827025e-09	9.376747513647e-10
1.367800000000e-06	1.240770515285e-09	2.007318442529e-09	6.969162029008e-10
1.368000000000e-06	1.146157564715e-09	1.873945255821e-09	6.326368387353e-10
1.368200000000e-06	1.257549023123e-09	1.999416426287e-09	7.568500833471e-10
1.368400000000e-06	1.171374168909e-09	1.944535917697e-09	6.241477542323e-10
1.368600000000e-06	1.218946615739e-09	1.772309378079e-09	9.156660350384e-10
1.368800000000e-06	1.159019528930e-09	1.847774690537e-09	7.016152546946e-10
1.369000000000e-06	1.180151199911e-09	1.784070169073e-09	8.209588186591e-10
1.369200000000e-06	1.206221647955e-09	1.868435306794e-09	7.827025927677e-10
1.369400000000e-06	1.263537158294e-09	2.022172558391e-09	7.332351776166e-10
1.369600000000e-06	1.151791749467e-09	1.972019305587e-09	5.446433259611e-10
1.369800000000e-06	1.253758494382e-09	2.024521491432e-09	7.181153804589e-10
1.370000000000e-06	1.085938051622e-09	1.811022151363e-09	5.492401279287e-10
1.370200000000e-06	1.198275821646e-09	1.823632223748e-09	8.292667884852e-10
1.370400000000e-06	1.295016264186e-09	1.951388094486e-09	8.439644055659e-10
1.370600000000e-06	1.151849518235e-09	1.805542195365e-09	7.293925299729e-10
1.370800000000e-06	1.126207530138e-09	1.787365860333e-09	6.756240786207e-10
1.371000000000e-06	1.284598501507e-09	1.947498115552e-09	8.482022317781e-10
1.371200000000e-06	1.074695672654e-09	1.692550544281e-09	6.431116133673e-10
1.371400000000e-06	1.256696816652e-09	1.812023929145e-09	9.588080405419e-10
1.371600000000e-06	1.122664133094e-09	1.809099488989e-09	6.386077186707e-10
1.371800000000e-06	1.165509682476e-09	1.863393424428e-09	7.041030693353e-10
1.372000000000e-06	1.063951588875e-09	1.628999883868e-09	7.048932205333e-10
1.372200000000e-06	1.094327430324e-09	1.840282187288e-09	5.331044154397e-10
1.372400000000e-06	1.153622344104e-09	1.906584049157e-09	6.164679762149e-10
1.372600000000e-06	1.034648559387e-09	1.803959369140e-09	4.315961952888e-10
1.372800000000e-06	1.063625107185e-09	1.820482109360e-09	4.942247686872e-10
1.373000000000e-06	1.092673703985e-09	1.635677168892e-09	7.565061536011e-10
1.373200000000e-06	1.021396586502e-09	1.537158980224e-09	6.933940151111e-10
1.373400000000e-06	1.170567385327e-09	1.755317885530e-09	8.237581529885e-10
1.373600000000e-06	1.083202999090e-09	1.768340151178e-09	5.828944219448e-10
1.373800000000e-06	1.072320664032e-09	1.679689250863e-09	6.401131455106e-10
1.374000000000e-06	1.049295168041e-09	1.620767918562e-09	6.794923685736e-10
1.374200000000e-06	1.174545052613e-09	1.893231609710e-09	6.909989932266e-10
1.374400000000e-06	1.059514384628e-09	1.768278608134e-09	5.744253206985e-10
1.374600000000e-06	1.125108793292e-09	1.765768887489e-09	7.130434034174e-10
1.374800000000e-06	1.050091174690e-09	1.599664642163e-09	7.162712854267e-10
1.375000000000e-06	1.071872516557e-09	1.793352342784e-09	5.317165463142e-10
1.375200000000e-06	1.049673032533e-09	1.703902513754e-09	5.958203613853e-10
1.375400000000e-06	1.035581793375e-09	1.594126202244e-09	6.453056978834e-10
1.375600000000e-06	1.036699194941e-09	1.664513759381e-09	6.045285039619e-10
1.375800000000e-06	1.109107868646e-09	1.876600616647e-09	5.320870563374e-10
1.376000000000e-06	1.123771964550e-09	1.795083835039e-09	6.489956446232e-10
1.376200000000e-06	1.088383989423e-09	1.747373657899e-09	6.609918930520e-10
1.376400000000e-06	1.016109747825e-09	1.638596187478e-09	5.907230397278e-10
1.376600000000e-06	1.057113946043e-09	1.616250404105e-09	7.393685374492e-10
1.376800000000e-06	9.996601282011e-10	1.694167513189e-09	4.624068847012e-10
1.377000000000e-06	1.004126430873e-09	1.611677123788e-09	5.859827105782e-10
1.377200000000e-06	1.115859606488e-09	1.783407353293e-09	6.253279376777e-10
1.377400000000e-06	1.080372123510e-09	1.716895024695e-09	6.336556243074e-10
1.377600000000e-06	1.054065365649e-09	1.610696477737e-09	7.111986013818e-10
1.377800000000e-06	1.059804527889e-09	1.699142005995e-09	6.078569304515e-10
1.378000000000e-06	1.042578966938e-09	1.673615501030e-09	6.199780584224e-10
1.378200000000e-06	1.110756813239e-09	1.666139644773e-09	7.911535746751e-10
1.378400000000e-06	1.039184888886e-09	1.699010177749e-09	5.562358980344e-10
1.378600000000e-06	9.970218038417e-10	1.630817669162e-09	5.473648770857e-10
1.378800000000e-06	1.054962008307e-09	1.597616889248e-09	7.300994024112e-10
1.379000000000e-06	1.126272977960e-09	1.721460178471e-09	7.611375949426e-10
1.379200000000e-06	1.057025495229e-09	1.667089807348e-09	6.434171382416e-10
1.379400000000e-06	1.073762881313e-09	1.626388098207e-09	7.315595911983e-10
1.379600000000e-06	1.030980430562e-09	1.650549757594e-09	5.681061032206e-10
1.379800000000e-06	1.041042425608e-09	1.689679187828e-09	5.845373165618e-10
1.380000000000e-06	1.092369435255e-09	1.811411649099e-09	5.878226613583e-10
1.380200000000e-06	1.027923110514e-09	1.713848811117e-09	5.120850203925e-10
1.380400000000e-06	1.048656952092e-09	1.686897406758e-09	5.886682325093e-10
1.380600000000e-06	9.472854095555e-10	1.500780071862e-09	5.325110307736e-10
1.380800000000e-06	9.423136986655e-10	1.518816212081e-09	5.251890301342e-10
1.381000000000e-06	1.023614885008e-09	1.638764243325e-09	5.763175133739e-10
1.381200000000e-06	1.000455741296e-09	1.627943232828e-09	5.961021524612e-10
1.381400000000e-06	9.001220289226e-10	1.550289198960e-09	4.272141772701e-10
1.381600000000e-06	1.028549160834e-09	1.631099211823e-09	6.142568641895e-10
1.381800000000e-06	1.039003903560e-09	1.590087108913e-09	6.782921933166e-10
1.382000000000e-06	9.482253685579e-10	1.540379221902e-09	5.280082604133e-10
1.382200000000e-06	1.020462867263e-09	1.597708912858e-09	6.402199075315e-10
1.382400000000e-06	8.677626300599e-10	1.284166892309e-09	6.272725285080e-10
1.382600000000e-06	1.010386846086e-09	1.560683366112e-09	6.735148505565e-10
1.382800000000e-06	9.507633315273e-10	1.496397101521e-09	5.718619079371e-10
1.383000000000e-06	1.042634923069e-09	1.636900932394e-09	6.356283081997e-10
1.383200000000e-06	9.667130599718e-10	1.586325497656e-09	5.374782371184e-10
1.383400000000e-06	1.081039896989e-09	1.720584834473e-09	6.575076012561e-10
1.383600000000e-06	9.345457943229e-10	1.519681749784e-09	5.116440968576e-10
1.383800000000e-06	9.335463831793e-10	1.415488249026e-09	6.400025124925e-10
1.384000000000e-06	9.962275185345e-10	1.564094377072e-09	6.153949791711e-10
1.384200000000e-06	9.312663499154e-10	1.615330807751e-09	4.367320886065e-10
1.384400000000e-06	9.745186727253e-10	1.522809523831e-09	6.223187944421e-10
1.384600000000e-06	9.650914980312e-10	1.530098212817e-09	5.896657762107e-10
1.384800000000e-06	9.620764270089e-10	1.484994512279e-09	6.252060704340e-10
1.385000000000e-06	9.260993255503e-10	1.477405369758e-09	5.549724991645e-10
1.385200000000e-06	9.761166361081e-10	1.541529431537e-09	5.884392473183e-10
1.385400000000e-06	1.011169337343e-09	1.558459014469e-09	6.868068591430e-10
1.385600000000e-06	9.687381271930e-10	1.516579169810e-09	6.062328608001e-10
1.385800000000e-06	1.034222317911e-09	1.615011414503e-09	6.696447552410e-10
1.386000000000e-06	9.262709022702e-10	1.513712237762e-09	4.820093734034e-10
1.386200000000e-06	9.456297487871e-10	1.432427616883e-09	6.240209787660e-10
1.386400000000e-06	9.121614515755e-10	1.468050967188e-09	5.121169556557e-10
1.386600000000e-06	9.661514435470e-10	1.506932254842e-09	6.000147218323e-10
1.386800000000e-06	9.567922104373e-10	1.436540141589e-09	6.539684057107e-10
1.387000000000e-06	9.283052122891e-10	1.428888266423e-09	6.016578589403e-10
1.387200000000e-06	9.423121636234e-10	1.524304065573e-09	5.394937746925e-10
1.387400000000e-06	9.610436996763e-10	1.516294516385e-09	5.683832361588e-10
1.387600000000e-06	8.810004290576e-10	1.449648005146e-09	4.784127942946e-10
1.387800000000e-06	9.125293287616e-10	1.450218630060e-09	5.787627118275e-10
1.388000000000e-06	9.190768282801e-10	1.490407830996e-09	5.261670120737e-10
1.388200000000e-06	9.130208775727e-10	1.553138142322e-09	4.521505417581e-10
1.388400000000e-06	9.084697822738e-10	1.441872375169e-09	5.464615162805e-10
1.388600000000e-06	9.112234777112e-10	1.321952847861e-09	6.859221586355e-10
1.388800000000e-06	8.678922496712e-10	1.452227998119e-09	4.177421766409e-10
1.389000000000e-06	9.514136969296e-10	1.514338308290e-09	5.471433512324e-10
1.389200000000e-06	9.302471304702e-10	1.398549872893e-09	5.991206386881e-10
1.389400000000e-06	8.679954889750e-10	1.402187924249e-09	5.474662062108e-10
1.389600000000e-06	8.925629920459e-10	1.469383562511e-09	4.499579777698e-10
1.389800000000e-06	8.991082036316e-10	1.352019331584e-09	6.477542393480e-10
1.390000000000e-06	8.824333503333e-10	1.351980187400e-09	5.457202904748e-10
1.390200000000e-06	8.190686110455e-10	1.329547730225e-09	4.773674618002e-10
1.390400000000e-06	9.199968768613e-10	1.444971065951e-09	5.722427833291e-10
1.390600000000e-06	8.886758601787e-10	1.443597096254e-09	4.498481181472e-10
1.390800000000e-06	8.330604203097e-10	1.338001243342e-09	4.859223045994e-10
1.391000000000e-06	8.852825921470e-10	1.415167152867e-09	4.996083804551e-10
1.391200000000e-06	7.836330052159e-10	1.224673125500e-09	5.123327471509e-10
1.391400000000e-06	8.756424754366e-10	1.341650779801e-09	5.641472412341e-10
1.391600000000e-06	8.524041960448e-10	1.324398558122e-09	5.798299090022e-10
1.391800000000e-06	8.955954404929e-10	1.400252845714e-09	5.604925960423e-10
1.392000000000e-06	8.297346843793e-10	1.393709732342e-09	4.254183062309e-10
1.392200000000e-06	8.725709550741e-10	1.406879955109e-09	5.305904880108e-10
1.392400000000e-06	8.835265165630e-10	1.354251494791e-09	5.601012315916e-10
1.392600000000e-06	8.716352504597e-10	1.414421346458e-09	4.910869230856e-10
1.392800000000e-06	8.664468406198e-10	1.418952991207e-09	4.745399773660e-10
1.393000000000e-06	9.035701104254e-10	1.358968565103e-09	6.346749140030e-10
1.393200000000e-06	8.529609299849e-10	1.362811395868e-09	4.982348780458e-10
1.393400000000e-06	8.543274856361e-10	1.342424301850e-09	5.538203672297e-10
1.393600000000e-06	8.683123398703e-10	1.365145416400e-09	5.478476080920e-10
1.393800000000e-06	8.547914573174e-10	1.452876237709e-09	4.138455507942e-10
1.394000000000e-06	8.622105935453e-10	1.334179972203e-09	5.527448347126e-10
1.394200000000e-06	8.172998388170e-10	1.348008479617e-09	4.416523883573e-10
1.394400000000e-06	7.720885652348e-10	1.248471174752e-09	4.394570755228e-10
1.394600000000e-06	8.124223566050e-10	1.318180018215e-09	5.026896985798e-10
1.394800000000e-06	8.592888774834e-10	1.334573046359e-09	5.745218811376e-10
1.395000000000e-06	8.914083059974e-10	1.467912936854e-09	4.638761124845e-10
1.395200000000e-06	8.005104290928e-10	1.271673814068e-09	4.970857911280e-10
1.395400000000e-06	8.886293480394e-10	1.304199161046e-09	6.526311808262e-10
1.395600000000e-06	8.634399596051e-10	1.333104717090e-09	5.703476243341e-10
1.395800000000e-06	7.399276944455e-10	1.248337292138e-09	3.461667717868e-10
1.396000000000e-06	8.257729684697e-10	1.274816367428e-09	5.135182071405e-10
1.396200000000e-06	8.471472066590e-10	1.268438548396e-09	5.965613157677e-10
1.396400000000e-06	8.157784215756e-10	1.244567695399e-09	5.445051444979e-10
1.396600000000e-06	8.101013558519e-10	1.286309725189e-09	4.878394374067e-10
1.396800000000e-06	8.622858676324e-10	1.389689874777e-09	4.912564360070e-10
1.397000000000e-06	8.219135676154e-10	1.341217277832e-09	4.575670087170e-10
1.397200000000e-06	8.017801802937e-10	1.273026726000e-09	4.662421822397e-10
1.397400000000e-06	7.568220709180e-10	1.262874066383e-09	3.916412073565e-10
1.397600000000e-06	7.964422194336e-10	1.272940950099e-09	4.942589373269e-10
1.397800000000e-06	8.576726928756e-10	1.306934484176e-09	5.634137401460e-10
1.398000000000e-06	8.587119223961e-10	1.387729856436e-09	4.874488739923e-10
1.398200000000e-06	8.233260174516e-10	1.236527527461e-09	5.734781170253e-10
1.398400000000e-06	8.801433920750e-10	1.288958830771e-09	6.567869948067e-10
1.398600000000e-06	8.164228361194e-10	1.333940565926e-09	4.712496178176e-10
1.398800000000e-06	7.651290168187e-10	1.206336732891e-09	4.631472545153e-10
1.399000000000e-06	8.825692090012e-10	1.299253281228e-09	6.491835869949e-10
