-9.462400000000e-06	0.000000000000e+00	0.000000000000e+00	0.000000000000e+00
-9.462200000000e-06	0.000000000000e+00	0.000000000000e+00	0.000000000000e+00
-9.462000000000e-06	0.000000000000e+00	0.000000000000e+00	0.000000000000e+00
-9.461800000000e-06	0.000000000000e+00	0.000000000000e+00	0.000000000000e+00
-9.461600000000e-06	0.000000000000e+00	0.000000000000e+00	0.000000000000e+00
-9.461400000000e-06	0.000000000000e+00	0.000000000000e+00	0.000000000000e+00
-9.461200000000e-06	0.000000000000e+00	0.000000000000e+00	0.000000000000e+00
-9.461000000000e-06	0.000000000000e+00	0.000000000000e+00	0.000000000000e+00
-9.460800000000e-06	0.000000000000e+00	0.000000000000e+00	0.000000000000e+00
-9.460600000000e-06	0.000000000000e+00	0.000000000000e+00	0.000000000000e+00
-9.460400000000e-06	0.000000000000e+00	0.000000000000e+00	0.000000000000e+00
-9.460200000000e-06	0.000000000000e+00	0.000000000000e+00	0.000000000000e+00
-9.460000000000e-06	0.000000000000e+00	0.000000000000e+00	0.000000000000e+00
-9.459800000000e-06	0.000000000000e+00	0.000000000000e+00	0.000000000000e+00
-9.459600000000e-06	0.000000000000e+00	0.000000000000e+00	0.000000000000e+00
-9.459400000000e-06	0.000000000000e+00	0.000000000000e+00	0.000000000000e+00
-9.459200000000e-06	0.000000000000e+00	0.000000000000e+00	0.000000000000e+00
-9.459000000000e-06	0.000000000000e+00	0.000000000000e+00	0.000000000000e+00
-9.458800000000e-06	0.000000000000e+00	0.000000000000e+00	0.000000000000e+00
-9.458600000000e-06	0.000000000000e+00	0.000000000000e+00	0.000000000000e+00
-9.458400000000e-06	0.000000000000e+00	0.000000000000e+00	0.000000000000e+00
-9.458200000000e-06	0.000000000000e+00	0.000000000000e+00	0.000000000000e+00
-9.458000000000e-06	0.000000000000e+00	0.000000000000e+00	0.000000000000e+00
-9.457800000000e-06	0.000000000000e+00	0.000000000000e+00	0.000000000000e+00
-9.457600000000e-06	0.000000000000e+00	0.000000000000e+00	0.000000000000e+00
-9.457400000000e-06	0.000000000000e+00	0.000000000000e+00	0.000000000000e+00
-9.457200000000e-06	0.000000000000e+00	0.000000000000e+00	0.000000000000e+00
-9.457000000000e-06	0.000000000000e+00	0.000000000000e+00	0.000000000000e+00
-9.456800000000e-06	0.000000000000e+00	0.000000000000e+00	0.000000000000e+00
-9.456600000000e-06	0.000000000000e+00	0.000000000000e+00	0.000000000000e+00
-9.456400000000e-06	0.000000000000e+00	0.000000000000e+00	0.000000000000e+00
-9.456200000000e-06	0.000000000000e+00	0.000000000000e+00	0.000000000000e+00
-9.456000000000e-06	0.000000000000e+00	0.000000000000e+00	0.000000000000e+00
-9.455800000000e-06	0.000000000000e+00	0.000000000000e+00	0.000000000000e+00
-9.455600000000e-06	0.000000000000e+00	0.000000000000e+00	0.000000000000e+00
-9.455400000000e-06	0.000000000000e+00	0.000000000000e+00	0.000000000000e+00
-9.455200000000e-06	0.000000000000e+00	0.000000000000e+00	0.000000000000e+00
-9.455000000000e-06	0.000000000000e+00	0.000000000000e+00	0.000000000000e+00
-9.454800000000e-06	0.000000000000e+00	0.000000000000e+00	0.000000000000e+00
-9.454600000000e-06	0.000000000000e+00	0.000000000000e+00	0.000000000000e+00
-9.454400000000e-06	0.000000000000e+00	0.000000000000e+00	0.000000000000e+00
-9.454200000000e-06	0.000000000000e+00	0.000000000000e+00	0.000000000000e+00
-9.454000000000e-06	0.000000000000e+00	0.000000000000e+00	0.000000000000e+00
-9.453800000000e-06	0.000000000000e+00	0.000000000000e+00	0.000000000000e+00
-9.453600000000e-06	0.000000000000e+00	0.000000000000e+00	0.000000000000e+00
-9.453400000000e-06	0.000000000000e+00	0.000000000000e+00	0.000000000000e+00
-9.453200000000e-06	0.000000000000e+00	0.000000000000e+00	0.000000000000e+00
-9.453000000000e-06	0.000000000000e+00	0.000000000000e+00	0.000000000000e+00
-9.452800000000e-06	0.000000000000e+00	0.000000000000e+00	0.000000000000e+00
-9.452600000000e-06	0.000000000000e+00	0.000000000000e+00	0.000000000000e+00
-9.452400000000e-06	0.000000000000e+00	0.000000000000e+00	0.000000000000e+00
-9.452200000000e-06	0.000000000000e+00	0.000000000000e+00	0.000000000000e+00
-9.452000000000e-06	0.000000000000e+00	0.000000000000e+00	0.000000000000e+00
-9.451800000000e-06	0.000000000000e+00	0.000000000000e+00	0.000000000000e+00
-9.451600000000e-06	0.000000000000e+00	0.000000000000e+00	0.000000000000e+00
-9.451400000000e-06	0.000000000000e+00	0.000000000000e+00	0.000000000000e+00
-9.451200000000e-06	0.000000000000e+00	0.000000000000e+00	0.000000000000e+00
-9.451000000000e-06	0.000000000000e+00	0.000000000000e+00	0.000000000000e+00
-9.450800000000e-06	0.000000000000e+00	0.000000000000e+00	0.000000000000e+00
-9.450600000000e-06	0.000000000000e+00	0.000000000000e+00	0.000000000000e+00
-9.450400000000e-06	0.000000000000e+00	0.000000000000e+00	0.000000000000e+00
-9.450200000000e-06	0.000000000000e+00	0.000000000000e+00	0.000000000000e+00
-9.450000000000e-06	0.000000000000e+00	0.000000000000e+00	0.000000000000e+00
-9.449800000000e-06	0.000000000000e+00	0.000000000000e+00	0.000000000000e+00
-9.449600000000e-06	0.000000000000e+00	0.000000000000e+00	0.000000000000e+00
-9.449400000000e-06	0.000000000000e+00	0.000000000000e+00	0.000000000000e+00
-9.449200000000e-06	0.000000000000e+00	0.000000000000e+00	0.000000000000e+00
-9.449000000000e-06	0.000000000000e+00	0.000000000000e+00	0.000000000000e+00
-9.448800000000e-06	0.000000000000e+00	0.000000000000e+00	0.000000000000e+00
-9.448600000000e-06	0.000000000000e+00	0.000000000000e+00	0.000000000000e+00
-9.448400000000e-06	0.000000000000e+00	0.000000000000e+00	0.000000000000e+00
-9.448200000000e-06	0.000000000000e+00	0.000000000000e+00	0.000000000000e+00
-9.448000000000e-06	0.000000000000e+00	0.000000000000e+00	0.000000000000e+00
-9.447800000000e-06	0.000000000000e+00	0.000000000000e+00	0.000000000000e+00
-9.447600000000e-06	0.000000000000e+00	0.000000000000e+00	0.000000000000e+00
-9.447400000000e-06	0.000000000000e+00	0.000000000000e+00	0.000000000000e+00
-9.447200000000e-06	0.000000000000e+00	0.000000000000e+00	0.000000000000e+00
-9.447000000000e-06	0.000000000000e+00	0.000000000000e+00	0.000000000000e+00
-9.446800000000e-06	0.000000000000e+00	0.000000000000e+00	0.000000000000e+00
-9.446600000000e-06	0.000000000000e+00	0.000000000000e+00	0.000000000000e+00
-9.446400000000e-06	0.000000000000e+00	0.000000000000e+00	0.000000000000e+00
-9.446200000000e-06	0.000000000000e+00	0.000000000000e+00	0.000000000000e+00
-9.446000000000e-06	0.000000000000e+00	0.000000000000e+00	0.000000000000e+00
-9.445800000000e-06	0.000000000000e+00	0.000000000000e+00	0.000000000000e+00
-9.445600000000e-06	0.000000000000e+00	0.000000000000e+00	0.000000000000e+00
-9.445400000000e-06	0.000000000000e+00	0.000000000000e+00	0.000000000000e+00
-9.445200000000e-06	0.000000000000e+00	0.000000000000e+00	0.000000000000e+00
-9.445000000000e-06	0.000000000000e+00	0.000000000000e+00	0.000000000000e+00
-9.444800000000e-06	0.000000000000e+00	0.000000000000e+00	0.000000000000e+00
-9.444600000000e-06	0.000000000000e+00	0.000000000000e+00	0.000000000000e+00
-9.444400000000e-06	0.000000000000e+00	0.000000000000e+00	0.000000000000e+00
-9.444200000000e-06	0.000000000000e+00	0.000000000000e+00	0.000000000000e+00
-9.444000000000e-06	0.000000000000e+00	0.000000000000e+00	0.000000000000e+00
-9.443800000000e-06	0.000000000000e+00	0.000000000000e+00	0.000000000000e+00
-9.443600000000e-06	0.000000000000e+00	0.000000000000e+00	0.000000000000e+00
-9.443400000000e-06	0.000000000000e+00	0.000000000000e+00	0.000000000000e+00
-9.443200000000e-06	0.000000000000e+00	0.000000000000e+00	0.000000000000e+00
-9.443000000000e-06	0.000000000000e+00	0.000000000000e+00	0.000000000000e+00
-9.442800000000e-06	0.000000000000e+00	0.000000000000e+00	0.000000000000e+00
-9.442600000000e-06	0.000000000000e+00	0.000000000000e+00	0.000000000000e+00
-9.442400000000e-06	0.000000000000e+00	0.000000000000e+00	0.000000000000e+00
-9.442200000000e-06	0.000000000000e+00	0.000000000000e+00	0.000000000000e+00
-9.442000000000e-06	0.000000000000e+00	0.000000000000e+00	0.000000000000e+00
-9.441800000000e-06	0.000000000000e+00	0.000000000000e+00	0.000000000000e+00
-9.441600000000e-06	0.000000000000e+00	0.000000000000e+00	0.000000000000e+00
-9.441400000000e-06	0.000000000000e+00	0.000000000000e+00	0.000000000000e+00
-9.441200000000e-06	0.000000000000e+00	0.000000000000e+00	0.000000000000e+00
-9.441000000000e-06	0.000000000000e+00	0.000000000000e+00	0.000000000000e+00
-9.440800000000e-06	0.000000000000e+00	0.000000000000e+00	0.000000000000e+00
-9.440600000000e-06	0.000000000000e+00	0.000000000000e+00	0.000000000000e+00
-9.440400000000e-06	0.000000000000e+00	0.000000000000e+00	0.000000000000e+00
-9.440200000000e-06	0.000000000000e+00	0.000000000000e+00	0.000000000000e+00
-9.440000000000e-06	0.000000000000e+00	0.000000000000e+00	0.000000000000e+00
-9.439800000000e-06	0.000000000000e+00	0.000000000000e+00	0.000000000000e+00
-9.439600000000e-06	0.000000000000e+00	0.000000000000e+00	0.000000000000e+00
-9.439400000000e-06	0.000000000000e+00	0.000000000000e+00	0.000000000000e+00
-9.439200000000e-06	0.000000000000e+00	0.000000000000e+00	0.000000000000e+00
-9.439000000000e-06	0.000000000000e+00	0.000000000000e+00	0.000000000000e+00
-9.438800000000e-06	0.000000000000e+00	0.000000000000e+00	0.000000000000e+00
-9.438600000000e-06	0.000000000000e+00	0.000000000000e+00	0.000000000000e+00
-9.438400000000e-06	0.000000000000e+00	0.000000000000e+00	0.000000000000e+00
-9.438200000000e-06	0.000000000000e+00	0.000000000000e+00	0.000000000000e+00
-9.438000000000e-06	0.000000000000e+00	0.000000000000e+00	0.000000000000e+00
-9.437800000000e-06	0.000000000000e+00	0.000000000000e+00	0.000000000000e+00
-9.437600000000e-06	0.000000000000e+00	0.000000000000e+00	0.000000000000e+00
-9.437400000000e-06	0.000000000000e+00	0.000000000000e+00	0.000000000000e+00
-9.437200000000e-06	0.000000000000e+00	0.000000000000e+00	0.000000000000e+00
-9.437000000000e-06	0.000000000000e+00	0.000000000000e+00	0.000000000000e+00
-9.436800000000e-06	0.000000000000e+00	0.000000000000e+00	0.000000000000e+00
-9.436600000000e-06	0.000000000000e+00	0.000000000000e+00	0.000000000000e+00
-9.436400000000e-06	0.000000000000e+00	0.000000000000e+00	0.000000000000e+00
-9.436200000000e-06	0.000000000000e+00	0.000000000000e+00	0.000000000000e+00
-9.436000000000e-06	0.000000000000e+00	0.000000000000e+00	0.000000000000e+00
-9.435800000000e-06	0.000000000000e+00	0.000000000000e+00	0.000000000000e+00
-9.435600000000e-06	0.000000000000e+00	0.000000000000e+00	0.000000000000e+00
-9.435400000000e-06	0.000000000000e+00	0.000000000000e+00	0.000000000000e+00
-9.435200000000e-06	1.049870570479e-17	6.220396278720e-18	1.669343149385e-17
-9.435000000000e-06	-1.022393216818e-17	-5.804856207888e-18	-1.654050231535e-17
-9.434800000000e-06	5.257546468030e-17	3.028672787451e-17	8.449377216160e-17
-9.434600000000e-06	-1.143869840210e-15	-6.174332153839e-16	-1.884240781071e-15
-9.434400000000e-06	6.909318030639e-17	4.026666528097e-17	1.110975165546e-16
-9.434200000000e-06	-4.697855920561e-15	-1.090901927976e-14	1.593421828378e-15
-9.434000000000e-06	4.040858500687e-15	-5.901573633174e-15	1.566403492287e-14
-9.433800000000e-06	3.829399896311e-16	4.224831452091e-15	-3.839762011950e-15
-9.433600000000e-06	9.437303390308e-16	3.558370184290e-15	-1.840329931244e-15
-9.433400000000e-06	1.181920726672e-14	4.104756908110e-15	2.191427188245e-14
-9.433200000000e-06	1.714906602643e-15	-6.090486446555e-14	7.044174623226e-14
-9.433000000000e-06	-9.660913105320e-14	-1.170760348615e-13	-8.673589826679e-14
-9.432800000000e-06	-8.288682710562e-14	-7.165167999961e-14	-1.067061807122e-13
-9.432600000000e-06	-7.244917646493e-15	-2.836073512929e-14	1.533171272481e-14
-9.432400000000e-06	2.201580100654e-15	8.183067711520e-15	-4.182761222760e-15
-9.432200000000e-06	4.212410120024e-14	-1.527805126510e-14	1.110486835738e-13
-9.432000000000e-06	-1.584075941952e-13	-1.497043867799e-13	-1.895020770677e-13
-9.431800000000e-06	-8.947577888288e-14	-1.056499011401e-14	-1.873153417183e-13
-9.431600000000e-06	-1.692756669398e-13	-1.006024482892e-13	-2.647071188730e-13
-9.431400000000e-06	-9.280985871694e-13	-1.157660583666e-12	-8.091170203117e-13
-9.431200000000e-06	1.841183118974e-13	-8.939931912022e-13	1.370809914844e-12
-9.431000000000e-06	4.717804136305e-14	3.878984713319e-13	-3.125378101559e-13
-9.430800000000e-06	-1.516368725282e-13	3.839961768000e-13	-7.470142044814e-13
-9.430600000000e-06	3.151925812179e-13	4.395723149355e-13	2.202481651176e-13
-9.430400000000e-06	-2.957801716896e-13	-1.318278294070e-12	7.898060573718e-13
-9.430200000000e-06	-6.022317454341e-13	-2.027163688051e-13	-1.111064945393e-12
-9.430000000000e-06	-3.864805839481e-13	-1.719322584231e-12	1.031540364417e-12
-9.429800000000e-06	-6.973951685530e-13	-2.684884654090e-12	1.402049211508e-12
-9.429600000000e-06	3.002682033049e-13	1.628655807891e-12	-1.125931183889e-12
-9.429400000000e-06	5.196443763715e-13	5.621718650465e-13	5.473250892228e-13
-9.429200000000e-06	-1.900443928586e-13	-2.865610750868e-13	-1.098555311231e-13
-9.429000000000e-06	-4.212366364665e-13	-2.442871380486e-13	-6.710700517008e-13
-9.428800000000e-06	-4.329066712509e-13	-2.219219471195e-13	-7.224019208755e-13
-9.428600000000e-06	1.141224509877e-12	-2.791289433228e-14	2.583598173806e-12
-9.428400000000e-06	-2.315934379712e-12	-4.712865960927e-12	4.286521429903e-14
-9.428200000000e-06	-4.901176404662e-13	5.759389611019e-14	-1.159727577793e-12
-9.428000000000e-06	-7.134681082898e-14	1.149427884153e-13	-2.823291591548e-13
-9.427800000000e-06	4.997036686650e-13	3.345806276518e-13	7.548401139009e-13
-9.427600000000e-06	-6.001413659299e-13	-1.659429391766e-12	4.914741122637e-13
-9.427400000000e-06	2.729433268417e-13	-1.196043015126e-12	1.918286370032e-12
-9.427200000000e-06	-8.774841711324e-13	-3.608268099829e-12	2.026550112576e-12
-9.427000000000e-06	-1.715359470947e-12	-2.639849124274e-12	-9.161159327143e-13
-9.426800000000e-06	-1.222207207773e-12	-9.563817495842e-13	-1.655971839399e-12
-9.426600000000e-06	-1.598214183567e-12	-3.810405057716e-12	6.466486036961e-13
-9.426400000000e-06	-3.596232209590e-12	-5.509483835725e-12	-1.912089421568e-12
-9.426200000000e-06	8.341287548142e-13	7.975323901479e-13	9.662547329230e-13
-9.426000000000e-06	-1.877447655984e-12	-4.191874951996e-12	4.418460565336e-13
-9.425800000000e-06	-1.912710998624e-12	-3.949043061351e-13	-3.797767921217e-12
-9.425600000000e-06	-1.073998810859e-12	-2.266839995676e-12	1.184159858166e-13
-9.425400000000e-06	7.434872283926e-14	9.944365382602e-13	-9.371168820733e-13
-9.425200000000e-06	-2.389930468883e-12	-5.977466227210e-12	1.262714326771e-12
-9.425000000000e-06	-6.508214732818e-13	-1.866051053427e-12	6.304759361101e-13
-9.424800000000e-06	-1.294067162131e-12	-2.058827193200e-12	-6.195355152336e-13
-9.424600000000e-06	-1.444935262642e-12	-3.756724941905e-12	9.148690221036e-13
-9.424400000000e-06	-2.845308810199e-12	-4.115305747108e-12	-1.747214015036e-12
-9.424200000000e-06	-4.267364791902e-12	-7.294151628269e-12	-1.369516351018e-12
-9.424000000000e-06	-1.282977774568e-12	-3.543040089246e-12	1.092623158734e-12
-9.423800000000e-06	-5.168962316901e-12	-8.851835381763e-12	-1.370503827518e-12
-9.423600000000e-06	-8.237100411239e-12	-8.570440525310e-12	-8.910914084546e-12
-9.423400000000e-06	-2.246253737715e-12	-5.027111038400e-12	5.337287710967e-13
-9.423200000000e-06	-3.664619839200e-12	-5.973761092541e-12	-1.563844800516e-12
-9.423000000000e-06	-5.412147905507e-12	-8.443668361704e-12	-2.658019337746e-12
-9.422800000000e-06	-7.747749875886e-13	-4.267039008213e-12	2.961479750505e-12
-9.422600000000e-06	-8.748759012370e-12	-1.691569770674e-11	-6.993264429197e-13
-9.422400000000e-06	-4.514015360521e-12	-4.339452611919e-12	-5.159073641477e-12
-9.422200000000e-06	-3.600633958706e-12	-6.229535695176e-12	-1.130182703641e-12
-9.422000000000e-06	-7.256914889089e-12	-1.194609006718e-11	-2.930685107124e-12
-9.421800000000e-06	-1.910917795135e-12	-7.552072324395e-12	4.029178021991e-12
-9.421600000000e-06	-5.863836370104e-12	-9.387033467253e-12	-2.583661288588e-12
-9.421400000000e-06	-7.846178546937e-12	-1.143033992440e-11	-4.780283736429e-12
-9.421200000000e-06	-6.297963848708e-12	-1.384724423069e-11	1.283763510586e-12
-9.421000000000e-06	-4.969917047780e-12	-9.240880875055e-12	-8.934152007281e-13
-9.420800000000e-06	-1.309760887254e-11	-1.471775273782e-11	-1.270380592198e-11
-9.420600000000e-06	-6.055285598218e-12	-7.336439844785e-12	-5.269815469484e-12
-9.420400000000e-06	-1.554235125934e-11	-2.688173939055e-11	-4.699102862766e-12
-9.420200000000e-06	-7.749432868447e-12	-9.610059044309e-12	-6.525638401654e-12
-9.420000000000e-06	-1.989166202843e-11	-2.619341838619e-11	-1.496586074283e-11
-9.419800000000e-06	-1.202793622156e-12	-1.235045171714e-11	1.084149108962e-11
-9.419600000000e-06	-3.175502633208e-12	-1.767431146713e-11	1.235089238861e-11
-9.419400000000e-06	-5.986513579947e-12	-9.676760712434e-12	-2.490511129390e-12
-9.419200000000e-06	-1.992998474416e-11	-3.500588065382e-11	-5.403246378647e-12
-9.419000000000e-06	-1.394297049222e-11	-2.338123582990e-11	-4.930278397382e-12
-9.418800000000e-06	-1.156718865054e-11	-2.139612597051e-11	-1.991276361631e-12
-9.418600000000e-06	-1.763291465153e-11	-2.341497523481e-11	-1.303852562613e-11
-9.418400000000e-06	-2.015085219743e-11	-2.536984913363e-11	-1.644705668461e-11
-9.418200000000e-06	-1.489400137016e-11	-3.702373492415e-11	7.832584647619e-12
-9.418000000000e-06	-1.565133727439e-11	-2.936355239712e-11	-2.159627197685e-12
-9.417800000000e-06	-1.777610376070e-11	-3.420835895320e-11	-1.556143809040e-12
-9.417600000000e-06	-1.930880383548e-11	-3.007189837225e-11	-9.451112354771e-12
-9.417400000000e-06	-2.169820646070e-11	-4.669253334531e-11	3.557974527198e-12
-9.417200000000e-06	-2.181313218952e-11	-4.533034684005e-11	1.764047671717e-12
-9.417000000000e-06	-3.308798415156e-11	-5.057460830820e-11	-1.719238993950e-11
-9.416800000000e-06	-2.001469520281e-11	-5.895329194128e-11	2.056274629003e-11
-9.416600000000e-06	-3.525717429438e-11	-6.062346562289e-11	-1.098033784248e-11
-9.416400000000e-06	-3.438382886836e-11	-5.969047189889e-11	-9.858512119353e-12
-9.416200000000e-06	-3.190884446783e-11	-4.104404681898e-11	-2.483917303526e-11
-9.416000000000e-06	-4.655602449290e-11	-5.632142493257e-11	-4.019250240079e-11
-9.415800000000e-06	-3.518861044868e-11	-5.181609470654e-11	-2.054984711358e-11
-9.415600000000e-06	-4.313928451657e-11	-5.457788817205e-11	-3.485889563304e-11
-9.415400000000e-06	-3.044859378732e-11	-6.837338087948e-11	8.100029887989e-12
-9.415200000000e-06	-3.400852434725e-11	-5.354558536593e-11	-1.592838937366e-11
-9.415000000000e-06	-4.116145036172e-11	-8.940896084581e-11	7.761769586028e-12
-9.414800000000e-06	-2.064063574290e-11	-6.082628324848e-11	2.137263342423e-11
-9.414600000000e-06	-5.150678192888e-11	-7.053709286140e-11	-3.553365816854e-11
-9.414400000000e-06	-2.734893051570e-11	-7.043320447290e-11	1.728132855158e-11
-9.414200000000e-06	-4.309148547742e-11	-8.364465048260e-11	-2.845051691651e-12
-9.414000000000e-06	-5.899032643385e-11	-1.015819478949e-10	-1.787392476976e-11
-9.413800000000e-06	-6.194539399390e-11	-1.050766042954e-10	-2.051959769070e-11
-9.413600000000e-06	-4.447914042658e-11	-6.604730323098e-11	-2.484238628916e-11
-9.413400000000e-06	-7.874200552817e-11	-1.151854455496e-10	-4.600036821623e-11
-9.413200000000e-06	-7.082700401420e-11	-8.818552630208e-11	-5.799855697939e-11
-9.413000000000e-06	-3.902929734134e-11	-8.685694948049e-11	9.691852546540e-12
-9.412800000000e-06	-5.566412923510e-11	-9.530579056503e-11	-1.729103230236e-11
-9.412600000000e-06	-7.117247250831e-11	-1.212508927281e-10	-2.261609033221e-11
-9.412400000000e-06	-7.183997172407e-11	-1.231564200442e-10	-2.218274344651e-11
-9.412200000000e-06	-8.217959257126e-11	-1.532926451629e-10	-1.193961227824e-11
-9.412000000000e-06	-9.686905691997e-11	-1.419480452940e-10	-5.585719835437e-11
-9.411800000000e-06	-5.928058828062e-11	-1.439147181996e-10	2.823960307063e-11
-9.411600000000e-06	-9.403146665606e-11	-1.433204102720e-10	-4.827044527774e-11
-9.411400000000e-06	-7.727644276555e-11	-1.211601163157e-10	-3.598724814364e-11
-9.411200000000e-06	-7.318668541434e-11	-1.339722022913e-10	-1.322774293255e-11
-9.411000000000e-06	-9.727940940297e-11	-1.745166764075e-10	-2.115485249293e-11
-9.410800000000e-06	-9.710277924813e-11	-1.640191905026e-10	-3.247133595532e-11
-9.410600000000e-06	-8.449497824026e-11	-1.524922082526e-10	-1.747515597743e-11
-9.410400000000e-06	-1.461332194626e-10	-2.286922070723e-10	-6.798180749207e-11
-9.410200000000e-06	-1.291539064891e-10	-1.886589545761e-10	-7.491740246837e-11
-9.410000000000e-06	-1.301966013141e-10	-2.305089654720e-10	-3.156257824060e-11
-9.409800000000e-06	-9.811017206909e-11	-1.637689305579e-10	-3.463062614308e-11
-9.409600000000e-06	-1.918836209999e-10	-2.679472985192e-10	-1.243197018718e-10
-9.409400000000e-06	-1.195536390006e-10	-2.241659432669e-10	-1.534420945318e-11
-9.409200000000e-06	-9.664517478556e-11	-1.825379166559e-10	-1.088182746183e-11
-9.409000000000e-06	-1.105705044002e-10	-1.846624902712e-10	-3.868621263357e-11
-9.408800000000e-06	-1.571666014265e-10	-2.531745306522e-10	-6.491327335384e-11
-9.408600000000e-06	-2.175592955297e-10	-2.835976276012e-10	-1.627270261120e-10
-9.408400000000e-06	-7.860627234238e-11	-1.957941867064e-10	4.292845205528e-11
-9.408200000000e-06	-1.790445017745e-10	-2.717662639935e-10	-9.178552144016e-11
-9.408000000000e-06	-1.156607858925e-10	-2.492004288635e-10	2.034082054355e-11
-9.407800000000e-06	-2.007045571098e-10	-2.831807357346e-10	-1.259760092907e-10
-9.407600000000e-06	-1.502222594600e-10	-3.214153872419e-10	2.417356421050e-11
-9.407400000000e-06	-1.658743562421e-10	-2.538320607190e-10	-8.289647092658e-11
-9.407200000000e-06	-1.759924904356e-10	-2.961643818831e-10	-5.819048398280e-11
-9.407000000000e-06	-2.011834300328e-10	-3.206727532972e-10	-8.608240314055e-11
-9.406800000000e-06	-1.990253940196e-10	-3.452911827680e-10	-5.505819500150e-11
-9.406600000000e-06	-1.725969804349e-10	-2.967388591261e-10	-5.052905359139e-11
-9.406400000000e-06	-2.027116359756e-10	-3.499293110160e-10	-5.778805519840e-11
-9.406200000000e-06	-2.332800942305e-10	-3.897232307534e-10	-8.052076644111e-11
-9.406000000000e-06	-2.578680691603e-10	-3.952897908361e-10	-1.271392363742e-10
-9.405800000000e-06	-2.826591848581e-10	-4.581487104601e-10	-1.119628667537e-10
-9.405600000000e-06	-2.154167383020e-10	-3.947549336025e-10	-3.622745380344e-11
-9.405400000000e-06	-1.684617375445e-10	-3.525510713784e-10	1.891896173890e-11
-9.405200000000e-06	-2.637257142659e-10	-4.418437639349e-10	-8.841961175626e-11
-9.405000000000e-06	-2.307956940543e-10	-3.926596130847e-10	-7.119626827675e-11
-9.404800000000e-06	-2.666631660243e-10	-4.584486762913e-10	-7.766261617797e-11
-9.404600000000e-06	-2.953562954815e-10	-5.358064043714e-10	-5.461541714461e-11
-9.404400000000e-06	-2.686485237017e-10	-4.758475538140e-10	-6.228402102268e-11
-9.404200000000e-06	-2.803254145236e-10	-4.859223421464e-10	-7.661165812611e-11
-9.404000000000e-06	-3.924413702299e-10	-5.801574417868e-10	-2.154011735988e-10
-9.403800000000e-06	-2.646816269591e-10	-4.799784080026e-10	-5.010245493966e-11
-9.403600000000e-06	-3.585009229625e-10	-5.513174814596e-10	-1.726449660442e-10
-9.403400000000e-06	-3.458284834243e-10	-5.718268417925e-10	-1.240850018015e-10
-9.403200000000e-06	-3.038879356194e-10	-5.645734817932e-10	-4.135144470968e-11
-9.403000000000e-06	-3.623264099095e-10	-5.937821093148e-10	-1.353879230462e-10
-9.402800000000e-06	-3.629455358531e-10	-6.262858687638e-10	-1.017697678527e-10
-9.402600000000e-06	-3.801841272968e-10	-6.419227878751e-10	-1.216923377813e-10
-9.402400000000e-06	-3.978749519587e-10	-6.944617295655e-10	-1.020941413617e-10
-9.402200000000e-06	-3.532446729062e-10	-6.847952661350e-10	-1.616801314669e-11
-9.402000000000e-06	-5.167055843279e-10	-7.570416375474e-10	-2.895314241650e-10
-9.401800000000e-06	-4.581501869245e-10	-6.868181079803e-10	-2.387289677956e-10
-9.401600000000e-06	-4.382499688354e-10	-5.547613034816e-10	-3.386475999241e-10
-9.401400000000e-06	-4.244463313771e-10	-7.221176614919e-10	-1.281774077781e-10
-9.401200000000e-06	-3.896729687119e-10	-7.828690994055e-10	1.151744358678e-11
-9.401000000000e-06	-4.482255840368e-10	-6.555431481561e-10	-2.506414527916e-10
-9.400800000000e-06	-5.683895251011e-10	-9.452788595324e-10	-1.953651053359e-10
-9.400600000000e-06	-3.328599291826e-10	-6.277374735373e-10	-3.417672491997e-11
-9.400400000000e-06	-4.265505510362e-10	-8.074546794853e-10	-4.021423127376e-11
-9.400200000000e-06	-5.297975390996e-10	-8.444576411954e-10	-2.204214878862e-10
-9.400000000000e-06	-5.414158033944e-10	-8.908692548753e-10	-1.945015676869e-10
-9.399800000000e-06	-5.845389359354e-10	-9.241606258351e-10	-2.518430549545e-10
-9.399600000000e-06	-5.696710297491e-10	-1.033105027745e-09	-1.022187714618e-10
-9.399400000000e-06	-5.880204829833e-10	-7.865403089835e-10	-4.066581737205e-10
-9.399200000000e-06	-4.982433404277e-10	-9.177242478388e-10	-7.347549358214e-11
-9.399000000000e-06	-6.141526717293e-10	-1.041168396726e-09	-1.877833976365e-10
-9.398800000000e-06	-5.901811101523e-10	-1.022103925934e-09	-1.565068314868e-10
-9.398600000000e-06	-5.862407245833e-10	-9.298573892975e-10	-2.478209311788e-10
-9.398400000000e-06	-5.562417993976e-10	-9.971004363348e-10	-1.109831240759e-10
-9.398200000000e-06	-8.318686391875e-10	-1.137558702360e-09	-5.460565047776e-10
-9.398000000000e-06	-5.433240123852e-10	-1.014748826609e-09	-6.399193264451e-11
-9.397800000000e-06	-6.354653781206e-10	-1.046445243663e-09	-2.250124818559e-10
-9.397600000000e-06	-6.989784059084e-10	-1.169461676757e-09	-2.280966774249e-10
-9.397400000000e-06	-7.010050918758e-10	-1.144286274765e-09	-2.589168567885e-10
-9.397200000000e-06	-6.320076524273e-10	-1.066485015178e-09	-1.968259190367e-10
-9.397000000000e-06	-7.634541478096e-10	-1.330416250598e-09	-1.911382976442e-10
-9.396800000000e-06	-7.419748307654e-10	-1.094443416339e-09	-3.996327155765e-10
-9.396600000000e-06	-5.782500773568e-10	-9.923577263331e-10	-1.600501517073e-10
-9.396400000000e-06	-6.696944977132e-10	-1.052352318365e-09	-2.903883528042e-10
-9.396200000000e-06	-9.726231170976e-10	-1.610626562085e-09	-3.339958625114e-10
-9.396000000000e-06	-8.040885870203e-10	-1.410804241929e-09	-1.890806574045e-10
-9.395800000000e-06	-7.005499235148e-10	-1.192660556153e-09	-2.045167275872e-10
-9.395600000000e-06	-8.558680804839e-10	-1.358243608687e-09	-3.550488842851e-10
-9.395400000000e-06	-8.064281293715e-10	-1.332850905161e-09	-2.781939500975e-10
-9.395200000000e-06	-8.732589478070e-10	-1.306692210184e-09	-4.471514675883e-10
-9.395000000000e-06	-6.530365868679e-10	-1.145162800583e-09	-1.538042518785e-10
-9.394800000000e-06	-8.608402926324e-10	-1.513699505059e-09	-1.982438801608e-10
-9.394600000000e-06	-8.429677239895e-10	-1.451708052613e-09	-2.274978933940e-10
-9.394400000000e-06	-9.979714191051e-10	-1.677466070361e-09	-3.103577318267e-10
-9.394200000000e-06	-1.027808070920e-09	-1.414863104602e-09	-6.561727842723e-10
-9.394000000000e-06	-9.922620249328e-10	-1.527767154087e-09	-4.600207192544e-10
-9.393800000000e-06	-9.244576965740e-10	-1.527992980232e-09	-3.150223018261e-10
-9.393600000000e-06	-8.665970052698e-10	-1.590762985549e-09	-1.239571784014e-10
-9.393400000000e-06	-1.196223142959e-09	-1.800831462781e-09	-5.986348633758e-10
-9.393200000000e-06	-8.905717044850e-10	-1.497926463378e-09	-2.741240989383e-10
-9.393000000000e-06	-1.056261843196e-09	-1.710902242695e-09	-3.962217636929e-10
-9.392800000000e-06	-9.358673157290e-10	-1.725164195861e-09	-1.273799130035e-10
-9.392600000000e-06	-8.602100485341e-10	-1.473529303732e-09	-2.365597239539e-10
-9.392400000000e-06	-1.200577860381e-09	-1.845363861273e-09	-5.573405867330e-10
-9.392200000000e-06	-9.988543758890e-10	-1.749511600433e-09	-2.324713622949e-10
-9.392000000000e-06	-1.036801815989e-09	-1.718718992433e-09	-3.462025343982e-10
-9.391800000000e-06	-1.075488333231e-09	-1.778208552074e-09	-3.624650183408e-10
-9.391600000000e-06	-1.010520651155e-09	-1.656113586075e-09	-3.557843300184e-10
-9.391400000000e-06	-1.133577487226e-09	-1.964415044697e-09	-2.880466059476e-10
-9.391200000000e-06	-1.237421422941e-09	-1.815477738273e-09	-6.616846492033e-10
-9.391000000000e-06	-1.135709992033e-09	-1.768317723040e-09	-4.996339141113e-10
-9.390800000000e-06	-1.193511148383e-09	-1.956746476386e-09	-4.194789011891e-10
-9.390600000000e-06	-8.917158802157e-10	-1.658860252738e-09	-1.007700717963e-10
-9.390400000000e-06	-1.466230675619e-09	-2.227569209052e-09	-7.029168950500e-10
-9.390200000000e-06	-1.301498224916e-09	-2.036429991165e-09	-5.605551693543e-10
-9.390000000000e-06	-9.789740738208e-10	-1.713035133335e-09	-2.250201440087e-10
-9.389800000000e-06	-1.243085660448e-09	-2.194450476896e-09	-2.664413939314e-10
-9.389600000000e-06	-1.232042100086e-09	-1.930227997399e-09	-5.247335286025e-10
-9.389400000000e-06	-1.259878453641e-09	-1.870133346910e-09	-6.473462307772e-10
-9.389200000000e-06	-1.291849494400e-09	-2.117039052302e-09	-4.501117948045e-10
-9.389000000000e-06	-1.208078569202e-09	-2.058303067175e-09	-3.374126949075e-10
-9.388800000000e-06	-1.170802166833e-09	-2.172602730018e-09	-1.363164915192e-10
-9.388600000000e-06	-1.439863290563e-09	-2.391908846890e-09	-4.673102793511e-10
-9.388400000000e-06	-1.503157509398e-09	-2.277758817125e-09	-7.201880218254e-10
-9.388200000000e-06	-1.292601377524e-09	-2.056637645255e-09	-5.135147590416e-10
-9.388000000000e-06	-1.243101055155e-09	-2.120185662211e-09	-3.429596694141e-10
-9.387800000000e-06	-1.282785981938e-09	-2.008638138717e-09	-5.413801881441e-10
-9.387600000000e-06	-1.366952178947e-09	-2.224520051557e-09	-4.897764696656e-10
-9.387400000000e-06	-1.313369937522e-09	-2.250687353674e-09	-3.477303508093e-10
-9.387200000000e-06	-1.595488696222e-09	-2.501622891741e-09	-6.703555022518e-10
-9.387000000000e-06	-1.376177040031e-09	-2.262745852021e-09	-4.690384335785e-10
-9.386800000000e-06	-1.291448139138e-09	-2.272800843758e-09	-2.751475895476e-10
-9.386600000000e-06	-1.331674265496e-09	-2.267348798812e-09	-3.674268632279e-10
-9.386400000000e-06	-1.607737406015e-09	-2.401136127149e-09	-8.008465939360e-10
-9.386200000000e-06	-1.539693299354e-09	-2.777989860750e-09	-2.550586006258e-10
-9.386000000000e-06	-1.520535947303e-09	-2.498615047944e-09	-5.155294843083e-10
-9.385800000000e-06	-1.395873687851e-09	-2.072707961290e-09	-7.048317415982e-10
-9.385600000000e-06	-1.547693421169e-09	-2.664409644886e-09	-3.936337309791e-10
-9.385400000000e-06	-1.441278821320e-09	-2.216339621229e-09	-6.483623976679e-10
-9.385200000000e-06	-1.549347010511e-09	-2.518998213301e-09	-5.519906247090e-10
-9.385000000000e-06	-1.587620144508e-09	-2.522419632334e-09	-6.250209748093e-10
-9.384800000000e-06	-1.621825248510e-09	-2.494286955150e-09	-7.262349758090e-10
-9.384600000000e-06	-1.550847368501e-09	-2.655317728928e-09	-4.067136841916e-10
-9.384400000000e-06	-1.529636008374e-09	-2.505865965962e-09	-5.229356267180e-10
-9.384200000000e-06	-1.575275383066e-09	-2.548236224493e-09	-5.707109785513e-10
-9.384000000000e-06	-1.761084003896e-09	-2.808614920515e-09	-6.821033047797e-10
-9.383800000000e-06	-1.557430814091e-09	-2.889032418046e-09	-1.704940974462e-10
-9.383600000000e-06	-1.516221543200e-09	-2.719395892748e-09	-2.624787236030e-10
-9.383400000000e-06	-1.677439176353e-09	-2.627458863455e-09	-6.976284860716e-10
-9.383200000000e-06	-1.531479880434e-09	-2.555529953936e-09	-4.671462235064e-10
-9.383000000000e-06	-1.762360033557e-09	-2.869500058884e-09	-6.175359590945e-10
-9.382800000000e-06	-1.568273640387e-09	-2.617356840456e-09	-4.815257497451e-10
-9.382600000000e-06	-1.544030728016e-09	-2.473484331654e-09	-5.820483978446e-10
-9.382400000000e-06	-1.956808970518e-09	-2.979664254847e-09	-9.019326963496e-10
-9.382200000000e-06	-1.589826488777e-09	-2.772048118096e-09	-3.590205889008e-10
-9.382000000000e-06	-1.678523867427e-09	-2.745848024587e-09	-5.676579543863e-10
-9.381800000000e-06	-1.682454170186e-09	-2.651290441490e-09	-6.776891107940e-10
-9.381600000000e-06	-1.858497347194e-09	-2.801047683597e-09	-8.858433375415e-10
-9.381400000000e-06	-1.767644190532e-09	-2.902424604636e-09	-5.877567139936e-10
-9.381200000000e-06	-1.326807612800e-09	-2.491550006294e-09	-1.055278757728e-10
-9.381000000000e-06	-1.770026992216e-09	-2.967887682259e-09	-5.223518916216e-10
-9.380800000000e-06	-1.868043679966e-09	-3.114279134470e-09	-5.659684701376e-10
-9.380600000000e-06	-1.804387542623e-09	-2.958676792160e-09	-5.964954221229e-10
-9.380400000000e-06	-2.101364442130e-09	-3.079426470148e-09	-1.085126139386e-09
-9.380200000000e-06	-1.786068062394e-09	-3.218315444232e-09	-2.845323747349e-10
-9.380000000000e-06	-1.796093454806e-09	-3.088013603686e-09	-4.423463213162e-10
-9.379800000000e-06	-1.829220558152e-09	-3.170147754608e-09	-4.265796003244e-10
-9.379600000000e-06	-1.975710905197e-09	-3.352010494615e-09	-5.386005819098e-10
-9.379400000000e-06	-1.854256859793e-09	-3.021029251604e-09	-6.309067610424e-10
-9.379200000000e-06	-2.058495772647e-09	-3.223979398076e-09	-8.429320438048e-10
-9.379000000000e-06	-1.877766817049e-09	-2.954403849934e-09	-7.533968527431e-10
-9.378800000000e-06	-1.720727102565e-09	-3.114519206590e-09	-2.563380135323e-10
-9.378600000000e-06	-1.776417769083e-09	-2.815365792697e-09	-6.875438438145e-10
-9.378400000000e-06	-1.889136121210e-09	-3.276238075468e-09	-4.342536207657e-10
-9.378200000000e-06	-1.788595172614e-09	-3.059751337305e-09	-4.499547060699e-10
-9.378000000000e-06	-1.823751676139e-09	-2.895611605582e-09	-6.997952131864e-10
-9.377800000000e-06	-1.836315908203e-09	-3.205469605117e-09	-3.982512871845e-10
-9.377600000000e-06	-2.298777111079e-09	-3.446134473467e-09	-1.096813471656e-09
-9.377400000000e-06	-1.854408711256e-09	-3.020239621725e-09	-6.280697260099e-10
-9.377200000000e-06	-2.155853351869e-09	-3.271749328892e-09	-9.828280445382e-10
-9.377000000000e-06	-1.635964757627e-09	-2.880577958928e-09	-3.237046666479e-10
-9.376800000000e-06	-2.059251133686e-09	-3.247603366466e-09	-8.092003552123e-10
-9.376600000000e-06	-1.894674416020e-09	-3.264016336159e-09	-4.482295870082e-10
-9.376400000000e-06	-2.224868558216e-09	-3.433949969379e-09	-9.543083991480e-10
-9.376200000000e-06	-2.012028882683e-09	-3.364631410422e-09	-5.839204522013e-10
-9.376000000000e-06	-2.202579970778e-09	-3.242765287328e-09	-1.101733340344e-09
-9.375800000000e-06	-2.079456169681e-09	-3.533804750701e-09	-5.453290244589e-10
-9.375600000000e-06	-1.725403990229e-09	-2.765423025287e-09	-6.295575401015e-10
-9.375400000000e-06	-2.031555955606e-09	-3.527664289401e-09	-4.420055157973e-10
-9.375200000000e-06	-1.900612097258e-09	-2.946157685980e-09	-7.927002551169e-10
-9.375000000000e-06	-2.150787724217e-09	-3.646543969833e-09	-5.679964835143e-10
-9.374800000000e-06	-1.606477884038e-09	-3.002316038936e-09	-1.241094418541e-10
-9.374600000000e-06	-2.187863409347e-09	-3.522238104498e-09	-7.744899046134e-10
-9.374400000000e-06	-1.840951534409e-09	-3.140461113337e-09	-4.613744666419e-10
-9.374200000000e-06	-2.190963726166e-09	-3.836810089907e-09	-4.503363150963e-10
-9.374000000000e-06	-1.991958190964e-09	-3.120369800859e-09	-7.949338369281e-10
-9.373800000000e-06	-2.078946886114e-09	-3.611905503056e-09	-4.528543342182e-10
-9.373600000000e-06	-2.211484570310e-09	-3.491239771997e-09	-8.452745026032e-10
-9.373400000000e-06	-1.947234511170e-09	-3.371429212205e-09	-4.347046837186e-10
-9.373200000000e-06	-1.964650538501e-09	-3.163765189297e-09	-6.858994849061e-10
-9.373000000000e-06	-1.903167302277e-09	-3.016130789869e-09	-7.123890369833e-10
-9.372800000000e-06	-2.063491266837e-09	-3.597943434365e-09	-4.289090252319e-10
-9.372600000000e-06	-2.157549271776e-09	-3.392309574927e-09	-8.461335994140e-10
-9.372400000000e-06	-2.177353180799e-09	-3.524271968623e-09	-7.368624281788e-10
-9.372200000000e-06	-1.996921689458e-09	-3.740512255415e-09	-1.418970371635e-10
-9.372000000000e-06	-2.237946254224e-09	-3.726090150571e-09	-6.541502529537e-10
-9.371800000000e-06	-2.208592914879e-09	-3.412915009603e-09	-9.170934456455e-10
-9.371600000000e-06	-1.803267655661e-09	-3.388478772968e-09	-1.152726851583e-10
-9.371400000000e-06	-2.183995431139e-09	-3.386501652575e-09	-8.902774998420e-10
-9.371200000000e-06	-1.985903009846e-09	-3.265963065272e-09	-6.175956565358e-10
-9.371000000000e-06	-2.293321024083e-09	-3.702856288616e-09	-7.831135012894e-10
-9.370800000000e-06	-2.335540626463e-09	-3.638280813286e-09	-9.356982711503e-10
-9.370600000000e-06	-1.880089554662e-09	-3.081461396790e-09	-5.889056060028e-10
-9.370400000000e-06	-2.214524727111e-09	-3.700304447729e-09	-6.216542868321e-10
-9.370200000000e-06	-2.231042671942e-09	-3.608472611798e-09	-7.532546450989e-10
-9.370000000000e-06	-2.051547883429e-09	-3.507895294352e-09	-4.886713497650e-10
-9.369800000000e-06	-2.044410077045e-09	-3.347746708008e-09	-6.401958228921e-10
-9.369600000000e-06	-2.267381750335e-09	-3.267865351067e-09	-1.186937120702e-09
-9.369400000000e-06	-2.388611908972e-09	-4.088926691192e-09	-5.640004756085e-10
-9.369200000000e-06	-1.768471133602e-09	-2.858052223509e-09	-5.964978649894e-10
-9.369000000000e-06	-2.032825724882e-09	-3.810193806360e-09	-1.271051892483e-10
-9.368800000000e-06	-2.305044616878e-09	-3.705082012445e-09	-7.933792194650e-10
-9.368600000000e-06	-2.059549421300e-09	-3.356912176553e-09	-6.573404055262e-10
-9.368400000000e-06	-2.142016914912e-09	-3.633342750822e-09	-5.373233410408e-10
-9.368200000000e-06	-1.894414248030e-09	-3.194141718266e-09	-4.939226867965e-10
-9.368000000000e-06	-2.315023036508e-09	-3.554399088732e-09	-9.637580642086e-10
-9.367800000000e-06	-2.111948605300e-09	-3.497785036208e-09	-6.136708477113e-10
-9.367600000000e-06	-1.767178566442e-09	-3.069223234954e-09	-3.638417586355e-10
-9.367400000000e-06	-1.936805317711e-09	-3.349948958410e-09	-4.095852401534e-10
-9.367200000000e-06	-1.669439440219e-09	-2.927708463079e-09	-3.043968274911e-10
-9.367000000000e-06	-2.300506470172e-09	-4.104701165683e-09	-3.562663563847e-10
-9.366800000000e-06	-1.711290084459e-09	-2.967229869711e-09	-3.486313552858e-10
-9.366600000000e-06	-2.058880656686e-09	-3.453635380253e-09	-5.475407562460e-10
-9.366400000000e-06	-2.045818758834e-09	-3.525149057401e-09	-4.439623069016e-10
-9.366200000000e-06	-2.251003535408e-09	-3.396596205305e-09	-9.978361559522e-10
-9.366000000000e-06	-2.376507192470e-09	-4.135660884214e-09	-4.788384142780e-10
-9.365800000000e-06	-2.245186808090e-09	-3.191490561400e-09	-1.197195340057e-09
-9.365600000000e-06	-2.241466292568e-09	-3.980974653261e-09	-3.627728597697e-10
-9.365400000000e-06	-1.616123296744e-09	-3.133678835999e-09	2.740193221909e-11
-9.365200000000e-06	-2.144640215788e-09	-3.513526204894e-09	-6.527087541425e-10
-9.365000000000e-06	-1.789390855607e-09	-3.142393707794e-09	-3.143641297578e-10
-9.364800000000e-06	-2.131849361354e-09	-3.500872079949e-09	-6.333606352477e-10
-9.364600000000e-06	-1.940031511713e-09	-3.406709683673e-09	-3.447792099223e-10
-9.364400000000e-06	-2.135316267117e-09	-3.538180116026e-09	-6.038231603609e-10
-9.364200000000e-06	-2.129978970608e-09	-3.178893309828e-09	-9.725904146210e-10
-9.364000000000e-06	-1.883312355927e-09	-3.049355251280e-09	-5.999520601940e-10
-9.363800000000e-06	-1.882950526723e-09	-3.169532204488e-09	-4.726039742926e-10
-9.363600000000e-06	-2.255686645788e-09	-3.820748657999e-09	-5.509078557789e-10
-9.363400000000e-06	-2.185194502881e-09	-3.301768749222e-09	-9.521146064494e-10
-9.363200000000e-06	-1.848086940943e-09	-3.106750934432e-09	-4.698061638236e-10
-9.363000000000e-06	-1.794372687098e-09	-3.036591163485e-09	-4.265646230965e-10
-9.362800000000e-06	-2.210415086113e-09	-3.669047446254e-09	-6.133169519601e-10
-9.362600000000e-06	-1.857314974445e-09	-3.274491165164e-09	-3.094495496905e-10
-9.362400000000e-06	-1.960941362878e-09	-3.250520224112e-09	-5.490775528973e-10
-9.362200000000e-06	-1.833941701495e-09	-3.026558992599e-09	-5.179636555853e-10
-9.362000000000e-06	-1.718526591727e-09	-3.337308543832e-09	4.094541066392e-11
-9.361800000000e-06	-1.863580122307e-09	-3.475672450409e-09	-1.097534392444e-10
-9.361600000000e-06	-2.235114945592e-09	-3.198801781765e-09	-1.147626347776e-09
-9.361400000000e-06	-1.689312568152e-09	-3.130307798617e-09	-1.234346777248e-10
-9.361200000000e-06	-2.027075635378e-09	-2.997112210130e-09	-9.354786016781e-10
-9.361000000000e-06	-2.160512837106e-09	-3.337129844220e-09	-8.525949402338e-10
-9.360800000000e-06	-1.692732291731e-09	-3.055595730788e-09	-1.930529010102e-10
-9.360600000000e-06	-1.555500508141e-09	-3.192534170375e-09	2.218377361729e-10
-9.360400000000e-06	-2.090078963196e-09	-3.377766777998e-09	-6.570106409678e-10
-9.360200000000e-06	-1.604698085507e-09	-2.897392717977e-09	-1.876585867566e-10
-9.360000000000e-06	-2.040888977300e-09	-3.514853728393e-09	-4.234261357492e-10
-9.359800000000e-06	-1.798882536709e-09	-2.774873953583e-09	-7.056426632496e-10
-9.359600000000e-06	-2.063747021687e-09	-3.837602056395e-09	-1.248428381692e-10
-9.359400000000e-06	-1.941388995292e-09	-2.789047729873e-09	-9.713356161336e-10
-9.359200000000e-06	-1.939515731647e-09	-2.941788087901e-09	-8.042394702190e-10
-9.359000000000e-06	-2.252629397989e-09	-3.549189692125e-09	-8.023014319818e-10
-9.358800000000e-06	-1.641653376753e-09	-2.684976208257e-09	-4.729128281498e-10
-9.358600000000e-06	-1.700943786663e-09	-2.724740977040e-09	-5.533779459721e-10
-9.358400000000e-06	-1.668885971703e-09	-3.006406387282e-09	-1.878774821332e-10
-9.358200000000e-06	-2.262724879124e-09	-3.570378282799e-09	-7.986654702435e-10
-9.358000000000e-06	-1.547899966540e-09	-2.581333617593e-09	-3.968089956510e-10
-9.357800000000e-06	-1.740110792227e-09	-3.174333650378e-09	-1.584122371735e-10
-9.357600000000e-06	-1.920890574507e-09	-3.556513385374e-09	-1.212823334244e-10
-9.357400000000e-06	-1.631455723466e-09	-2.923117436467e-09	-1.971200861944e-10
-9.357200000000e-06	-2.318068711050e-09	-3.072816573079e-09	-1.426431807619e-09
-9.357000000000e-06	-1.738789640914e-09	-2.920357277327e-09	-4.177707583074e-10
-9.356800000000e-06	-1.505850268104e-09	-2.579976086573e-09	-3.017223069777e-10
-9.356600000000e-06	-1.603341491882e-09	-2.766804363377e-09	-3.048503424630e-10
-9.356400000000e-06	-1.724267373284e-09	-2.785108456232e-09	-5.258288588347e-10
-9.356200000000e-06	-1.871952401881e-09	-3.288594187899e-09	-2.985572665833e-10
-9.356000000000e-06	-1.418684469680e-09	-2.605727935143e-09	-1.036964110367e-10
-9.355800000000e-06	-1.947734312272e-09	-3.174738883358e-09	-5.664637199014e-10
-9.355600000000e-06	-1.842258626019e-09	-2.831441593497e-09	-7.117211133036e-10
-9.355400000000e-06	-1.990258935919e-09	-3.147586928427e-09	-6.854640745732e-10
-9.355200000000e-06	-1.709328729433e-09	-2.678580791937e-09	-6.001644578196e-10
-9.355000000000e-06	-1.732037406493e-09	-3.229851349625e-09	-7.527562811346e-11
-9.354800000000e-06	-1.881216312278e-09	-3.054052861806e-09	-5.640664825830e-10
-9.354600000000e-06	-1.583714300495e-09	-2.763580350630e-09	-2.603040111143e-10
-9.354400000000e-06	-1.708014908379e-09	-2.733194874219e-09	-5.359670083273e-10
-9.354200000000e-06	-1.536806019496e-09	-2.759126177649e-09	-1.693666430026e-10
-9.354000000000e-06	-1.921021284455e-09	-2.904019985330e-09	-7.887948225625e-10
-9.353800000000e-06	-1.707584323073e-09	-2.592866969268e-09	-6.856253265692e-10
-9.353600000000e-06	-1.664727884399e-09	-3.141745459318e-09	-2.199268652399e-11
-9.353400000000e-06	-1.508102410317e-09	-2.802947455597e-09	-5.962787300145e-11
-9.353200000000e-06	-1.179619505730e-09	-1.733496525593e-09	-5.260715418784e-10
-9.353000000000e-06	-1.915717536064e-09	-3.187260227448e-09	-4.787336352438e-10
-9.352800000000e-06	-1.713944755327e-09	-2.670625024661e-09	-6.082631603466e-10
-9.352600000000e-06	-1.490608034267e-09	-2.923044161548e-09	9.413882095696e-11
-9.352400000000e-06	-1.626326384556e-09	-2.120513527730e-09	-1.007196465326e-09
-9.352200000000e-06	-1.557135137389e-09	-2.667223519289e-09	-3.014049521876e-10
-9.352000000000e-06	-1.433470795993e-09	-2.819380528196e-09	1.027319397854e-10
-9.351800000000e-06	-1.687922832140e-09	-2.726878784164e-09	-4.984530334933e-10
-9.351600000000e-06	-1.754055316622e-09	-3.170006899841e-09	-1.680077580403e-10
-9.351400000000e-06	-1.568081755791e-09	-3.121340685964e-09	1.551210956734e-10
-9.351200000000e-06	-1.198657418329e-09	-2.007898244248e-09	-2.684284046018e-10
-9.351000000000e-06	-1.325336894123e-09	-1.952447339457e-09	-5.809489370576e-10
-9.350800000000e-06	-1.749680542596e-09	-2.502340397973e-09	-8.547184618670e-10
-9.350600000000e-06	-1.703496485158e-09	-3.264329219558e-09	3.746329296163e-11
-9.350400000000e-06	-1.510782311503e-09	-2.591962959496e-09	-2.869394219794e-10
-9.350200000000e-06	-1.770197098704e-09	-2.819155381510e-09	-5.696938295519e-10
-9.350000000000e-06	-1.114148305941e-09	-2.301105470323e-09	2.142915729622e-10
-9.349800000000e-06	-1.783234055004e-09	-3.366455273571e-09	-1.443117758916e-11
-9.349600000000e-06	-1.498329705939e-09	-2.109984529697e-09	-7.539350536961e-10
-9.349400000000e-06	-8.292468393376e-10	-1.900822181342e-09	3.662011467956e-10
-9.349200000000e-06	-1.642984610743e-09	-2.355283271396e-09	-7.918420699155e-10
-9.349000000000e-06	-1.817561574736e-09	-2.614385495450e-09	-8.673012916342e-10
-9.348800000000e-06	-1.460756645488e-09	-2.302243697644e-09	-4.764728714104e-10
-9.348600000000e-06	-1.339217554152e-09	-2.917674590757e-09	4.075475434990e-10
-9.348400000000e-06	-1.339903257816e-09	-2.229222194782e-09	-3.137699560318e-10
-9.348200000000e-06	-1.281351423084e-09	-2.290389222135e-09	-1.248860522156e-10
-9.348000000000e-06	-1.583095529727e-09	-2.672807394222e-09	-3.374254718455e-10
-9.347800000000e-06	-1.310445191148e-09	-2.220204558209e-09	-2.618703563056e-10
-9.347600000000e-06	-1.034231386643e-09	-1.804952412096e-09	-1.328732266366e-10
-9.347400000000e-06	-1.204231306581e-09	-1.803960654061e-09	-4.770056683152e-10
-9.347200000000e-06	-1.723906868587e-09	-2.352854305819e-09	-9.454026486044e-10
-9.347000000000e-06	-1.646834216077e-09	-2.581739678435e-09	-5.584191465942e-10
-9.346800000000e-06	-1.520836042088e-09	-2.673066543420e-09	-2.003469450216e-10
-9.346600000000e-06	-1.444924652344e-09	-2.144029794559e-09	-6.008229113974e-10
-9.346400000000e-06	-1.030696889582e-09	-1.754472280224e-09	-1.774239643514e-10
-9.346200000000e-06	-1.232890750732e-09	-2.361227614891e-09	4.143983294651e-11
