-5.140000000000e-08	0.000000000000e+00	0.000000000000e+00	0.000000000000e+00
-5.120000000000e-08	0.000000000000e+00	0.000000000000e+00	0.000000000000e+00
-5.100000000000e-08	0.000000000000e+00	0.000000000000e+00	0.000000000000e+00
-5.080000000000e-08	0.000000000000e+00	0.000000000000e+00	0.000000000000e+00
-5.060000000000e-08	0.000000000000e+00	0.000000000000e+00	0.000000000000e+00
-5.040000000000e-08	0.000000000000e+00	0.000000000000e+00	0.000000000000e+00
-5.020000000000e-08	0.000000000000e+00	0.000000000000e+00	0.000000000000e+00
-5.000000000000e-08	0.000000000000e+00	0.000000000000e+00	0.000000000000e+00
-4.980000000000e-08	0.000000000000e+00	0.000000000000e+00	0.000000000000e+00
-4.960000000000e-08	0.000000000000e+00	0.000000000000e+00	0.000000000000e+00
-4.940000000000e-08	0.000000000000e+00	0.000000000000e+00	0.000000000000e+00
-4.920000000000e-08	0.000000000000e+00	0.000000000000e+00	0.000000000000e+00
-4.900000000000e-08	0.000000000000e+00	0.000000000000e+00	0.000000000000e+00
-4.880000000000e-08	0.000000000000e+00	0.000000000000e+00	0.000000000000e+00
-4.860000000000e-08	0.000000000000e+00	0.000000000000e+00	0.000000000000e+00
-4.840000000000e-08	0.000000000000e+00	0.000000000000e+00	0.000000000000e+00
-4.820000000000e-08	0.000000000000e+00	0.000000000000e+00	0.000000000000e+00
-4.800000000000e-08	0.000000000000e+00	0.000000000000e+00	0.000000000000e+00
-4.780000000000e-08	0.000000000000e+00	0.000000000000e+00	0.000000000000e+00
-4.760000000000e-08	0.000000000000e+00	0.000000000000e+00	0.000000000000e+00
-4.740000000000e-08	0.000000000000e+00	0.000000000000e+00	0.000000000000e+00
-4.720000000000e-08	0.000000000000e+00	0.000000000000e+00	0.000000000000e+00
-4.700000000000e-08	0.000000000000e+00	0.000000000000e+00	0.000000000000e+00
-4.680000000000e-08	0.000000000000e+00	0.000000000000e+00	0.000000000000e+00
-4.660000000000e-08	0.000000000000e+00	0.000000000000e+00	0.000000000000e+00
-4.640000000000e-08	0.000000000000e+00	0.000000000000e+00	0.000000000000e+00
-4.620000000000e-08	0.000000000000e+00	0.000000000000e+00	0.000000000000e+00
-4.600000000000e-08	0.000000000000e+00	0.000000000000e+00	0.000000000000e+00
-4.580000000000e-08	0.000000000000e+00	0.000000000000e+00	0.000000000000e+00
-4.560000000000e-08	0.000000000000e+00	0.000000000000e+00	0.000000000000e+00
-4.540000000000e-08	0.000000000000e+00	0.000000000000e+00	0.000000000000e+00
-4.520000000000e-08	0.000000000000e+00	0.000000000000e+00	0.000000000000e+00
-4.500000000000e-08	0.000000000000e+00	0.000000000000e+00	0.000000000000e+00
-4.480000000000e-08	0.000000000000e+00	0.000000000000e+00	0.000000000000e+00
-4.460000000000e-08	0.000000000000e+00	0.000000000000e+00	0.000000000000e+00
-4.440000000000e-08	0.000000000000e+00	0.000000000000e+00	0.000000000000e+00
-4.420000000000e-08	0.000000000000e+00	0.000000000000e+00	0.000000000000e+00
-4.400000000000e-08	0.000000000000e+00	0.000000000000e+00	0.000000000000e+00
-4.380000000000e-08	0.000000000000e+00	0.000000000000e+00	0.000000000000e+00
-4.360000000000e-08	0.000000000000e+00	0.000000000000e+00	0.000000000000e+00
-4.340000000000e-08	0.000000000000e+00	0.000000000000e+00	0.000000000000e+00
-4.320000000000e-08	0.000000000000e+00	0.000000000000e+00	0.000000000000e+00
-4.300000000000e-08	0.000000000000e+00	0.000000000000e+00	0.000000000000e+00
-4.280000000000e-08	0.000000000000e+00	0.000000000000e+00	0.000000000000e+00
-4.260000000000e-08	0.000000000000e+00	0.000000000000e+00	0.000000000000e+00
-4.240000000000e-08	0.000000000000e+00	0.000000000000e+00	0.000000000000e+00
-4.220000000000e-08	0.000000000000e+00	0.000000000000e+00	0.000000000000e+00
-4.200000000000e-08	0.000000000000e+00	0.000000000000e+00	0.000000000000e+00
-4.180000000000e-08	0.000000000000e+00	0.000000000000e+00	0.000000000000e+00
-4.160000000000e-08	0.000000000000e+00	0.000000000000e+00	0.000000000000e+00
-4.140000000000e-08	0.000000000000e+00	0.000000000000e+00	0.000000000000e+00
-4.120000000000e-08	0.000000000000e+00	0.000000000000e+00	0.000000000000e+00
-4.100000000000e-08	3.809561561592e-15	-1.442369235016e-14	1.970580231563e-14
-4.080000000000e-08	-1.450559017174e-13	-2.676722415072e-13	2.050692245651e-13
-4.060000000000e-08	3.295095268735e-12	8.468708222070e-12	-6.823474660950e-12
-4.040000000000e-08	6.553098067648e-12	9.651060613858e-12	-6.523186241414e-12
-4.020000000000e-08	-1.248400231918e-11	-7.733453089448e-12	-7.928115205050e-14
-4.000000000000e-08	1.536721027900e-11	-9.220650390323e-12	2.071814388828e-11
-3.980000000000e-08	-5.934692986454e-11	-2.492391638419e-11	-1.744294434760e-11
-3.960000000000e-08	-3.902458752104e-11	-9.310867805120e-12	-1.927247815947e-11
-3.940000000000e-08	-2.572815373769e-10	-3.140086500151e-11	-1.623799151929e-10
-3.920000000000e-08	-1.195759743123e-09	-2.527525348445e-10	-6.132452074200e-10
-3.900000000000e-08	-4.138663387546e-10	-1.330259363357e-10	-1.660741827410e-10
-3.880000000000e-08	-5.055926840133e-10	-1.736158398360e-10	-1.948779623533e-10
-3.860000000000e-08	-1.265887555642e-09	-2.607458672098e-10	-6.704108114381e-10
-3.840000000000e-08	-2.276478800191e-09	-4.560595756716e-10	-1.226691305608e-09
-3.820000000000e-08	-2.847659253669e-09	-4.786566708680e-10	-1.638521380111e-09
-3.800000000000e-08	-5.491929166140e-09	-1.071608792421e-09	-2.990705091037e-09
-3.780000000000e-08	-6.873428945141e-09	-1.665031566201e-09	-3.341819218006e-09
-3.760000000000e-08	-8.338644818133e-09	-1.878984456677e-09	-4.185385129125e-09
-3.740000000000e-08	-8.234159491138e-09	-1.901511800959e-09	-4.084928632211e-09
-3.720000000000e-08	-4.762514789497e-09	-1.218460632323e-09	-2.240910988918e-09
-3.700000000000e-08	-4.165539866419e-09	-1.038488331275e-09	-2.020352658303e-09
-3.680000000000e-08	-4.864640580453e-09	-1.065550750300e-09	-2.481931940555e-09
-3.660000000000e-08	-4.876480299409e-09	-1.032339904870e-09	-2.532676961161e-09
-3.640000000000e-08	-5.153059746788e-09	-1.011102530982e-09	-2.760339307661e-09
-3.620000000000e-08	-5.646138245868e-09	-1.305103718433e-09	-2.815087096101e-09
-3.600000000000e-08	-6.431987697382e-09	-1.587301763361e-09	-3.047814826013e-09
-3.580000000000e-08	-6.257965171715e-09	-1.444470855783e-09	-3.080060263575e-09
-3.560000000000e-08	-6.859564591430e-09	-1.409853407932e-09	-3.655753983597e-09
-3.540000000000e-08	-6.685008994178e-09	-1.064718994223e-09	-3.849610672008e-09
-3.520000000000e-08	-7.069060990514e-09	-1.631353046885e-09	-3.462281944380e-09
-3.500000000000e-08	-6.755914863433e-09	-1.493087661196e-09	-3.373330876416e-09
-3.480000000000e-08	-6.542471516526e-09	-1.144311564529e-09	-3.662535146179e-09
-3.460000000000e-08	-6.451536648093e-09	-1.352349951312e-09	-3.373610430241e-09
-3.440000000000e-08	-6.008141752097e-09	-1.207171664275e-09	-3.166462889085e-09
-3.420000000000e-08	-4.934454500001e-09	-1.072958084310e-09	-2.491592644790e-09
-3.400000000000e-08	-4.555379425555e-09	-9.160540356691e-10	-2.381177295833e-09
-3.380000000000e-08	-3.672007330630e-09	-7.833921295894e-10	-1.865571493312e-09
-3.360000000000e-08	-3.067305843446e-09	-5.766442202609e-10	-1.678027330545e-09
-3.340000000000e-08	-2.524443850131e-09	-5.302229907147e-10	-1.284431057850e-09
-3.320000000000e-08	-1.806669208231e-09	-3.311148480280e-10	-9.991039863627e-10
-3.300000000000e-08	-1.004474024514e-09	-2.948595275028e-10	-4.022361210040e-10
-3.280000000000e-08	-5.562926716453e-10	-2.436482484781e-11	-4.078299378830e-10
-3.260000000000e-08	-6.110391973547e-11	-1.689850693935e-11	-1.801744413113e-11
-3.240000000000e-08	2.524625113146e-10	6.393788666440e-11	6.194018279172e-11
-3.220000000000e-08	6.260387528635e-10	2.688530837656e-10	1.477098817078e-10
-3.200000000000e-08	4.739927954119e-10	7.225884521606e-11	4.106895153299e-10
-3.180000000000e-08	9.276539195966e-10	1.829009042086e-10	4.814862227128e-10
-3.160000000000e-08	9.864171089933e-10	2.081785162040e-10	5.117832037580e-10
-3.140000000000e-08	8.250578033530e-10	8.500009557858e-12	5.627040512656e-10
-3.120000000000e-08	1.025257791548e-09	1.754799606103e-10	5.688527204144e-10
-3.100000000000e-08	6.956326105667e-10	3.445180474847e-11	4.802290632920e-10
-3.080000000000e-08	7.966614360006e-10	1.500572240259e-10	4.037745541446e-10
-3.060000000000e-08	8.475380044963e-10	1.269121329194e-10	4.996553346343e-10
-3.040000000000e-08	8.891351113890e-10	3.184315823879e-10	3.099247503673e-10
-3.020000000000e-08	6.942124062887e-10	1.762486398655e-10	2.865765035572e-10
-3.000000000000e-08	5.852889536566e-10	7.355352533878e-11	3.298511237902e-10
-2.980000000000e-08	6.331498511093e-10	1.845846096955e-10	2.565309160060e-10
-2.960000000000e-08	5.477092166077e-10	2.988407254731e-11	3.462454496900e-10
-2.940000000000e-08	8.527930806110e-10	1.261748051119e-10	5.135275819693e-10
-2.920000000000e-08	6.822176022460e-10	1.683916481185e-10	2.833889546425e-10
-2.900000000000e-08	5.996109443461e-10	1.366199113817e-10	2.321823327388e-10
-2.880000000000e-08	6.700081735998e-10	1.242775573524e-10	3.861825651436e-10
-2.860000000000e-08	6.677473206012e-10	1.808923361996e-10	2.915206487313e-10
-2.840000000000e-08	5.319332998720e-10	1.226585224304e-10	2.393026202499e-10
-2.820000000000e-08	6.515405117678e-10	1.112949753899e-10	3.460074167749e-10
-2.800000000000e-08	5.571684291488e-10	1.969535022219e-11	4.230534283662e-10
-2.780000000000e-08	5.336856093967e-10	1.938206138494e-10	1.633121457165e-10
-2.760000000000e-08	4.305544743785e-10	-4.228410329018e-11	3.774306974575e-10
-2.740000000000e-08	3.819359247911e-10	4.986561226166e-11	2.265241256325e-10
-2.720000000000e-08	6.061300611471e-10	6.269042420509e-11	4.083364950273e-10
-2.700000000000e-08	5.846890675316e-10	8.246900079462e-11	3.510047252113e-10
-2.680000000000e-08	6.017049002550e-10	1.741648019449e-10	2.347011374384e-10
-2.660000000000e-08	3.942283485383e-10	-2.592854466721e-13	3.074999386931e-10
-2.640000000000e-08	5.473994375913e-10	1.026555956142e-10	2.721547462246e-10
-2.620000000000e-08	5.603554926303e-10	6.919500422479e-11	3.533834430905e-10
-2.600000000000e-08	5.829402696793e-10	9.625863934991e-11	2.641616227925e-10
-2.580000000000e-08	5.498175058431e-10	1.139754172511e-10	2.803613537997e-10
-2.560000000000e-08	4.522974691202e-10	7.739425999419e-11	2.462928545098e-10
-2.540000000000e-08	4.436656256673e-10	8.828590225718e-11	2.472056179867e-10
-2.520000000000e-08	4.887220400918e-10	8.660294168186e-11	2.404474119020e-10
-2.500000000000e-08	4.544939397717e-10	1.880853832966e-11	2.899357336665e-10
-2.480000000000e-08	4.539416463338e-10	1.374974479579e-10	1.981173629464e-10
-2.460000000000e-08	4.768891546231e-10	5.340817951032e-11	2.547454524398e-10
-2.440000000000e-08	5.650886960053e-10	2.178116900938e-10	2.090097150031e-10
-2.420000000000e-08	4.667462005589e-10	8.213971470521e-11	2.590835225270e-10
-2.400000000000e-08	5.797398429792e-10	1.428650158107e-10	2.717638258445e-10
-2.380000000000e-08	4.189926465813e-10	1.420281642280e-10	1.470891709180e-10
-2.360000000000e-08	3.839975476800e-10	8.492309328284e-11	1.778148413433e-10
-2.340000000000e-08	4.996285664355e-10	9.377135556562e-11	2.502859280595e-10
-2.320000000000e-08	3.147017615095e-10	2.030145783684e-11	1.830126868601e-10
-2.300000000000e-08	3.652690725595e-10	4.149997269658e-11	2.431266554487e-10
-2.280000000000e-08	4.072236190588e-10	9.854435716439e-11	1.933099725461e-10
-2.260000000000e-08	5.119084172901e-10	8.040457987756e-11	2.502635366535e-10
-2.240000000000e-08	4.131870350928e-10	1.180173311020e-10	1.852732330992e-10
-2.220000000000e-08	4.094658028445e-10	6.366977002214e-11	2.482219115423e-10
-2.200000000000e-08	4.745120970148e-10	1.074327493380e-10	2.344525212809e-10
-2.180000000000e-08	4.033485063472e-10	5.392836344343e-11	2.419184869780e-10
-2.160000000000e-08	4.580537844667e-10	1.430791862105e-10	2.015273861160e-10
-2.140000000000e-08	4.186064736207e-10	8.151751346063e-11	2.304511589095e-10
-2.120000000000e-08	4.425951161467e-10	1.323517166406e-10	1.852687367391e-10
-2.100000000000e-08	4.404232081109e-10	2.658574867877e-11	2.563748606903e-10
-2.080000000000e-08	4.430966783854e-10	9.167994365589e-11	2.305521466270e-10
-2.060000000000e-08	3.667867814212e-10	6.557610279826e-11	2.095319230805e-10
-2.040000000000e-08	3.929438126415e-10	3.930447806520e-11	2.038477034842e-10
-2.020000000000e-08	4.299055243149e-10	1.372811817532e-10	1.344729699764e-10
-2.000000000000e-08	4.414393621330e-10	5.028352149332e-11	2.715871683804e-10
-1.980000000000e-08	2.943936903910e-10	6.175628165588e-11	1.505706957681e-10
-1.960000000000e-08	4.053811751373e-10	4.387132308140e-11	2.366167302474e-10
-1.940000000000e-08	3.953750429585e-10	8.018127277012e-11	1.861984082489e-10
-1.920000000000e-08	4.485432997860e-10	1.336056391158e-10	1.697086177631e-10
-1.900000000000e-08	3.978864889716e-10	1.716119459121e-10	1.395874340073e-10
-1.880000000000e-08	3.874784019551e-10	4.818674160776e-11	2.588915620013e-10
-1.860000000000e-08	3.560515006023e-10	1.115537682063e-11	2.514898453080e-10
-1.840000000000e-08	3.903705507679e-10	1.477197968872e-10	1.337340175636e-10
-1.820000000000e-08	3.910768809644e-10	1.117620800594e-10	1.522061601706e-10
-1.800000000000e-08	4.435891539249e-10	9.479534258104e-11	2.504496940232e-10
-1.780000000000e-08	3.764822490421e-10	6.532816446946e-11	1.860340281278e-10
-1.760000000000e-08	3.653105952409e-10	8.673133094948e-11	1.939937542219e-10
-1.740000000000e-08	4.151568320103e-10	9.401993744859e-11	2.273452680025e-10
-1.720000000000e-08	3.599316647021e-10	3.581749689145e-11	2.230223726353e-10
-1.700000000000e-08	3.410767182707e-10	5.689938580274e-11	2.034547441774e-10
-1.680000000000e-08	3.550040293481e-10	9.466229672071e-11	1.314085805011e-10
-1.660000000000e-08	3.678831782183e-10	1.417404711082e-10	6.603706489423e-11
-1.640000000000e-08	3.956187501082e-10	9.808498057025e-11	1.843411306876e-10
-1.620000000000e-08	3.990256741540e-10	2.630000025596e-11	3.024698102349e-10
-1.600000000000e-08	4.237249023490e-10	1.069214010544e-10	1.762975907320e-10
-1.580000000000e-08	3.584710879994e-10	8.614396503139e-11	1.311026918090e-10
-1.560000000000e-08	3.147707224494e-10	6.657206700307e-11	1.583795615724e-10
-1.540000000000e-08	3.055122112963e-10	5.023140627044e-11	1.763702500636e-10
-1.520000000000e-08	3.259096632782e-10	1.623958430850e-10	6.177851899764e-11
-1.500000000000e-08	3.628464604156e-10	6.071661008268e-11	2.099308641928e-10
-1.480000000000e-08	2.346044782904e-10	2.177929090647e-11	1.565247315486e-10
-1.460000000000e-08	3.921301539297e-10	7.437244148237e-11	1.931149026670e-10
-1.440000000000e-08	3.898978909526e-10	9.695602172684e-11	2.351030274117e-10
-1.420000000000e-08	3.550489527468e-10	8.076389191002e-11	1.553420110499e-10
-1.400000000000e-08	3.416210599304e-10	6.410705773680e-11	1.913673350494e-10
-1.380000000000e-08	3.731968139951e-10	8.621664014978e-11	1.856147130803e-10
-1.360000000000e-08	3.855541981100e-10	1.197518046952e-10	2.174553479639e-10
-1.340000000000e-08	3.686562938675e-10	6.660080539150e-11	1.687230189583e-10
-1.320000000000e-08	3.138890458999e-10	4.336766361166e-12	2.012935179240e-10
-1.300000000000e-08	3.460129058319e-10	6.248659188930e-11	1.764422863238e-10
-1.280000000000e-08	3.838565512435e-10	6.426477857155e-11	2.300995574875e-10
-1.260000000000e-08	3.154757652672e-10	2.600577200545e-11	1.876645682825e-10
-1.240000000000e-08	2.957580772966e-10	5.876928489621e-11	1.448017164113e-10
-1.220000000000e-08	2.682686231697e-10	3.653193631222e-11	1.259199088964e-10
-1.200000000000e-08	3.030479911395e-10	1.617269681898e-11	1.910352537137e-10
-1.180000000000e-08	3.639321167308e-10	2.849624323144e-11	2.390101334960e-10
-1.160000000000e-08	2.690820733951e-10	2.911388817908e-11	1.606660570914e-10
-1.140000000000e-08	3.599210758742e-10	7.484690163164e-11	1.618519969137e-10
-1.120000000000e-08	2.985713683783e-10	5.203409675223e-11	1.656593124810e-10
-1.100000000000e-08	3.444181748302e-10	1.177913320470e-10	1.512694655524e-10
-1.080000000000e-08	3.595511497732e-10	1.152316204871e-10	1.922365894824e-10
-1.060000000000e-08	3.333456713298e-10	9.468541222373e-11	1.644565935383e-10
-1.040000000000e-08	2.901565335875e-10	1.166629838371e-10	8.644174485272e-11
-1.020000000000e-08	3.514043288337e-10	7.077524862652e-11	2.127869214512e-10
-1.000000000000e-08	3.233858862105e-10	7.714767042919e-11	1.745501312120e-10
-9.800000000000e-09	2.833782296856e-10	7.184053460418e-11	1.860924056710e-10
-9.600000000000e-09	2.837200242285e-10	4.366558205377e-11	1.604545938208e-10
-9.400000000000e-09	2.990696954406e-10	5.881053740207e-11	1.416226710089e-10
-9.200000000000e-09	3.294067067801e-10	8.994754134419e-11	1.685729782445e-10
-9.000000000000e-09	3.358118185841e-10	7.833411346138e-11	1.770946453111e-10
-8.800000000000e-09	3.006342211592e-10	6.380371887048e-11	1.674018151406e-10
-8.600000000000e-09	2.899285719322e-10	6.060157055887e-11	1.767515437097e-10
-8.400000000000e-09	3.108823526626e-10	1.535312604794e-11	1.585945467178e-10
-8.200000000000e-09	3.128988740057e-10	1.010665675754e-10	1.525817628987e-10
-8.000000000000e-09	2.745888247764e-10	7.306493101911e-11	1.418955993887e-10
-7.800000000000e-09	3.162906640298e-10	7.170159834118e-11	1.893881643706e-10
-7.600000000000e-09	2.715742867549e-10	9.963037824347e-11	1.441631829939e-10
-7.400000000000e-09	3.392282302792e-10	5.899556338819e-11	1.887167371044e-10
-7.200000000000e-09	2.700358007194e-10	3.549588378970e-11	1.850076758997e-10
-7.000000000000e-09	3.156409428229e-10	1.079922208737e-10	1.258135166983e-10
-6.800000000000e-09	2.703342218858e-10	5.083583950648e-11	1.531765275342e-10
-6.600000000000e-09	2.725488763205e-10	8.523620218759e-11	1.453594711146e-10
-6.400000000000e-09	3.082917352626e-10	8.015623247815e-11	1.755631407925e-10
-6.200000000000e-09	3.004299789265e-10	5.823960248326e-11	1.722135945195e-10
-6.000000000000e-09	3.279927107182e-10	1.214365734115e-10	1.562765688102e-10
-5.800000000000e-09	2.774700993717e-10	1.022919435857e-10	1.176029510546e-10
-5.600000000000e-09	3.184469826121e-10	9.439280313613e-11	1.264244772244e-10
-5.400000000000e-09	3.326507050359e-10	5.621916467873e-11	1.888673420306e-10
-5.200000000000e-09	2.972917138693e-10	6.930228918739e-11	1.596448419545e-10
-5.000000000000e-09	3.064217618624e-10	6.227691974652e-11	1.611121320859e-10
-4.800000000000e-09	2.861628368309e-10	5.126862795363e-11	1.353875819728e-10
-4.600000000000e-09	2.905738305812e-10	1.539084262991e-12	1.714257122246e-10
-4.400000000000e-09	2.903493974756e-10	9.861692353446e-11	9.813308528085e-11
-4.200000000000e-09	2.798281898199e-10	6.763932587445e-11	1.304920885180e-10
-4.000000000000e-09	3.168241331084e-10	3.552516797150e-11	2.169438943571e-10
-3.800000000000e-09	2.545534404503e-10	8.505149679712e-11	1.630639954151e-10
-3.600000000000e-09	3.067046965841e-10	8.217289064974e-11	1.727926482104e-10
-3.400000000000e-09	2.397344143687e-10	2.859643514925e-11	1.784786810969e-10
-3.200000000000e-09	2.524493399470e-10	4.922014310441e-11	1.499607798627e-10
-3.000000000000e-09	2.626139736416e-10	4.911868418167e-11	1.350672493849e-10
-2.800000000000e-09	2.862763031843e-10	2.581843216819e-11	1.879102295666e-10
-2.600000000000e-09	2.299835517516e-10	1.714309103218e-11	1.197920861986e-10
-2.400000000000e-09	2.655620629303e-10	9.152910466789e-11	9.687786933421e-11
-2.200000000000e-09	3.169286122148e-10	9.808573925736e-11	1.573222985152e-10
-2.000000000000e-09	2.359961329864e-10	5.914217343170e-11	1.224175061225e-10
-1.800000000000e-09	3.188245431365e-10	2.430677446248e-11	1.724771667624e-10
-1.600000000000e-09	2.345098335974e-10	4.708728408116e-11	1.532554204729e-10
-1.400000000000e-09	3.006585014913e-10	8.523322425702e-11	1.719635262696e-10
-1.200000000000e-09	2.780933180182e-10	6.154239448667e-11	1.292205813673e-10
-1.000000000000e-09	2.760963539353e-10	8.897722942339e-11	1.123273276475e-10
-8.000000000000e-10	3.021612862171e-10	4.487006489538e-11	1.873255752749e-10
-6.000000000000e-10	2.612892528694e-10	6.534375720332e-11	1.001781220068e-10
-4.000000000000e-10	2.369733241577e-10	1.682204878634e-11	1.507982632519e-10
-2.000000000000e-10	2.297714194377e-10	5.813422432753e-11	1.258135243427e-10
-1.783608195817e-24	2.484177833174e-10	3.538687441178e-11	1.411205057112e-10
2.000000000000e-10	2.736709099679e-10	2.580308186229e-11	1.629956677356e-10
4.000000000000e-10	2.386344789657e-10	7.127341285646e-11	1.157483565950e-10
6.000000000000e-10	3.095700209428e-10	8.943098275653e-11	1.221653466617e-10
8.000000000000e-10	2.661052616035e-10	3.582372868043e-11	1.634732083395e-10
1.000000000000e-09	2.646474341317e-10	1.020024825721e-10	1.293332120314e-10
1.200000000000e-09	2.489140255876e-10	6.983978526745e-11	1.143980562705e-10
1.400000000000e-09	3.030495846730e-10	4.349132897156e-11	2.044211351515e-10
1.600000000000e-09	2.489267213582e-10	5.920968292381e-11	9.060231738933e-11
1.800000000000e-09	2.436677704648e-10	4.224853140114e-11	1.555309165305e-10
2.000000000000e-09	2.522113189657e-10	8.358639585404e-11	1.123813906432e-10
2.200000000000e-09	2.310319905842e-10	2.579999537666e-11	9.981376781500e-11
2.400000000000e-09	2.631754727424e-10	4.631935547109e-11	1.631131732571e-10
2.600000000000e-09	2.669121996540e-10	4.939125461241e-11	1.526155229377e-10
2.800000000000e-09	2.636664264842e-10	8.049851222909e-11	1.233515459282e-10
3.000000000000e-09	2.203644163842e-10	3.452688221881e-11	1.139608318713e-10
3.200000000000e-09	2.289305960292e-10	1.856246333797e-11	1.617299472561e-10
3.400000000000e-09	2.182132506434e-10	6.271468996741e-11	1.089087951217e-10
3.600000000000e-09	2.314260175306e-10	5.918403581701e-11	1.342828241651e-10
3.800000000000e-09	2.494000132583e-10	4.247067883813e-11	1.337442475267e-10
4.000000000000e-09	2.510467361479e-10	7.610038067947e-11	1.267306125007e-10
4.200000000000e-09	2.610749160450e-10	3.483174455269e-11	1.418043170102e-10
4.400000000000e-09	1.883428643769e-10	4.820490795213e-11	1.114282207558e-10
4.600000000000e-09	2.411638531142e-10	5.635322640645e-11	1.294836071716e-10
4.800000000000e-09	2.386166784952e-10	5.334642743161e-11	1.444597464518e-10
5.000000000000e-09	2.396628060509e-10	5.171299425019e-11	1.282390891698e-10
5.200000000000e-09	2.065809688784e-10	5.655632899001e-11	1.134820104513e-10
5.400000000000e-09	2.636191432773e-10	5.966332378401e-11	1.528660116332e-10
5.600000000000e-09	2.291529632942e-10	6.976916350915e-11	1.176617501833e-10
5.800000000000e-09	2.121221159795e-10	4.086450316345e-11	1.243135281873e-10
6.000000000000e-09	1.960546043996e-10	3.501493694538e-11	9.395276604071e-11
6.200000000000e-09	2.599935449883e-10	7.842875842620e-11	1.563210565004e-10
6.400000000000e-09	2.718758429278e-10	5.498353840919e-11	1.615263872345e-10
6.600000000000e-09	2.349486623408e-10	4.084761404417e-11	1.396928492217e-10
6.800000000000e-09	2.703121625337e-10	8.936428421879e-11	1.305608082503e-10
7.000000000000e-09	2.484253976879e-10	7.537905242147e-11	1.254242482136e-10
7.200000000000e-09	2.277989772687e-10	2.778656322257e-11	1.388680785154e-10
7.400000000000e-09	1.898271823667e-10	6.976865270490e-11	1.069646775604e-10
7.600000000000e-09	2.216726447320e-10	5.431708617228e-11	1.281131359113e-10
7.800000000000e-09	2.197279057041e-10	2.613673656843e-11	1.470290582983e-10
8.000000000000e-09	2.252177691255e-10	7.209391151694e-11	1.083751861720e-10
8.200000000000e-09	2.343977349001e-10	5.961219015306e-11	1.313416595380e-10
8.400000000000e-09	2.199274664284e-10	1.914055202672e-11	1.273241633401e-10
8.600000000000e-09	2.564674070657e-10	5.445071999371e-11	1.669894996339e-10
8.800000000000e-09	2.195557990092e-10	2.407257261010e-11	1.564480976952e-10
9.000000000000e-09	2.287210552665e-10	1.155981000924e-11	1.423998481600e-10
9.200000000000e-09	2.133069681721e-10	7.957797517308e-11	1.058477994917e-10
9.400000000000e-09	1.779418690545e-10	5.862548385873e-11	7.073754923341e-11
9.600000000000e-09	2.388822686033e-10	5.623313777477e-11	1.263433461293e-10
9.800000000000e-09	2.608498365230e-10	6.520180519656e-11	1.603331038149e-10
1.000000000000e-08	2.336504556678e-10	6.442370838625e-11	1.437053637229e-10
1.020000000000e-08	2.346998809109e-10	2.184426873603e-11	1.527527652999e-10
1.040000000000e-08	1.744758687556e-10	3.879207767792e-11	8.166300336129e-11
1.060000000000e-08	1.775171194433e-10	4.288188384815e-11	8.389644874121e-11
1.080000000000e-08	2.076803249635e-10	5.296232060724e-11	1.304129639948e-10
1.100000000000e-08	1.922116326297e-10	4.184523464724e-11	1.113698114670e-10
1.120000000000e-08	2.668269274263e-10	6.762726968184e-11	1.402754401979e-10
1.140000000000e-08	2.349051345202e-10	4.430206929081e-11	1.593379849224e-10
1.160000000000e-08	2.018036959990e-10	3.521704714462e-11	1.135835869558e-10
1.180000000000e-08	2.139070754870e-10	6.402641831206e-11	1.044924695776e-10
1.200000000000e-08	2.157385717654e-10	6.265339121259e-11	1.098092367603e-10
1.220000000000e-08	2.026042085137e-10	5.139169877773e-11	1.279171492748e-10
1.240000000000e-08	1.864617288490e-10	3.652894227873e-11	7.299522032158e-11
1.260000000000e-08	1.853593732595e-10	4.662155121751e-11	9.979046370814e-11
1.280000000000e-08	1.875433331908e-10	4.369048267459e-11	8.009922538729e-11
1.300000000000e-08	1.899665192794e-10	1.776144074476e-11	1.074183532838e-10
1.320000000000e-08	2.074916467705e-10	1.534181976729e-12	1.494391056277e-10
1.340000000000e-08	2.054216206762e-10	6.584311801912e-11	9.712400643588e-11
1.360000000000e-08	1.922251504801e-10	3.236904587990e-11	1.156338663119e-10
1.380000000000e-08	1.977170589576e-10	3.678536103920e-11	1.170653512938e-10
1.400000000000e-08	1.966320349971e-10	5.436130304312e-11	1.192567469264e-10
1.420000000000e-08	2.471076388756e-10	7.445686936397e-11	9.114759169416e-11
1.440000000000e-08	1.683548159700e-10	1.870657249503e-11	9.637629356166e-11
1.460000000000e-08	2.140865121333e-10	7.728143190497e-11	9.645444280475e-11
1.480000000000e-08	1.784204708239e-10	5.459932445141e-11	1.050620234789e-10
1.500000000000e-08	2.005772646088e-10	7.034234678839e-11	7.233935012675e-11
1.520000000000e-08	1.758497139451e-10	2.090978853897e-11	1.232442855367e-10
1.540000000000e-08	1.987153529862e-10	3.236890542221e-11	1.227371339274e-10
1.560000000000e-08	2.107704786640e-10	3.855832850555e-11	9.531031040270e-11
1.580000000000e-08	1.720369411822e-10	4.335491340387e-11	9.819239286278e-11
1.600000000000e-08	1.570295818941e-10	1.902645029021e-12	1.125094666587e-10
1.620000000000e-08	1.894547550898e-10	1.287059093667e-11	1.309925453101e-10
1.640000000000e-08	1.831959859930e-10	4.512119736928e-11	1.294490848196e-10
1.660000000000e-08	1.964262351225e-10	2.456892451007e-11	1.247550479397e-10
1.680000000000e-08	1.675723423728e-10	5.442667021134e-11	7.118143867154e-11
1.700000000000e-08	2.097532309647e-10	5.564507932387e-11	8.354735355502e-11
1.720000000000e-08	1.851880662657e-10	3.887362851224e-11	1.007198727908e-10
1.740000000000e-08	2.160208809467e-10	8.350648491159e-11	1.022369146603e-10
1.760000000000e-08	2.037920850804e-10	4.129920744040e-11	1.214500075775e-10
1.780000000000e-08	2.050720524979e-10	9.244726238196e-11	1.137367025962e-10
1.800000000000e-08	1.645541530514e-10	1.762265291782e-11	1.083148576183e-10
1.820000000000e-08	2.134304189761e-10	8.917078427750e-11	7.326460782732e-11
1.840000000000e-08	1.882761548552e-10	3.340096890535e-11	1.148466498902e-10
1.860000000000e-08	1.722343693960e-10	8.105403780674e-11	8.760240178452e-11
1.880000000000e-08	2.143257203028e-10	5.503889142175e-11	1.023693678311e-10
1.900000000000e-08	1.656595743331e-10	1.991971313540e-11	9.167708667688e-11
1.920000000000e-08	1.799710776910e-10	4.327441885255e-11	1.350668952848e-10
1.940000000000e-08	1.935417255068e-10	3.916068511794e-11	1.083054660702e-10
1.960000000000e-08	1.893456471844e-10	2.861034210827e-11	1.197801427010e-10
1.980000000000e-08	1.866302792397e-10	5.123720566028e-11	9.930699462070e-11
2.000000000000e-08	1.895515533266e-10	4.339995956543e-11	1.303137396887e-10
2.020000000000e-08	1.771386337060e-10	6.522564273936e-11	1.011160193500e-10
2.040000000000e-08	1.583775689114e-10	4.037078716946e-11	7.449098776319e-11
2.060000000000e-08	1.876397713915e-10	6.509774797598e-11	1.097869672747e-10
2.080000000000e-08	1.739105517496e-10	1.871198285270e-11	1.167145939778e-10
2.100000000000e-08	1.426689215258e-10	1.043419116745e-11	8.008800282582e-11
2.120000000000e-08	1.990868338430e-10	3.774169355964e-11	1.170826684641e-10
2.140000000000e-08	1.690480361747e-10	1.165257726492e-11	1.040722663979e-10
2.160000000000e-08	1.767046616696e-10	9.708062145861e-12	1.307073545979e-10
2.180000000000e-08	2.143694199439e-10	6.851162610222e-11	1.069212048263e-10
2.200000000000e-08	1.742351906758e-10	4.942494170807e-11	9.254621107883e-11
2.220000000000e-08	1.725945378397e-10	8.829442648854e-12	1.231217738583e-10
2.240000000000e-08	1.826903173354e-10	3.436852571823e-11	9.392874686724e-11
2.260000000000e-08	1.881193777993e-10	4.408492935571e-11	1.042314128728e-10
2.280000000000e-08	1.501413280165e-10	2.184573189610e-11	9.711337392983e-11
2.300000000000e-08	1.265591183874e-10	5.234222294759e-11	8.097252165182e-11
2.320000000000e-08	1.289139426956e-10	1.074431753210e-11	7.227302255573e-11
2.340000000000e-08	1.789562496629e-10	5.711461910468e-11	8.002449216328e-11
2.360000000000e-08	1.707437371945e-10	5.323530955239e-11	7.778349681958e-11
2.380000000000e-08	1.939130441850e-10	7.754126330859e-11	7.416757533167e-11
2.400000000000e-08	1.594981832379e-10	3.290198128811e-11	5.909006102424e-11
2.420000000000e-08	1.762575664189e-10	2.782148919901e-12	1.171446347207e-10
2.440000000000e-08	1.531576340504e-10	2.949002667496e-11	9.881585584778e-11
2.460000000000e-08	1.604370017582e-10	2.361116989792e-11	8.350612793587e-11
2.480000000000e-08	1.510575347691e-10	3.132957630415e-11	9.431027077540e-11
2.500000000000e-08	1.864732321064e-10	4.549504932555e-11	9.974887143698e-11
2.520000000000e-08	1.670134460245e-10	1.498135105418e-11	8.431223769186e-11
2.540000000000e-08	1.524468116834e-10	1.120572894419e-12	1.132536685459e-10
2.560000000000e-08	1.808453661445e-10	8.523674797941e-11	8.116300593384e-11
2.580000000000e-08	1.946744900482e-10	2.964647767607e-11	1.093298084863e-10
2.600000000000e-08	2.025658257911e-10	7.444013669868e-11	9.334100431921e-11
2.620000000000e-08	1.437090812899e-10	3.968894940476e-11	9.556359400237e-11
2.640000000000e-08	1.641296425087e-10	3.846426987269e-11	1.080190575923e-10
2.660000000000e-08	1.619583815873e-10	5.269182651099e-11	8.103580206548e-11
2.680000000000e-08	1.305102022635e-10	4.364958462716e-11	7.676342083483e-11
2.700000000000e-08	1.521325691117e-10	5.514100231584e-11	7.669174182834e-11
2.720000000000e-08	1.523459301466e-10	1.897355089103e-11	9.429378222896e-11
2.740000000000e-08	1.635606794300e-10	2.152935808470e-11	1.107681735974e-10
2.760000000000e-08	1.633593568052e-10	2.786338116766e-12	9.799559750682e-11
2.780000000000e-08	1.815857480920e-10	4.321958341122e-11	1.103475158788e-10
2.800000000000e-08	1.711848164497e-10	2.199165336477e-11	9.668699557344e-11
2.820000000000e-08	1.722599265431e-10	6.577499359307e-11	8.430516282941e-11
2.840000000000e-08	1.377935224864e-10	2.942799468909e-11	7.764566430537e-11
2.860000000000e-08	1.279008618885e-10	4.381198033053e-11	5.266677215661e-11
2.880000000000e-08	1.548014333631e-10	2.083441476264e-11	7.937923754050e-11
2.900000000000e-08	1.491916787248e-10	1.170466842665e-11	1.007302036059e-10
2.920000000000e-08	1.496286104725e-10	5.645274043771e-11	7.963740608492e-11
2.940000000000e-08	1.665938334200e-10	3.095821371496e-11	8.658074678710e-11
2.960000000000e-08	1.662982512795e-10	2.954214853912e-11	1.094280508287e-10
2.980000000000e-08	1.563267896936e-10	3.948212745071e-11	8.010196608524e-11
3.000000000000e-08	1.682268044609e-10	3.970687334163e-11	1.062899455016e-10
3.020000000000e-08	1.514722787705e-10	5.419784992141e-11	7.752467879227e-11
3.040000000000e-08	1.910472662842e-10	2.440584562973e-11	1.185531272195e-10
3.060000000000e-08	1.704182877329e-10	5.665314087243e-11	7.573740069765e-11
3.080000000000e-08	1.537106174741e-10	5.310726090402e-11	6.816922490308e-11
3.100000000000e-08	1.248934401135e-10	2.372786109000e-11	4.955503952941e-11
3.120000000000e-08	1.456021671054e-10	2.719205808320e-11	9.855390561772e-11
3.140000000000e-08	1.457731004393e-10	3.814654395707e-11	9.684848947509e-11
3.160000000000e-08	1.509882722006e-10	2.056087672482e-11	9.916949625877e-11
3.180000000000e-08	1.609623753202e-10	5.572487918552e-11	1.014372065574e-10
3.200000000000e-08	1.255655745771e-10	5.447518624695e-11	6.340883310735e-11
3.220000000000e-08	1.559000647444e-10	1.608941569592e-11	7.385214473376e-11
3.240000000000e-08	1.271536222816e-10	3.134715721241e-11	6.748879514616e-11
3.260000000000e-08	1.123119863023e-10	6.554642297313e-11	6.559405698329e-11
3.280000000000e-08	1.358210603035e-10	-5.460867709644e-12	7.106951364796e-11
3.300000000000e-08	1.561119225339e-10	4.472685352657e-11	1.138526539396e-10
3.320000000000e-08	1.738625374851e-10	4.783957766653e-11	9.539890563669e-11
3.340000000000e-08	1.199537714212e-10	2.822657007203e-12	6.619863719861e-11
3.360000000000e-08	1.570041078382e-10	4.221570460241e-11	9.961482422992e-11
3.380000000000e-08	1.359379089771e-10	3.654815925658e-12	6.468232064049e-11
3.400000000000e-08	1.105736308527e-10	3.868634824938e-11	7.290772788939e-11
3.420000000000e-08	1.402567707452e-10	7.531361342367e-11	5.631606830119e-11
3.440000000000e-08	1.688269021425e-10	2.695596789539e-11	9.456484045761e-11
3.460000000000e-08	1.498298529065e-10	5.499207456843e-11	7.767829663479e-11
3.480000000000e-08	1.338396549923e-10	4.001419520970e-11	7.293203072844e-11
3.500000000000e-08	1.450136472927e-10	5.131853795928e-11	6.153462824118e-11
3.520000000000e-08	1.459448189801e-10	3.255468407554e-11	1.032392112178e-10
3.540000000000e-08	1.220047987640e-10	4.929481199826e-11	5.287390781824e-11
3.560000000000e-08	1.346594919758e-10	1.626195085332e-11	8.249405300788e-11
3.580000000000e-08	1.415864628496e-10	2.376230455189e-11	9.068699027554e-11
3.600000000000e-08	1.679612835205e-10	2.571493296774e-11	9.720065672681e-11
3.620000000000e-08	1.422349214333e-10	4.720317253464e-11	9.377095277322e-11
3.640000000000e-08	1.479385851535e-10	3.343355329259e-11	9.657685731619e-11
3.660000000000e-08	1.131224853335e-10	-1.572522552356e-12	5.449166538028e-11
3.680000000000e-08	1.181663092230e-10	2.668774816137e-11	6.973692746750e-11
3.700000000000e-08	1.325363067471e-10	1.184722678994e-11	8.644614053564e-11
3.720000000000e-08	1.186816402469e-10	9.810868135897e-12	7.760483846385e-11
3.740000000000e-08	1.356322635429e-10	2.305073450224e-11	6.059694261192e-11
3.760000000000e-08	1.388602024913e-10	2.246288268035e-11	9.117498313282e-11
3.780000000000e-08	1.420251988163e-10	3.907343729151e-11	9.188255179736e-11
3.800000000000e-08	1.418187448629e-10	4.835015674026e-11	7.528696836262e-11
3.820000000000e-08	1.461825414035e-10	3.338750247642e-12	8.728060624037e-11
3.840000000000e-08	1.286073020517e-10	2.415252892740e-11	6.511789234094e-11
3.860000000000e-08	1.321522764022e-10	2.269537373952e-11	4.748356725810e-11
3.880000000000e-08	1.296531563361e-10	4.346492524746e-11	5.165940816241e-11
3.900000000000e-08	1.053674487657e-10	4.158116019761e-11	7.526062355075e-11
3.920000000000e-08	1.274830135637e-10	2.777075885764e-11	7.755914854873e-11
3.940000000000e-08	1.184733918985e-10	5.042692442016e-12	7.566947147012e-11
3.960000000000e-08	1.108259505695e-10	2.700073750745e-11	8.093607722686e-11
3.980000000000e-08	1.381817652399e-10	3.459282763302e-11	1.126710722382e-10
4.000000000000e-08	1.038688909016e-10	1.663897962979e-11	7.536470193844e-11
4.020000000000e-08	1.319638976915e-10	1.119776623669e-11	8.915114355443e-11
4.040000000000e-08	1.139137899155e-10	4.545452636386e-11	5.505900395272e-11
4.060000000000e-08	1.311346826128e-10	4.436324185067e-11	5.998928733383e-11
4.080000000000e-08	1.241246830093e-10	2.339888442904e-11	7.128848616012e-11
4.100000000000e-08	1.378993087404e-10	3.547617878693e-11	5.846795684099e-11
4.120000000000e-08	1.228970452910e-10	4.787198504359e-11	6.600194226924e-11
4.140000000000e-08	1.464820489868e-10	4.682049816586e-11	8.321689224513e-11
4.160000000000e-08	1.364152558484e-10	3.171786048324e-11	9.664965668915e-11
4.180000000000e-08	1.115049062474e-10	5.389551485284e-11	6.042213467749e-11
4.200000000000e-08	1.345556183648e-10	1.524236626294e-11	8.700660871899e-11
4.220000000000e-08	1.239066988920e-10	-2.758952706013e-12	9.193373092253e-11
4.240000000000e-08	1.276862122092e-10	2.618128260811e-11	8.862864889331e-11
4.260000000000e-08	1.105335318449e-10	2.665015554952e-11	5.500998367141e-11
4.280000000000e-08	1.245494850296e-10	4.073391945197e-11	7.327269318496e-11
4.300000000000e-08	1.344176693657e-10	4.938769996203e-11	4.383396512043e-11
4.320000000000e-08	8.973419476697e-11	2.665166428831e-13	6.523419171418e-11
4.340000000000e-08	1.169170662577e-10	2.121061450605e-11	6.375399559727e-11
4.360000000000e-08	1.040862974544e-10	1.689798073202e-11	5.381949995370e-11
4.380000000000e-08	1.238256570070e-10	4.764781153762e-11	8.061438463199e-11
4.400000000000e-08	8.911186801452e-11	3.920864094576e-11	5.282601427993e-11
4.420000000000e-08	1.324828951838e-10	2.154821533375e-11	8.774802699002e-11
4.440000000000e-08	1.366678771855e-10	5.015088291493e-11	8.269022046060e-11
4.460000000000e-08	1.121580513048e-10	2.620268783448e-11	5.728054419555e-11
4.480000000000e-08	1.167088628527e-10	9.020156728443e-12	1.191174010607e-10
4.500000000000e-08	1.333785386460e-10	2.805174390684e-11	5.806186344805e-11
4.520000000000e-08	8.963313818281e-11	6.687017830001e-12	6.591657402285e-11
4.540000000000e-08	1.210696502642e-10	2.557999748151e-11	1.033266050906e-10
4.560000000000e-08	1.305509816662e-10	2.509344327788e-11	9.488968029736e-11
4.580000000000e-08	1.025727208146e-10	2.283579474858e-11	6.560535650750e-11
4.600000000000e-08	1.417018887654e-10	4.237940335693e-11	7.158176871233e-11
4.620000000000e-08	1.301844660322e-10	7.423360902298e-11	8.315286033783e-11
4.640000000000e-08	1.243030899503e-10	3.326779164166e-11	6.258668269911e-11
4.660000000000e-08	1.141094909984e-10	1.021601369194e-11	7.442209905359e-11
4.680000000000e-08	1.298138821524e-10	3.575110148113e-11	9.564161072634e-11
4.700000000000e-08	1.176798897995e-10	3.937495545610e-11	6.733391094571e-11
4.720000000000e-08	1.160579885832e-10	1.022580840409e-11	6.730529443553e-11
4.740000000000e-08	1.217066295972e-10	5.169138010822e-12	9.955054959423e-11
4.760000000000e-08	1.009240430433e-10	2.999540505454e-11	5.835248099029e-11
4.780000000000e-08	1.154855625459e-10	3.584302794522e-11	5.647826187136e-11
4.800000000000e-08	1.215654149330e-10	2.495116502243e-11	5.671695031394e-11
4.820000000000e-08	1.024068028839e-10	2.002067710592e-11	6.382055961031e-11
4.840000000000e-08	9.795586910873e-11	-5.995579982494e-12	6.966426875443e-11
4.860000000000e-08	1.228636617557e-10	3.125816161787e-11	8.305768390472e-11
4.880000000000e-08	9.385640484806e-11	2.445221055411e-11	6.205102798505e-11
4.900000000000e-08	1.045387926558e-10	3.180966220066e-11	7.605102206840e-11
4.920000000000e-08	1.213689292379e-10	3.148981922995e-11	7.440636353536e-11
4.940000000000e-08	1.033113527104e-10	1.316795387656e-11	7.980950811096e-11
4.960000000000e-08	1.119088798018e-10	2.647377611867e-11	4.533236132542e-11
4.980000000000e-08	8.822070547268e-11	5.138567291403e-11	3.102119249779e-11
5.000000000000e-08	1.025630946682e-10	2.915466450906e-11	5.641139393457e-11
5.020000000000e-08	1.009503503109e-10	2.188784371933e-11	7.364337401528e-11
5.040000000000e-08	1.363070150006e-10	3.207496693126e-11	6.307175153379e-11
5.060000000000e-08	1.049137389159e-10	3.115844645480e-11	7.407431274186e-11
5.080000000000e-08	1.038450752749e-10	1.420883503547e-11	7.411690269733e-11
5.100000000000e-08	9.829505811608e-11	3.376066829529e-11	4.806774256610e-11
5.120000000000e-08	1.051556908427e-10	4.844649962351e-11	6.708167883359e-11
5.140000000000e-08	9.325511231159e-11	1.311070238613e-11	5.319343834831e-11
5.160000000000e-08	7.361145972682e-11	3.179406628038e-11	3.201939286432e-11
5.180000000000e-08	8.635807033657e-11	3.564284132656e-11	3.759408286484e-11
5.200000000000e-08	1.085077672343e-10	7.915579738866e-12	7.949473046365e-11
5.220000000000e-08	1.094177190994e-10	4.873456337763e-11	5.340942352274e-11
5.240000000000e-08	1.197914199268e-10	9.324173927670e-12	8.965517562261e-11
5.260000000000e-08	1.050991991887e-10	-1.312087274473e-12	9.282731726071e-11
5.280000000000e-08	1.307212058707e-10	2.718246099650e-11	6.364491939926e-11
5.300000000000e-08	6.220872140322e-11	2.335625094250e-11	1.726708102290e-11
5.320000000000e-08	1.229384627389e-10	2.269014879637e-11	7.718237317614e-11
5.340000000000e-08	9.051203631835e-11	2.430197737341e-11	6.065936735277e-11
5.360000000000e-08	9.228258638137e-11	4.643625741455e-11	6.024607607359e-11
5.380000000000e-08	9.141643816657e-11	9.451845369125e-12	6.427129064936e-11
5.400000000000e-08	1.223024699056e-10	1.389023364203e-11	9.412420492792e-11
5.420000000000e-08	1.075931426634e-10	5.312581277335e-11	5.493629563320e-11
5.440000000000e-08	9.067846114613e-11	3.859947194017e-11	5.516955472021e-11
5.460000000000e-08	9.588028960616e-11	1.205568709125e-11	6.067926395793e-11
5.480000000000e-08	1.116566828042e-10	1.820729149131e-11	5.002921215420e-11
5.500000000000e-08	9.097565883346e-11	2.534988420987e-11	6.150540002760e-11
5.520000000000e-08	1.067087531921e-10	1.156730645106e-11	6.940448404901e-11
5.540000000000e-08	9.799723689194e-11	1.474370734841e-11	7.575227435117e-11
5.560000000000e-08	9.039891876713e-11	5.650813902412e-12	5.760668576439e-11
5.580000000000e-08	9.908947384916e-11	2.123582469827e-11	4.860124878883e-11
5.600000000000e-08	9.575050750005e-11	3.534367474148e-11	3.876898774081e-11
5.620000000000e-08	1.106986850766e-10	2.949629788172e-11	6.907012832733e-11
5.640000000000e-08	1.143064181835e-10	3.879212002750e-11	5.042147634561e-11
5.660000000000e-08	7.346707895117e-11	1.378317597635e-11	2.555277578870e-11
5.680000000000e-08	9.392950844673e-11	4.066440647498e-11	5.105250469823e-11
5.700000000000e-08	7.766969706280e-11	1.984332001761e-12	5.797013732282e-11
5.720000000000e-08	1.071491708589e-10	6.241899116031e-12	5.986534683570e-11
5.740000000000e-08	8.065610363594e-11	3.933400653661e-11	6.545924923465e-11
5.760000000000e-08	9.489451863666e-11	9.879540843099e-12	6.657953632870e-11
5.780000000000e-08	1.015490545138e-10	1.312633649601e-11	4.018094537678e-11
5.800000000000e-08	9.362959321762e-11	2.479981250704e-11	4.680702382220e-11
5.820000000000e-08	1.008387686465e-10	3.593031363501e-11	5.176081439098e-11
5.840000000000e-08	9.959236825034e-11	3.768089015457e-11	6.470509497740e-11
5.860000000000e-08	6.584820351544e-11	2.313119773956e-11	3.397474617845e-11
5.880000000000e-08	7.454306777605e-11	2.869153343140e-11	4.489707257672e-11
5.900000000000e-08	1.129649935678e-10	3.763898860163e-11	7.001543235382e-11
5.920000000000e-08	8.619224574246e-11	1.523595185607e-11	4.292835604696e-11
5.940000000000e-08	8.691049365993e-11	1.950125013704e-11	6.813884523830e-11
5.960000000000e-08	1.074281817878e-10	2.248892108308e-11	4.472726172896e-11
5.980000000000e-08	8.104559838725e-11	2.597159292447e-12	4.811220920524e-11
6.000000000000e-08	8.737708095123e-11	2.220984159984e-11	4.455621532858e-11
6.020000000000e-08	9.372240639756e-11	1.239664559966e-11	4.936164900718e-11
6.040000000000e-08	7.950268106867e-11	1.561840815388e-11	6.939005186795e-11
6.060000000000e-08	1.152309580776e-10	3.006639703792e-12	5.638918852782e-11
6.080000000000e-08	8.022628879773e-11	4.767055281440e-12	4.379554858159e-11
6.100000000000e-08	8.015754196608e-11	4.454006338014e-11	5.216015823924e-11
6.120000000000e-08	1.033724485565e-10	2.261152334676e-11	5.805717625133e-11
6.140000000000e-08	8.117512749394e-11	4.350012477724e-11	6.404055850807e-11
6.160000000000e-08	9.443389435216e-11	1.296984877256e-12	5.338864759885e-11
6.180000000000e-08	9.866139923454e-11	3.176175826902e-11	5.615057944644e-11
6.200000000000e-08	9.103023899566e-11	2.203494576437e-11	4.208647391976e-11
6.220000000000e-08	8.106423379157e-11	2.124646569275e-11	4.687262583083e-11
6.240000000000e-08	8.775263372542e-11	1.925668013405e-11	5.598860653130e-11
6.260000000000e-08	1.026715368816e-10	2.897745891955e-11	6.417770253557e-11
6.280000000000e-08	7.733569815571e-11	2.595187505661e-11	3.771883619074e-11
6.300000000000e-08	7.592634345772e-11	3.162393344749e-11	4.661949065462e-11
6.320000000000e-08	6.554904423857e-11	2.450034297573e-11	5.735297343507e-11
6.340000000000e-08	7.617294145516e-11	4.369205576648e-11	2.216092431351e-11
6.360000000000e-08	7.415980044927e-11	3.817278140778e-11	6.180468822899e-11
6.380000000000e-08	8.218760105669e-11	-4.486243796032e-12	5.639658696561e-11
6.400000000000e-08	6.872104614094e-11	1.946458638954e-11	4.410011741056e-11
6.420000000000e-08	8.193454089075e-11	3.064125931782e-11	3.425794271039e-11
6.440000000000e-08	9.214128436689e-11	4.005692502963e-11	5.077877348686e-11
6.460000000000e-08	8.050846490977e-11	1.568497239079e-11	6.853729132574e-11
6.480000000000e-08	7.366548247460e-11	4.914524457065e-11	5.505492548206e-11
