1.991200000000e-06	0.000000000000e+00	0.000000000000e+00	0.000000000000e+00
1.991400000000e-06	0.000000000000e+00	0.000000000000e+00	0.000000000000e+00
1.991600000000e-06	0.000000000000e+00	0.000000000000e+00	0.000000000000e+00
1.991800000000e-06	0.000000000000e+00	0.000000000000e+00	0.000000000000e+00
1.992000000000e-06	0.000000000000e+00	0.000000000000e+00	0.000000000000e+00
1.992200000000e-06	0.000000000000e+00	0.000000000000e+00	0.000000000000e+00
1.992400000000e-06	0.000000000000e+00	0.000000000000e+00	0.000000000000e+00
1.992600000000e-06	0.000000000000e+00	0.000000000000e+00	0.000000000000e+00
1.992800000000e-06	0.000000000000e+00	0.000000000000e+00	0.000000000000e+00
1.993000000000e-06	0.000000000000e+00	0.000000000000e+00	0.000000000000e+00
1.993200000000e-06	0.000000000000e+00	0.000000000000e+00	0.000000000000e+00
1.993400000000e-06	0.000000000000e+00	0.000000000000e+00	0.000000000000e+00
1.993600000000e-06	0.000000000000e+00	0.000000000000e+00	0.000000000000e+00
1.993800000000e-06	0.000000000000e+00	0.000000000000e+00	0.000000000000e+00
1.994000000000e-06	0.000000000000e+00	0.000000000000e+00	0.000000000000e+00
1.994200000000e-06	0.000000000000e+00	0.000000000000e+00	0.000000000000e+00
1.994400000000e-06	0.000000000000e+00	0.000000000000e+00	0.000000000000e+00
1.994600000000e-06	0.000000000000e+00	0.000000000000e+00	0.000000000000e+00
1.994800000000e-06	0.000000000000e+00	0.000000000000e+00	0.000000000000e+00
1.995000000000e-06	0.000000000000e+00	0.000000000000e+00	0.000000000000e+00
1.995200000000e-06	0.000000000000e+00	0.000000000000e+00	0.000000000000e+00
1.995400000000e-06	0.000000000000e+00	0.000000000000e+00	0.000000000000e+00
1.995600000000e-06	0.000000000000e+00	0.000000000000e+00	0.000000000000e+00
1.995800000000e-06	0.000000000000e+00	0.000000000000e+00	0.000000000000e+00
1.996000000000e-06	0.000000000000e+00	0.000000000000e+00	0.000000000000e+00
1.996200000000e-06	0.000000000000e+00	0.000000000000e+00	0.000000000000e+00
1.996400000000e-06	0.000000000000e+00	0.000000000000e+00	0.000000000000e+00
1.996600000000e-06	0.000000000000e+00	0.000000000000e+00	0.000000000000e+00
1.996800000000e-06	0.000000000000e+00	0.000000000000e+00	0.000000000000e+00
1.997000000000e-06	0.000000000000e+00	0.000000000000e+00	0.000000000000e+00
1.997200000000e-06	0.000000000000e+00	0.000000000000e+00	0.000000000000e+00
1.997400000000e-06	0.000000000000e+00	0.000000000000e+00	0.000000000000e+00
1.997600000000e-06	0.000000000000e+00	0.000000000000e+00	0.000000000000e+00
1.997800000000e-06	0.000000000000e+00	0.000000000000e+00	0.000000000000e+00
1.998000000000e-06	0.000000000000e+00	0.000000000000e+00	0.000000000000e+00
1.998200000000e-06	0.000000000000e+00	0.000000000000e+00	0.000000000000e+00
1.998400000000e-06	0.000000000000e+00	0.000000000000e+00	0.000000000000e+00
1.998600000000e-06	0.000000000000e+00	0.000000000000e+00	0.000000000000e+00
1.998800000000e-06	0.000000000000e+00	0.000000000000e+00	0.000000000000e+00
1.999000000000e-06	0.000000000000e+00	0.000000000000e+00	0.000000000000e+00
1.999200000000e-06	0.000000000000e+00	0.000000000000e+00	0.000000000000e+00
1.999400000000e-06	0.000000000000e+00	0.000000000000e+00	0.000000000000e+00
1.999600000000e-06	0.000000000000e+00	0.000000000000e+00	0.000000000000e+00
1.999800000000e-06	0.000000000000e+00	0.000000000000e+00	0.000000000000e+00
2.000000000000e-06	0.000000000000e+00	0.000000000000e+00	0.000000000000e+00
2.000200000000e-06	0.000000000000e+00	0.000000000000e+00	0.000000000000e+00
2.000400000000e-06	0.000000000000e+00	0.000000000000e+00	0.000000000000e+00
2.000600000000e-06	0.000000000000e+00	0.000000000000e+00	0.000000000000e+00
2.000800000000e-06	0.000000000000e+00	0.000000000000e+00	0.000000000000e+00
2.001000000000e-06	0.000000000000e+00	0.000000000000e+00	0.000000000000e+00
2.001200000000e-06	0.000000000000e+00	0.000000000000e+00	0.000000000000e+00
2.001400000000e-06	0.000000000000e+00	0.000000000000e+00	0.000000000000e+00
2.001600000000e-06	0.000000000000e+00	0.000000000000e+00	0.000000000000e+00
2.001800000000e-06	0.000000000000e+00	0.000000000000e+00	0.000000000000e+00
2.002000000000e-06	0.000000000000e+00	0.000000000000e+00	0.000000000000e+00
2.002200000000e-06	0.000000000000e+00	0.000000000000e+00	0.000000000000e+00
2.002400000000e-06	0.000000000000e+00	0.000000000000e+00	0.000000000000e+00
2.002600000000e-06	0.000000000000e+00	0.000000000000e+00	0.000000000000e+00
2.002800000000e-06	0.000000000000e+00	0.000000000000e+00	0.000000000000e+00
2.003000000000e-06	0.000000000000e+00	0.000000000000e+00	0.000000000000e+00
2.003200000000e-06	0.000000000000e+00	0.000000000000e+00	0.000000000000e+00
2.003400000000e-06	0.000000000000e+00	0.000000000000e+00	0.000000000000e+00
2.003600000000e-06	0.000000000000e+00	0.000000000000e+00	0.000000000000e+00
2.003800000000e-06	0.000000000000e+00	0.000000000000e+00	0.000000000000e+00
2.004000000000e-06	0.000000000000e+00	0.000000000000e+00	0.000000000000e+00
2.004200000000e-06	0.000000000000e+00	0.000000000000e+00	0.000000000000e+00
2.004400000000e-06	0.000000000000e+00	0.000000000000e+00	0.000000000000e+00
2.004600000000e-06	0.000000000000e+00	0.000000000000e+00	0.000000000000e+00
2.004800000000e-06	-1.212576374110e-15	-4.578305948013e-15	4.679087827425e-15
2.005000000000e-06	5.975932763839e-15	4.024380490043e-15	-3.417012073943e-16
2.005200000000e-06	-1.846954971290e-15	-1.439598504452e-17	-1.400167518817e-15
2.005400000000e-06	-3.379212052202e-15	1.634093804843e-15	-4.586981782452e-15
2.005600000000e-06	-7.905195571263e-16	-1.715997121170e-15	1.494611408359e-15
2.005800000000e-06	0.000000000000e+00	0.000000000000e+00	0.000000000000e+00
2.006000000000e-06	0.000000000000e+00	0.000000000000e+00	0.000000000000e+00
2.006200000000e-06	4.507812042121e-16	-9.213225914747e-17	4.590199250466e-16
2.006400000000e-06	-1.648175768871e-17	-1.709021082713e-17	8.269517349783e-18
2.006600000000e-06	4.814821822499e-17	3.296137977761e-17	-3.362835656974e-18
2.006800000000e-06	-8.536648221425e-17	-2.312498299339e-14	2.863824360574e-14
2.007000000000e-06	-5.798582226717e-14	-3.273813315763e-14	-4.497480654341e-15
2.007200000000e-06	3.381904092876e-14	4.244271590488e-14	-2.633468594121e-14
2.007400000000e-06	-8.482629613709e-15	-5.251481931584e-15	-7.970695048725e-17
2.007600000000e-06	-6.825580574045e-15	-8.669720115474e-15	5.343417813113e-15
2.007800000000e-06	-1.012192793088e-13	-3.874149607721e-14	-3.191639157076e-14
2.008000000000e-06	-4.117479193199e-14	-6.409230328275e-14	4.783570602464e-14
2.008200000000e-06	-5.509765625641e-14	3.083565940599e-14	-8.346090419024e-14
2.008400000000e-06	-4.608129113476e-14	-3.739397850167e-14	1.137709204628e-14
2.008600000000e-06	-4.847656359716e-14	-2.991549328291e-14	-2.133246016821e-16
2.008800000000e-06	-4.346809948256e-14	1.114560491855e-13	-1.721214515262e-13
2.009000000000e-06	2.515375897986e-14	-6.938311582883e-14	1.035656636557e-13
2.009200000000e-06	-2.689515145514e-14	-5.500462609462e-14	4.845046178599e-14
2.009400000000e-06	-3.857029357149e-13	-5.444167937690e-13	3.768817882464e-13
2.009600000000e-06	-3.715770593370e-13	1.645182068721e-14	-3.133938658070e-13
2.009800000000e-06	-1.359312540266e-13	8.394868277574e-14	-2.110139316497e-13
2.010000000000e-06	-8.904037193590e-13	-1.017059067759e-13	-5.756754679469e-13
2.010200000000e-06	-1.524839666281e-13	2.652290687236e-13	-4.543609823533e-13
2.010400000000e-06	-1.107124497779e-12	-6.202198238091e-13	-9.921903895252e-14
2.010600000000e-06	-1.863020124152e-12	-5.712625261641e-13	-7.710875307575e-13
2.010800000000e-06	-1.734184364532e-12	3.809062622717e-14	-1.425603442067e-12
2.011000000000e-06	-7.950510215716e-13	-2.510920546894e-13	-3.082676610821e-13
2.011200000000e-06	-1.377739333897e-12	1.006654295708e-13	-1.233464384260e-12
2.011400000000e-06	-2.772859557957e-12	-1.478986184041e-12	-3.297894159229e-13
2.011600000000e-06	-3.037245334006e-12	1.646432649790e-12	-4.485369305029e-12
2.011800000000e-06	-4.408051029248e-12	-2.160292917464e-12	-7.956462001138e-13
2.012000000000e-06	-6.077016049699e-12	-2.506521907540e-12	-1.704463053994e-12
2.012200000000e-06	-1.027122943409e-11	-2.299830126474e-12	-5.289109096871e-12
2.012400000000e-06	-1.326586707324e-11	-5.251788454549e-12	-3.967011105751e-12
2.012600000000e-06	-2.082886275913e-11	-9.125171330903e-12	-5.118004575472e-12
2.012800000000e-06	-3.122952018232e-11	-2.473006986108e-11	6.235727756711e-12
2.013000000000e-06	-7.514892087450e-11	-2.797846225275e-11	-2.484480616119e-11
2.013200000000e-06	-7.286908874807e-11	-2.999110022494e-13	-5.786737713196e-11
2.013400000000e-06	-6.626457222347e-11	-7.779632436562e-12	-4.318839134490e-11
2.013600000000e-06	-4.952356038389e-11	-7.322039812544e-12	-3.026468676890e-11
2.013800000000e-06	-5.132835762761e-11	-7.043841331698e-12	-3.213471267942e-11
2.014000000000e-06	-4.490728306345e-11	7.597087675378e-12	-4.544489416453e-11
2.014200000000e-06	-3.878978662137e-11	-1.568371445833e-11	-1.142975151594e-11
2.014400000000e-06	-5.615296876301e-11	-1.011412397433e-11	-3.221446100956e-11
2.014600000000e-06	-5.943160887305e-11	-1.562398238435e-11	-2.801458518220e-11
2.014800000000e-06	-6.315889076798e-11	-1.362475451901e-11	-3.334882092596e-11
2.015000000000e-06	-7.546495319766e-11	-1.924589536654e-11	-3.584562898916e-11
2.015200000000e-06	-9.475253439805e-11	-2.781318264484e-11	-4.093401911157e-11
2.015400000000e-06	-9.611057057824e-11	-3.066381353055e-11	-3.850321988577e-11
2.015600000000e-06	-1.175615976969e-10	-2.898575211767e-11	-5.746295080748e-11
2.015800000000e-06	-1.167616234108e-10	-1.099964740278e-11	-7.993457443388e-11
2.016000000000e-06	-1.364566050541e-10	-2.602220883354e-11	-7.668845805456e-11
2.016200000000e-06	-1.733927656728e-10	-4.293911017519e-11	-8.468268403498e-11
2.016400000000e-06	-1.895640128361e-10	-3.569661966814e-11	-1.069839149229e-10
2.016600000000e-06	-1.922620290514e-10	-4.426817756495e-11	-9.826566993519e-11
2.016800000000e-06	-2.434231345649e-10	-4.679794643614e-11	-1.362421212451e-10
2.017000000000e-06	-2.364329836184e-10	-4.197748515116e-11	-1.366351909707e-10
2.017200000000e-06	-3.179640302845e-10	-9.095644649923e-11	-1.404552609653e-10
2.017400000000e-06	-3.430307450453e-10	-8.178143594530e-11	-1.723196359867e-10
2.017600000000e-06	-3.682144962346e-10	-9.504713735838e-11	-1.757458642560e-10
2.017800000000e-06	-3.778254749897e-10	-9.021933998010e-11	-1.895705443966e-10
2.018000000000e-06	-4.330613474429e-10	-1.162869146013e-10	-2.012255329603e-10
2.018200000000e-06	-4.818333528886e-10	-6.374808437352e-11	-3.073170756886e-10
2.018400000000e-06	-5.486617186152e-10	-1.032630895126e-10	-3.112717855304e-10
2.018600000000e-06	-5.332643036136e-10	-9.207477355738e-11	-3.133849407748e-10
2.018800000000e-06	-6.226896355343e-10	-1.341142464394e-10	-3.323951772044e-10
2.019000000000e-06	-6.080294668501e-10	-1.120069120398e-10	-3.488028851991e-10
2.019200000000e-06	-7.264363852121e-10	-1.769850854999e-10	-3.623620395938e-10
2.019400000000e-06	-7.199105041469e-10	-1.367785285056e-10	-4.081045252533e-10
2.019600000000e-06	-7.155089390241e-10	-1.009626431163e-10	-4.507270610528e-10
2.019800000000e-06	-8.071530062580e-10	-1.516950957952e-10	-4.610812602793e-10
2.020000000000e-06	-8.416903555400e-10	-1.582146887573e-10	-4.813282295727e-10
2.020200000000e-06	-8.382294056411e-10	-1.399867784480e-10	-5.017569437643e-10
2.020400000000e-06	-9.015592358686e-10	-1.717678922195e-10	-5.132115882948e-10
2.020600000000e-06	-9.614893282408e-10	-1.359505384604e-10	-6.078987948004e-10
2.020800000000e-06	-9.398202329114e-10	-1.502295438444e-10	-5.727899787085e-10
2.021000000000e-06	-9.541516675917e-10	-1.851104816869e-10	-5.402966671658e-10
2.021200000000e-06	-9.773341015501e-10	-1.158960711775e-10	-6.485843373781e-10
2.021400000000e-06	-1.033712301163e-09	-2.076748576903e-10	-5.773091570640e-10
2.021600000000e-06	-1.002827549517e-09	-1.467191495157e-10	-6.304982348430e-10
2.021800000000e-06	-1.004121135012e-09	-1.701127168008e-10	-6.028924816034e-10
2.022000000000e-06	-1.066213360247e-09	-1.583106499614e-10	-6.680114515970e-10
2.022200000000e-06	-1.091461004469e-09	-1.619603181403e-10	-6.862284677807e-10
2.022400000000e-06	-1.113268703357e-09	-1.339845370818e-10	-7.397111313672e-10
2.022600000000e-06	-1.136449758513e-09	-1.804758181579e-10	-7.001386184701e-10
2.022800000000e-06	-1.154491992053e-09	-1.177608849318e-10	-7.956279300197e-10
2.023000000000e-06	-1.154231165252e-09	-1.678569571574e-10	-7.322182558737e-10
2.023200000000e-06	-1.170307168595e-09	-1.810448256949e-10	-7.283608113131e-10
2.023400000000e-06	-1.111036179507e-09	-2.047279270588e-10	-6.505110061622e-10
2.023600000000e-06	-1.131954354512e-09	-1.532186351248e-10	-7.349522648708e-10
2.023800000000e-06	-1.204034777648e-09	-1.210505886636e-10	-8.354600594126e-10
2.024000000000e-06	-1.076933314536e-09	-1.003597985914e-10	-7.590118753538e-10
2.024200000000e-06	-1.105196371389e-09	-1.478288022579e-10	-7.217268061828e-10
2.024400000000e-06	-1.079947995706e-09	-8.362263244054e-11	-7.844829146480e-10
2.024600000000e-06	-1.191444549658e-09	-2.342167701692e-10	-6.823690221217e-10
2.024800000000e-06	-1.160923586938e-09	-1.670608882080e-10	-7.445813962030e-10
2.025000000000e-06	-1.090489850528e-09	-1.349418129711e-10	-7.287524175721e-10
2.025200000000e-06	-1.047215193314e-09	-1.105503178606e-10	-7.258459499773e-10
2.025400000000e-06	-1.081655234624e-09	-4.974804990840e-11	-8.330357688269e-10
2.025600000000e-06	-1.060867123004e-09	-1.396280430593e-10	-7.007438987151e-10
2.025800000000e-06	-1.040394626875e-09	-1.472436560843e-10	-6.730736261916e-10
2.026000000000e-06	-1.015544685886e-09	-1.347689395733e-10	-6.710608899538e-10
2.026200000000e-06	-1.036028069999e-09	-1.228690341291e-10	-7.031884039662e-10
2.026400000000e-06	-9.908382488630e-10	-9.948046897254e-11	-6.959021057852e-10
2.026600000000e-06	-9.753483835073e-10	-8.459202746115e-11	-7.032702633015e-10
2.026800000000e-06	-9.805657553473e-10	-8.426912343375e-11	-7.093000560003e-10
2.027000000000e-06	-9.656732776014e-10	-5.769361274126e-11	-7.321380764780e-10
2.027200000000e-06	-9.429962932020e-10	-9.716238970748e-11	-6.622288421875e-10
2.027400000000e-06	-9.396923426396e-10	-6.613980554366e-11	-7.003369693772e-10
2.027600000000e-06	-9.958894013985e-10	-7.796148569012e-11	-7.338804458890e-10
2.027800000000e-06	-9.265077955546e-10	-8.947858077410e-11	-6.602297820887e-10
2.028000000000e-06	-9.758992338367e-10	-1.406917359355e-10	-6.355437892364e-10
2.028200000000e-06	-8.834020308535e-10	-4.300256714438e-11	-6.861072452148e-10
2.028400000000e-06	-8.337386396529e-10	-9.175232866470e-11	-5.812923377840e-10
2.028600000000e-06	-8.064937699648e-10	-5.487151464004e-11	-6.072259449956e-10
2.028800000000e-06	-8.268397447672e-10	-5.110994762946e-11	-6.296176593704e-10
2.029000000000e-06	-8.697104902614e-10	-8.781713523349e-11	-6.163636365956e-10
2.029200000000e-06	-7.633662884069e-10	-7.120037602551e-11	-5.516716485618e-10
2.029400000000e-06	-7.466524359606e-10	-4.449287055463e-11	-5.724938598473e-10
2.029600000000e-06	-7.718121253104e-10	-5.247933766573e-11	-5.847615852842e-10
2.029800000000e-06	-7.112662720874e-10	-9.484090802421e-11	-4.773206716116e-10
2.030000000000e-06	-6.709512374478e-10	-2.529682819661e-11	-5.352889069333e-10
2.030200000000e-06	-7.569704709157e-10	-4.345749435980e-14	-6.411410322749e-10
2.030400000000e-06	-7.599995093275e-10	-7.685166467697e-11	-5.456140964036e-10
2.030600000000e-06	-6.367834292697e-10	-2.917608999414e-11	-5.027250840007e-10
2.030800000000e-06	-5.870305009817e-10	-8.139992300121e-12	-4.878154075752e-10
2.031000000000e-06	-6.872070776245e-10	-9.037729509974e-11	-4.653517840933e-10
2.031200000000e-06	-6.065931769727e-10	-6.661458614186e-11	-4.300496650750e-10
2.031400000000e-06	-5.878580471288e-10	1.028114696335e-10	-6.384958841465e-10
2.031600000000e-06	-6.266582678256e-10	-1.644912714512e-10	-3.092581145219e-10
2.031800000000e-06	-6.273057356270e-10	-2.264570474603e-11	-5.069790113268e-10
2.032000000000e-06	-5.483704500696e-10	-9.468563377830e-13	-4.692962630903e-10
2.032200000000e-06	-5.288239618586e-10	-2.869302045009e-11	-4.155243649734e-10
2.032400000000e-06	-6.183669110466e-10	-3.899607430416e-11	-4.779166977091e-10
2.032600000000e-06	-5.088781474866e-10	-9.764185969807e-12	-4.242304875118e-10
2.032800000000e-06	-5.038201834695e-10	-8.410209229126e-11	-3.220058674693e-10
2.033000000000e-06	-5.126229483103e-10	1.211277289163e-11	-4.575051405731e-10
2.033200000000e-06	-4.681709001424e-10	5.776671110598e-12	-4.111226779733e-10
2.033400000000e-06	-4.955890261233e-10	-6.177710562231e-11	-3.447799033196e-10
2.033600000000e-06	-4.425231564554e-10	-2.938353549201e-11	-3.425308893313e-10
2.033800000000e-06	-4.516206902006e-10	-9.051119890830e-12	-3.796797307956e-10
2.034000000000e-06	-4.007095567966e-10	-3.386996533106e-12	-3.435009874484e-10
2.034200000000e-06	-4.980827931574e-10	-8.182816433958e-11	-3.222660941480e-10
2.034400000000e-06	-3.737428310793e-10	1.012888826114e-10	-4.598550853569e-10
2.034600000000e-06	-3.859345696815e-10	-2.075990664927e-11	-3.080246771196e-10
2.034800000000e-06	-3.161650526707e-10	3.492430276894e-11	-3.238266960262e-10
2.035000000000e-06	-4.076996443671e-10	-4.372130934205e-11	-2.961173134888e-10
2.035200000000e-06	-3.797705037103e-10	1.362495305024e-11	-3.506841141514e-10
2.035400000000e-06	-3.956763278148e-10	-3.149480638295e-11	-3.035633269977e-10
2.035600000000e-06	-2.684604147433e-10	1.675790686888e-11	-2.591672827681e-10
2.035800000000e-06	-2.887106452876e-10	-8.618218820073e-12	-2.429276020554e-10
2.036000000000e-06	-3.569725277422e-10	-1.485944841968e-11	-2.932287347155e-10
2.036200000000e-06	-2.556552057805e-10	2.639996492111e-11	-2.614780821380e-10
2.036400000000e-06	-2.644239809562e-10	-9.072643565010e-11	-1.133501145910e-10
2.036600000000e-06	-2.603041062934e-10	6.337495751930e-11	-3.161214861429e-10
2.036800000000e-06	-3.121043745535e-10	-3.020150242366e-11	-2.333098144400e-10
2.037000000000e-06	-2.871695155095e-10	1.667909666465e-12	-2.582347369907e-10
2.037200000000e-06	-2.399808895968e-10	-8.621634621964e-12	-2.013688205776e-10
2.037400000000e-06	-2.016566521903e-10	3.411752024366e-11	-2.263656106223e-10
2.037600000000e-06	-2.684463324046e-10	-5.299577259900e-11	-1.670740531528e-10
2.037800000000e-06	-2.361127535504e-10	-6.275851129051e-13	-2.120110526218e-10
2.038000000000e-06	-2.467436097740e-10	-2.194939653208e-11	-1.916617899166e-10
2.038200000000e-06	-1.986025958871e-10	-1.952521066318e-12	-1.761181812648e-10
2.038400000000e-06	-1.966810004209e-10	5.752133854674e-11	-2.556610648647e-10
2.038600000000e-06	-2.754667118637e-10	-4.381097879040e-11	-1.851298237264e-10
2.038800000000e-06	-1.868701050426e-10	1.982367390400e-11	-1.970254865276e-10
2.039000000000e-06	-1.392870650870e-10	4.442135348911e-11	-1.885529183029e-10
2.039200000000e-06	-1.843860199261e-10	1.155058729273e-11	-1.836327911372e-10
2.039400000000e-06	-1.700472966373e-10	-5.121711558712e-11	-8.614402687406e-11
2.039600000000e-06	-9.675369236026e-11	7.705283090332e-11	-1.956769385433e-10
2.039800000000e-06	-1.588345567461e-10	1.787155084751e-11	-1.706401518063e-10
2.040000000000e-06	-1.419972116831e-10	1.126836404701e-11	-1.470213906891e-10
2.040200000000e-06	-1.428217765628e-10	-1.614660520586e-11	-1.091935036361e-10
2.040400000000e-06	-1.732595825718e-10	-2.351534627667e-11	-1.261357099228e-10
2.040600000000e-06	-1.022245168274e-10	4.943540990921e-11	-1.642460776512e-10
2.040800000000e-06	-1.346648082400e-10	2.171208035024e-11	-1.539244608707e-10
2.041000000000e-06	-1.297785597484e-10	-6.180441140895e-12	-1.140650879046e-10
2.041200000000e-06	-4.902661888944e-11	5.676848258565e-11	-1.282559448515e-10
2.041400000000e-06	-1.166198553680e-10	-8.708360736626e-12	-9.854721550744e-11
2.041600000000e-06	-8.287527367562e-11	4.042097735286e-11	-1.364051844968e-10
2.041800000000e-06	-4.393642615421e-11	1.789633179355e-11	-7.077492715385e-11
2.042000000000e-06	-3.605645639661e-11	1.977635335417e-11	-6.737988427285e-11
2.042200000000e-06	-1.037065385203e-10	6.205510796518e-12	-1.084393969875e-10
2.042400000000e-06	-9.040383583539e-11	8.397415798011e-12	-9.963997193512e-11
2.042600000000e-06	-3.692139032908e-11	1.988955040764e-11	-6.971460525831e-11
2.042800000000e-06	-1.322731923498e-10	-3.198273692831e-11	-8.158850446428e-11
2.043000000000e-06	-7.038167268177e-11	1.835862439276e-11	-9.583349149250e-11
2.043200000000e-06	-4.724703861671e-11	-2.026084121755e-11	-2.461589244371e-11
2.043400000000e-06	-1.019244603028e-10	8.263928819180e-12	-1.095021626167e-10
2.043600000000e-06	1.269828977473e-11	3.539215536268e-11	-4.486668012850e-11
2.043800000000e-06	3.981386143405e-11	2.432613788202e-11	-7.317849649601e-12
2.044000000000e-06	-2.224293643532e-11	2.011388287072e-12	-3.274944108359e-11
2.044200000000e-06	-3.049828305314e-11	3.476363599041e-11	-8.361433877521e-11
2.044400000000e-06	-6.956341592552e-11	1.269933218952e-11	-8.733803903644e-11
2.044600000000e-06	-1.748665216379e-11	1.014293065576e-11	-3.906542899973e-11
2.044800000000e-06	-3.499692928859e-11	8.778477578580e-12	-5.338005117944e-11
2.045000000000e-06	-3.683764242274e-11	1.819140686400e-11	-6.615886762654e-11
2.045200000000e-06	-8.916354717692e-12	3.804735947044e-11	-6.878133302213e-11
2.045400000000e-06	1.223239667509e-11	5.501195917954e-11	-7.429558953957e-11
2.045600000000e-06	-3.432139886245e-11	-1.815326911967e-11	-1.600832313369e-11
2.045800000000e-06	9.080348597518e-11	2.383008422327e-11	3.625375559440e-11
2.046000000000e-06	-2.228787229368e-11	5.129365662050e-11	-9.934631723635e-11
2.046200000000e-06	3.599859365771e-12	-2.859828468081e-11	3.081626791405e-11
2.046400000000e-06	2.655478243689e-11	3.084927333830e-11	-2.651108348731e-11
2.046600000000e-06	4.548619561020e-11	2.135651698170e-11	6.101035708052e-13
2.046800000000e-06	-5.541943883789e-11	-4.044359799545e-11	-3.284154473857e-12
2.047000000000e-06	3.574832304310e-11	1.780364235877e-11	-3.314150269642e-12
2.047200000000e-06	3.355184542104e-11	7.003469026480e-12	1.177871551800e-11
2.047400000000e-06	-3.023624646064e-11	1.330725115463e-11	-5.696406548423e-11
2.047600000000e-06	1.015646368963e-10	6.407940398497e-11	-8.234421095091e-12
2.047800000000e-06	3.588414028058e-11	-2.063223598176e-13	2.147918281207e-11
2.048000000000e-06	3.317399489656e-11	2.389216808014e-11	-1.338471828073e-11
2.048200000000e-06	3.761525905659e-11	-1.885710079304e-12	2.542513883322e-11
2.048400000000e-06	6.154356837605e-11	9.089597912258e-12	3.097277409457e-11
2.048600000000e-06	6.917812817186e-11	2.154355104221e-11	2.180681002653e-11
2.048800000000e-06	3.374946539186e-11	-6.248200507817e-12	2.796416420604e-11
2.049000000000e-06	5.717937509491e-11	2.735215960435e-12	3.747278811936e-11
2.049200000000e-06	1.010371708611e-10	6.761904153561e-11	-1.395507806857e-11
2.049400000000e-06	6.927797572483e-11	2.795869621288e-11	1.315289657251e-11
2.049600000000e-06	6.953609124552e-11	4.478249677301e-11	-1.101477433121e-11
2.049800000000e-06	1.448566768289e-11	-2.477572594557e-11	3.668194691034e-11
2.050000000000e-06	6.712281659331e-11	-1.126422637669e-11	6.658294865887e-11
2.050200000000e-06	9.764721750754e-11	1.778886087010e-11	5.301235224076e-11
2.050400000000e-06	4.055937884757e-11	3.611582475385e-11	-2.471686326451e-11
2.050600000000e-06	1.036563613609e-10	2.969843124303e-11	4.215265866942e-11
2.050800000000e-06	1.141030625689e-10	4.754621810945e-11	2.515664765614e-11
2.051000000000e-06	8.306180763362e-11	3.481038756748e-11	1.618647155723e-11
2.051200000000e-06	1.507820121858e-10	5.670529672817e-11	4.596716494463e-11
2.051400000000e-06	4.673134367602e-11	-1.156290996661e-11	4.487275113504e-11
2.051600000000e-06	1.622506256726e-10	2.109600595124e-11	1.046603002974e-10
2.051800000000e-06	6.830452899856e-11	6.039040586149e-14	4.912825158941e-11
2.052000000000e-06	1.012714829911e-10	4.374013435830e-12	7.462112676743e-11
2.052200000000e-06	4.208863622044e-11	2.008158981659e-12	2.557443368411e-11
2.052400000000e-06	1.051334954727e-10	2.897939632969e-11	4.399830007197e-11
2.052600000000e-06	9.201126620541e-11	8.482139855432e-12	6.056410107588e-11
2.052800000000e-06	6.748371589673e-11	1.314920689673e-11	3.245853010036e-11
2.053000000000e-06	1.633981071236e-10	5.497397805092e-11	6.146722423272e-11
2.053200000000e-06	8.225861146950e-11	5.880930872626e-12	5.465988239504e-11
2.053400000000e-06	9.960244777866e-11	3.194485544818e-11	3.417487790108e-11
2.053600000000e-06	8.500704483686e-11	2.636037327361e-11	2.791974862540e-11
2.053800000000e-06	1.115084888957e-10	1.553935754052e-11	6.986127836702e-11
2.054000000000e-06	6.844367865953e-11	2.011104758813e-11	2.101903300159e-11
2.054200000000e-06	1.119393412335e-10	2.394663347243e-11	5.703130450885e-11
2.054400000000e-06	8.558248445207e-11	7.671750712126e-12	5.413712008295e-11
2.054600000000e-06	9.401260239121e-11	3.237035167627e-11	2.865232554853e-11
2.054800000000e-06	1.008490091559e-10	1.215536671973e-11	6.266043746665e-11
2.055000000000e-06	8.477937959419e-11	2.971653453327e-11	2.519419671966e-11
2.055200000000e-06	1.253642606804e-10	-1.106326072366e-11	1.168173773617e-10
2.055400000000e-06	1.123215332527e-10	3.114564553146e-11	4.677960041082e-11
2.055600000000e-06	7.696528577675e-11	1.444665670977e-11	3.792395759107e-11
2.055800000000e-06	1.137948556661e-10	4.458341594788e-11	3.090440030070e-11
2.056000000000e-06	8.440964499766e-11	-5.345891291064e-12	7.254892487438e-11
2.056200000000e-06	1.252264313161e-10	4.096136167476e-11	4.553260217909e-11
2.056400000000e-06	9.849036851110e-11	1.649070378207e-11	5.453052959860e-11
2.056600000000e-06	1.456735186873e-10	2.841998922153e-12	1.170378245868e-10
2.056800000000e-06	1.562610091225e-10	3.533300366704e-11	8.031123387967e-11
2.057000000000e-06	1.252233416846e-10	-1.443142805800e-11	1.238616330894e-10
2.057200000000e-06	9.613687520610e-11	-1.849450055851e-12	7.790609018757e-11
2.057400000000e-06	2.137818313138e-10	6.170335813817e-11	9.707254423593e-11
2.057600000000e-06	1.440829152348e-10	5.071035646556e-11	4.889520384293e-11
2.057800000000e-06	1.066633775347e-10	8.027503026640e-12	7.253468161978e-11
2.058000000000e-06	1.566508608629e-10	1.863734953503e-11	1.049042702665e-10
2.058200000000e-06	6.326088041447e-11	6.080629312437e-12	3.859188647285e-11
2.058400000000e-06	1.502945775470e-10	1.162277850391e-11	1.086135054875e-10
2.058600000000e-06	1.083161331193e-10	-1.435034912318e-11	1.084458216444e-10
2.058800000000e-06	1.233506822557e-10	1.912704174199e-11	7.532796887809e-11
2.059000000000e-06	1.140328607001e-10	1.448388368842e-11	7.262225391422e-11
2.059200000000e-06	1.301073455691e-10	5.491599146627e-11	2.855371978759e-11
2.059400000000e-06	1.369505782989e-10	3.472738728155e-11	6.302738858443e-11
2.059600000000e-06	1.332048257859e-10	1.846725541791e-11	8.530175637212e-11
2.059800000000e-06	1.018027786568e-10	9.107914232747e-12	6.751913049551e-11
2.060000000000e-06	1.443859432881e-10	-1.234796757782e-12	1.217168804784e-10
2.060200000000e-06	9.873338536679e-11	-1.598849021455e-11	1.011015567305e-10
2.060400000000e-06	1.688668268336e-10	6.803248248549e-11	4.711518975616e-11
2.060600000000e-06	1.203771321722e-10	-5.226686743521e-12	1.055128734098e-10
2.060800000000e-06	1.550960520883e-10	5.659196505040e-11	5.133642070671e-11
2.061000000000e-06	1.356808083687e-10	2.307037674469e-11	8.106053040135e-11
2.061200000000e-06	1.381830775864e-10	1.061926562305e-11	1.007897114384e-10
2.061400000000e-06	1.638941620371e-10	5.931151769177e-11	5.329488257926e-11
2.061600000000e-06	1.139435206171e-10	6.602248121962e-12	8.381229544939e-11
2.061800000000e-06	1.632009766962e-10	4.555233340069e-11	7.423628513206e-11
2.062000000000e-06	1.421736674175e-10	-3.372960016690e-12	1.254570133165e-10
2.062200000000e-06	8.788426066140e-11	3.117712667757e-11	2.545355872734e-11
2.062400000000e-06	1.774287031809e-10	3.944852714262e-11	9.458452934812e-11
2.062600000000e-06	1.339613004900e-10	1.992449774900e-11	8.402084730257e-11
2.062800000000e-06	1.289728186520e-10	-7.713635616725e-12	1.185751884451e-10
2.063000000000e-06	1.462473025448e-10	2.794426765542e-11	8.456272587371e-11
2.063200000000e-06	1.787440806234e-10	2.028358906356e-11	1.242656065391e-10
2.063400000000e-06	1.615865982545e-10	2.888337390997e-11	9.673050644652e-11
2.063600000000e-06	9.723940317732e-11	1.165996777112e-11	5.877174480702e-11
2.063800000000e-06	1.753412444067e-10	1.681155082665e-11	1.260746319433e-10
2.064000000000e-06	1.305797327829e-10	2.610662476976e-11	6.991036771993e-11
2.064200000000e-06	1.344473842873e-10	-3.117802999081e-11	1.567203545574e-10
2.064400000000e-06	1.469189935681e-10	1.777694561183e-11	9.722162378932e-11
2.064600000000e-06	1.361319955467e-10	5.538095915830e-12	1.048767092878e-10
2.064800000000e-06	1.253526079595e-10	4.063566666406e-11	4.470488879468e-11
2.065000000000e-06	1.168541112537e-10	1.895033148213e-11	6.847656093242e-11
2.065200000000e-06	2.097990668513e-10	3.671150778048e-11	1.275092173911e-10
2.065400000000e-06	1.445985239118e-10	-4.780994145574e-13	1.239130485415e-10
2.065600000000e-06	1.343262966137e-10	1.307601343837e-11	9.188105510238e-11
2.065800000000e-06	1.497583523276e-10	1.610037298585e-11	1.047432990763e-10
2.066000000000e-06	1.483319452838e-10	1.989082873248e-11	9.596790957308e-11
2.066200000000e-06	1.701146082326e-10	1.824024450879e-11	1.198817303338e-10
2.066400000000e-06	1.149000298104e-10	2.728805745610e-11	5.808291865124e-11
2.066600000000e-06	1.710823477968e-10	3.326210093277e-11	9.938446808875e-11
2.066800000000e-06	1.579864016355e-10	2.700133813163e-11	9.554962341089e-11
2.067000000000e-06	1.189282917019e-10	1.835395308805e-11	7.373597237846e-11
2.067200000000e-06	1.595927235879e-10	4.858426595070e-11	6.742321753223e-11
2.067400000000e-06	1.658467397825e-10	2.732759574014e-11	1.035884565238e-10
2.067600000000e-06	1.021605709180e-10	-2.279972559321e-11	1.173163532759e-10
2.067800000000e-06	1.577650948495e-10	2.205171706199e-11	1.011387055959e-10
2.068000000000e-06	1.406649844127e-10	2.861262311562e-11	7.691351551713e-11
2.068200000000e-06	1.289892039688e-10	4.544220702050e-12	1.044562433674e-10
2.068400000000e-06	1.504478226112e-10	2.197851957604e-11	9.500325650199e-11
2.068600000000e-06	1.723064738712e-10	1.646398550031e-11	1.258068544353e-10
2.068800000000e-06	1.468137673127e-10	1.388203490558e-11	1.054991313922e-10
2.069000000000e-06	1.849982165020e-10	3.385161602399e-11	1.101274933580e-10
2.069200000000e-06	1.461019473226e-10	2.605656473871e-11	8.858803461982e-11
2.069400000000e-06	1.519280465173e-10	1.633658177647e-11	1.091812448388e-10
2.069600000000e-06	1.591957046572e-10	7.872390215535e-12	1.267518416924e-10
2.069800000000e-06	1.159255763700e-10	2.101470241666e-11	6.604357352248e-11
2.070000000000e-06	1.367655385816e-10	2.452335140332e-11	7.984218819792e-11
2.070200000000e-06	1.536278380212e-10	3.358782991104e-11	8.268861811234e-11
2.070400000000e-06	1.657501044891e-10	1.334496264889e-11	1.252739387781e-10
2.070600000000e-06	1.273519261657e-10	9.193446116697e-12	9.183615601081e-11
2.070800000000e-06	1.352191101722e-10	5.363836560583e-14	1.139811837277e-10
2.071000000000e-06	1.369661766330e-10	2.516562804531e-11	7.978626135324e-11
2.071200000000e-06	1.629867833908e-10	2.043691807087e-11	1.118398756055e-10
2.071400000000e-06	1.293230367754e-10	2.731776350803e-11	6.886856619963e-11
2.071600000000e-06	1.519853394539e-10	1.973812642620e-11	1.019426700770e-10
2.071800000000e-06	1.484556028994e-10	1.830412227050e-11	1.007871012512e-10
2.072000000000e-06	1.780322049252e-10	4.757070664181e-12	1.466824604681e-10
2.072200000000e-06	1.384074305565e-10	2.342436972810e-11	8.397916453537e-11
2.072400000000e-06	1.544189929174e-10	4.089875042100e-11	7.275792742769e-11
2.072600000000e-06	1.412161934403e-10	2.197924579828e-11	8.807323343600e-11
2.072800000000e-06	1.759409263042e-10	5.326427549769e-11	7.702052169387e-11
2.073000000000e-06	1.413722847665e-10	1.839880906981e-11	9.268698110284e-11
2.073200000000e-06	1.750157966436e-10	7.228874305910e-12	1.403918551880e-10
2.073400000000e-06	9.909753943869e-11	6.187534170519e-12	7.324276162094e-11
2.073600000000e-06	1.544619139577e-10	6.128929674280e-12	1.256783386931e-10
2.073800000000e-06	1.466954668001e-10	-6.729195183525e-12	1.373183969958e-10
2.074000000000e-06	1.794760532594e-10	3.243329551205e-11	1.116859974812e-10
2.074200000000e-06	1.328367475015e-10	5.001143864758e-12	1.063979546339e-10
2.074400000000e-06	1.369472707873e-10	2.640721012582e-11	7.956694567002e-11
2.074600000000e-06	1.699043385493e-10	2.011718118715e-11	1.189797958670e-10
2.074800000000e-06	1.711921954025e-10	2.343460321422e-11	1.181981097890e-10
2.075000000000e-06	1.333725055543e-10	4.601070009004e-12	1.050886399113e-10
2.075200000000e-06	1.387687968460e-10	4.348118229547e-11	5.385017878310e-11
2.075400000000e-06	1.515794540294e-10	2.900349573111e-11	9.051047843223e-11
2.075600000000e-06	1.609293235128e-10	3.149798433635e-11	9.524249912409e-11
2.075800000000e-06	1.295266583800e-10	1.358746862112e-11	8.880003472598e-11
2.076000000000e-06	1.394748321965e-10	9.517762423125e-12	1.061194571635e-10
2.076200000000e-06	1.481596416452e-10	1.737672027961e-11	1.040537149430e-10
2.076400000000e-06	1.886777130085e-10	4.643981736850e-11	1.009972121638e-10
2.076600000000e-06	1.452134351039e-10	1.708021179307e-11	9.981461620492e-11
2.076800000000e-06	1.505404713949e-10	2.868785772690e-11	8.947041000686e-11
2.077000000000e-06	1.172432969672e-10	-1.876137799251e-11	1.302425382691e-10
2.077200000000e-06	1.574326520651e-10	2.495086704088e-11	1.014104816002e-10
2.077400000000e-06	1.259531865845e-10	4.078138606736e-11	4.831530426660e-11
2.077600000000e-06	1.430766831974e-10	1.379570697852e-12	1.232001137167e-10
2.077800000000e-06	1.544784106298e-10	3.222854719118e-11	8.577413756766e-11
2.078000000000e-06	1.685403684280e-10	2.836935347475e-11	1.043820108443e-10
2.078200000000e-06	1.725232203167e-10	1.657397271488e-11	1.266716135959e-10
2.078400000000e-06	1.290218400525e-10	-1.385180702592e-11	1.320148809609e-10
2.078600000000e-06	1.387674257091e-10	1.049354960476e-11	1.052736710305e-10
2.078800000000e-06	1.780238658003e-10	4.289352495694e-11	9.532103515965e-11
2.079000000000e-06	1.151156866759e-10	1.442245989977e-12	9.662188082590e-11
2.079200000000e-06	1.504551883300e-10	2.186581609584e-11	9.799121923726e-11
2.079400000000e-06	1.775947982153e-10	1.334611291284e-11	1.394660321242e-10
2.079600000000e-06	1.558945261944e-10	-2.991178377743e-12	1.393323290522e-10
2.079800000000e-06	1.318277078905e-10	2.761521435045e-11	6.854809733899e-11
2.080000000000e-06	1.124563157106e-10	-3.061786796474e-12	1.013993506934e-10
2.080200000000e-06	1.707006989714e-10	2.520877587432e-11	1.133237549708e-10
2.080400000000e-06	1.551944470891e-10	5.448410337748e-11	5.621258950958e-11
2.080600000000e-06	1.550540996952e-10	3.016096624811e-11	9.204074071760e-11
2.080800000000e-06	2.008262446325e-10	4.159399294870e-11	1.199226495647e-10
2.081000000000e-06	1.333270977437e-10	-3.337833362666e-12	1.207424876836e-10
2.081200000000e-06	1.718618011369e-10	3.593676888742e-11	9.916231343564e-11
2.081400000000e-06	1.623108604442e-10	4.410732433645e-11	8.029801640734e-11
2.081600000000e-06	1.521898326516e-10	8.989864392906e-12	1.224418708528e-10
2.081800000000e-06	1.687133520569e-10	2.321127144887e-11	1.153692972520e-10
2.082000000000e-06	1.323015198757e-10	1.394853572862e-11	9.352750427500e-11
2.082200000000e-06	1.469252804149e-10	2.207659147008e-11	9.492307732666e-11
2.082400000000e-06	1.508151160883e-10	3.541968353182e-11	8.031046498541e-11
2.082600000000e-06	1.568461149527e-10	-1.551653835635e-13	1.364149494467e-10
2.082800000000e-06	1.432155116467e-10	3.304666539254e-11	7.451963302638e-11
2.083000000000e-06	1.871532435847e-10	2.677917158016e-11	1.284290541494e-10
2.083200000000e-06	1.173431749590e-10	-3.261803541272e-12	1.059101120571e-10
2.083400000000e-06	1.197191967895e-10	1.562654890760e-11	7.935313627529e-11
2.083600000000e-06	1.298033533865e-10	-6.469945180717e-12	1.245794209704e-10
2.083800000000e-06	1.336638214338e-10	4.033434129993e-11	5.758704234179e-11
2.084000000000e-06	1.647050713870e-10	1.478273705234e-11	1.236379369920e-10
2.084200000000e-06	1.361844810432e-10	4.827659137759e-12	1.149372319392e-10
2.084400000000e-06	1.490012468862e-10	7.354075033841e-12	1.209972495461e-10
2.084600000000e-06	1.419247638536e-10	1.612627115749e-11	1.023336434984e-10
2.084800000000e-06	1.489822679720e-10	1.597984325592e-11	1.071471844218e-10
2.085000000000e-06	1.647264683923e-10	3.182426427526e-11	1.002272807235e-10
2.085200000000e-06	1.209982106341e-10	3.570305044544e-12	9.743220741490e-11
2.085400000000e-06	1.535624226817e-10	1.772889183063e-11	1.067575941136e-10
2.085600000000e-06	1.355972764702e-10	4.266473164137e-11	5.525843227004e-11
2.085800000000e-06	1.389101310306e-10	1.042883673935e-11	1.089718087353e-10
2.086000000000e-06	1.354540314563e-10	1.149288866550e-11	1.018168399602e-10
2.086200000000e-06	1.460718288142e-10	1.641774149952e-11	1.033052409269e-10
2.086400000000e-06	1.508654607390e-10	3.171939693585e-11	8.482275514310e-11
2.086600000000e-06	1.376482491215e-10	1.320336797408e-11	1.011072949445e-10
2.086800000000e-06	1.226184006170e-10	3.829900429413e-12	9.919723628410e-11
2.087000000000e-06	1.396710098977e-10	2.239594280209e-11	9.314785107619e-11
2.087200000000e-06	1.328076663994e-10	3.220635690603e-11	6.703610205137e-11
2.087400000000e-06	1.417727572720e-10	1.131717926818e-11	1.095021957587e-10
2.087600000000e-06	1.664791532528e-10	3.088146191109e-11	1.057916527842e-10
2.087800000000e-06	1.473363901935e-10	7.087822534392e-12	1.226376905680e-10
2.088000000000e-06	1.513788821278e-10	7.995671592254e-12	1.222397416286e-10
2.088200000000e-06	1.256186736910e-10	2.100500499047e-11	7.755002578438e-11
2.088400000000e-06	1.325843906074e-10	1.710846486880e-11	9.217660931210e-11
2.088600000000e-06	1.454810214684e-10	1.422530212819e-11	1.086765639277e-10
2.088800000000e-06	1.576230925655e-10	3.381515368761e-11	9.339362911292e-11
2.089000000000e-06	1.241885162076e-10	5.802000695483e-12	9.739955545253e-11
2.089200000000e-06	1.531049732849e-10	2.538451688646e-11	1.010161500361e-10
2.089400000000e-06	1.273403377102e-10	4.233972953364e-12	1.067858860328e-10
2.089600000000e-06	1.444288996337e-10	1.973941588201e-11	1.007624157093e-10
2.089800000000e-06	1.157262622477e-10	1.835034905268e-11	7.343194326156e-11
2.090000000000e-06	1.604043552239e-10	3.958804410328e-11	8.472019832558e-11
2.090200000000e-06	1.563642067926e-10	1.818608525414e-11	1.124348595375e-10
2.090400000000e-06	1.027822848263e-10	2.848125679117e-12	8.341048491316e-11
2.090600000000e-06	1.553720739541e-10	1.312406394044e-11	1.221234625879e-10
2.090800000000e-06	1.302402787619e-10	1.925836407416e-11	8.506745612073e-11
2.091000000000e-06	1.638480987996e-10	3.831908139847e-11	9.026470448114e-11
2.091200000000e-06	1.398143979374e-10	1.174178578606e-11	1.074404167835e-10
2.091400000000e-06	1.348604721582e-10	1.537615636882e-11	9.745282828819e-11
2.091600000000e-06	1.175886389007e-10	7.952411995974e-12	9.009158017075e-11
2.091800000000e-06	1.242230227457e-10	1.116289422227e-11	9.149369806723e-11
2.092000000000e-06	1.612110137053e-10	3.299742494657e-11	9.697487300791e-11
2.092200000000e-06	9.057894760139e-11	-2.924001439883e-12	8.270124484870e-11
2.092400000000e-06	1.427543737198e-10	2.603684529741e-11	8.728383974049e-11
2.092600000000e-06	1.301919521849e-10	9.244993456523e-12	1.013405357790e-10
2.092800000000e-06	9.635727076434e-11	1.794781582055e-11	5.234811678874e-11
2.093000000000e-06	1.664207643828e-10	2.793588643214e-11	1.085005709507e-10
2.093200000000e-06	1.377045053157e-10	2.867198387669e-11	7.846493088665e-11
2.093400000000e-06	1.450196140326e-10	1.952860283231e-11	1.004083509115e-10
2.093600000000e-06	1.278260735728e-10	-5.943960767798e-12	1.241184771903e-10
2.093800000000e-06	1.370372196419e-10	4.155880334039e-11	6.115823362418e-11
2.094000000000e-06	1.050192262395e-10	1.057876385608e-12	8.814112816314e-11
2.094200000000e-06	1.158407705789e-10	1.639594830049e-11	7.832236538770e-11
2.094400000000e-06	1.234721540886e-10	2.667210195287e-11	7.000968140059e-11
2.094600000000e-06	1.096535933384e-10	9.352953396971e-12	8.001424681577e-11
2.094800000000e-06	1.482523228196e-10	2.492928741185e-11	9.953967712752e-11
2.095000000000e-06	1.177012753983e-10	9.088263731639e-12	8.824342592427e-11
2.095200000000e-06	1.105756656603e-10	5.711808349204e-12	8.657264564224e-11
2.095400000000e-06	1.330336649306e-10	9.225590740581e-12	1.052489570367e-10
2.095600000000e-06	1.378353028497e-10	3.077620053283e-11	7.743075214408e-11
2.095800000000e-06	1.309155448186e-10	5.335286450310e-12	1.114042599313e-10
2.096000000000e-06	1.402856058902e-10	2.772812328967e-11	8.516991319099e-11
2.096200000000e-06	9.568469616540e-11	1.765563591565e-11	5.440101943306e-11
2.096400000000e-06	1.489829797313e-10	2.152468780248e-11	1.027193890772e-10
2.096600000000e-06	1.280869559189e-10	1.829025378274e-11	8.709546768724e-11
2.096800000000e-06	1.602720488930e-10	3.516469950474e-11	9.465473492466e-11
2.097000000000e-06	1.341511963878e-10	1.622849669737e-11	9.592824166946e-11
2.097200000000e-06	1.070612167856e-10	2.091527649996e-11	6.110070903200e-11
2.097400000000e-06	1.369444018144e-10	1.716953989870e-11	9.430759899688e-11
2.097600000000e-06	1.368040927285e-10	2.121045255086e-11	8.998895925514e-11
2.097800000000e-06	1.430472242490e-10	7.241031145980e-12	1.212402968145e-10
2.098000000000e-06	1.236482168789e-10	1.406930744490e-11	9.021158275181e-11
2.098200000000e-06	1.307838726437e-10	4.553554716027e-12	1.111895199307e-10
2.098400000000e-06	1.170342955805e-10	1.524071626340e-11	8.099240056935e-11
2.098600000000e-06	1.364260669451e-10	3.239855876171e-11	7.489557768919e-11
2.098800000000e-06	1.146101315219e-10	2.067424956915e-11	6.929809397726e-11
2.099000000000e-06	1.270207904116e-10	6.967339438632e-12	1.036785579358e-10
2.099200000000e-06	1.168367905468e-10	2.726249817763e-11	6.421190498683e-11
2.099400000000e-06	1.081103635279e-10	1.873157520689e-11	6.418153479686e-11
2.099600000000e-06	1.037018046777e-10	-7.181336090677e-13	8.908765251013e-11
2.099800000000e-06	1.368147392381e-10	1.194444133400e-11	1.076662255107e-10
2.100000000000e-06	1.025828602700e-10	-4.393012483373e-12	9.438528189005e-11
2.100200000000e-06	1.368337599260e-10	3.163597332830e-11	7.863838499999e-11
2.100400000000e-06	1.423814090888e-10	2.969489152366e-11	8.680384733887e-11
2.100600000000e-06	1.131463732408e-10	7.560145700900e-12	9.108607270477e-11
2.100800000000e-06	1.345664070051e-10	2.250373028394e-11	8.475899632579e-11
2.101000000000e-06	1.079096466264e-10	-4.564277400069e-13	9.653979423740e-11
2.101200000000e-06	1.346684736043e-10	2.382225494910e-11	8.740232074523e-11
2.101400000000e-06	1.561754921554e-10	2.587875449533e-11	1.076019760393e-10
2.101600000000e-06	9.758527389782e-11	-1.951286646737e-12	9.132199149546e-11
2.101800000000e-06	1.053174148522e-10	2.038127520329e-11	6.128592644276e-11
2.102000000000e-06	1.151740599503e-10	2.001705234548e-11	7.715924275315e-11
2.102200000000e-06	1.349008664131e-10	2.988010502865e-11	7.426460625747e-11
2.102400000000e-06	1.114420569121e-10	9.929556935313e-12	8.204650952797e-11
2.102600000000e-06	1.012643181676e-10	1.021778433169e-11	7.343620704434e-11
2.102800000000e-06	1.091806616754e-10	2.942216907768e-12	9.300289550780e-11
2.103000000000e-06	1.495736548009e-10	2.280223330025e-11	1.031797983805e-10
2.103200000000e-06	1.195953121769e-10	2.023921726920e-11	7.450922286937e-11
2.103400000000e-06	1.155746803387e-10	7.735638442127e-12	9.149699829073e-11
2.103600000000e-06	9.353273399849e-11	8.440367092075e-12	6.793408920752e-11
2.103800000000e-06	1.320862320602e-10	3.557920268067e-11	6.789177323740e-11
2.104000000000e-06	1.236972357336e-10	1.710444090087e-11	8.519638710577e-11
2.104200000000e-06	1.211106627607e-10	1.720671706014e-11	8.377211150912e-11
2.104400000000e-06	1.249962378445e-10	1.482293500171e-11	9.110352877628e-11
2.104600000000e-06	1.090038934762e-10	1.442848300799e-11	7.621441252650e-11
2.104800000000e-06	1.174977285215e-10	6.454762975783e-12	9.522509355737e-11
2.105000000000e-06	1.338899789273e-10	4.778997899167e-12	1.169428080585e-10
2.105200000000e-06	1.248472518259e-10	1.606490332522e-11	8.914260647090e-11
2.105400000000e-06	8.704659871169e-11	-2.328115261671e-12	7.601502603368e-11
2.105600000000e-06	1.139486786570e-10	1.975761052232e-11	7.144285333510e-11
2.105800000000e-06	1.317737585690e-10	1.824919902058e-11	9.377868392471e-11
2.106000000000e-06	9.926710441478e-11	2.449829744948e-11	5.211928059846e-11
2.106200000000e-06	1.054315419013e-10	8.147438103181e-14	9.349134579068e-11
2.106400000000e-06	1.072477451121e-10	5.619484601255e-12	8.624273656915e-11
2.106600000000e-06	1.160461729916e-10	2.713970780991e-12	9.842802466894e-11
2.106800000000e-06	1.076553122202e-10	-5.732654267665e-13	9.777632171870e-11
2.107000000000e-06	1.168457367088e-10	1.589963692268e-11	8.502277941246e-11
2.107200000000e-06	1.299778112333e-10	1.355484724707e-11	1.002903925490e-10
2.107400000000e-06	1.142993010244e-10	2.067750835684e-11	6.931354520586e-11
