1.656400000000e-06	0.000000000000e+00	0.000000000000e+00	0.000000000000e+00
1.656600000000e-06	0.000000000000e+00	0.000000000000e+00	0.000000000000e+00
1.656800000000e-06	0.000000000000e+00	0.000000000000e+00	0.000000000000e+00
1.657000000000e-06	0.000000000000e+00	0.000000000000e+00	0.000000000000e+00
1.657200000000e-06	0.000000000000e+00	0.000000000000e+00	0.000000000000e+00
1.657400000000e-06	0.000000000000e+00	0.000000000000e+00	0.000000000000e+00
1.657600000000e-06	0.000000000000e+00	0.000000000000e+00	0.000000000000e+00
1.657800000000e-06	0.000000000000e+00	0.000000000000e+00	0.000000000000e+00
1.658000000000e-06	0.000000000000e+00	0.000000000000e+00	0.000000000000e+00
1.658200000000e-06	0.000000000000e+00	0.000000000000e+00	0.000000000000e+00
1.658400000000e-06	0.000000000000e+00	0.000000000000e+00	0.000000000000e+00
1.658600000000e-06	0.000000000000e+00	0.000000000000e+00	0.000000000000e+00
1.658800000000e-06	0.000000000000e+00	0.000000000000e+00	0.000000000000e+00
1.659000000000e-06	0.000000000000e+00	0.000000000000e+00	0.000000000000e+00
1.659200000000e-06	0.000000000000e+00	0.000000000000e+00	0.000000000000e+00
1.659400000000e-06	0.000000000000e+00	0.000000000000e+00	0.000000000000e+00
1.659600000000e-06	0.000000000000e+00	0.000000000000e+00	0.000000000000e+00
1.659800000000e-06	0.000000000000e+00	0.000000000000e+00	0.000000000000e+00
1.660000000000e-06	0.000000000000e+00	0.000000000000e+00	0.000000000000e+00
1.660200000000e-06	0.000000000000e+00	0.000000000000e+00	0.000000000000e+00
1.660400000000e-06	0.000000000000e+00	0.000000000000e+00	0.000000000000e+00
1.660600000000e-06	0.000000000000e+00	0.000000000000e+00	0.000000000000e+00
1.660800000000e-06	0.000000000000e+00	0.000000000000e+00	0.000000000000e+00
1.661000000000e-06	0.000000000000e+00	0.000000000000e+00	0.000000000000e+00
1.661200000000e-06	0.000000000000e+00	0.000000000000e+00	0.000000000000e+00
1.661400000000e-06	0.000000000000e+00	0.000000000000e+00	0.000000000000e+00
1.661600000000e-06	0.000000000000e+00	0.000000000000e+00	0.000000000000e+00
1.661800000000e-06	0.000000000000e+00	0.000000000000e+00	0.000000000000e+00
1.662000000000e-06	0.000000000000e+00	0.000000000000e+00	0.000000000000e+00
1.662200000000e-06	0.000000000000e+00	0.000000000000e+00	0.000000000000e+00
1.662400000000e-06	0.000000000000e+00	0.000000000000e+00	0.000000000000e+00
1.662600000000e-06	0.000000000000e+00	0.000000000000e+00	0.000000000000e+00
1.662800000000e-06	0.000000000000e+00	0.000000000000e+00	0.000000000000e+00
1.663000000000e-06	0.000000000000e+00	0.000000000000e+00	0.000000000000e+00
1.663200000000e-06	0.000000000000e+00	0.000000000000e+00	0.000000000000e+00
1.663400000000e-06	0.000000000000e+00	0.000000000000e+00	0.000000000000e+00
1.663600000000e-06	0.000000000000e+00	0.000000000000e+00	0.000000000000e+00
1.663800000000e-06	0.000000000000e+00	0.000000000000e+00	0.000000000000e+00
1.664000000000e-06	0.000000000000e+00	0.000000000000e+00	0.000000000000e+00
1.664200000000e-06	0.000000000000e+00	0.000000000000e+00	0.000000000000e+00
1.664400000000e-06	0.000000000000e+00	0.000000000000e+00	0.000000000000e+00
1.664600000000e-06	0.000000000000e+00	0.000000000000e+00	0.000000000000e+00
1.664800000000e-06	0.000000000000e+00	0.000000000000e+00	0.000000000000e+00
1.665000000000e-06	0.000000000000e+00	0.000000000000e+00	0.000000000000e+00
1.665200000000e-06	0.000000000000e+00	0.000000000000e+00	0.000000000000e+00
1.665400000000e-06	0.000000000000e+00	0.000000000000e+00	0.000000000000e+00
1.665600000000e-06	0.000000000000e+00	0.000000000000e+00	0.000000000000e+00
1.665800000000e-06	0.000000000000e+00	0.000000000000e+00	0.000000000000e+00
1.666000000000e-06	0.000000000000e+00	0.000000000000e+00	0.000000000000e+00
1.666200000000e-06	0.000000000000e+00	0.000000000000e+00	0.000000000000e+00
1.666400000000e-06	0.000000000000e+00	0.000000000000e+00	0.000000000000e+00
1.666600000000e-06	0.000000000000e+00	0.000000000000e+00	0.000000000000e+00
1.666800000000e-06	0.000000000000e+00	0.000000000000e+00	0.000000000000e+00
1.667000000000e-06	0.000000000000e+00	0.000000000000e+00	0.000000000000e+00
1.667200000000e-06	0.000000000000e+00	0.000000000000e+00	0.000000000000e+00
1.667400000000e-06	0.000000000000e+00	0.000000000000e+00	0.000000000000e+00
1.667600000000e-06	0.000000000000e+00	0.000000000000e+00	0.000000000000e+00
1.667800000000e-06	0.000000000000e+00	0.000000000000e+00	0.000000000000e+00
1.668000000000e-06	0.000000000000e+00	0.000000000000e+00	0.000000000000e+00
1.668200000000e-06	0.000000000000e+00	0.000000000000e+00	0.000000000000e+00
1.668400000000e-06	0.000000000000e+00	0.000000000000e+00	0.000000000000e+00
1.668600000000e-06	0.000000000000e+00	0.000000000000e+00	0.000000000000e+00
1.668800000000e-06	0.000000000000e+00	0.000000000000e+00	0.000000000000e+00
1.669000000000e-06	0.000000000000e+00	0.000000000000e+00	0.000000000000e+00
1.669200000000e-06	0.000000000000e+00	0.000000000000e+00	0.000000000000e+00
1.669400000000e-06	0.000000000000e+00	0.000000000000e+00	0.000000000000e+00
1.669600000000e-06	0.000000000000e+00	0.000000000000e+00	0.000000000000e+00
1.669800000000e-06	0.000000000000e+00	0.000000000000e+00	0.000000000000e+00
1.670000000000e-06	0.000000000000e+00	0.000000000000e+00	0.000000000000e+00
1.670200000000e-06	0.000000000000e+00	0.000000000000e+00	0.000000000000e+00
1.670400000000e-06	0.000000000000e+00	0.000000000000e+00	0.000000000000e+00
1.670600000000e-06	0.000000000000e+00	0.000000000000e+00	0.000000000000e+00
1.670800000000e-06	0.000000000000e+00	0.000000000000e+00	0.000000000000e+00
1.671000000000e-06	0.000000000000e+00	0.000000000000e+00	0.000000000000e+00
1.671200000000e-06	0.000000000000e+00	0.000000000000e+00	0.000000000000e+00
1.671400000000e-06	0.000000000000e+00	0.000000000000e+00	0.000000000000e+00
1.671600000000e-06	0.000000000000e+00	0.000000000000e+00	0.000000000000e+00
1.671800000000e-06	0.000000000000e+00	0.000000000000e+00	0.000000000000e+00
1.672000000000e-06	-2.155599465236e-14	5.553697247911e-15	-2.066165630701e-14
1.672200000000e-06	3.964177537311e-14	-2.162592727787e-14	5.180940102272e-14
1.672400000000e-06	-2.374680482708e-15	-1.417535595717e-14	1.441477208324e-14
1.672600000000e-06	2.369062604955e-14	1.068721773466e-14	2.042591423855e-15
1.672800000000e-06	-3.926600920928e-14	-9.679199612590e-15	-1.451574212208e-14
1.673000000000e-06	-1.609758219449e-14	-3.411621021301e-15	-3.710018180377e-15
1.673200000000e-06	2.317264151353e-14	-1.151368535430e-14	2.517876132470e-14
1.673400000000e-06	-3.618736775181e-14	7.051484826125e-15	-3.602567214194e-14
1.673600000000e-06	-3.663295815207e-14	3.070748759630e-15	-3.247293708747e-14
1.673800000000e-06	-5.603940757892e-14	-1.505303084391e-14	-2.498242635184e-14
1.674000000000e-06	7.561948170144e-15	2.035638624998e-14	-1.834720460694e-14
1.674200000000e-06	-3.534523785165e-14	-4.243249929897e-14	2.486530502090e-14
1.674400000000e-06	5.215346672489e-14	-4.574329658926e-14	9.652409617493e-14
1.674600000000e-06	-2.060923907022e-14	6.039913942065e-14	-9.245987396121e-14
1.674800000000e-06	-3.152900348672e-13	-2.323225311591e-13	4.911182037673e-14
1.675000000000e-06	-1.134145233957e-13	9.030590597443e-14	-1.974078436563e-13
1.675200000000e-06	-3.131109758885e-13	1.471370157944e-13	-4.242115102748e-13
1.675400000000e-06	-3.075473766978e-13	1.483846959232e-13	-4.239166580697e-13
1.675600000000e-06	-1.224638368883e-12	-3.516658022449e-13	-4.977371150077e-13
1.675800000000e-06	-7.787957944924e-15	-2.574002941455e-13	3.157247277798e-13
1.676000000000e-06	-8.710449716112e-13	5.128119684160e-14	-7.388809479902e-13
1.676200000000e-06	-5.224106071322e-13	2.519145340136e-16	-4.031283205133e-13
1.676400000000e-06	-1.954321956300e-12	-4.805871870324e-13	-8.903575843797e-13
1.676600000000e-06	-2.424711700938e-12	-3.850794905313e-13	-1.379981936756e-12
1.676800000000e-06	-2.337422484628e-12	3.184688726567e-13	-2.195565241304e-12
1.677000000000e-06	-3.124202377478e-12	-1.692352579078e-12	-2.665331087980e-13
1.677200000000e-06	-5.354209258290e-12	-1.465983540197e-12	-2.261321766199e-12
1.677400000000e-06	-6.917817074220e-12	1.941337845677e-15	-5.337471575760e-12
1.677600000000e-06	-8.578294550578e-12	-5.295775546159e-13	-5.931203152139e-12
1.677800000000e-06	-1.931372369830e-11	-3.539611017805e-12	-1.038139094126e-11
1.678000000000e-06	-3.483369487210e-11	7.486908541966e-13	-2.779006652857e-11
1.678200000000e-06	-7.981196417241e-11	-6.185617664213e-12	-5.364354168802e-11
1.678400000000e-06	-8.055401442958e-11	-2.860333192204e-11	-2.585926119688e-11
1.678600000000e-06	-6.088948695307e-11	-1.475856230846e-12	-4.505891974294e-11
1.678800000000e-06	-4.790709316994e-11	-1.495013334877e-11	-1.798028774716e-11
1.679000000000e-06	-4.832753191338e-11	-9.604825021612e-12	-2.513765029638e-11
1.679200000000e-06	-3.668622302312e-11	1.709783037804e-12	-3.043345345119e-11
1.679400000000e-06	-4.042518666320e-11	3.369559504261e-14	-3.118398761110e-11
1.679600000000e-06	-4.876477404383e-11	-1.165615804074e-12	-3.611781076943e-11
1.679800000000e-06	-4.766612574953e-11	1.672051991834e-12	-3.887589977136e-11
1.680000000000e-06	-6.868572913831e-11	-8.906143127424e-12	-4.174452153212e-11
1.680200000000e-06	-7.618192207737e-11	-2.000827746360e-11	-3.316406617922e-11
1.680400000000e-06	-7.747109842065e-11	-1.760893140203e-11	-3.739662652655e-11
1.680600000000e-06	-9.504987672378e-11	-2.215133850347e-11	-4.518979378630e-11
1.680800000000e-06	-1.175116477024e-10	-3.004657749156e-11	-5.229520411831e-11
1.681000000000e-06	-1.083650495355e-10	-6.540971216961e-12	-7.536594627677e-11
1.681200000000e-06	-1.317488140378e-10	-8.162490298297e-12	-9.123156510606e-11
1.681400000000e-06	-1.572197538841e-10	-5.853542285923e-12	-1.139062375752e-10
1.681600000000e-06	-1.679828344152e-10	-2.429833171504e-11	-9.854877922098e-11
1.681800000000e-06	-2.114792783415e-10	-2.918986259586e-11	-1.260545087002e-10
1.682000000000e-06	-2.265443975100e-10	-3.118853572682e-11	-1.350475194827e-10
1.682200000000e-06	-2.497207021182e-10	-4.498081390242e-11	-1.354990298497e-10
1.682400000000e-06	-2.831892516036e-10	-3.723873345332e-11	-1.713596568183e-10
1.682600000000e-06	-3.265361521606e-10	-3.052351534511e-11	-2.131352937466e-10
1.682800000000e-06	-3.588248613118e-10	-5.180454239078e-11	-2.109747537923e-10
1.683000000000e-06	-3.805061227467e-10	-5.901211376220e-11	-2.186979853325e-10
1.683200000000e-06	-4.363316040042e-10	-6.135893763125e-11	-2.583312041553e-10
1.683400000000e-06	-4.638883165360e-10	-6.798787129486e-11	-2.715827599345e-10
1.683600000000e-06	-4.882930467232e-10	-5.164510360617e-11	-3.111681804252e-10
1.683800000000e-06	-5.108801727024e-10	-4.379670404448e-11	-3.387205002200e-10
1.684000000000e-06	-5.811933956669e-10	-7.731938822091e-11	-3.503517400758e-10
1.684200000000e-06	-5.620177927225e-10	-2.890315368085e-11	-3.970413017729e-10
1.684400000000e-06	-6.394561068265e-10	-7.260138345822e-11	-4.011690727881e-10
1.684600000000e-06	-6.995294211884e-10	-8.507672741207e-11	-4.319843907632e-10
1.684800000000e-06	-7.407726248963e-10	-1.193347162013e-10	-4.195618475885e-10
1.685000000000e-06	-7.376996555648e-10	-6.697203833418e-11	-4.845742688633e-10
1.685200000000e-06	-7.934381185597e-10	-3.990031140562e-11	-5.626650714036e-10
1.685400000000e-06	-8.100600401701e-10	-1.010111078147e-10	-4.972500067354e-10
1.685600000000e-06	-8.167298994454e-10	-8.188654600407e-11	-5.265634796589e-10
1.685800000000e-06	-8.208749553856e-10	-5.004655818103e-11	-5.712196949617e-10
1.686000000000e-06	-8.817196157351e-10	-7.272999712688e-11	-5.889120904947e-10
1.686200000000e-06	-9.352585112211e-10	-9.966381335991e-11	-5.955735703968e-10
1.686400000000e-06	-9.047157063853e-10	-5.270789892372e-11	-6.330471007453e-10
1.686600000000e-06	-9.258824163808e-10	-1.095362171329e-10	-5.758688891328e-10
1.686800000000e-06	-9.447595762269e-10	-6.496137444205e-11	-6.481440439111e-10
1.687000000000e-06	-1.011714293133e-09	-9.774281701266e-11	-6.580389354820e-10
1.687200000000e-06	-9.827627382106e-10	-1.248866889197e-10	-6.003394273669e-10
1.687400000000e-06	-9.693976549516e-10	-4.024270833087e-11	-6.994001903840e-10
1.687600000000e-06	-9.959361120344e-10	-9.791884178405e-11	-6.456244814172e-10
1.687800000000e-06	-9.754964890937e-10	-2.333500867513e-11	-7.264250228079e-10
1.688000000000e-06	-1.026123141671e-09	-1.076921673393e-11	-7.815155690356e-10
1.688200000000e-06	-1.024369669028e-09	-1.646686394764e-11	-7.733386484422e-10
1.688400000000e-06	-1.074813323511e-09	-7.148349648197e-11	-7.414154945414e-10
1.688600000000e-06	-1.084742438132e-09	-1.505776373355e-10	-6.469783086224e-10
1.688800000000e-06	-9.867769761496e-10	-6.159354690647e-11	-6.862572818046e-10
1.689000000000e-06	-1.068761073866e-09	-5.036250736898e-11	-7.638587546786e-10
1.689200000000e-06	-9.712867780523e-10	-4.809392304929e-11	-6.915682129750e-10
1.689400000000e-06	-9.469768146634e-10	-1.932465571918e-11	-7.102751156037e-10
1.689600000000e-06	-9.730276268572e-10	-8.789719874445e-11	-6.419117130020e-10
1.689800000000e-06	-1.054718975748e-09	-2.484132906568e-11	-7.867226641018e-10
1.690000000000e-06	-9.624571762577e-10	-2.630952189818e-11	-7.140889495847e-10
1.690200000000e-06	-9.518878158166e-10	-6.073372496546e-11	-6.612116971305e-10
1.690400000000e-06	-9.806045547715e-10	-3.319475087924e-11	-7.183323296494e-10
1.690600000000e-06	-9.940187614384e-10	-1.379639841675e-11	-7.549797796852e-10
1.690800000000e-06	-9.291068607364e-10	-1.404935553780e-11	-7.046078946989e-10
1.691000000000e-06	-9.211609773897e-10	-2.360954907893e-11	-6.859823510382e-10
1.691200000000e-06	-8.833346737545e-10	2.007880897821e-11	-7.134292650648e-10
1.691400000000e-06	-9.324774806585e-10	-3.343393936860e-11	-6.814547079632e-10
1.691600000000e-06	-8.657868317387e-10	-2.060252189565e-11	-6.472206614503e-10
1.691800000000e-06	-8.586574110379e-10	-5.131126017478e-11	-6.012541272468e-10
1.692000000000e-06	-8.660901146464e-10	1.931096112860e-11	-6.996204695006e-10
1.692200000000e-06	-8.884950170300e-10	-6.399339887188e-12	-6.838428071061e-10
1.692400000000e-06	-8.261214093592e-10	-3.829167624407e-11	-5.927248032999e-10
1.692600000000e-06	-8.355121723936e-10	1.663170576610e-11	-6.728045344089e-10
1.692800000000e-06	-7.570827252377e-10	-1.268930244543e-11	-5.746928831063e-10
1.693000000000e-06	-7.572706995046e-10	5.996251311925e-11	-6.686057288837e-10
1.693200000000e-06	-7.162473186384e-10	-1.585589396165e-11	-5.377968232487e-10
1.693400000000e-06	-7.732338653190e-10	3.561226910680e-11	-6.505834817018e-10
1.693600000000e-06	-6.812996353219e-10	4.084742835813e-11	-5.857759674945e-10
1.693800000000e-06	-7.228041684307e-10	4.929818322275e-12	-5.708969718047e-10
1.694000000000e-06	-6.520519073675e-10	2.816024112634e-12	-5.122770620633e-10
1.694200000000e-06	-7.869834650915e-10	-1.848674567227e-12	-6.114559031784e-10
1.694400000000e-06	-5.964204238457e-10	8.741172713798e-11	-5.814674336445e-10
1.694600000000e-06	-6.194927370323e-10	7.926305871144e-12	-4.937176251122e-10
1.694800000000e-06	-6.653072490960e-10	-2.325030077532e-11	-4.888154670611e-10
1.695000000000e-06	-7.062849735988e-10	-1.321411868097e-11	-5.334994999365e-10
1.695200000000e-06	-6.450073134408e-10	2.079238166198e-11	-5.319302491747e-10
1.695400000000e-06	-5.449770180041e-10	2.227383243498e-11	-4.549028841195e-10
1.695600000000e-06	-6.138190422396e-10	2.012632966792e-11	-5.059553040688e-10
1.695800000000e-06	-5.397013503971e-10	5.750470669013e-11	-4.979380398519e-10
1.696000000000e-06	-6.339903899791e-10	-4.370322084270e-11	-4.374489649574e-10
1.696200000000e-06	-4.920513250907e-10	4.116313142190e-11	-4.394058133338e-10
1.696400000000e-06	-4.727902428951e-10	6.870096736171e-11	-4.617585886759e-10
1.696600000000e-06	-5.465034784484e-10	1.366383571815e-11	-4.451965721598e-10
1.696800000000e-06	-4.885696695121e-10	6.139289814154e-11	-4.638607491958e-10
1.697000000000e-06	-4.086673726643e-10	9.016136632964e-11	-4.401660983486e-10
1.697200000000e-06	-4.649512593482e-10	-5.042454494868e-12	-3.571747008117e-10
1.697400000000e-06	-5.336024075279e-10	1.164847493823e-11	-4.325009985377e-10
1.697600000000e-06	-4.029350228008e-10	6.851261946772e-11	-4.067303089092e-10
1.697800000000e-06	-3.505299398868e-10	1.440506177428e-10	-4.671422087234e-10
1.698000000000e-06	-3.758636035330e-10	4.538011754026e-11	-3.552109395317e-10
1.698200000000e-06	-4.296812407175e-10	-1.421410535915e-11	-3.181146008316e-10
1.698400000000e-06	-3.695036556188e-10	4.072712738094e-11	-3.439744922046e-10
1.698600000000e-06	-3.542036637810e-10	3.219224625407e-11	-3.199536731227e-10
1.698800000000e-06	-3.224656269545e-10	5.307375359097e-11	-3.236307182262e-10
1.699000000000e-06	-3.260812509409e-10	5.350925045570e-11	-3.267481542447e-10
1.699200000000e-06	-3.162618268717e-10	8.071312329237e-11	-3.560099686032e-10
1.699400000000e-06	-4.037579324025e-10	4.474556543853e-11	-3.764223476024e-10
1.699600000000e-06	-3.091206314257e-10	2.106070652600e-11	-2.714739890352e-10
1.699800000000e-06	-3.306452473234e-10	5.604233605553e-11	-3.339355278057e-10
1.700000000000e-06	-2.416774854518e-10	1.179769719318e-10	-3.482145519644e-10
1.700200000000e-06	-2.987425203763e-10	1.283863210045e-11	-2.512797816340e-10
1.700400000000e-06	-3.305954496471e-10	-1.064041249094e-11	-2.460625150381e-10
1.700600000000e-06	-1.837791804789e-10	4.836538254972e-11	-2.093770711133e-10
1.700800000000e-06	-3.154830532422e-10	5.102121461941e-11	-3.168868151102e-10
1.701000000000e-06	-1.909487159783e-10	4.131883008145e-11	-2.060092996812e-10
1.701200000000e-06	-2.888186278567e-10	2.421843641613e-11	-2.602444712693e-10
1.701400000000e-06	-3.063018680544e-10	3.253611900947e-11	-2.844878237986e-10
1.701600000000e-06	-1.831425951016e-10	5.704735286458e-11	-2.214612523550e-10
1.701800000000e-06	-2.211555321175e-10	1.584335304703e-11	-1.939006493502e-10
1.702000000000e-06	-2.013929630284e-10	8.130241005655e-11	-2.671299599950e-10
1.702200000000e-06	-1.707037956274e-10	3.592746842622e-11	-1.843125016332e-10
1.702400000000e-06	-1.284917369518e-10	6.166380951273e-11	-1.858684565433e-10
1.702600000000e-06	-2.338156214850e-10	-1.971754500473e-11	-1.580247183791e-10
1.702800000000e-06	-1.142632498527e-10	9.027180291648e-11	-2.126626304451e-10
1.703000000000e-06	-2.231943326985e-10	-1.912874016850e-11	-1.500058460682e-10
1.703200000000e-06	-1.107975127434e-10	5.125026209554e-11	-1.559159994825e-10
1.703400000000e-06	-6.960223029803e-11	5.480255407111e-11	-1.283011815613e-10
1.703600000000e-06	-2.203964195078e-10	1.505150908899e-11	-1.947394856317e-10
1.703800000000e-06	-2.247736415609e-10	3.344048169892e-11	-2.226782837862e-10
1.704000000000e-06	-2.314911608565e-10	-3.612659808807e-11	-1.323489903372e-10
1.704200000000e-06	-1.546866313387e-10	6.881614721237e-11	-2.156671131749e-10
1.704400000000e-06	-2.013223294206e-10	1.221942309516e-11	-1.741037791725e-10
1.704600000000e-06	-5.628377876233e-11	1.173967585274e-10	-2.043068330061e-10
1.704800000000e-06	-3.551717690016e-11	2.648033473193e-11	-6.598776713927e-11
1.705000000000e-06	-1.011723328217e-10	9.519121091943e-11	-2.086544270670e-10
1.705200000000e-06	-9.477843550911e-11	5.501594691234e-11	-1.507715691605e-10
1.705400000000e-06	-9.828208186464e-11	3.242253534490e-11	-1.211106868849e-10
1.705600000000e-06	-6.165396094128e-11	7.204733300409e-11	-1.464618578851e-10
1.705800000000e-06	-1.013617996816e-10	-8.317843277323e-12	-6.873937993894e-11
1.706000000000e-06	-5.473890624618e-11	4.992791963285e-11	-1.113120777820e-10
1.706200000000e-06	-3.455676943730e-11	6.084356579507e-11	-1.095792226244e-10
1.706400000000e-06	-7.012730619156e-11	-2.572847480885e-11	-1.968961479997e-11
1.706600000000e-06	-1.191945147884e-10	1.249565175216e-11	-1.128960815093e-10
1.706800000000e-06	-6.489007476709e-11	-2.463837959942e-11	-1.867138931457e-11
1.707000000000e-06	-7.019339608671e-11	4.450818225345e-11	-1.155657525332e-10
1.707200000000e-06	-4.232397267924e-11	5.038309632865e-11	-1.030679508101e-10
1.707400000000e-06	5.533940050239e-13	4.554438641453e-11	-6.358009749483e-11
1.707600000000e-06	-3.230243337327e-11	9.360644010990e-11	-1.542931311322e-10
1.707800000000e-06	-6.319744681376e-11	8.572283558705e-12	-6.108393891556e-11
1.708000000000e-06	-1.175323627228e-10	3.989470684424e-11	-1.510506651825e-10
1.708200000000e-06	5.185093708015e-11	4.941758016547e-11	-2.586566949930e-11
1.708400000000e-06	3.348362778508e-13	4.783540810037e-11	-6.623872486467e-11
1.708600000000e-06	-6.827771904221e-11	-3.099879517345e-11	-1.067320970238e-11
1.708800000000e-06	-3.749944384607e-12	1.141922477969e-11	-2.020979258877e-11
1.709000000000e-06	-2.242003227233e-11	2.530547721912e-11	-5.244383071275e-11
1.709200000000e-06	-3.968815954317e-11	1.171155154787e-11	-4.722004236147e-11
1.709400000000e-06	-1.382139758150e-11	2.736003369991e-11	-4.920409374277e-11
1.709600000000e-06	6.314216923251e-11	3.920773558006e-11	-5.359390519119e-12
1.709800000000e-06	-7.173331295203e-11	9.882711995254e-12	-7.138581570887e-11
1.710000000000e-06	1.103914675828e-11	1.026127882900e-11	-6.386060988043e-12
1.710200000000e-06	-3.599596751951e-11	4.034572908997e-11	-8.464611493629e-11
1.710400000000e-06	-1.835362024665e-11	1.635251005711e-11	-3.538119665898e-11
1.710600000000e-06	5.149344432075e-11	5.405983623606e-11	-3.326506195965e-11
1.710800000000e-06	4.001982776032e-11	1.803849069090e-11	5.273767160448e-12
1.711000000000e-06	-6.364331870773e-12	5.275880610429e-11	-7.787503649970e-11
1.711200000000e-06	-3.573537660017e-11	-1.978894480022e-11	-1.765754886846e-12
1.711400000000e-06	5.559392331765e-11	3.742075972740e-11	-6.920189469572e-12
1.711600000000e-06	8.511209983833e-11	2.521904907133e-11	3.178223712716e-11
1.711800000000e-06	4.192336008996e-11	2.687786854745e-12	2.757892635210e-11
1.712000000000e-06	3.699342795564e-11	4.960440443573e-11	-3.866593882506e-11
1.712200000000e-06	7.549708767996e-11	3.159956111865e-11	1.469516539083e-11
1.712400000000e-06	3.469462122150e-11	3.311165299779e-11	-1.938098532893e-11
1.712600000000e-06	7.548520542555e-11	6.680327419539e-11	-3.163539351340e-11
1.712800000000e-06	4.620562806461e-11	-7.531668649135e-12	4.484110912114e-11
1.713000000000e-06	-1.153979921474e-12	2.139879040254e-11	-2.963729268770e-11
1.713200000000e-06	3.029931011150e-11	-2.847319824125e-11	6.390656352849e-11
1.713400000000e-06	-4.165190661830e-12	1.659582871076e-11	-3.019147240481e-11
1.713600000000e-06	5.886296301131e-11	2.258793879421e-11	1.438346668556e-11
1.713800000000e-06	1.018389688429e-10	5.830147680431e-11	-3.587078321242e-14
1.714000000000e-06	6.203513255293e-11	-1.258143888048e-13	4.878514091257e-11
1.714200000000e-06	6.283064185180e-11	5.174906873720e-11	-2.376566000198e-11
1.714400000000e-06	1.151920149869e-10	7.498594092055e-12	7.961481294530e-11
1.714600000000e-06	2.295743630895e-11	1.238430060540e-11	2.857333360512e-12
1.714800000000e-06	8.861688202313e-11	1.826766769244e-11	4.364213056929e-11
1.715000000000e-06	6.273004041185e-11	1.905739978691e-11	2.189624431149e-11
1.715200000000e-06	2.757780956851e-11	2.046310312481e-11	-7.489754540697e-12
1.715400000000e-06	1.156099861904e-10	2.516349782646e-11	5.734891054683e-11
1.715600000000e-06	7.015945852189e-11	2.109263115318e-11	2.605225023390e-11
1.715800000000e-06	7.328854734754e-11	3.809970876949e-11	3.097862849851e-12
1.716000000000e-06	7.381302112257e-11	3.061725984672e-11	1.616351444517e-11
1.716200000000e-06	9.385580682353e-12	2.211773812034e-11	-2.279591425304e-11
1.716400000000e-06	1.097348609981e-10	1.421502201105e-11	6.777170736719e-11
1.716600000000e-06	6.689036386822e-11	-2.618024321303e-11	8.922572396772e-11
1.716800000000e-06	1.188853870914e-10	4.185960613890e-11	3.530830684357e-11
1.717000000000e-06	5.171318555688e-11	1.460715057134e-11	1.953404849178e-11
1.717200000000e-06	6.976412031673e-11	2.960870101074e-11	1.340379997665e-11
1.717400000000e-06	1.105039149563e-10	1.825576398693e-11	6.041567692110e-11
1.717600000000e-06	1.242507975949e-10	1.290745373263e-11	8.175126765537e-11
1.717800000000e-06	1.276714375510e-10	3.699449208928e-11	4.871711225342e-11
1.718000000000e-06	9.188254577942e-11	-2.614672143695e-12	7.667876907598e-11
1.718200000000e-06	1.118985838452e-10	2.508118485699e-11	5.492300391315e-11
1.718400000000e-06	6.500935340175e-11	-2.554075126757e-12	5.376575060825e-11
1.718600000000e-06	1.144901471022e-10	2.939969002656e-11	4.960378622762e-11
1.718800000000e-06	5.930085031231e-11	-2.292166520220e-12	5.031979718934e-11
1.719000000000e-06	1.169548039333e-10	4.119016321899e-11	3.685729976156e-11
1.719200000000e-06	8.484668885342e-11	1.564324618675e-11	4.466397376265e-11
1.719400000000e-06	7.565586141997e-11	7.037900396026e-12	4.955610104682e-11
1.719600000000e-06	1.406506248925e-10	6.661704483321e-11	1.667899555214e-11
1.719800000000e-06	1.025481311114e-10	-1.725455748616e-11	1.058562788694e-10
1.720000000000e-06	1.052940876471e-10	1.168486800821e-11	6.532924687869e-11
1.720200000000e-06	1.633070912999e-10	3.257078353588e-11	8.420583495335e-11
1.720400000000e-06	6.679390335173e-11	3.870201725014e-11	-2.169296549118e-12
1.720600000000e-06	7.891279383851e-11	-2.641424994620e-11	1.002592965849e-10
1.720800000000e-06	9.363596452421e-11	-9.121230500598e-13	7.477770602523e-11
1.721000000000e-06	1.150117761914e-10	2.965463783670e-11	4.840568527346e-11
1.721200000000e-06	1.935332487941e-10	3.902272958993e-11	9.945805592438e-11
1.721400000000e-06	1.009322272210e-10	2.919216905017e-11	3.877784065834e-11
1.721600000000e-06	9.706811284175e-11	9.913678922322e-12	6.232706207499e-11
1.721800000000e-06	1.258065404297e-10	1.497884108969e-11	8.072162295727e-11
1.722000000000e-06	1.281749129142e-10	2.880548951653e-11	6.213420535527e-11
1.722200000000e-06	1.117672566337e-10	-4.103615304932e-11	1.484177772034e-10
1.722400000000e-06	8.995644556169e-11	2.569663556873e-11	3.512595553367e-11
1.722600000000e-06	1.274522611947e-10	2.297838650326e-11	6.805334601499e-11
1.722800000000e-06	1.666564621482e-10	8.398473691930e-12	1.214519539978e-10
1.723000000000e-06	1.026343805987e-10	1.172200811195e-11	6.341538475100e-11
1.723200000000e-06	6.130927379253e-11	2.008993234594e-11	2.199363401128e-11
1.723400000000e-06	1.296765256848e-10	3.210125933657e-11	5.592082341803e-11
1.723600000000e-06	8.525470597705e-11	-3.464935398725e-11	1.186042966286e-10
1.723800000000e-06	1.381525094795e-10	1.038001839603e-11	9.639885843612e-11
1.724000000000e-06	1.218393616897e-10	2.893760161347e-11	5.428598689039e-11
1.724200000000e-06	1.251847743943e-10	1.041839861817e-11	8.719415452883e-11
1.724400000000e-06	1.188487248991e-10	1.867737330707e-11	6.941585783120e-11
1.724600000000e-06	1.058210965682e-10	5.283470198467e-12	7.506088733156e-11
1.724800000000e-06	1.434161150391e-10	4.057565163933e-11	5.751544666983e-11
1.725000000000e-06	7.787216805949e-11	-7.892295708528e-12	7.099919895935e-11
1.725200000000e-06	1.389537823273e-10	1.131866679545e-11	9.445167949896e-11
1.725400000000e-06	1.039742618430e-10	5.064506621699e-12	7.531271333010e-11
1.725600000000e-06	1.096767038821e-10	6.533956860642e-13	8.583688786964e-11
1.725800000000e-06	1.175864414976e-10	2.706346600048e-11	5.277951465354e-11
1.726000000000e-06	1.150557274795e-10	-1.177831352098e-11	1.128962834380e-10
1.726200000000e-06	7.987439673136e-11	-2.754947125599e-11	1.017506542741e-10
1.726400000000e-06	9.840517485508e-11	1.095692221364e-11	6.349072992983e-11
1.726600000000e-06	1.678381521083e-10	1.409400916355e-12	1.296070023281e-10
1.726800000000e-06	8.732444593957e-11	-4.940742641612e-12	7.437617105867e-11
1.727000000000e-06	1.226466646413e-10	-7.040580470989e-12	1.090911123110e-10
1.727200000000e-06	1.630935354284e-10	2.713004693322e-11	8.946790799531e-11
1.727400000000e-06	8.592656602861e-11	-3.505896561641e-12	7.454003747337e-11
1.727600000000e-06	1.588090824781e-10	1.861918504405e-11	1.013672213162e-10
1.727800000000e-06	1.413447807233e-10	7.806511278992e-12	1.023708443557e-10
1.728000000000e-06	1.245655799192e-10	2.742342963732e-11	6.005758989251e-11
1.728200000000e-06	1.206082339343e-10	7.587277716513e-12	8.521510504563e-11
1.728400000000e-06	9.662295074303e-11	-9.217315648778e-12	9.054246696094e-11
1.728600000000e-06	1.051825894491e-10	4.136219307462e-11	2.427042178572e-11
1.728800000000e-06	1.346756469527e-10	1.396213881817e-11	8.766260288395e-11
1.729000000000e-06	1.427886045684e-10	2.500379430715e-11	7.895100835545e-11
1.729200000000e-06	1.473589530914e-10	1.083432020237e-11	1.020338237635e-10
1.729400000000e-06	1.294328148170e-10	-2.267075309290e-11	1.366957645781e-10
1.729600000000e-06	1.259178842990e-10	3.103532846834e-12	9.697720348064e-11
1.729800000000e-06	9.444208213319e-11	-8.150287484535e-13	7.631632742892e-11
1.730000000000e-06	1.172610969510e-10	-9.636465505980e-12	1.098005228719e-10
1.730200000000e-06	1.468591147608e-10	1.616330457823e-11	9.441230399159e-11
1.730400000000e-06	1.392347098710e-10	2.179080618083e-11	8.131232003495e-11
1.730600000000e-06	1.346690382279e-10	2.790999158087e-12	1.035431947387e-10
1.730800000000e-06	1.318666280859e-10	1.823324182649e-11	8.045639638161e-11
1.731000000000e-06	1.556792899447e-10	1.687093216771e-11	1.002415460429e-10
1.731200000000e-06	1.077805792551e-10	9.582842409648e-12	7.124893675503e-11
1.731400000000e-06	1.366127331185e-10	1.412151736784e-12	1.070008087310e-10
1.731600000000e-06	1.436345461239e-10	-1.330486242114e-12	1.179740989020e-10
1.731800000000e-06	1.908369522701e-10	2.808873287904e-11	1.129659975272e-10
1.732000000000e-06	1.341448720771e-10	-1.500180586074e-11	1.301013984391e-10
1.732200000000e-06	1.244377119297e-10	1.453705000086e-11	7.863533800029e-11
1.732400000000e-06	1.466528286935e-10	2.154574104232e-11	8.656990074744e-11
1.732600000000e-06	1.339413035701e-10	9.318792926088e-13	1.049230616893e-10
1.732800000000e-06	1.030507635869e-10	-4.820450483611e-12	9.142853557536e-11
1.733000000000e-06	1.485564764991e-10	2.030965994116e-11	9.209603074046e-11
1.733200000000e-06	1.294000339111e-10	4.167234202921e-12	9.716648084852e-11
1.733400000000e-06	1.738684916245e-10	-3.969673526799e-12	1.431409154057e-10
1.733600000000e-06	1.057029822476e-10	-8.514252315902e-12	9.581630841899e-11
1.733800000000e-06	1.310300448827e-10	9.154585233835e-12	9.111689474555e-11
1.734000000000e-06	1.005970466567e-10	-9.731315569541e-12	9.714506147022e-11
1.734200000000e-06	1.533124117745e-10	2.618089487369e-11	8.388051670826e-11
1.734400000000e-06	1.418662729024e-10	4.814512728611e-11	4.371180659099e-11
1.734600000000e-06	1.652320326620e-10	1.738879273252e-11	1.079760184717e-10
1.734800000000e-06	9.913131767576e-11	-1.730048377778e-11	1.051166287121e-10
1.735000000000e-06	1.272209927175e-10	-1.136159857989e-11	1.177329054901e-10
1.735200000000e-06	1.270713254419e-10	2.324683197330e-11	6.941401915276e-11
1.735400000000e-06	1.368375221147e-10	2.044330577487e-11	8.239912131833e-11
1.735600000000e-06	1.393316106758e-10	1.059308851191e-11	9.615718773251e-11
1.735800000000e-06	1.288058175649e-10	1.589245651275e-11	7.771451268733e-11
1.736000000000e-06	1.467689046149e-10	1.039354982103e-11	1.039358078689e-10
1.736200000000e-06	1.373775741161e-10	-7.703298768786e-12	1.233588277423e-10
1.736400000000e-06	1.089929240539e-10	-7.152742588534e-12	9.922404677007e-11
1.736600000000e-06	1.022132692186e-10	3.080716037662e-12	7.897051649941e-11
1.736800000000e-06	1.467840830267e-10	1.094257500605e-12	1.152319894814e-10
1.737000000000e-06	1.478312079026e-10	-4.696053580919e-12	1.260785851928e-10
1.737200000000e-06	1.518324642982e-10	5.168221844984e-12	1.140967037425e-10
1.737400000000e-06	1.418598295053e-10	3.414439825539e-11	6.470723759164e-11
1.737600000000e-06	1.571072857978e-10	2.972935157288e-11	8.346259810774e-11
1.737800000000e-06	1.231368666075e-10	7.505521304571e-12	8.835766730038e-11
1.738000000000e-06	1.585901625533e-10	2.740932832993e-11	8.563538457000e-11
1.738200000000e-06	1.308337437726e-10	-2.833921608290e-12	1.097027718830e-10
1.738400000000e-06	1.629970616681e-10	1.577445917911e-11	1.068629953227e-10
1.738600000000e-06	1.330620456689e-10	-8.672327716913e-12	1.183553560502e-10
1.738800000000e-06	1.416344354005e-10	2.050621888098e-12	1.113391890444e-10
1.739000000000e-06	1.212242175470e-10	-8.285375870889e-12	1.110683398531e-10
1.739200000000e-06	1.363253141491e-10	1.054989289741e-11	9.297753236622e-11
1.739400000000e-06	1.102059680680e-10	-1.844288494933e-11	1.168346280996e-10
1.739600000000e-06	1.417370362257e-10	1.603579488076e-11	9.085807948302e-11
1.739800000000e-06	1.245208532551e-10	3.123925941460e-11	5.571731709121e-11
1.740000000000e-06	1.229264495592e-10	-1.216508946727e-11	1.182249281504e-10
1.740200000000e-06	1.091962214729e-10	1.423221217469e-12	8.362561159914e-11
1.740400000000e-06	1.120932625509e-10	-2.376746003672e-11	1.256556165058e-10
1.740600000000e-06	1.423449669289e-10	1.722153911849e-11	8.964414826235e-11
1.740800000000e-06	1.287125182966e-10	1.388726088180e-11	8.401042946076e-11
1.741000000000e-06	1.418813114917e-10	2.816610893526e-12	1.098982251171e-10
1.741200000000e-06	1.036039843376e-10	3.985205728782e-12	7.577795911695e-11
1.741400000000e-06	1.334958043519e-10	1.562975023807e-11	8.350571984162e-11
1.741600000000e-06	1.065216656703e-10	-1.740714753674e-11	1.115154548937e-10
1.741800000000e-06	1.714104639827e-10	1.330676056290e-11	1.161528893940e-10
1.742000000000e-06	1.479190520576e-10	3.331797660084e-11	6.854834629286e-11
1.742200000000e-06	1.508759835039e-10	5.269791654922e-12	1.154561548014e-10
1.742400000000e-06	1.215346282212e-10	7.396396447280e-12	8.725204808710e-11
1.742600000000e-06	1.509285836582e-10	-2.767104571648e-13	1.236831722113e-10
1.742800000000e-06	1.444792427664e-10	2.233428850259e-11	8.637535568004e-11
1.743000000000e-06	1.440073005750e-10	2.480611499102e-11	7.882413772463e-11
1.743200000000e-06	1.174054078847e-10	2.356327717656e-12	9.104046872206e-11
1.743400000000e-06	1.466518011682e-10	-6.922425140082e-12	1.290147827655e-10
1.743600000000e-06	1.284647182792e-10	5.978194326472e-12	9.677724526085e-11
1.743800000000e-06	9.442881456657e-11	-1.315884466877e-11	9.678928064746e-11
1.744000000000e-06	1.104484740849e-10	1.996009333927e-11	6.006489951417e-11
1.744200000000e-06	1.237053752277e-10	-2.140157638114e-12	1.028249370265e-10
1.744400000000e-06	1.869157658945e-10	4.727296567217e-11	8.332404712650e-11
1.744600000000e-06	1.094227875108e-10	9.529273993775e-12	7.422256089224e-11
1.744800000000e-06	1.415887948775e-10	-1.663893331187e-11	1.367098100346e-10
1.745000000000e-06	1.286137826451e-10	-3.314429795874e-12	1.112220117683e-10
1.745200000000e-06	1.255713066106e-10	-6.503793533170e-12	1.092980526063e-10
1.745400000000e-06	1.462103708038e-10	8.115641533991e-12	1.077572644967e-10
1.745600000000e-06	1.317637340264e-10	1.098694510105e-12	1.023862568749e-10
1.745800000000e-06	1.270455010407e-10	-4.910121562500e-12	1.114304979570e-10
1.746000000000e-06	1.109478450646e-10	1.041606346427e-11	7.401728777485e-11
1.746200000000e-06	1.010494819794e-10	-1.436318513616e-11	1.044283703251e-10
1.746400000000e-06	1.396609150614e-10	1.460171668672e-12	1.122340536365e-10
1.746600000000e-06	1.592284622874e-10	1.734929065421e-11	1.036613755190e-10
1.746800000000e-06	1.167766109343e-10	-3.222910342316e-12	9.912924266603e-11
1.747000000000e-06	1.468693001696e-10	2.401062676120e-11	8.021263340373e-11
1.747200000000e-06	1.017442499980e-10	-2.107170503623e-11	1.168982205557e-10
1.747400000000e-06	1.017663347528e-10	7.069091871325e-12	7.032407149531e-11
1.747600000000e-06	1.110870414252e-10	-2.515691276701e-11	1.276576896648e-10
1.747800000000e-06	1.641926136914e-10	2.905815094669e-11	9.082133580891e-11
1.748000000000e-06	1.424127482867e-10	-7.240881517957e-12	1.257191092652e-10
1.748200000000e-06	1.484869352328e-10	2.598002877177e-11	8.228846374976e-11
1.748400000000e-06	1.013673767744e-10	-1.634992182650e-12	8.604576644154e-11
1.748600000000e-06	1.435602530338e-10	8.790214308696e-12	1.025232398903e-10
1.748800000000e-06	1.364766968876e-10	2.381915462596e-12	1.077910538501e-10
1.749000000000e-06	1.070749329989e-10	-2.412975234829e-11	1.217128794915e-10
1.749200000000e-06	1.409619476113e-10	1.515437650143e-11	9.030000558022e-11
1.749400000000e-06	8.718027295272e-11	-3.506065030104e-12	7.698382437131e-11
1.749600000000e-06	1.227320307648e-10	8.795144475604e-12	8.406175537199e-11
1.749800000000e-06	1.263390838982e-10	8.313453747747e-12	8.896236496520e-11
1.750000000000e-06	1.552866651382e-10	3.183030715065e-11	7.755109603471e-11
1.750200000000e-06	1.084743825220e-10	-2.529635814302e-11	1.276778414818e-10
1.750400000000e-06	1.422803771817e-10	1.116853315174e-11	9.969269151037e-11
1.750600000000e-06	1.216400723524e-10	7.617020154485e-12	8.817285094412e-11
1.750800000000e-06	9.010837859988e-11	-4.274509948626e-13	7.204464252295e-11
1.751000000000e-06	1.441625916803e-10	2.192182866159e-11	8.293297276103e-11
1.751200000000e-06	1.411562802375e-10	9.214033492860e-12	1.014924617479e-10
1.751400000000e-06	1.382162344234e-10	1.355893795167e-12	1.102392368799e-10
1.751600000000e-06	1.142942109296e-10	2.263841193745e-12	8.811403600854e-11
1.751800000000e-06	1.179192920410e-10	3.921298319497e-12	9.049190346610e-11
1.752000000000e-06	1.100827114227e-10	-5.134416505199e-12	9.884349833618e-11
1.752200000000e-06	1.265424233616e-10	5.396738521085e-12	9.631066450074e-11
1.752400000000e-06	1.375484192305e-10	9.541241375573e-12	9.906690934636e-11
1.752600000000e-06	1.402078403167e-10	1.639547251945e-11	8.865782617535e-11
1.752800000000e-06	1.208968773264e-10	5.038626825578e-12	9.050340744147e-11
1.753000000000e-06	1.433638837365e-10	1.314547884369e-11	9.796581629302e-11
1.753200000000e-06	1.638719073681e-10	3.041854263762e-11	8.793444271021e-11
1.753400000000e-06	9.443409179389e-11	-3.557974606663e-12	8.317032703980e-11
1.753600000000e-06	9.850424372920e-11	-1.680172946632e-12	7.981601826442e-11
1.753800000000e-06	1.257635471341e-10	1.371037121432e-11	7.986564480185e-11
1.754000000000e-06	1.139520821278e-10	-9.740912803343e-13	9.567944131891e-11
1.754200000000e-06	1.381553352390e-10	2.896741223981e-11	6.553626499613e-11
1.754400000000e-06	1.062801714008e-10	-1.373888555627e-11	1.097815291660e-10
1.754600000000e-06	1.092894281027e-10	-6.625568469930e-12	1.005266416923e-10
1.754800000000e-06	9.172391568956e-11	-7.420811027247e-12	8.452551074851e-11
1.755000000000e-06	1.223557679693e-10	2.912238144666e-12	9.688572523141e-11
1.755200000000e-06	1.170614471757e-10	-2.799983682241e-12	1.010043739746e-10
1.755400000000e-06	1.235762156213e-10	1.900252175357e-12	9.769109788768e-11
1.755600000000e-06	1.179882856200e-10	9.519182909326e-12	8.046277917507e-11
1.755800000000e-06	1.315245976763e-10	-2.403762327651e-12	1.106672399373e-10
1.756000000000e-06	1.255297322505e-10	2.251577622861e-11	6.543192994479e-11
1.756200000000e-06	1.037151875521e-10	1.359540474551e-11	6.186606474243e-11
1.756400000000e-06	1.241849301907e-10	-2.717558167070e-12	1.071589560111e-10
1.756600000000e-06	1.027816475886e-10	-2.011551618271e-11	1.131894260344e-10
1.756800000000e-06	1.101401936815e-10	1.724306136176e-11	6.204966723352e-11
1.757000000000e-06	1.392670569621e-10	2.476889165368e-11	7.737666386644e-11
1.757200000000e-06	1.240178163599e-10	1.272155841602e-12	9.864378697475e-11
1.757400000000e-06	8.972444158346e-11	-4.102815784015e-12	7.810414839399e-11
1.757600000000e-06	1.524119763946e-10	2.118717047496e-11	9.277531057095e-11
1.757800000000e-06	1.062928014385e-10	1.843900477560e-11	5.867839480917e-11
1.758000000000e-06	1.264759429988e-10	-2.665459179369e-12	1.080465675634e-10
1.758200000000e-06	1.217490037181e-10	1.651193359481e-11	7.175041666079e-11
1.758400000000e-06	8.641999043753e-11	-6.606066624452e-12	7.937139458222e-11
1.758600000000e-06	1.037029244769e-10	3.925804349391e-12	8.152839868758e-11
1.758800000000e-06	9.344949296289e-11	-2.167556369911e-11	1.101420487894e-10
1.759000000000e-06	9.956277440393e-11	-1.403671451420e-11	1.025959456127e-10
1.759200000000e-06	1.303776339234e-10	1.784003457496e-11	8.202944927419e-11
1.759400000000e-06	1.300382460972e-10	9.219024457456e-12	9.213143877839e-11
1.759600000000e-06	1.185785822590e-10	1.732847655180e-11	7.035268731802e-11
1.759800000000e-06	1.282618613413e-10	-8.666783916724e-12	1.163834961053e-10
1.760000000000e-06	1.323166343475e-10	1.377820416903e-11	8.667706672760e-11
1.760200000000e-06	1.077878203944e-10	-1.338162957350e-11	1.102864300055e-10
1.760400000000e-06	1.462782815509e-10	1.427874560701e-11	9.576894711035e-11
1.760600000000e-06	1.010272261525e-10	1.015235048070e-13	8.385910424118e-11
1.760800000000e-06	9.396178699240e-11	-8.202677107267e-13	7.974387034764e-11
1.761000000000e-06	1.212390470588e-10	-5.578295670285e-12	1.121796835744e-10
1.761200000000e-06	1.203901138008e-10	5.271458915556e-12	9.194987988108e-11
1.761400000000e-06	1.199937572501e-10	-1.272393878787e-11	1.186184155359e-10
1.761600000000e-06	1.209280010592e-10	1.143006589851e-11	8.101858754605e-11
1.761800000000e-06	9.616988834543e-11	-2.174054260309e-11	1.109538299740e-10
1.762000000000e-06	1.035284919395e-10	1.872899037577e-11	5.358409227150e-11
1.762200000000e-06	1.046587728186e-10	-1.035987883430e-11	1.005136257066e-10
1.762400000000e-06	1.262538767866e-10	-4.120771360057e-12	1.101137936952e-10
1.762600000000e-06	1.178598746127e-10	3.240973542426e-11	4.536748100687e-11
1.762800000000e-06	1.026472605215e-10	1.892469928770e-12	8.351880259403e-11
1.763000000000e-06	1.216175015496e-10	1.386016442693e-11	7.754295814140e-11
1.763200000000e-06	1.307307895230e-10	1.674681196153e-11	8.101067422350e-11
1.763400000000e-06	1.328162579009e-10	1.076158517249e-11	9.197952583128e-11
1.763600000000e-06	8.550529618516e-11	-2.497248699968e-11	1.105586156446e-10
1.763800000000e-06	1.308459968613e-10	2.190576555846e-11	7.163547953784e-11
1.764000000000e-06	9.383314649796e-11	-1.981298629263e-11	1.093266672024e-10
1.764200000000e-06	9.509984599338e-11	-1.280160603121e-11	9.930549379445e-11
1.764400000000e-06	9.627048749204e-11	8.972229398831e-12	6.481079992768e-11
1.764600000000e-06	1.189763280532e-10	2.770196987524e-12	9.358371200221e-11
1.764800000000e-06	1.143629952006e-10	3.756843568561e-12	8.633469364452e-11
1.765000000000e-06	1.118337941668e-10	2.006968562612e-12	8.867183548697e-11
1.765200000000e-06	9.020665750020e-11	-1.929464658853e-12	7.587926387513e-11
1.765400000000e-06	1.039549045980e-10	-1.025801580979e-11	1.030004097876e-10
1.765600000000e-06	9.692455350516e-11	3.236034258950e-12	7.403259775025e-11
1.765800000000e-06	1.296022371466e-10	6.995103522124e-12	9.775396061796e-11
1.766000000000e-06	8.901498210360e-11	-7.963845970460e-13	7.382653990101e-11
1.766200000000e-06	1.295553448705e-10	1.312823492807e-11	8.545336092816e-11
1.766400000000e-06	9.012952210581e-11	8.460676195865e-12	5.857761448200e-11
1.766600000000e-06	1.215615584033e-10	4.231409568800e-12	9.718974627094e-11
1.766800000000e-06	1.011792966399e-10	4.944997327364e-12	7.636263820068e-11
1.767000000000e-06	7.541477112296e-11	-2.362890950460e-11	9.851930792503e-11
1.767200000000e-06	1.238507848592e-10	1.270973017968e-11	8.335095879909e-11
1.767400000000e-06	1.110763090744e-10	-4.436729320062e-13	9.289547276962e-11
1.767600000000e-06	1.044018230343e-10	9.355447245400e-12	6.951375474944e-11
1.767800000000e-06	1.195544087782e-10	9.999031265477e-12	8.188542572392e-11
1.768000000000e-06	9.775373222223e-11	-2.635239866123e-12	8.550712622179e-11
1.768200000000e-06	1.121591227299e-10	8.345143203848e-12	7.990498967009e-11
1.768400000000e-06	9.438341772250e-11	4.123314311289e-12	7.047481704299e-11
1.768600000000e-06	1.172200255976e-10	-6.905574228022e-12	1.055077341252e-10
1.768800000000e-06	7.151863923529e-11	-6.661611686896e-12	7.183350377412e-11
1.769000000000e-06	1.191727639102e-10	1.706487375270e-12	9.104154603778e-11
1.769200000000e-06	1.328739439130e-10	1.250040098430e-11	8.670117958790e-11
1.769400000000e-06	9.217067663139e-11	-4.078941810435e-12	8.066414292304e-11
1.769600000000e-06	1.164550837103e-10	1.296346277442e-11	7.437778164317e-11
1.769800000000e-06	1.004406280917e-10	-1.079713478187e-11	9.791638117791e-11
1.770000000000e-06	1.261337251918e-10	1.514230604994e-11	7.945935325041e-11
1.770200000000e-06	9.462761074000e-11	-6.117761992484e-13	8.044420947187e-11
1.770400000000e-06	1.055912129393e-10	1.916186258875e-11	6.023981550891e-11
1.770600000000e-06	1.472184831831e-10	2.352438684713e-11	8.171050024001e-11
1.770800000000e-06	9.026434923568e-11	-2.565875720262e-12	8.067538727107e-11
1.771000000000e-06	9.890976503242e-11	-4.761554243454e-12	9.090521412874e-11
1.771200000000e-06	7.376344986389e-11	-1.354800712653e-11	8.070873338323e-11
1.771400000000e-06	9.437467271777e-11	2.244249694234e-11	4.136084352150e-11
1.771600000000e-06	8.767336062601e-11	-2.439634550154e-12	7.416527661547e-11
1.771800000000e-06	1.079466054572e-10	-2.535782697435e-12	9.301809125664e-11
1.772000000000e-06	6.979510121506e-11	-2.915428990613e-12	6.442424112414e-11
1.772200000000e-06	9.208922234283e-11	-4.294742116899e-12	8.021794820158e-11
1.772400000000e-06	1.053784271050e-10	4.386408215982e-12	8.021002960173e-11
1.772600000000e-06	1.063289679911e-10	1.270114594783e-11	6.616583563571e-11
