-5.958000000000e-07	0.000000000000e+00	0.000000000000e+00	0.000000000000e+00
-5.956000000000e-07	0.000000000000e+00	0.000000000000e+00	0.000000000000e+00
-5.954000000000e-07	0.000000000000e+00	0.000000000000e+00	0.000000000000e+00
-5.952000000000e-07	0.000000000000e+00	0.000000000000e+00	0.000000000000e+00
-5.950000000000e-07	0.000000000000e+00	0.000000000000e+00	0.000000000000e+00
-5.948000000000e-07	0.000000000000e+00	0.000000000000e+00	0.000000000000e+00
-5.946000000000e-07	0.000000000000e+00	0.000000000000e+00	0.000000000000e+00
-5.944000000000e-07	0.000000000000e+00	0.000000000000e+00	0.000000000000e+00
-5.942000000000e-07	0.000000000000e+00	0.000000000000e+00	0.000000000000e+00
-5.940000000000e-07	0.000000000000e+00	0.000000000000e+00	0.000000000000e+00
-5.938000000000e-07	0.000000000000e+00	0.000000000000e+00	0.000000000000e+00
-5.936000000000e-07	0.000000000000e+00	0.000000000000e+00	0.000000000000e+00
-5.934000000000e-07	0.000000000000e+00	0.000000000000e+00	0.000000000000e+00
-5.932000000000e-07	0.000000000000e+00	0.000000000000e+00	0.000000000000e+00
-5.930000000000e-07	0.000000000000e+00	0.000000000000e+00	0.000000000000e+00
-5.928000000000e-07	0.000000000000e+00	0.000000000000e+00	0.000000000000e+00
-5.926000000000e-07	0.000000000000e+00	0.000000000000e+00	0.000000000000e+00
-5.924000000000e-07	0.000000000000e+00	0.000000000000e+00	0.000000000000e+00
-5.922000000000e-07	0.000000000000e+00	0.000000000000e+00	0.000000000000e+00
-5.920000000000e-07	0.000000000000e+00	0.000000000000e+00	0.000000000000e+00
-5.918000000000e-07	0.000000000000e+00	0.000000000000e+00	0.000000000000e+00
-5.916000000000e-07	0.000000000000e+00	0.000000000000e+00	0.000000000000e+00
-5.914000000000e-07	0.000000000000e+00	0.000000000000e+00	0.000000000000e+00
-5.912000000000e-07	0.000000000000e+00	0.000000000000e+00	0.000000000000e+00
-5.910000000000e-07	0.000000000000e+00	0.000000000000e+00	0.000000000000e+00
-5.908000000000e-07	0.000000000000e+00	0.000000000000e+00	0.000000000000e+00
-5.906000000000e-07	0.000000000000e+00	0.000000000000e+00	0.000000000000e+00
-5.904000000000e-07	0.000000000000e+00	0.000000000000e+00	0.000000000000e+00
-5.902000000000e-07	0.000000000000e+00	0.000000000000e+00	0.000000000000e+00
-5.900000000000e-07	0.000000000000e+00	0.000000000000e+00	0.000000000000e+00
-5.898000000000e-07	0.000000000000e+00	0.000000000000e+00	0.000000000000e+00
-5.896000000000e-07	0.000000000000e+00	0.000000000000e+00	0.000000000000e+00
-5.894000000000e-07	0.000000000000e+00	0.000000000000e+00	0.000000000000e+00
-5.892000000000e-07	0.000000000000e+00	0.000000000000e+00	0.000000000000e+00
-5.890000000000e-07	0.000000000000e+00	0.000000000000e+00	0.000000000000e+00
-5.888000000000e-07	0.000000000000e+00	0.000000000000e+00	0.000000000000e+00
-5.886000000000e-07	0.000000000000e+00	0.000000000000e+00	0.000000000000e+00
-5.884000000000e-07	0.000000000000e+00	0.000000000000e+00	0.000000000000e+00
-5.882000000000e-07	0.000000000000e+00	0.000000000000e+00	0.000000000000e+00
-5.880000000000e-07	0.000000000000e+00	0.000000000000e+00	0.000000000000e+00
-5.878000000000e-07	0.000000000000e+00	0.000000000000e+00	0.000000000000e+00
-5.876000000000e-07	0.000000000000e+00	0.000000000000e+00	0.000000000000e+00
-5.874000000000e-07	0.000000000000e+00	0.000000000000e+00	0.000000000000e+00
-5.872000000000e-07	0.000000000000e+00	0.000000000000e+00	0.000000000000e+00
-5.870000000000e-07	0.000000000000e+00	0.000000000000e+00	0.000000000000e+00
-5.868000000000e-07	0.000000000000e+00	0.000000000000e+00	0.000000000000e+00
-5.866000000000e-07	0.000000000000e+00	0.000000000000e+00	0.000000000000e+00
-5.864000000000e-07	0.000000000000e+00	0.000000000000e+00	0.000000000000e+00
-5.862000000000e-07	0.000000000000e+00	0.000000000000e+00	0.000000000000e+00
-5.860000000000e-07	0.000000000000e+00	0.000000000000e+00	0.000000000000e+00
-5.858000000000e-07	0.000000000000e+00	0.000000000000e+00	0.000000000000e+00
-5.856000000000e-07	0.000000000000e+00	0.000000000000e+00	0.000000000000e+00
-5.854000000000e-07	0.000000000000e+00	0.000000000000e+00	0.000000000000e+00
-5.852000000000e-07	0.000000000000e+00	0.000000000000e+00	0.000000000000e+00
-5.850000000000e-07	0.000000000000e+00	0.000000000000e+00	0.000000000000e+00
-5.848000000000e-07	0.000000000000e+00	0.000000000000e+00	0.000000000000e+00
-5.846000000000e-07	2.413180881136e-17	1.525198138683e-14	-1.805549964711e-14
-5.844000000000e-07	2.099895425734e-14	-8.600875246694e-15	2.589984142675e-14
-5.842000000000e-07	1.205336127067e-14	-1.091102928552e-14	2.239135200793e-14
-5.840000000000e-07	4.306636087934e-14	8.447709985947e-14	-6.565644703126e-14
-5.838000000000e-07	-7.218705257303e-13	-4.956111601620e-14	-4.933314131939e-13
-5.836000000000e-07	9.110759106390e-13	1.290902303712e-12	-7.064936461657e-13
-5.834000000000e-07	-3.745148932848e-12	2.144569613143e-12	-5.372133776789e-12
-5.832000000000e-07	4.036350656235e-12	-2.124019690914e-12	5.582358090419e-12
-5.830000000000e-07	-2.387589655003e-12	-1.358778215843e-12	-1.536341841054e-14
-5.828000000000e-07	-8.779329278815e-12	-5.351878885070e-12	-5.094707494563e-13
-5.826000000000e-07	-6.219989674868e-12	5.695699685408e-12	-1.157822566823e-11
-5.824000000000e-07	-5.106932121843e-11	-2.250411068771e-11	-1.049871528978e-11
-5.822000000000e-07	-2.325216902901e-10	-8.449086243921e-11	-7.247797041436e-11
-5.820000000000e-07	-2.428193591460e-10	-3.987431731267e-11	-1.314556652279e-10
-5.818000000000e-07	-2.162812038993e-10	-3.018123984331e-11	-1.237121767006e-10
-5.816000000000e-07	-1.626074651289e-10	-1.303813954154e-12	-1.185874267686e-10
-5.814000000000e-07	-1.814354992127e-10	-4.558011735242e-11	-8.117788662711e-11
-5.812000000000e-07	-3.585638502762e-10	-1.108332973937e-10	-1.350035025985e-10
-5.810000000000e-07	-1.599363383857e-09	-4.178675137663e-10	-6.942430765672e-10
-5.808000000000e-07	-2.792279641304e-09	-6.596230849943e-10	-1.290775457225e-09
-5.806000000000e-07	-2.895909181457e-09	-4.953688650077e-10	-1.555200044466e-09
-5.804000000000e-07	-2.021460470686e-09	-3.891561620602e-10	-1.037266165158e-09
-5.802000000000e-07	-1.461468857300e-09	-3.285549943820e-10	-6.849663074752e-10
-5.800000000000e-07	-9.646603121628e-10	-2.428008910129e-10	-4.195886622907e-10
-5.798000000000e-07	-5.540776817333e-10	-9.883388565115e-11	-2.843783180801e-10
-5.796000000000e-07	-7.022040810980e-10	-1.305420184397e-10	-3.573250189398e-10
-5.794000000000e-07	-6.031006419984e-10	-1.104185677344e-10	-3.076397671834e-10
-5.792000000000e-07	-8.235643353649e-10	-1.314918721807e-10	-4.438007892190e-10
-5.790000000000e-07	-1.078565190856e-09	-2.428576255444e-10	-5.027141675273e-10
-5.788000000000e-07	-1.778516662180e-09	-4.350613884436e-10	-7.570572176500e-10
-5.786000000000e-07	-3.297675109356e-09	-9.964878128043e-10	-1.244584751420e-09
-5.784000000000e-07	-7.421003948456e-09	-2.859488599490e-09	-2.079715334937e-09
-5.782000000000e-07	-1.846035456249e-08	-6.094264795279e-09	-6.353623474960e-09
-5.780000000000e-07	-2.291836866374e-08	-3.566696614817e-09	-1.258472245716e-08
-5.778000000000e-07	-1.695171747073e-08	-3.027202771043e-09	-8.890262654377e-09
-5.776000000000e-07	-1.293613227555e-08	-2.731265662394e-09	-6.321501988147e-09
-5.774000000000e-07	-9.795224896453e-09	-1.517127054295e-09	-5.429629559215e-09
-5.772000000000e-07	-7.770421342086e-09	-1.633832136220e-09	-3.813477167723e-09
-5.770000000000e-07	-5.352058437911e-09	-1.073879532487e-09	-2.686795952561e-09
-5.768000000000e-07	-3.880595309723e-09	-7.135828842632e-10	-2.016593275481e-09
-5.766000000000e-07	-2.022292536088e-09	-5.157869710536e-10	-8.809655201711e-10
-5.764000000000e-07	-6.598714150998e-10	1.165214652944e-10	-6.265016204543e-10
-5.762000000000e-07	-3.953088322265e-10	-9.090288481167e-11	-1.761452565408e-10
-5.760000000000e-07	2.150091156289e-10	4.420350657413e-11	1.255078468569e-10
-5.758000000000e-07	6.761839145336e-10	6.365235643917e-11	4.355690131217e-10
-5.756000000000e-07	7.331207829341e-10	9.088232304420e-11	4.503352405402e-10
-5.754000000000e-07	8.742769234237e-10	1.255292216194e-10	5.106701577578e-10
-5.752000000000e-07	8.169253952750e-10	2.117929341753e-10	3.740547605191e-10
-5.750000000000e-07	7.501259814585e-10	1.723440202283e-10	3.678367390104e-10
-5.748000000000e-07	6.623024425010e-10	-4.636419839167e-12	5.077613216469e-10
-5.746000000000e-07	5.296594017800e-10	1.199092761920e-10	2.677287925687e-10
-5.744000000000e-07	5.613386201068e-10	1.909873665705e-10	1.997106865737e-10
-5.742000000000e-07	7.224430320854e-10	1.027917290211e-10	4.209031746155e-10
-5.740000000000e-07	3.949825419432e-10	5.027142106916e-12	2.983755384277e-10
-5.738000000000e-07	6.350273203224e-10	2.618691648505e-11	4.368977856036e-10
-5.736000000000e-07	4.339597353294e-10	9.381507748139e-11	2.220536116106e-10
-5.734000000000e-07	6.423389062336e-10	8.690167770398e-11	3.755968740501e-10
-5.732000000000e-07	6.955418365044e-10	9.391914213625e-11	4.074373944018e-10
-5.730000000000e-07	3.145864026053e-10	-6.942840831826e-11	3.313439619293e-10
-5.728000000000e-07	4.724395933697e-10	1.048940731143e-10	2.310084963194e-10
-5.726000000000e-07	4.167545503991e-10	1.089332963010e-11	3.021280420495e-10
-5.724000000000e-07	4.818637035387e-10	1.650565620261e-10	1.790302226069e-10
-5.722000000000e-07	6.405420349206e-10	6.274171601503e-11	4.008932929418e-10
-5.720000000000e-07	5.125608953586e-10	1.681504380806e-10	1.992610539750e-10
-5.718000000000e-07	5.261593124039e-10	3.481195245888e-11	3.490355639878e-10
-5.716000000000e-07	4.094051071559e-10	2.698310208851e-11	2.770390749881e-10
-5.714000000000e-07	4.190482125059e-10	5.563149851335e-11	2.527873672153e-10
-5.712000000000e-07	4.166843680080e-10	1.200055009156e-10	1.724817960628e-10
-5.710000000000e-07	3.574936783954e-10	6.882347867964e-11	1.949807512421e-10
-5.708000000000e-07	4.515202613461e-10	6.668676536469e-11	2.572021190047e-10
-5.706000000000e-07	4.403582491887e-10	8.890529490476e-11	2.233116398925e-10
-5.704000000000e-07	4.813826603385e-10	7.177138077897e-11	2.744952777771e-10
-5.702000000000e-07	4.170607813152e-10	-3.334952910583e-11	3.352921351604e-10
-5.700000000000e-07	4.021182966109e-10	2.050546087327e-10	7.735354872461e-11
-5.698000000000e-07	3.910515996348e-10	8.932988757688e-11	1.977022114248e-10
-5.696000000000e-07	3.746620306240e-10	1.336648904570e-10	1.277057401562e-10
-5.694000000000e-07	3.911761545422e-10	5.954892913575e-11	2.371649425860e-10
-5.692000000000e-07	5.269381150975e-10	2.050576806989e-10	1.608063218130e-10
-5.690000000000e-07	3.478774540921e-10	8.800310914494e-11	1.585626063887e-10
-5.688000000000e-07	3.878520738192e-10	3.826645238136e-12	3.025018691230e-10
-5.686000000000e-07	4.328000570150e-10	6.934139735247e-11	2.557039712120e-10
-5.684000000000e-07	4.983951593842e-10	5.584897106594e-11	3.193525389695e-10
-5.682000000000e-07	3.010427181029e-10	1.132968672748e-10	1.030793160724e-10
-5.680000000000e-07	4.081295221316e-10	7.902670980303e-11	1.973786206532e-10
-5.678000000000e-07	3.245430779789e-10	1.063265095568e-10	1.259080321121e-10
-5.676000000000e-07	3.299825225674e-10	1.076313287635e-10	1.335559448788e-10
-5.674000000000e-07	3.291790808718e-10	3.609282398899e-11	1.972352912891e-10
-5.672000000000e-07	3.325139324145e-10	3.228240826758e-11	2.252506099989e-10
-5.670000000000e-07	3.106680039164e-10	5.923635758925e-11	1.624405870861e-10
-5.668000000000e-07	4.016364850084e-10	1.545423028940e-10	1.346398311787e-10
-5.666000000000e-07	3.885112214713e-10	5.169719900579e-12	2.840373927263e-10
-5.664000000000e-07	3.732443722331e-10	8.605893709757e-11	1.751129869135e-10
-5.662000000000e-07	3.461217923382e-10	7.994151528994e-11	1.678499724349e-10
-5.660000000000e-07	4.780430680519e-10	1.375807304701e-10	1.968796005714e-10
-5.658000000000e-07	2.581147631345e-10	2.192005994740e-11	1.693305282437e-10
-5.656000000000e-07	3.658800781140e-10	1.413050968119e-10	1.199366989633e-10
-5.654000000000e-07	3.284879122999e-10	9.293022969347e-11	1.432203442440e-10
-5.652000000000e-07	3.260725609914e-10	3.416050044588e-11	2.154471957464e-10
-5.650000000000e-07	4.451365859707e-10	8.186236027468e-11	2.343456881432e-10
-5.648000000000e-07	3.395651797630e-10	7.940431935563e-11	1.588203877027e-10
-5.646000000000e-07	3.239815049476e-10	1.220512527279e-10	1.100153184418e-10
-5.644000000000e-07	3.212570929508e-10	2.383266715165e-11	2.112370673230e-10
-5.642000000000e-07	4.870410510023e-10	8.420303554717e-11	2.362448796013e-10
-5.640000000000e-07	2.780244570088e-10	9.148835209590e-11	1.176460151739e-10
-5.638000000000e-07	3.983019809131e-10	6.946171186715e-11	2.138055030278e-10
-5.636000000000e-07	3.582368072045e-10	1.076760580408e-10	1.301835569007e-10
-5.634000000000e-07	3.897087030593e-10	8.651708246512e-11	1.909194592565e-10
-5.632000000000e-07	3.620748422477e-10	-9.388559599292e-13	2.736766818845e-10
-5.630000000000e-07	3.622030657923e-10	1.030257463524e-10	1.554946368637e-10
-5.628000000000e-07	3.206269865939e-10	9.935790959528e-11	1.282375583210e-10
-5.626000000000e-07	3.658585442696e-10	1.274003839409e-10	1.333441857614e-10
-5.624000000000e-07	3.302615917210e-10	3.757902498856e-11	1.905068444107e-10
-5.622000000000e-07	3.400673091215e-10	1.228825562528e-10	1.011815142603e-10
-5.620000000000e-07	4.084685290640e-10	1.751936574113e-10	1.071239026632e-10
-5.618000000000e-07	4.010668523531e-10	1.204083651164e-10	1.482367049300e-10
-5.616000000000e-07	3.160296245757e-10	3.166188546090e-12	2.241295486532e-10
-5.614000000000e-07	2.808608227249e-10	8.889079753757e-11	1.235436113882e-10
-5.612000000000e-07	3.527432878881e-10	4.321815542922e-11	2.120838525271e-10
-5.610000000000e-07	2.855706371980e-10	5.624095794796e-11	1.559248611727e-10
-5.608000000000e-07	2.853414641685e-10	4.653299735291e-11	1.442295960699e-10
-5.606000000000e-07	3.640774345453e-10	1.189848422571e-10	1.429350552221e-10
-5.604000000000e-07	3.528629831334e-10	6.906025017295e-11	1.818893811865e-10
-5.602000000000e-07	3.948270664260e-10	1.452737070274e-10	1.285229448949e-10
-5.600000000000e-07	2.607544680899e-10	-9.865823603609e-12	2.026839449455e-10
-5.598000000000e-07	3.769167305874e-10	4.960657095625e-11	2.287540387738e-10
-5.596000000000e-07	3.677459793654e-10	1.043964987251e-10	1.498202078074e-10
-5.594000000000e-07	2.958782773989e-10	-1.534447301790e-11	2.335899165184e-10
-5.592000000000e-07	3.364287788483e-10	1.533916632982e-10	8.325386619423e-11
-5.590000000000e-07	2.912676388368e-10	1.009905427707e-10	1.122716361374e-10
-5.588000000000e-07	2.823606656400e-10	2.458030607233e-11	1.849477203249e-10
-5.586000000000e-07	2.549796112636e-10	-2.877812307041e-11	2.164398698138e-10
-5.584000000000e-07	3.347221025857e-10	8.282110808327e-11	1.415951429817e-10
-5.582000000000e-07	3.566657986005e-10	1.226071204035e-10	1.308620345976e-10
-5.580000000000e-07	2.965843385913e-10	9.121016182479e-11	1.327112886047e-10
-5.578000000000e-07	3.406518034452e-10	7.952848272880e-11	1.611597217589e-10
-5.576000000000e-07	3.881292252912e-10	8.081763850772e-11	1.865048558951e-10
-5.574000000000e-07	3.347696245284e-10	6.675099755225e-11	1.713883536695e-10
-5.572000000000e-07	3.537375435808e-10	7.150772931127e-11	1.890013526986e-10
-5.570000000000e-07	2.479006041523e-10	1.216002795858e-10	5.344717862480e-11
-5.568000000000e-07	2.368077085468e-10	1.004349978441e-10	7.149951231391e-11
-5.566000000000e-07	3.055138892643e-10	3.242338408145e-11	1.932067933767e-10
-5.564000000000e-07	3.068051060140e-10	1.282235173880e-11	1.966657417030e-10
-5.562000000000e-07	2.811729178110e-10	6.254546267427e-11	1.397969543784e-10
-5.560000000000e-07	3.098886697846e-10	6.713003071202e-11	1.468897470187e-10
-5.558000000000e-07	3.145964779012e-10	7.394441361697e-11	1.458204936400e-10
-5.556000000000e-07	2.590320288154e-10	6.487153595344e-11	1.304806116636e-10
-5.554000000000e-07	2.405593306194e-10	8.001889279698e-11	8.681995819688e-11
-5.552000000000e-07	2.598132457785e-10	6.030739294593e-11	1.330859308246e-10
-5.550000000000e-07	3.327452868005e-10	8.684808070618e-11	1.467700159148e-10
-5.548000000000e-07	2.844742652687e-10	6.843540795009e-11	1.359498153974e-10
-5.546000000000e-07	2.976333991820e-10	6.729667297618e-11	1.407168062504e-10
-5.544000000000e-07	2.450948765939e-10	6.775981916179e-12	1.810666090147e-10
-5.542000000000e-07	2.618286097458e-10	4.004031041105e-11	1.510216485318e-10
-5.540000000000e-07	2.636935459920e-10	7.791963573573e-11	1.227226127564e-10
-5.538000000000e-07	2.925004567345e-10	6.645620916059e-11	1.331804346951e-10
-5.536000000000e-07	3.535206886537e-10	9.003230686435e-11	1.549035668880e-10
-5.534000000000e-07	2.473292448184e-10	6.175730877473e-11	1.198573374456e-10
-5.532000000000e-07	3.406404526789e-10	9.215342996579e-11	1.546076951881e-10
-5.530000000000e-07	2.737550832795e-10	9.416930209749e-11	1.090737710024e-10
-5.528000000000e-07	3.062543889109e-10	1.150930419612e-10	1.003262713628e-10
-5.526000000000e-07	2.663792978862e-10	4.475749758523e-11	1.501659647562e-10
-5.524000000000e-07	2.677495268221e-10	5.114713545019e-11	1.484981888082e-10
-5.522000000000e-07	2.376724671416e-10	7.720731492338e-11	8.873300219852e-11
-5.520000000000e-07	2.484334169981e-10	6.660328400430e-11	1.119221069538e-10
-5.518000000000e-07	3.713142717635e-10	4.570973233506e-11	2.051629626580e-10
-5.516000000000e-07	3.088064336694e-10	6.620708684684e-11	1.525272279570e-10
-5.514000000000e-07	3.013486651280e-10	6.841988522499e-11	1.442421304510e-10
-5.512000000000e-07	2.070419706879e-10	8.694490049027e-13	1.572186176008e-10
-5.510000000000e-07	2.828991587303e-10	9.793468795539e-11	1.023751398073e-10
-5.508000000000e-07	2.986852456020e-10	7.117468741150e-11	1.457481671672e-10
-5.506000000000e-07	2.801258274358e-10	6.259963445266e-11	1.334866709666e-10
-5.504000000000e-07	2.257079284386e-10	8.794504693716e-11	7.031681369505e-11
-5.502000000000e-07	2.776669284366e-10	7.923487686370e-11	1.168668355442e-10
-5.500000000000e-07	2.046551444008e-10	6.635186091006e-11	9.471687169490e-11
-5.498000000000e-07	2.814736301205e-10	4.318126047319e-11	1.629690152689e-10
-5.496000000000e-07	2.513703456985e-10	7.762802959969e-11	9.921781167726e-11
-5.494000000000e-07	2.590447254780e-10	5.462643877002e-11	1.222742681939e-10
-5.492000000000e-07	2.595515352365e-10	4.853218034556e-11	1.330824179636e-10
-5.490000000000e-07	2.453858669689e-10	7.617423242582e-11	1.088918846706e-10
-5.488000000000e-07	2.460072850199e-10	6.354737875647e-11	1.282114018850e-10
-5.486000000000e-07	2.633702652891e-10	8.595699430239e-11	1.044340291780e-10
-5.484000000000e-07	2.610102417179e-10	2.844704646482e-11	1.476092623810e-10
-5.482000000000e-07	2.878667952924e-10	8.369245080073e-11	1.206327741045e-10
-5.480000000000e-07	2.363614052397e-10	5.069397366330e-11	1.106169758938e-10
-5.478000000000e-07	2.534237338079e-10	6.219702447501e-11	1.255931213302e-10
-5.476000000000e-07	2.652513450559e-10	5.232209914806e-11	1.379442546814e-10
-5.474000000000e-07	2.378624512079e-10	3.628901848617e-11	1.374798571512e-10
-5.472000000000e-07	2.773008562805e-10	1.976754017202e-11	1.764010924605e-10
-5.470000000000e-07	2.339170922805e-10	7.579094439970e-11	1.033091600709e-10
-5.468000000000e-07	2.666555835209e-10	9.947508139635e-11	1.087911116416e-10
-5.466000000000e-07	1.839553842169e-10	6.959063817739e-11	7.083333826901e-11
-5.464000000000e-07	3.636323965489e-10	9.728698670847e-11	1.448116506944e-10
-5.462000000000e-07	1.824115428702e-10	3.379065759776e-11	1.032387756735e-10
-5.460000000000e-07	2.870372916072e-10	8.544305861898e-11	1.023873854643e-10
-5.458000000000e-07	2.983802234865e-10	9.591753591523e-11	9.559957483958e-11
-5.456000000000e-07	2.285513662802e-10	1.118912237257e-11	1.527374537602e-10
-5.454000000000e-07	2.232032935634e-10	5.605751868338e-11	1.185206676092e-10
-5.452000000000e-07	2.748188495097e-10	7.283244828141e-11	1.101670746503e-10
-5.450000000000e-07	2.730021053065e-10	2.516951635532e-11	1.726026764142e-10
-5.448000000000e-07	2.510773350256e-10	2.340300670218e-11	1.263014551235e-10
-5.446000000000e-07	2.624781072044e-10	5.088060944430e-11	1.342511519815e-10
-5.444000000000e-07	2.289534023476e-10	8.637545611845e-11	8.544904569402e-11
-5.442000000000e-07	2.192468095054e-10	4.773651460946e-11	1.231798553643e-10
-5.440000000000e-07	2.651437380256e-10	4.152427412760e-11	1.449107180912e-10
-5.438000000000e-07	2.269579478490e-10	5.951492216290e-11	1.034329167402e-10
-5.436000000000e-07	2.329243537549e-10	4.971300950931e-11	1.257732678995e-10
-5.434000000000e-07	2.417405414480e-10	9.047809455393e-11	8.341008435114e-11
-5.432000000000e-07	2.382631733830e-10	6.455081621551e-11	1.267000398200e-10
-5.430000000000e-07	2.783804951716e-10	1.668522464814e-11	1.655506273814e-10
-5.428000000000e-07	1.482229162177e-10	1.205290962343e-11	1.062139788835e-10
-5.426000000000e-07	2.304488576822e-10	7.924717146983e-11	9.667649693274e-11
-5.424000000000e-07	2.088280329528e-10	5.428333689178e-11	1.072179227783e-10
-5.422000000000e-07	2.670569728060e-10	5.988178182687e-11	1.137331138744e-10
-5.420000000000e-07	2.469824394486e-10	8.606721050234e-11	1.066497718325e-10
-5.418000000000e-07	2.760585021035e-10	6.406640420859e-11	1.340912565250e-10
-5.416000000000e-07	2.238157150353e-10	6.286306924218e-11	1.009487565459e-10
-5.414000000000e-07	2.155557405305e-10	-4.268513739818e-11	1.942728606653e-10
-5.412000000000e-07	2.574582827635e-10	5.635075066458e-11	1.266393627467e-10
-5.410000000000e-07	2.317844570968e-10	3.905187609007e-11	1.230611992640e-10
-5.408000000000e-07	2.034448586735e-10	9.357127914707e-11	6.246402172365e-11
-5.406000000000e-07	2.383088882863e-10	7.341922214746e-11	9.085619207470e-11
-5.404000000000e-07	2.487734037312e-10	5.213166842374e-11	1.154657244165e-10
-5.402000000000e-07	2.169733399714e-10	5.775527510957e-11	1.119774357977e-10
-5.400000000000e-07	1.944968699464e-10	6.324827417929e-11	8.704316438140e-11
-5.398000000000e-07	2.240920313233e-10	3.691982982317e-11	1.224892037518e-10
-5.396000000000e-07	2.245292993939e-10	7.395158467699e-11	8.833128745805e-11
-5.394000000000e-07	2.373161474027e-10	6.144085204261e-11	1.179468982629e-10
-5.392000000000e-07	2.476370931003e-10	7.701102302273e-11	1.014544412824e-10
-5.390000000000e-07	2.313502859576e-10	2.482171804778e-11	1.485399106418e-10
-5.388000000000e-07	2.134433282427e-10	5.372081976238e-11	9.139794269038e-11
-5.386000000000e-07	2.243714825674e-10	5.264390197183e-11	1.134840888857e-10
-5.384000000000e-07	1.746967246060e-10	3.626057817586e-11	9.380116919095e-11
-5.382000000000e-07	2.777206956158e-10	9.651017666350e-11	9.688615775661e-11
-5.380000000000e-07	2.575386979472e-10	3.107474934446e-11	1.525434872712e-10
-5.378000000000e-07	2.233754133738e-10	6.020687637935e-11	9.841639579730e-11
-5.376000000000e-07	2.464820660901e-10	6.266439059446e-11	1.046042261635e-10
-5.374000000000e-07	2.128503323662e-10	6.586554476674e-11	8.516942530566e-11
-5.372000000000e-07	1.881545886568e-10	6.447586461968e-11	7.816842447733e-11
-5.370000000000e-07	2.432257527628e-10	2.723672046505e-11	1.262590344204e-10
-5.368000000000e-07	1.511292985558e-10	1.697425265833e-11	9.766783533770e-11
-5.366000000000e-07	2.306216698446e-10	7.755904839350e-11	9.645771156416e-11
-5.364000000000e-07	2.031093565976e-10	6.445845981295e-11	9.362211120569e-11
-5.362000000000e-07	2.648888714377e-10	3.836407261347e-11	1.366780766926e-10
-5.360000000000e-07	2.456062645718e-10	7.169091472478e-11	1.117663100208e-10
-5.358000000000e-07	1.924284683914e-10	6.635399619353e-11	8.409987269169e-11
-5.356000000000e-07	2.294509041128e-10	6.650043306717e-11	1.119674413967e-10
-5.354000000000e-07	1.982235101008e-10	6.421695114505e-11	8.468639237839e-11
-5.352000000000e-07	2.481273686055e-10	5.572782762457e-11	1.203349211527e-10
-5.350000000000e-07	1.924272952443e-10	5.148716414576e-11	8.812415591405e-11
-5.348000000000e-07	2.383219050288e-10	1.983824084046e-11	1.357687525892e-10
-5.346000000000e-07	1.936690254032e-10	-2.614079256605e-12	1.268376407041e-10
-5.344000000000e-07	2.161817450139e-10	5.911592060722e-11	1.034805992203e-10
-5.342000000000e-07	1.898736330071e-10	3.068272860539e-11	1.156103267358e-10
-5.340000000000e-07	2.114459535217e-10	3.792582138029e-11	1.124508203266e-10
-5.338000000000e-07	2.051032787535e-10	7.543079285139e-11	6.746816957887e-11
-5.336000000000e-07	1.979981597697e-10	4.093620702932e-11	1.105853940865e-10
-5.334000000000e-07	1.721111259373e-10	5.403334293852e-11	7.540842783758e-11
-5.332000000000e-07	1.790934334941e-10	-1.147842203485e-11	1.252689464685e-10
-5.330000000000e-07	1.997034128251e-10	6.794383953973e-11	8.108882204480e-11
-5.328000000000e-07	1.636332718474e-10	3.881722278499e-11	8.594937387661e-11
-5.326000000000e-07	2.012425016635e-10	5.410624764488e-11	9.374250034177e-11
-5.324000000000e-07	2.083087597541e-10	2.049641688494e-11	1.237065428514e-10
-5.322000000000e-07	2.127639090781e-10	7.134810854061e-11	9.142213856068e-11
-5.320000000000e-07	1.772285269471e-10	5.221457705534e-11	8.226193444794e-11
-5.318000000000e-07	2.280100520937e-10	4.073281276917e-11	1.146906593577e-10
-5.316000000000e-07	1.867743546114e-10	6.988096130521e-11	6.657972074824e-11
-5.314000000000e-07	1.942502302352e-10	4.337684738972e-11	9.967667060526e-11
-5.312000000000e-07	2.226159326801e-10	4.639137474243e-11	1.148657043893e-10
-5.310000000000e-07	1.736874270673e-10	2.635504076505e-11	9.513993001624e-11
-5.308000000000e-07	1.698407060163e-10	-2.471643727526e-11	1.417588003386e-10
-5.306000000000e-07	1.709305407337e-10	5.354375063153e-11	8.996175336423e-11
-5.304000000000e-07	1.832624574446e-10	5.033723865924e-11	8.465430627568e-11
-5.302000000000e-07	2.211616260924e-10	2.221458981581e-11	1.315858446986e-10
-5.300000000000e-07	2.249849328005e-10	5.864715112588e-11	1.097142031279e-10
-5.298000000000e-07	1.840445802844e-10	3.159312749188e-11	1.128616217521e-10
-5.296000000000e-07	1.950342718836e-10	4.898881685303e-11	8.468694432159e-11
-5.294000000000e-07	2.120023869435e-10	7.678127111338e-11	6.968554896368e-11
-5.292000000000e-07	1.555245475402e-10	7.971799927543e-12	1.108617023603e-10
-5.290000000000e-07	2.244456344159e-10	1.667250185290e-11	1.362744767445e-10
-5.288000000000e-07	1.797194270934e-10	3.201467794676e-11	9.151656976671e-11
-5.286000000000e-07	2.058528735778e-10	3.463557958839e-11	1.074110612664e-10
-5.284000000000e-07	1.981339673060e-10	2.887470662348e-11	1.009739160521e-10
-5.282000000000e-07	1.655579171184e-10	3.723636855043e-11	9.700779536722e-11
-5.280000000000e-07	1.758851491316e-10	5.564304566562e-11	8.427085395197e-11
-5.278000000000e-07	1.790799569026e-10	4.700825267893e-11	7.747442268088e-11
-5.276000000000e-07	1.767502875917e-10	6.964673937486e-11	6.352506782344e-11
-5.274000000000e-07	1.707058184524e-10	5.442013056635e-12	1.233201048484e-10
-5.272000000000e-07	2.041816539190e-10	4.940766521051e-11	8.081460114421e-11
-5.270000000000e-07	1.733138677425e-10	3.334152191063e-11	8.965936126400e-11
-5.268000000000e-07	1.865062778958e-10	5.377413014494e-11	7.841240393003e-11
-5.266000000000e-07	1.645849547310e-10	2.312467236606e-11	9.840007694939e-11
-5.264000000000e-07	1.522876211666e-10	2.663163818196e-11	9.947480131070e-11
-5.262000000000e-07	1.870172963494e-10	3.105192143081e-11	9.003380960633e-11
-5.260000000000e-07	1.698441271334e-10	3.642493011416e-11	9.127096205519e-11
-5.258000000000e-07	2.060902967865e-10	5.081212688742e-11	9.321611124587e-11
-5.256000000000e-07	1.810249013475e-10	7.205761929073e-11	6.260416371641e-11
-5.254000000000e-07	1.712490741363e-10	2.745182931532e-11	8.930275020762e-11
-5.252000000000e-07	2.079158771783e-10	5.103019936597e-11	9.927095467592e-11
-5.250000000000e-07	2.251360318992e-10	3.673620673910e-11	1.168787113210e-10
-5.248000000000e-07	1.708661847043e-10	3.148030600158e-11	9.667539876128e-11
-5.246000000000e-07	1.497632316534e-10	5.782952103224e-11	7.102399543496e-11
-5.244000000000e-07	1.641087310160e-10	1.299713377017e-11	1.063911898566e-10
-5.242000000000e-07	1.933038592756e-10	3.654430484577e-11	9.583632813200e-11
-5.240000000000e-07	1.576878748563e-10	6.654698181291e-11	5.561627332768e-11
-5.238000000000e-07	1.538901535387e-10	6.994693424813e-12	1.144004129788e-10
-5.236000000000e-07	1.821203030888e-10	4.802846659145e-11	8.223401079764e-11
-5.234000000000e-07	1.641823159005e-10	3.558020923011e-11	8.442300482820e-11
-5.232000000000e-07	1.720452226254e-10	4.558795494287e-11	7.110293961853e-11
-5.230000000000e-07	1.600175610505e-10	6.284766336109e-11	7.143565820561e-11
-5.228000000000e-07	1.832722966759e-10	4.773530312183e-11	7.830843407770e-11
-5.226000000000e-07	1.457756453504e-10	2.454000141045e-11	8.577135670574e-11
-5.224000000000e-07	1.956087484215e-10	1.824538650362e-11	8.786358873889e-11
-5.222000000000e-07	1.924527889327e-10	6.716494780513e-11	7.289381713024e-11
-5.220000000000e-07	1.822770517441e-10	1.548056336983e-11	1.132856937318e-10
-5.218000000000e-07	1.696570455542e-10	2.275107098377e-11	9.826372067937e-11
-5.216000000000e-07	1.577075964903e-10	2.507616578293e-11	9.237513017026e-11
-5.214000000000e-07	1.504593121660e-10	4.867945998052e-11	6.955348577860e-11
-5.212000000000e-07	1.821787791298e-10	4.613811654402e-11	8.847961554733e-11
-5.210000000000e-07	1.742684252576e-10	1.372483923147e-11	1.063026573500e-10
-5.208000000000e-07	2.099876897626e-10	5.609218604091e-11	9.350924259744e-11
-5.206000000000e-07	1.577298637879e-10	3.339607550143e-11	7.401236177821e-11
-5.204000000000e-07	1.291563314322e-10	1.979049201513e-11	8.853821526352e-11
-5.202000000000e-07	1.775871205984e-10	5.826291599156e-11	6.447844218351e-11
-5.200000000000e-07	1.787585814045e-10	2.484056766702e-11	1.028008704031e-10
-5.198000000000e-07	1.584050295197e-10	2.232863096420e-11	9.098604262420e-11
-5.196000000000e-07	1.670048778264e-10	-3.648182658348e-12	1.093714625003e-10
-5.194000000000e-07	1.740976131417e-10	3.921881034452e-11	7.931445457408e-11
-5.192000000000e-07	1.330495497157e-10	2.172172587020e-11	7.128981729963e-11
-5.190000000000e-07	1.815217916596e-10	2.347984475283e-11	9.480434675993e-11
-5.188000000000e-07	1.764663090811e-10	4.619628995354e-11	7.077091048488e-11
-5.186000000000e-07	1.294384185854e-10	5.673969407180e-11	5.501257652383e-11
-5.184000000000e-07	1.642353925772e-10	2.909492361380e-11	8.795246556489e-11
-5.182000000000e-07	1.400190350717e-10	3.147587161840e-11	8.345969457569e-11
-5.180000000000e-07	1.467756615358e-10	3.747156602158e-11	6.653039712284e-11
-5.178000000000e-07	1.479244482299e-10	2.650471162665e-11	8.890256950412e-11
-5.176000000000e-07	1.543917999328e-10	-6.683947184496e-12	1.018908459068e-10
-5.174000000000e-07	1.426641329881e-10	4.251445780393e-11	6.628710528193e-11
-5.172000000000e-07	1.347620069653e-10	1.745260126026e-11	8.800042591981e-11
-5.170000000000e-07	1.671999165055e-10	4.464556995237e-11	9.010729482312e-11
-5.168000000000e-07	1.661471192327e-10	1.361112340595e-11	9.663445903126e-11
-5.166000000000e-07	1.397197545116e-10	6.269757490832e-11	5.390516736806e-11
-5.164000000000e-07	1.658284229363e-10	3.648832449850e-11	8.538262107856e-11
-5.162000000000e-07	1.360863312253e-10	1.115806927278e-11	8.775476936215e-11
-5.160000000000e-07	1.968322723986e-10	4.754939623082e-11	9.485728497287e-11
-5.158000000000e-07	1.587690011938e-10	2.328804257018e-11	9.243821890384e-11
-5.156000000000e-07	1.491055628353e-10	2.668089739119e-11	7.332113307899e-11
-5.154000000000e-07	1.580353712674e-10	1.638471591723e-11	8.141139356756e-11
-5.152000000000e-07	1.550185658365e-10	3.004337927554e-11	7.057876587238e-11
-5.150000000000e-07	1.495911251252e-10	4.390007148218e-11	7.850385831807e-11
-5.148000000000e-07	1.834373904439e-10	6.242537818130e-11	6.521829866586e-11
-5.146000000000e-07	1.173849440712e-10	1.144370767411e-11	9.049266146441e-11
-5.144000000000e-07	1.805246122207e-10	4.614907681262e-11	7.517066906828e-11
-5.142000000000e-07	1.360893679063e-10	3.552353081417e-11	5.229065664466e-11
-5.140000000000e-07	1.263114065110e-10	5.354914570970e-11	4.706606500178e-11
-5.138000000000e-07	1.626119971493e-10	5.224162860406e-11	7.370646349874e-11
-5.136000000000e-07	1.655776745557e-10	3.683571357306e-11	6.516317045456e-11
-5.134000000000e-07	1.551797515168e-10	2.039721809449e-11	7.201879725460e-11
-5.132000000000e-07	1.479378731172e-10	1.061364492937e-11	9.146453054429e-11
-5.130000000000e-07	1.561456738126e-10	1.267451418073e-12	9.354253174747e-11
-5.128000000000e-07	1.061248004570e-10	1.062342778334e-11	6.774269484140e-11
-5.126000000000e-07	1.184218624281e-10	4.861165423866e-11	4.085549844172e-11
-5.124000000000e-07	1.460504844714e-10	3.841164477929e-11	6.514644645662e-11
-5.122000000000e-07	1.473520458996e-10	3.960548792636e-11	7.030428206443e-11
-5.120000000000e-07	1.473382040613e-10	3.075075540256e-11	8.146275715478e-11
-5.118000000000e-07	1.346309315356e-10	2.101334549772e-11	7.799656180480e-11
-5.116000000000e-07	1.608763255912e-10	2.995761776845e-11	8.873722905296e-11
-5.114000000000e-07	1.527204882832e-10	4.394623402863e-11	6.515177579197e-11
-5.112000000000e-07	1.588411921148e-10	1.045003834212e-12	1.115888266647e-10
-5.110000000000e-07	1.378956205927e-10	6.230335336974e-12	9.211739954240e-11
-5.108000000000e-07	9.602382041762e-11	5.232681247845e-11	4.020994876324e-11
-5.106000000000e-07	1.499405277776e-10	2.361649800070e-11	7.247243789424e-11
-5.104000000000e-07	1.439211123423e-10	2.689001595317e-11	8.065710928924e-11
-5.102000000000e-07	1.084229252061e-10	2.537972447499e-11	7.167117855300e-11
-5.100000000000e-07	1.392980264468e-10	3.087965936092e-11	7.511936001392e-11
-5.098000000000e-07	9.856484805721e-11	1.373698387919e-11	7.301038844602e-11
-5.096000000000e-07	1.532823964159e-10	2.678543076094e-11	8.175545142260e-11
-5.094000000000e-07	1.436656053223e-10	3.673767362063e-11	6.491471731839e-11
-5.092000000000e-07	1.539118984101e-10	1.803626152398e-11	8.214355192409e-11
-5.090000000000e-07	1.555448786739e-10	5.114295219558e-11	6.086198625506e-11
-5.088000000000e-07	1.421077465660e-10	3.819697184829e-11	6.666671462238e-11
-5.086000000000e-07	1.294597919558e-10	4.401375689429e-11	4.798112937158e-11
-5.084000000000e-07	1.366662698999e-10	2.052098317081e-11	8.740929366503e-11
-5.082000000000e-07	1.557397309348e-10	3.235859877973e-11	6.716958022811e-11
-5.080000000000e-07	1.109318222879e-10	4.670159504267e-11	4.120954192621e-11
-5.078000000000e-07	1.478442416044e-10	3.695977652004e-12	8.239050581334e-11
-5.076000000000e-07	1.218103245146e-10	3.684727738100e-11	6.060316002788e-11
-5.074000000000e-07	1.539790626922e-10	4.233793110208e-11	6.703148871747e-11
-5.072000000000e-07	1.014716568814e-10	2.515380022327e-11	6.187193197829e-11
-5.070000000000e-07	1.113564972664e-10	3.355525469267e-11	4.500200123486e-11
-5.068000000000e-07	1.653807033864e-10	1.710094267485e-12	8.601907525662e-11
-5.066000000000e-07	1.338925339010e-10	3.216535699520e-11	6.109024927858e-11
-5.064000000000e-07	1.295722760529e-10	4.656074773018e-11	5.431584842318e-11
-5.062000000000e-07	1.531636627958e-10	6.694171557397e-11	5.458561398920e-11
-5.060000000000e-07	1.248312332038e-10	2.794740434636e-11	6.135599286432e-11
-5.058000000000e-07	1.212519583309e-10	5.849922441477e-12	8.467798637887e-11
-5.056000000000e-07	1.388246852291e-10	1.124782880265e-11	8.440086515464e-11
-5.054000000000e-07	9.882420231072e-11	1.486892757576e-11	5.578920454973e-11
-5.052000000000e-07	1.293731276450e-10	2.445847735271e-11	6.012887305489e-11
-5.050000000000e-07	9.856491075689e-11	3.406123129178e-11	3.969771369212e-11
-5.048000000000e-07	1.048650186992e-10	3.459662487851e-11	6.189395634556e-11
-5.046000000000e-07	1.873081086959e-10	4.861431446416e-11	7.158443532473e-11
-5.044000000000e-07	1.207192776592e-10	2.657256449633e-11	6.274567588055e-11
-5.042000000000e-07	1.347303696954e-10	2.256175074073e-11	7.572115353750e-11
-5.040000000000e-07	8.677054013015e-11	1.708655734011e-11	5.723567836800e-11
-5.038000000000e-07	1.359789695985e-10	2.075456904395e-11	7.888548031538e-11
-5.036000000000e-07	1.623497418634e-10	2.236108821540e-11	8.081323474786e-11
-5.034000000000e-07	1.350504959898e-10	2.556942349976e-11	6.548659170951e-11
-5.032000000000e-07	1.112467033432e-10	5.084251326199e-11	3.952797105471e-11
-5.030000000000e-07	1.124264336494e-10	3.919367933483e-11	5.013844577061e-11
-5.028000000000e-07	1.288252081884e-10	5.528054083150e-12	8.035329489476e-11
-5.026000000000e-07	1.136142092097e-10	2.583734264961e-11	6.299938442389e-11
-5.024000000000e-07	1.065560453643e-10	5.348370478359e-11	3.630413501938e-11
-5.022000000000e-07	1.468802062085e-10	3.664858596147e-11	7.498400634611e-11
-5.020000000000e-07	1.337289194842e-10	8.460964663050e-12	6.848458807531e-11
-5.018000000000e-07	1.111398650992e-10	3.313413464451e-11	5.449513236898e-11
-5.016000000000e-07	1.136612267900e-10	2.096761834005e-11	6.266906301065e-11
-5.014000000000e-07	1.126822350509e-10	1.483126076930e-11	7.587045786548e-11
-5.012000000000e-07	1.250523985978e-10	3.750428157894e-11	4.922501830034e-11
-5.010000000000e-07	1.192401525883e-10	7.372695486854e-12	7.233933031981e-11
-5.008000000000e-07	1.437759038781e-10	5.275509531275e-11	5.096222572661e-11
-5.006000000000e-07	1.070552184607e-10	1.455326896689e-11	7.156148222312e-11
-5.004000000000e-07	1.213836790967e-10	2.384758502011e-11	5.702358161996e-11
-5.002000000000e-07	7.895260831420e-11	2.353489270208e-11	4.056994040383e-11
-5.000000000000e-07	1.059410529779e-10	1.421412000227e-11	6.735361425833e-11
-4.998000000000e-07	1.331763458605e-10	4.853371014310e-12	7.522101766121e-11
-4.996000000000e-07	1.135756655843e-10	5.314489877071e-11	3.974503471575e-11
-4.994000000000e-07	1.239131352851e-10	2.904480893914e-11	6.732485327767e-11
-4.992000000000e-07	9.950107832417e-11	5.590711825547e-11	3.573443291655e-11
-4.990000000000e-07	9.335587439237e-11	3.080510859569e-11	5.615878754526e-11
-4.988000000000e-07	1.277639354180e-10	4.736058051030e-12	7.063390272680e-11
-4.986000000000e-07	8.978856588642e-11	5.810185225526e-12	6.194847360980e-11
-4.984000000000e-07	1.049801881682e-10	4.452932230106e-11	3.850040716902e-11
-4.982000000000e-07	8.148998813517e-11	1.698480931886e-11	5.535791304726e-11
-4.980000000000e-07	1.199131716751e-10	2.569223822181e-11	6.694909772061e-11
-4.978000000000e-07	1.026622812369e-10	1.938372962250e-11	5.963228208326e-11
-4.976000000000e-07	1.305503589865e-10	2.944860853379e-11	5.792706623081e-11
-4.974000000000e-07	8.320745895937e-11	2.092066269454e-12	6.048368082826e-11
-4.972000000000e-07	1.262083239246e-10	3.786637645578e-11	4.052923911650e-11
-4.970000000000e-07	1.003581946214e-10	2.934770003726e-11	4.732953833064e-11
-4.968000000000e-07	1.266868832076e-10	3.374159918997e-11	3.980464518094e-11
-4.966000000000e-07	1.137683980269e-10	3.633490600223e-11	4.338613877576e-11
-4.964000000000e-07	1.257630830559e-10	-4.787083606733e-12	6.888119629775e-11
-4.962000000000e-07	9.616870399881e-11	2.114654355838e-11	4.832115190478e-11
-4.960000000000e-07	1.295327258585e-10	1.857239847376e-11	6.105630404330e-11
-4.958000000000e-07	8.035812286267e-11	2.589659183972e-11	4.374563040996e-11
-4.956000000000e-07	7.104967184475e-11	6.566469359553e-12	6.243353608063e-11
-4.954000000000e-07	1.032228900891e-10	6.823381086596e-12	6.433806106434e-11
-4.952000000000e-07	9.035218936571e-11	9.448750284952e-12	6.185437919787e-11
-4.950000000000e-07	9.431138874316e-11	2.189861995381e-11	5.546453212523e-11
-4.948000000000e-07	1.268219743974e-10	1.287984534274e-11	5.779183581780e-11
-4.946000000000e-07	1.154175041677e-10	4.028224315815e-11	5.071626880154e-11
-4.944000000000e-07	1.070681228123e-10	2.040771956664e-11	6.070695235214e-11
-4.942000000000e-07	9.754340802427e-11	3.177011303262e-11	4.383724901482e-11
-4.940000000000e-07	1.018122674718e-10	1.810610745002e-11	5.878183871042e-11
-4.938000000000e-07	1.267900629632e-10	2.593726123661e-11	7.156780429814e-11
-4.936000000000e-07	1.134959202802e-10	3.597732593675e-11	3.734637332164e-11
-4.934000000000e-07	1.032117151393e-10	5.309023666461e-11	3.528113419056e-11
-4.932000000000e-07	8.897005089113e-11	2.301226726133e-11	4.699161787799e-11
-4.930000000000e-07	9.941319913793e-11	2.139671629373e-11	4.962569770496e-11
-4.928000000000e-07	8.374162629382e-11	2.471244661410e-11	4.882852596593e-11
-4.926000000000e-07	1.210739403095e-10	4.081680497956e-12	7.271873652690e-11
-4.924000000000e-07	9.590765782474e-11	3.086948573192e-11	5.605466801016e-11
-4.922000000000e-07	1.181113900013e-10	1.976915177286e-11	6.391297733275e-11
-4.920000000000e-07	9.096246053233e-11	2.784424323736e-11	4.151479059808e-11
-4.918000000000e-07	7.588594777667e-11	1.115352675187e-11	5.342413025085e-11
-4.916000000000e-07	1.030818889565e-10	4.344487141439e-11	3.657167991678e-11
-4.914000000000e-07	1.238070297043e-10	2.867312726639e-11	6.325001179004e-11
-4.912000000000e-07	7.900510391548e-11	7.677478765850e-12	5.968387820361e-11
-4.910000000000e-07	1.042885140158e-10	4.714509174428e-11	4.682049584377e-11
-4.908000000000e-07	9.664492992717e-11	-7.923268366561e-12	7.528742744722e-11
-4.906000000000e-07	7.934142726575e-11	2.538589123984e-11	5.408598715798e-11
-4.904000000000e-07	1.087059253032e-10	2.417004822302e-11	5.608907877949e-11
-4.902000000000e-07	8.750428544494e-11	1.945163513755e-11	6.042404714939e-11
-4.900000000000e-07	1.286621404574e-10	3.457748851468e-11	5.286514972549e-11
-4.898000000000e-07	1.049893219897e-10	1.017125250334e-11	6.486877608198e-11
-4.896000000000e-07	1.074249837734e-10	4.049809903535e-11	3.884359282844e-11
-4.894000000000e-07	9.182661555022e-11	1.088047712726e-11	5.307920805434e-11
-4.892000000000e-07	1.052299902043e-10	1.670795510876e-11	4.221860017068e-11
-4.890000000000e-07	1.102921235358e-10	1.888118736672e-11	5.478609127604e-11
-4.888000000000e-07	1.245004566001e-10	-3.665277493304e-12	8.382475578216e-11
-4.886000000000e-07	6.003212789405e-11	2.815040446415e-11	3.091970796633e-11
-4.884000000000e-07	1.162667134325e-10	4.272587031333e-11	3.700997485508e-11
-4.882000000000e-07	6.790719504748e-11	7.060114427444e-12	5.922986772217e-11
-4.880000000000e-07	9.003001004783e-11	-3.471259849497e-13	5.755981916522e-11
-4.878000000000e-07	8.232600931684e-11	-4.592959134300e-12	5.587066987324e-11
-4.876000000000e-07	1.184245096536e-10	9.819810803993e-12	5.813617057664e-11
-4.874000000000e-07	1.093649425130e-10	2.517102573543e-11	4.269351901438e-11
-4.872000000000e-07	7.015144626811e-11	1.084589034796e-11	4.460262408425e-11
-4.870000000000e-07	9.649412909391e-11	3.029132820935e-11	4.250026004591e-11
-4.868000000000e-07	1.071433177347e-10	3.754523376483e-11	4.729495659459e-11
-4.866000000000e-07	8.705312045369e-11	1.771189606738e-11	4.555580686102e-11
-4.864000000000e-07	5.684773924190e-11	2.180397169565e-11	3.949977034072e-11
-4.862000000000e-07	8.179978107667e-11	-8.580971512233e-13	4.699496486548e-11
-4.860000000000e-07	1.040794319714e-10	1.828876414205e-11	4.860859970973e-11
-4.858000000000e-07	1.155557139341e-10	2.657892417844e-11	5.255401567099e-11
-4.856000000000e-07	6.731537147148e-11	-3.303657183097e-12	6.089161665325e-11
-4.854000000000e-07	8.799158706879e-11	3.187162511606e-11	4.466074983326e-11
-4.852000000000e-07	7.014629913803e-11	7.685749632913e-12	4.630878059148e-11
-4.850000000000e-07	1.240947682508e-10	1.841688101327e-11	5.904700535029e-11
-4.848000000000e-07	8.077404799477e-11	8.007895097486e-12	5.121334084350e-11
-4.846000000000e-07	9.010240799114e-11	3.495593216244e-11	4.085033426941e-11
-4.844000000000e-07	8.364174114818e-11	-1.385802924580e-11	7.371962009252e-11
-4.842000000000e-07	8.045774572435e-11	9.029087842327e-12	4.180642145244e-11
-4.840000000000e-07	7.199096382440e-11	-3.894100323567e-12	6.060723247679e-11
-4.838000000000e-07	1.026314751662e-10	2.740180168766e-11	5.803812932035e-11
-4.836000000000e-07	7.958441141731e-11	2.263129281963e-11	3.661242673701e-11
-4.834000000000e-07	6.881412580819e-11	1.409806619403e-11	4.629964350287e-11
-4.832000000000e-07	1.047755427093e-10	3.663394650816e-11	4.894311118797e-11
-4.830000000000e-07	8.235495151755e-11	9.834394529193e-12	4.404102959338e-11
-4.828000000000e-07	9.936937669694e-11	-1.228545607450e-11	6.968445141594e-11
-4.826000000000e-07	8.806893262217e-11	9.528008470094e-12	5.259234997070e-11
-4.824000000000e-07	8.819285626991e-11	-9.488140278360e-12	6.272438281891e-11
-4.822000000000e-07	7.905603543878e-11	1.416172551477e-11	4.015031429529e-11
-4.820000000000e-07	6.199291885032e-11	4.357600471796e-12	4.514864273597e-11
-4.818000000000e-07	8.844123469137e-11	3.779166745249e-11	3.494757416405e-11
-4.816000000000e-07	7.548926341346e-11	1.914718528668e-11	3.780773553462e-11
-4.814000000000e-07	7.105562321587e-11	5.170831123872e-12	4.155004122165e-11
-4.812000000000e-07	8.298078889390e-11	2.833450894674e-11	3.639522173219e-11
-4.810000000000e-07	5.703845713278e-11	4.146404640671e-11	1.299408092106e-11
-4.808000000000e-07	6.347274084419e-11	3.280525223257e-11	3.010830045142e-11
-4.806000000000e-07	6.192534796881e-11	6.529950629587e-13	4.312519313939e-11
-4.804000000000e-07	7.104234882423e-11	1.947697890939e-11	4.420022257224e-11
-4.802000000000e-07	8.010992024038e-11	1.955387734674e-11	4.208263051263e-11
-4.800000000000e-07	8.381551051146e-11	1.424256688612e-11	4.610160170357e-11
-4.798000000000e-07	5.897911312958e-11	1.347562616819e-11	3.360522286376e-11
-4.796000000000e-07	9.988295817408e-11	1.785901071371e-11	3.260763951922e-11
