1.362000000000e-07	0.000000000000e+00	0.000000000000e+00	0.000000000000e+00
1.364000000000e-07	0.000000000000e+00	0.000000000000e+00	0.000000000000e+00
1.366000000000e-07	0.000000000000e+00	0.000000000000e+00	0.000000000000e+00
1.368000000000e-07	0.000000000000e+00	0.000000000000e+00	0.000000000000e+00
1.370000000000e-07	0.000000000000e+00	0.000000000000e+00	0.000000000000e+00
1.372000000000e-07	0.000000000000e+00	0.000000000000e+00	0.000000000000e+00
1.374000000000e-07	0.000000000000e+00	0.000000000000e+00	0.000000000000e+00
1.376000000000e-07	0.000000000000e+00	0.000000000000e+00	0.000000000000e+00
1.378000000000e-07	0.000000000000e+00	0.000000000000e+00	0.000000000000e+00
1.380000000000e-07	0.000000000000e+00	0.000000000000e+00	0.000000000000e+00
1.382000000000e-07	0.000000000000e+00	0.000000000000e+00	0.000000000000e+00
1.384000000000e-07	0.000000000000e+00	0.000000000000e+00	0.000000000000e+00
1.386000000000e-07	0.000000000000e+00	0.000000000000e+00	0.000000000000e+00
1.388000000000e-07	0.000000000000e+00	0.000000000000e+00	0.000000000000e+00
1.390000000000e-07	0.000000000000e+00	0.000000000000e+00	0.000000000000e+00
1.392000000000e-07	0.000000000000e+00	0.000000000000e+00	0.000000000000e+00
1.394000000000e-07	0.000000000000e+00	0.000000000000e+00	0.000000000000e+00
1.396000000000e-07	0.000000000000e+00	0.000000000000e+00	0.000000000000e+00
1.398000000000e-07	0.000000000000e+00	0.000000000000e+00	0.000000000000e+00
1.400000000000e-07	0.000000000000e+00	0.000000000000e+00	0.000000000000e+00
1.402000000000e-07	0.000000000000e+00	0.000000000000e+00	0.000000000000e+00
1.404000000000e-07	0.000000000000e+00	0.000000000000e+00	0.000000000000e+00
1.406000000000e-07	0.000000000000e+00	0.000000000000e+00	0.000000000000e+00
1.408000000000e-07	0.000000000000e+00	0.000000000000e+00	0.000000000000e+00
1.410000000000e-07	0.000000000000e+00	0.000000000000e+00	0.000000000000e+00
1.412000000000e-07	0.000000000000e+00	0.000000000000e+00	0.000000000000e+00
1.414000000000e-07	0.000000000000e+00	0.000000000000e+00	0.000000000000e+00
1.416000000000e-07	0.000000000000e+00	0.000000000000e+00	0.000000000000e+00
1.418000000000e-07	0.000000000000e+00	0.000000000000e+00	0.000000000000e+00
1.420000000000e-07	0.000000000000e+00	0.000000000000e+00	0.000000000000e+00
1.422000000000e-07	0.000000000000e+00	0.000000000000e+00	0.000000000000e+00
1.424000000000e-07	0.000000000000e+00	0.000000000000e+00	0.000000000000e+00
1.426000000000e-07	0.000000000000e+00	0.000000000000e+00	0.000000000000e+00
1.428000000000e-07	0.000000000000e+00	0.000000000000e+00	0.000000000000e+00
1.430000000000e-07	0.000000000000e+00	0.000000000000e+00	0.000000000000e+00
1.432000000000e-07	0.000000000000e+00	0.000000000000e+00	0.000000000000e+00
1.434000000000e-07	0.000000000000e+00	0.000000000000e+00	0.000000000000e+00
1.436000000000e-07	0.000000000000e+00	0.000000000000e+00	0.000000000000e+00
1.438000000000e-07	0.000000000000e+00	0.000000000000e+00	0.000000000000e+00
1.440000000000e-07	0.000000000000e+00	0.000000000000e+00	0.000000000000e+00
1.442000000000e-07	0.000000000000e+00	0.000000000000e+00	0.000000000000e+00
1.444000000000e-07	0.000000000000e+00	0.000000000000e+00	0.000000000000e+00
1.446000000000e-07	0.000000000000e+00	0.000000000000e+00	0.000000000000e+00
1.448000000000e-07	0.000000000000e+00	0.000000000000e+00	0.000000000000e+00
1.450000000000e-07	0.000000000000e+00	0.000000000000e+00	0.000000000000e+00
1.452000000000e-07	0.000000000000e+00	0.000000000000e+00	0.000000000000e+00
1.454000000000e-07	0.000000000000e+00	0.000000000000e+00	0.000000000000e+00
1.456000000000e-07	0.000000000000e+00	0.000000000000e+00	0.000000000000e+00
1.458000000000e-07	0.000000000000e+00	0.000000000000e+00	0.000000000000e+00
1.460000000000e-07	0.000000000000e+00	0.000000000000e+00	0.000000000000e+00
1.462000000000e-07	0.000000000000e+00	0.000000000000e+00	0.000000000000e+00
1.464000000000e-07	0.000000000000e+00	0.000000000000e+00	0.000000000000e+00
1.466000000000e-07	0.000000000000e+00	0.000000000000e+00	0.000000000000e+00
1.468000000000e-07	0.000000000000e+00	0.000000000000e+00	0.000000000000e+00
1.470000000000e-07	0.000000000000e+00	0.000000000000e+00	0.000000000000e+00
1.472000000000e-07	0.000000000000e+00	0.000000000000e+00	0.000000000000e+00
1.474000000000e-07	0.000000000000e+00	0.000000000000e+00	0.000000000000e+00
1.476000000000e-07	0.000000000000e+00	0.000000000000e+00	0.000000000000e+00
1.478000000000e-07	0.000000000000e+00	0.000000000000e+00	0.000000000000e+00
1.480000000000e-07	0.000000000000e+00	0.000000000000e+00	0.000000000000e+00
1.482000000000e-07	-5.843891654230e-15	5.120070691122e-15	-1.049895884383e-14
1.484000000000e-07	-7.528519223127e-15	-7.742109917996e-15	4.052782101567e-15
1.486000000000e-07	2.827488884319e-15	1.099696991332e-15	7.032915136156e-16
1.488000000000e-07	-5.185050150978e-15	-5.359507007603e-15	2.782172264661e-15
1.490000000000e-07	9.098332208491e-14	-5.372892711079e-14	1.280488165855e-13
1.492000000000e-07	-4.881451378206e-13	2.079357317215e-13	-6.276715324137e-13
1.494000000000e-07	-6.691690442021e-13	4.036489426207e-13	-1.009184636394e-12
1.496000000000e-07	7.390974950600e-13	1.549597574608e-13	3.577327461706e-13
1.498000000000e-07	-3.103792190884e-13	-6.648072513925e-13	5.946932035729e-13
1.500000000000e-07	-5.649599167140e-13	-2.785900788673e-13	-9.992310729760e-14
1.502000000000e-07	-6.395983964850e-13	1.147354321766e-12	-1.952668966426e-12
1.504000000000e-07	-3.296797824459e-13	6.214919542318e-13	-9.080028746995e-13
1.506000000000e-07	-2.727215134698e-12	-6.716911965949e-13	-1.022381228205e-12
1.508000000000e-07	-7.125619398580e-12	-7.465651950305e-13	-4.281785249043e-12
1.510000000000e-07	-1.952452639679e-11	-1.197504711653e-12	-1.319294099634e-11
1.512000000000e-07	-3.784988572145e-11	4.448371026749e-12	-3.379711331114e-11
1.514000000000e-07	-1.049994742014e-10	3.671618968066e-12	-8.253057973100e-11
1.516000000000e-07	-2.815680029984e-10	-2.163816796150e-11	-1.829881355765e-10
1.518000000000e-07	-4.825979672427e-10	-4.664589950455e-11	-3.032605805663e-10
1.520000000000e-07	-6.598217778265e-10	-7.728139746666e-11	-3.979610100309e-10
1.522000000000e-07	-7.794403249512e-10	-1.033412850503e-10	-4.547939031010e-10
1.524000000000e-07	-9.101230722742e-10	-1.142181512010e-10	-5.380265960421e-10
1.526000000000e-07	-1.025831006075e-09	-1.647870410252e-10	-5.608623443611e-10
1.528000000000e-07	-9.906956349294e-10	-1.220174898201e-10	-5.870789466338e-10
1.530000000000e-07	-9.800040805717e-10	-1.048808432051e-10	-5.988871259127e-10
1.532000000000e-07	-9.372606111836e-10	-9.726313057345e-11	-5.748111722034e-10
1.534000000000e-07	-7.821555300715e-10	-9.169775267652e-11	-4.648955481671e-10
1.536000000000e-07	-6.812892945611e-10	-9.388707526470e-11	-3.873096838105e-10
1.538000000000e-07	-7.047123901439e-10	-7.204161598107e-11	-4.300307808187e-10
1.540000000000e-07	-6.133732756488e-10	-1.016089701425e-10	-3.264057877156e-10
1.542000000000e-07	-4.368811770978e-10	-6.224238968797e-11	-2.448306716354e-10
1.544000000000e-07	-4.644087936324e-10	-6.716256900443e-11	-2.573249138646e-10
1.546000000000e-07	-4.448097435301e-10	5.250841710976e-13	-3.275530419354e-10
1.548000000000e-07	-5.737920157833e-10	-5.551085428576e-12	-4.162466924995e-10
1.550000000000e-07	-7.652419492249e-10	-1.095360515690e-10	-4.290884243698e-10
1.552000000000e-07	-1.097888597640e-09	-1.243520888869e-10	-6.575530704346e-10
1.554000000000e-07	-2.008602329840e-09	-2.300040419370e-10	-1.203039810648e-09
1.556000000000e-07	-3.307869603772e-09	-1.935178547568e-10	-2.215415103232e-09
1.558000000000e-07	-6.832119842974e-09	3.436668354194e-10	-5.494197443601e-09
1.560000000000e-07	-1.807671924484e-08	3.041723523976e-09	-1.716440241594e-08
1.562000000000e-07	-3.540038972278e-08	-8.207927524404e-09	-1.617503485901e-08
1.564000000000e-07	-1.380517553903e-08	-3.110839508155e-09	-6.406935443892e-09
1.566000000000e-07	-6.532235947022e-09	-1.230357720855e-09	-3.300696704139e-09
1.568000000000e-07	-2.795844071625e-09	-1.293527931676e-10	-1.880102296854e-09
1.570000000000e-07	-1.396841586647e-09	-1.363451883712e-10	-8.299805160482e-10
1.572000000000e-07	-8.708208403980e-10	7.902585654757e-11	-6.993210401790e-10
1.574000000000e-07	-5.494229207695e-10	8.951484966648e-11	-4.785305762433e-10
1.576000000000e-07	-4.544346649288e-10	-5.417431712353e-11	-2.339099577051e-10
1.578000000000e-07	-2.768972564974e-10	2.031864878836e-10	-4.297784936174e-10
1.580000000000e-07	-2.928279027047e-10	3.332049337413e-11	-2.292422223653e-10
1.582000000000e-07	-1.497474168397e-10	-1.157479492894e-11	-6.799725824472e-11
1.584000000000e-07	-3.196126030379e-11	2.708185799946e-10	-3.367914675753e-10
1.586000000000e-07	-1.386085439457e-10	3.700737583838e-11	-1.256796573500e-10
1.588000000000e-07	1.689739144927e-10	2.396364391996e-10	-1.539568166740e-10
1.590000000000e-07	-1.183309613347e-11	5.871632913712e-11	-5.717560318293e-11
1.592000000000e-07	1.061566302752e-10	1.325641766611e-10	-6.780572485228e-11
1.594000000000e-07	1.353390002791e-10	1.201569637371e-10	-2.838808485421e-11
1.596000000000e-07	3.692049169696e-10	1.578009897577e-10	8.995021017708e-11
1.598000000000e-07	8.248855602129e-11	9.617789499948e-11	-4.134253452256e-11
1.600000000000e-07	7.664695345934e-11	1.392400131780e-10	-9.706783547888e-11
1.602000000000e-07	3.233699730734e-10	1.566503851301e-10	5.468222243228e-11
1.604000000000e-07	2.286800210354e-10	8.401399863629e-11	8.222271487229e-11
1.606000000000e-07	2.040571335704e-10	-2.126549576940e-11	1.922458658196e-10
1.608000000000e-07	1.840372431286e-10	6.982510491307e-11	6.479766774806e-11
1.610000000000e-07	2.960625410112e-10	1.214686863639e-10	8.431662460618e-11
1.612000000000e-07	2.034820477408e-10	8.844638633204e-11	4.696353196930e-11
1.614000000000e-07	2.798338002008e-10	8.381370199333e-11	1.093111226684e-10
1.616000000000e-07	2.618108015080e-10	8.348239102557e-11	1.009395458063e-10
1.618000000000e-07	1.793911137631e-10	1.692076215941e-10	-6.510348616302e-11
1.620000000000e-07	2.880785325546e-10	6.581445267600e-11	1.458023451085e-10
1.622000000000e-07	3.589242153404e-10	5.418174195070e-11	2.076144320703e-10
1.624000000000e-07	2.638209632297e-10	7.363544606332e-11	1.139838094367e-10
1.626000000000e-07	2.216173442962e-10	6.459395922731e-11	9.719607591592e-11
1.628000000000e-07	3.491966065718e-10	1.237650020877e-10	1.152358239437e-10
1.630000000000e-07	3.616745690993e-10	1.531563686653e-10	8.660296094940e-11
1.632000000000e-07	3.040341667893e-10	1.020091963378e-11	2.215453579111e-10
1.634000000000e-07	3.689096713119e-10	1.081854727120e-10	1.468078637418e-10
1.636000000000e-07	1.335356138015e-10	6.477596850050e-11	3.880324456393e-11
1.638000000000e-07	3.065082242043e-10	1.185572085805e-10	8.530241773966e-11
1.640000000000e-07	2.713797107256e-10	1.079288826747e-10	7.707727883173e-11
1.642000000000e-07	3.018111386559e-10	1.478357200579e-10	4.995054730875e-11
1.644000000000e-07	3.354947923591e-10	5.454799115968e-11	1.880755661328e-10
1.646000000000e-07	3.051838918975e-10	-4.036293599700e-12	2.358802672753e-10
1.648000000000e-07	2.606765446118e-10	5.006826476203e-11	1.434260796552e-10
1.650000000000e-07	2.835909913476e-10	5.322622382655e-11	1.488903157965e-10
1.652000000000e-07	2.512124557427e-10	7.023082316487e-11	1.116456889709e-10
1.654000000000e-07	2.367333057455e-10	8.684944874827e-11	1.197375823305e-10
1.656000000000e-07	3.366240209506e-10	9.835804113232e-11	1.346436747134e-10
1.658000000000e-07	1.977473950586e-10	2.536608609971e-11	1.249884561453e-10
1.660000000000e-07	4.424159573599e-10	9.859041522073e-11	1.590850403287e-10
1.662000000000e-07	2.376207401453e-10	4.749653291042e-11	1.216074848533e-10
1.664000000000e-07	3.215127941577e-10	1.699917867842e-11	2.216593200663e-10
1.666000000000e-07	1.996389567833e-10	5.869687996373e-11	8.742808380520e-11
1.668000000000e-07	4.364000102984e-10	7.295395700333e-11	2.331502006717e-10
1.670000000000e-07	3.150539137210e-10	9.941441723319e-11	1.162407799248e-10
1.672000000000e-07	2.126575991879e-10	7.243726850135e-12	1.626733452865e-10
1.674000000000e-07	2.836176661253e-10	5.736728429072e-11	1.470169063439e-10
1.676000000000e-07	2.296370715092e-10	6.666454328662e-11	9.126367280725e-11
1.678000000000e-07	3.638629024692e-10	5.416711325672e-11	2.045235882609e-10
1.680000000000e-07	3.194540066677e-10	7.500745509715e-11	1.491664766417e-10
1.682000000000e-07	2.492292029047e-10	-6.541516750468e-13	2.022897172287e-10
1.684000000000e-07	2.052059155630e-10	2.639657111123e-11	1.301392852541e-10
1.686000000000e-07	3.324888311011e-10	2.971177031260e-11	1.884146442750e-10
1.688000000000e-07	2.718892121293e-10	-9.219027161071e-12	2.250785557761e-10
1.690000000000e-07	2.607940739553e-10	8.040457900655e-11	1.058185646891e-10
1.692000000000e-07	4.109635164986e-10	8.969323795308e-11	1.935464628420e-10
1.694000000000e-07	2.963452568132e-10	5.792289373628e-11	1.544688898826e-10
1.696000000000e-07	3.177604251357e-10	6.178726049016e-11	1.706384899631e-10
1.698000000000e-07	3.044113972314e-10	7.676754316951e-11	1.284928625353e-10
1.700000000000e-07	2.663618483918e-10	6.038302645432e-11	1.341316218589e-10
1.702000000000e-07	2.915338901882e-10	5.306479254676e-11	1.569093192727e-10
1.704000000000e-07	2.273276638838e-10	2.135092950474e-11	1.590664935496e-10
1.706000000000e-07	3.046667786586e-10	4.694938751566e-11	1.732074549452e-10
1.708000000000e-07	2.776913006600e-10	-1.672206315308e-11	2.325210780883e-10
1.710000000000e-07	2.095970703927e-10	4.503804888141e-11	1.116893160102e-10
1.712000000000e-07	3.383124640702e-10	5.753596908343e-11	1.763887560731e-10
1.714000000000e-07	2.843457594778e-10	6.331365298151e-11	1.384625812759e-10
1.716000000000e-07	2.747905239232e-10	-1.762566117574e-12	2.045778181520e-10
1.718000000000e-07	2.385454889623e-10	6.112091799627e-11	1.145447695005e-10
1.720000000000e-07	2.581409383025e-10	4.193254653599e-11	1.474581546219e-10
1.722000000000e-07	2.969890924476e-10	2.934483701101e-11	1.902421034361e-10
1.724000000000e-07	2.636074278201e-10	3.372305152257e-11	1.603855108306e-10
1.726000000000e-07	2.738720293553e-10	6.984194784297e-11	1.228442570273e-10
1.728000000000e-07	2.846489572955e-10	3.142273422681e-11	1.799791853175e-10
1.730000000000e-07	3.099881483015e-10	5.059370488616e-11	1.724329231431e-10
1.732000000000e-07	1.716053915336e-10	-2.451220168869e-11	1.712319133455e-10
1.734000000000e-07	2.824684203493e-10	3.617338814328e-11	1.734112427210e-10
1.736000000000e-07	2.716788837076e-10	4.129225147347e-11	1.662379270042e-10
1.738000000000e-07	2.726244592570e-10	8.179517641180e-11	1.036617682309e-10
1.740000000000e-07	2.348378066447e-10	1.219952433501e-11	1.711445659500e-10
1.742000000000e-07	2.976209530857e-10	3.806038206054e-11	1.821758121129e-10
1.744000000000e-07	2.666571985991e-10	-2.512643692912e-11	2.338517281702e-10
1.746000000000e-07	2.649325556438e-10	2.854215635603e-11	1.646384988036e-10
1.748000000000e-07	3.094140893780e-10	9.470942508079e-11	1.148816063371e-10
1.750000000000e-07	1.583309240932e-10	2.197061355922e-11	1.046849216401e-10
1.752000000000e-07	3.018394098738e-10	5.610264855766e-11	1.487264574108e-10
1.754000000000e-07	2.802434769529e-10	3.173335685700e-11	1.701665519762e-10
1.756000000000e-07	2.609860604307e-10	-6.224865917507e-12	2.021153362779e-10
1.758000000000e-07	3.138785004130e-10	4.886473285896e-11	1.715881281220e-10
1.760000000000e-07	2.042689052903e-10	2.583657124286e-11	1.298482578018e-10
1.762000000000e-07	2.486464943265e-10	1.216109199999e-11	1.765497801391e-10
1.764000000000e-07	2.817656097755e-10	2.454673562544e-11	1.906423776984e-10
1.766000000000e-07	2.484295070430e-10	2.445752193885e-11	1.582947990258e-10
1.768000000000e-07	2.815308865557e-10	2.377594396700e-11	1.903169405337e-10
1.770000000000e-07	3.064351379421e-10	5.191629143571e-11	1.640079168250e-10
1.772000000000e-07	2.086136380018e-10	2.220234678426e-11	1.383536432292e-10
1.774000000000e-07	2.182581841647e-10	3.834672673044e-11	1.188668713607e-10
1.776000000000e-07	2.730850316564e-10	2.285059261075e-11	1.768415971946e-10
1.778000000000e-07	2.367982347901e-10	2.639103525735e-11	1.429793507626e-10
1.780000000000e-07	2.321563002564e-10	-2.342394014487e-12	1.840665170200e-10
1.782000000000e-07	2.600280657208e-10	2.781410391215e-11	1.651575087054e-10
1.784000000000e-07	3.281651790072e-10	4.016472263206e-11	1.930948015393e-10
1.786000000000e-07	2.044233027689e-10	3.315157662343e-11	1.238274565517e-10
1.788000000000e-07	2.447913522941e-10	3.438057533347e-11	1.445868285429e-10
1.790000000000e-07	2.768654797131e-10	4.098542271727e-11	1.609075551560e-10
1.792000000000e-07	2.499169740551e-10	4.879269329036e-11	1.292365994796e-10
1.794000000000e-07	3.259804728078e-10	4.076729401334e-11	1.893093652788e-10
1.796000000000e-07	2.109531517628e-10	2.386927351572e-11	1.411766785879e-10
1.798000000000e-07	2.755751239656e-10	4.819796481479e-11	1.398284524381e-10
1.800000000000e-07	2.050709807453e-10	1.590213583848e-11	1.470578746654e-10
1.802000000000e-07	2.439944741129e-10	5.369429071056e-11	1.200071057169e-10
1.804000000000e-07	2.581856578702e-10	2.597503898906e-11	1.586713872080e-10
1.806000000000e-07	2.685526762928e-10	4.941884124988e-11	1.398052630766e-10
1.808000000000e-07	2.232222545871e-10	6.112824541193e-12	1.672479826929e-10
1.810000000000e-07	2.287200538759e-10	4.298660898712e-11	1.232570121553e-10
1.812000000000e-07	3.243169767558e-10	9.692124228155e-12	2.372698491441e-10
1.814000000000e-07	2.376085448429e-10	5.066088256396e-12	1.785035324650e-10
1.816000000000e-07	2.960090533231e-10	6.152498232596e-11	1.454910407946e-10
1.818000000000e-07	2.574692264538e-10	6.708839538756e-11	1.148728045631e-10
1.820000000000e-07	2.477518880500e-10	3.084245720456e-11	1.529645423004e-10
1.822000000000e-07	3.141628852162e-10	8.424938184340e-11	1.187347253752e-10
1.824000000000e-07	2.003413906830e-10	1.458780157450e-12	1.588334064913e-10
1.826000000000e-07	2.190857690794e-10	1.575816565284e-11	1.489491679054e-10
1.828000000000e-07	2.590238025943e-10	8.965422021037e-12	1.821693407592e-10
1.830000000000e-07	2.437959257972e-10	3.582176491331e-11	1.408089193824e-10
1.832000000000e-07	2.634093561767e-10	1.933355027568e-11	1.741657034895e-10
1.834000000000e-07	2.508907534768e-10	2.645868249442e-11	1.537276623711e-10
1.836000000000e-07	2.074532834715e-10	4.171154894361e-12	1.793790017748e-10
1.838000000000e-07	2.425640220835e-10	2.558773232016e-11	1.554407166631e-10
1.840000000000e-07	2.524459651991e-10	6.915689256619e-11	1.037198163797e-10
1.842000000000e-07	2.813170058811e-10	3.243587273383e-11	1.709303381942e-10
1.844000000000e-07	2.568014040003e-10	2.114661111831e-11	1.669885683661e-10
1.846000000000e-07	2.079304023781e-10	2.535144003099e-11	1.215046587667e-10
1.848000000000e-07	2.703532304196e-10	5.927511440932e-11	1.273245315060e-10
1.850000000000e-07	2.175955909842e-10	3.802003699401e-11	1.276223065023e-10
1.852000000000e-07	2.924834460282e-10	2.778430161374e-11	1.777491132260e-10
1.854000000000e-07	2.289768847824e-10	5.196891013196e-12	1.696458101190e-10
1.856000000000e-07	2.166181606922e-10	7.325001601742e-11	7.607293473281e-11
1.858000000000e-07	2.149197303288e-10	1.380794998940e-11	1.584794117015e-10
1.860000000000e-07	2.344524991315e-10	1.899265916813e-11	1.558583242663e-10
1.862000000000e-07	2.385368068500e-10	1.458914338620e-11	1.646624268327e-10
1.864000000000e-07	2.511879123007e-10	3.272807001355e-11	1.477700730631e-10
1.866000000000e-07	2.456411680417e-10	2.152088949539e-11	1.564048620608e-10
1.868000000000e-07	1.653824411757e-10	-2.799891530415e-11	1.688314472850e-10
1.870000000000e-07	2.637890363869e-10	4.335575957140e-11	1.372610406116e-10
1.872000000000e-07	2.135016270480e-10	1.336969350957e-11	1.625810244637e-10
1.874000000000e-07	2.135125336358e-10	-6.535190287074e-13	1.620228538569e-10
1.876000000000e-07	2.659700274953e-10	3.965538431350e-11	1.518809892687e-10
1.878000000000e-07	1.169398441676e-10	5.068517348238e-12	1.038515806638e-10
1.880000000000e-07	2.516983333315e-10	3.183125613596e-11	1.513629566572e-10
1.882000000000e-07	2.318574082794e-10	2.431505118922e-11	1.499414061107e-10
1.884000000000e-07	1.802938135551e-10	2.107857949840e-11	1.193386649654e-10
1.886000000000e-07	2.258945002238e-10	2.273750873783e-11	1.502173814569e-10
1.888000000000e-07	2.051357052541e-10	1.502794986786e-11	1.317402429201e-10
1.890000000000e-07	2.276494081076e-10	7.164631922741e-11	8.014577059268e-11
1.892000000000e-07	2.388307552483e-10	1.886666492823e-11	1.523807331018e-10
1.894000000000e-07	1.926981880546e-10	4.900643005549e-11	8.392379372590e-11
1.896000000000e-07	2.221495742993e-10	1.723158927371e-11	1.578252365347e-10
1.898000000000e-07	2.158656132280e-10	2.230090261325e-11	1.286979764867e-10
1.900000000000e-07	2.287864506543e-10	2.258489380751e-11	1.468377104227e-10
1.902000000000e-07	2.108696617443e-10	2.585880392453e-11	1.314284535517e-10
1.904000000000e-07	2.910847580112e-10	3.763237129166e-11	1.607023740609e-10
1.906000000000e-07	1.759396352220e-10	5.210425982615e-11	7.786075661997e-11
1.908000000000e-07	2.286852236534e-10	3.484316268855e-11	1.266450202376e-10
1.910000000000e-07	1.895969696035e-10	-1.233531579890e-11	1.644551607529e-10
1.912000000000e-07	2.177767490315e-10	5.333135224077e-11	8.982797259563e-11
1.914000000000e-07	1.784078836626e-10	1.194568293218e-11	1.287521183874e-10
1.916000000000e-07	2.132375747878e-10	1.219729362318e-11	1.432686737685e-10
1.918000000000e-07	1.966093061036e-10	8.388361361428e-13	1.520052655688e-10
1.920000000000e-07	1.574294302320e-10	1.003269429136e-11	1.169156675229e-10
1.922000000000e-07	2.421168596376e-10	1.791603840931e-12	1.785831527018e-10
1.924000000000e-07	2.420104064576e-10	9.506735037769e-12	1.656494963182e-10
1.926000000000e-07	1.809461298761e-10	9.169180969772e-12	1.270663940119e-10
1.928000000000e-07	2.081328590313e-10	4.537686853443e-11	1.035291793584e-10
1.930000000000e-07	2.100442755112e-10	4.141313629002e-11	1.115147734878e-10
1.932000000000e-07	2.669067237757e-10	2.059877929073e-11	1.658522653135e-10
1.934000000000e-07	1.838974251860e-10	-6.587925517315e-12	1.585674123321e-10
1.936000000000e-07	1.966813815707e-10	4.691472773168e-11	9.242258432009e-11
1.938000000000e-07	1.903503916983e-10	1.603964147433e-11	1.239896926548e-10
1.940000000000e-07	1.436106362288e-10	-1.023153346653e-11	1.385239652839e-10
1.942000000000e-07	1.891513078795e-10	5.363165463034e-11	6.993973606059e-11
1.944000000000e-07	2.050075095548e-10	4.004750104547e-11	1.159407296252e-10
1.946000000000e-07	2.163481182727e-10	1.663642773234e-11	1.458929774922e-10
1.948000000000e-07	2.147632972919e-10	1.443100954756e-11	1.437672129539e-10
1.950000000000e-07	2.119445239776e-10	2.075460225314e-11	1.275437177115e-10
1.952000000000e-07	2.180265073616e-10	3.042053724904e-11	1.244404298198e-10
1.954000000000e-07	2.227277951236e-10	3.280025721602e-11	1.264175274396e-10
1.956000000000e-07	1.593142560746e-10	-1.832134812687e-11	1.554385838984e-10
1.958000000000e-07	1.472947128385e-10	-3.181055169435e-13	1.304553700606e-10
1.960000000000e-07	2.541176236257e-10	3.218098817324e-11	1.543163326889e-10
1.962000000000e-07	1.541363918936e-10	-1.115025293650e-12	1.245134885003e-10
1.964000000000e-07	2.173187368892e-10	2.034347939841e-11	1.484553995574e-10
1.966000000000e-07	1.965007428812e-10	2.280650140570e-11	1.123866162393e-10
1.968000000000e-07	2.034236818932e-10	-5.744945717751e-12	1.565069677156e-10
1.970000000000e-07	2.353317729353e-10	3.601615241643e-11	1.268634000628e-10
1.972000000000e-07	1.445401582996e-10	-8.154645720978e-12	1.353902637629e-10
1.974000000000e-07	1.847297815978e-10	2.908863667161e-11	1.110349787284e-10
1.976000000000e-07	1.858988862005e-10	1.344236629241e-11	1.231985325548e-10
1.978000000000e-07	2.360146125081e-10	3.591328114160e-11	1.218342427823e-10
1.980000000000e-07	1.961505117665e-10	7.014832568895e-12	1.362342473483e-10
1.982000000000e-07	1.813435151377e-10	2.165961766654e-11	1.148744757519e-10
1.984000000000e-07	1.535473527291e-10	2.638879254116e-11	8.661905068907e-11
1.986000000000e-07	1.691670452405e-10	3.215121371850e-11	1.018044112568e-10
1.988000000000e-07	2.061202078500e-10	-8.328272132101e-12	1.631875068339e-10
1.990000000000e-07	1.742645480704e-10	2.300437422264e-11	1.044760539540e-10
1.992000000000e-07	1.813333890070e-10	1.223934793391e-11	1.235777793469e-10
1.994000000000e-07	1.703969036733e-10	1.506393284070e-11	1.093006035109e-10
1.996000000000e-07	1.654305130271e-10	1.153142772126e-11	1.081804772617e-10
1.998000000000e-07	2.134521888854e-10	3.003560924062e-11	1.275504091672e-10
2.000000000000e-07	2.005637250285e-10	2.974715245834e-11	1.102089492473e-10
2.002000000000e-07	1.767793895647e-10	-5.262839468980e-13	1.380612892005e-10
2.004000000000e-07	1.736082042372e-10	9.950450488329e-12	1.232797994035e-10
2.006000000000e-07	2.274414684689e-10	2.665970117817e-11	1.319768557853e-10
2.008000000000e-07	1.825228499338e-10	1.362159640634e-11	1.258199835359e-10
2.010000000000e-07	1.754997364343e-10	2.609556170501e-11	9.752789393912e-11
2.012000000000e-07	1.818380684372e-10	2.209409897716e-11	1.051107062886e-10
2.014000000000e-07	1.500516122173e-10	3.212503060798e-11	8.578439583856e-11
2.016000000000e-07	2.333366276485e-10	4.525739426137e-11	1.155379286195e-10
2.018000000000e-07	1.603690196550e-10	-8.330081350493e-12	1.380011812532e-10
2.020000000000e-07	2.269089690922e-10	2.063921089857e-11	1.410376880687e-10
2.022000000000e-07	1.705117220479e-10	2.752224998829e-11	1.014761465977e-10
2.024000000000e-07	2.089351281077e-10	2.620609490324e-11	1.232933907753e-10
2.026000000000e-07	1.736350830665e-10	2.428061021656e-11	9.983664493527e-11
2.028000000000e-07	2.056981831713e-10	3.930337214655e-11	1.107758950210e-10
2.030000000000e-07	2.038779436037e-10	7.135012115082e-12	1.413222066163e-10
2.032000000000e-07	1.436247012973e-10	1.686553620168e-11	1.062537595978e-10
2.034000000000e-07	2.023233368497e-10	3.095785860537e-11	1.057855499182e-10
2.036000000000e-07	1.622743823907e-10	1.458955760225e-11	1.079147501433e-10
2.038000000000e-07	2.091338103303e-10	2.198604657761e-11	1.237844981053e-10
2.040000000000e-07	1.670005863596e-10	1.967896269437e-11	1.017668656835e-10
2.042000000000e-07	1.890125636078e-10	4.127141040698e-11	8.499318322638e-11
2.044000000000e-07	1.446784555274e-10	-4.436659391807e-12	1.278276482816e-10
2.046000000000e-07	1.595377886113e-10	1.277216657283e-13	1.293253120942e-10
2.048000000000e-07	1.943688823451e-10	1.332716077432e-11	1.358245100228e-10
2.050000000000e-07	1.266252921155e-10	1.251441741570e-11	9.403916610196e-11
2.052000000000e-07	1.874842413837e-10	4.430375080422e-11	7.289929334880e-11
2.054000000000e-07	1.965725658561e-10	2.858532183410e-11	1.163003937679e-10
2.056000000000e-07	1.636728922653e-10	1.267071285866e-11	1.143644568758e-10
2.058000000000e-07	1.389739041855e-10	3.088545885650e-11	6.619702675512e-11
2.060000000000e-07	1.669494596122e-10	1.523648670868e-11	1.150919853591e-10
2.062000000000e-07	1.843953069557e-10	4.882010404663e-11	7.357335616748e-11
2.064000000000e-07	1.530588155972e-10	7.534212201895e-12	1.152386101596e-10
2.066000000000e-07	1.893179583783e-10	2.702846086263e-11	1.041121417406e-10
2.068000000000e-07	1.533044101664e-10	2.242943657990e-11	8.872008052201e-11
2.070000000000e-07	1.689048520904e-10	5.753202136650e-12	1.249975201858e-10
2.072000000000e-07	1.833460188468e-10	3.540400211208e-11	9.571287740102e-11
2.074000000000e-07	1.733577833349e-10	1.961197377507e-11	1.016488752535e-10
2.076000000000e-07	1.300574465848e-10	1.359102181812e-11	7.492510116795e-11
2.078000000000e-07	1.069095484646e-10	-1.616799198841e-12	9.934732941549e-11
2.080000000000e-07	2.106645024273e-10	2.900548611219e-11	1.213643771422e-10
2.082000000000e-07	1.762185795865e-10	7.586158878486e-12	1.233686330487e-10
2.084000000000e-07	1.718263363478e-10	3.220405675180e-11	8.133767273201e-11
2.086000000000e-07	1.954885830690e-10	1.692904328585e-11	1.228236853471e-10
2.088000000000e-07	1.681183401222e-10	4.185379727506e-11	6.578418603528e-11
2.090000000000e-07	1.384215691869e-10	1.746907803312e-11	9.773125931428e-11
2.092000000000e-07	1.616684084671e-10	3.320162521449e-11	8.308538677258e-11
2.094000000000e-07	1.488613570364e-10	-6.345877458750e-13	1.158663782725e-10
2.096000000000e-07	1.900270668970e-10	3.256890352403e-11	1.028188759666e-10
2.098000000000e-07	1.684041823629e-10	2.271207249486e-11	9.105591911610e-11
2.100000000000e-07	1.351034222102e-10	-9.233921600105e-12	1.280405413280e-10
2.102000000000e-07	1.622389607993e-10	-2.682083457751e-13	1.149141278532e-10
2.104000000000e-07	1.294981087355e-10	2.784904400211e-12	1.052240800393e-10
2.106000000000e-07	1.476012695133e-10	4.714736279802e-12	1.079310288873e-10
2.108000000000e-07	1.499541489826e-10	3.111741115111e-11	7.213913990039e-11
2.110000000000e-07	1.683164855842e-10	1.175969918269e-11	1.229912062813e-10
2.112000000000e-07	1.396833742916e-10	5.970834827815e-12	1.107774258444e-10
2.114000000000e-07	1.420090720630e-10	1.942815507423e-11	9.131609656989e-11
2.116000000000e-07	1.678853608119e-10	1.577480390316e-11	1.040733462195e-10
2.118000000000e-07	1.443656879909e-10	-1.579728443632e-11	1.322851883010e-10
2.120000000000e-07	1.490466185014e-10	1.820405222588e-11	8.807213359118e-11
2.122000000000e-07	1.491541152916e-10	1.273385129848e-11	9.453001432502e-11
2.124000000000e-07	1.378315888518e-10	2.080381564983e-11	8.498245596555e-11
2.126000000000e-07	1.505710401376e-10	1.861508415960e-11	9.281969801052e-11
2.128000000000e-07	1.780815650284e-10	1.823164061181e-11	1.071937496251e-10
2.130000000000e-07	1.577197295703e-10	4.026118208689e-12	1.094373333801e-10
2.132000000000e-07	1.627240352175e-10	4.830820378505e-12	9.103515716070e-11
2.134000000000e-07	1.648233083234e-10	2.430473301895e-11	8.910098780438e-11
2.136000000000e-07	1.714984022481e-10	1.531778512612e-11	1.071224122141e-10
2.138000000000e-07	1.346751680250e-10	5.795144877479e-13	1.164307681093e-10
2.140000000000e-07	1.308312957809e-10	1.452712005165e-11	8.393510379539e-11
2.142000000000e-07	1.543543526521e-10	8.539471476013e-12	1.087527823275e-10
2.144000000000e-07	1.457183218964e-10	1.935603935047e-11	9.300361615825e-11
2.146000000000e-07	1.347951234737e-10	7.921514206851e-12	9.774415322780e-11
2.148000000000e-07	1.552733154964e-10	3.795457261019e-11	6.255263863735e-11
2.150000000000e-07	1.159031356392e-10	-1.346238737892e-12	8.648427014543e-11
2.152000000000e-07	1.693396595074e-10	2.882135709044e-11	1.180641444137e-10
2.154000000000e-07	1.450521975560e-10	3.334604318375e-11	7.524050514337e-11
2.156000000000e-07	1.570836662424e-10	3.297435662401e-11	7.313808629083e-11
2.158000000000e-07	1.470313888349e-10	1.672089335119e-11	9.128882799774e-11
2.160000000000e-07	1.649834714383e-10	1.774633240564e-11	1.076371878856e-10
2.162000000000e-07	1.492301782732e-10	3.775746934286e-11	7.081664199633e-11
2.164000000000e-07	1.453711212993e-10	1.594523228920e-11	9.702788496369e-11
2.166000000000e-07	1.250105563033e-10	1.587446822021e-11	7.382682659947e-11
2.168000000000e-07	1.263305037677e-10	-8.537404866101e-12	1.135944422413e-10
2.170000000000e-07	1.463825721735e-10	3.533120243621e-11	6.937195789431e-11
2.172000000000e-07	1.582451653113e-10	3.038791986912e-11	8.410765769473e-11
2.174000000000e-07	1.186954647761e-10	2.514329786354e-12	1.028644290556e-10
2.176000000000e-07	1.775942505411e-10	1.829637142027e-11	9.924051088620e-11
2.178000000000e-07	1.429613459723e-10	3.724035079981e-12	1.000939252075e-10
2.180000000000e-07	1.431444688372e-10	5.260832340284e-12	1.045457541070e-10
2.182000000000e-07	1.778286594790e-10	3.197143536191e-11	8.306108688582e-11
2.184000000000e-07	1.111484474347e-10	4.855140152682e-12	7.752461573659e-11
2.186000000000e-07	1.157793390723e-10	8.445173681608e-12	8.612894803849e-11
2.188000000000e-07	1.588173739700e-10	2.232959488105e-11	8.876094506501e-11
2.190000000000e-07	1.495725555954e-10	1.316897175481e-11	9.907349515911e-11
2.192000000000e-07	1.208377297943e-10	-4.854295741625e-12	1.100321968229e-10
2.194000000000e-07	1.302951359860e-10	4.392611900322e-12	9.782713216013e-11
2.196000000000e-07	1.242195935125e-10	2.444626575906e-11	5.908187258421e-11
2.198000000000e-07	9.392139545674e-11	5.550500765248e-12	7.513932562497e-11
2.200000000000e-07	1.416414320474e-10	1.436000431627e-11	8.933938260142e-11
2.202000000000e-07	1.330651531417e-10	1.738154704066e-11	8.224905518696e-11
2.204000000000e-07	1.439856349009e-10	1.517567321376e-11	9.110372109799e-11
2.206000000000e-07	1.335874769262e-10	-4.355442084895e-12	1.135978703778e-10
2.208000000000e-07	1.512761251645e-10	2.288808973206e-11	8.323325674593e-11
2.210000000000e-07	1.123095437957e-10	1.047201411024e-12	9.042385203355e-11
2.212000000000e-07	1.409426620973e-10	1.235526342430e-11	9.214003381660e-11
2.214000000000e-07	1.251889760120e-10	1.649171603660e-11	7.338492409890e-11
2.216000000000e-07	1.341991777898e-10	3.169282809579e-11	5.585713182318e-11
2.218000000000e-07	1.338030253026e-10	1.903137483524e-11	6.698186250344e-11
2.220000000000e-07	1.330088123746e-10	8.309441455559e-12	9.620184958043e-11
2.222000000000e-07	1.195497631369e-10	1.993383491253e-11	6.754519621298e-11
2.224000000000e-07	1.181493314529e-10	5.221700745543e-12	1.036273013461e-10
2.226000000000e-07	1.149510607416e-10	-8.641612458927e-12	1.020187258892e-10
2.228000000000e-07	1.407642515482e-10	3.006706365104e-11	7.640816557731e-11
2.230000000000e-07	1.427680458622e-10	3.404736607529e-11	6.599546123459e-11
2.232000000000e-07	1.174325475495e-10	1.859541181166e-11	7.452683016809e-11
2.234000000000e-07	1.000403615485e-10	-5.739041981896e-13	8.024344545859e-11
2.236000000000e-07	1.299279784661e-10	1.533126052750e-11	8.729119054597e-11
2.238000000000e-07	1.121523691562e-10	1.609343714384e-11	7.706541645017e-11
2.240000000000e-07	1.409785653504e-10	3.864150832100e-11	5.728273998175e-11
2.242000000000e-07	1.407719408089e-10	1.345096340023e-11	9.166820481898e-11
2.244000000000e-07	1.187401082756e-10	4.323593710582e-12	8.923429199484e-11
2.246000000000e-07	1.333860397339e-10	3.584342675381e-11	5.082305562122e-11
2.248000000000e-07	1.215907466399e-10	3.526168677797e-12	9.630152559268e-11
2.250000000000e-07	1.446030940292e-10	1.282731655371e-11	8.524424003914e-11
2.252000000000e-07	1.199545180165e-10	2.671306948984e-12	9.434943198042e-11
2.254000000000e-07	1.337628054797e-10	2.863240736678e-11	6.019856471770e-11
2.256000000000e-07	1.471673618972e-10	2.277678171091e-11	7.369298915647e-11
2.258000000000e-07	1.359420688344e-10	7.143274424349e-12	9.370360429516e-11
2.260000000000e-07	1.307518062016e-10	3.425690621180e-11	5.006852603747e-11
2.262000000000e-07	8.534740364345e-11	-1.137703271628e-12	7.415296822683e-11
2.264000000000e-07	1.082061582030e-10	1.772003560432e-11	7.087533732853e-11
2.266000000000e-07	1.245571358316e-10	2.627503114367e-11	6.475839827186e-11
2.268000000000e-07	1.406556565462e-10	9.075437569257e-12	8.694517219751e-11
2.270000000000e-07	8.866333301637e-11	1.565504188385e-11	6.204942342450e-11
2.272000000000e-07	1.017153057491e-10	9.461517944136e-12	6.340766612058e-11
2.274000000000e-07	1.155992500176e-10	-3.200385796683e-12	9.794680936963e-11
2.276000000000e-07	1.280960230717e-10	-9.579033759301e-12	1.098639813939e-10
2.278000000000e-07	1.368939130381e-10	1.218953499261e-11	8.788737819358e-11
2.280000000000e-07	1.168043023865e-10	2.539507349563e-11	6.284381263187e-11
2.282000000000e-07	1.229811846540e-10	1.716008066899e-11	7.698855926717e-11
2.284000000000e-07	1.247406951614e-10	2.381586357245e-11	6.312330743219e-11
2.286000000000e-07	1.260736042155e-10	-2.384242609472e-12	9.602529391599e-11
2.288000000000e-07	1.599579076118e-10	1.832894135846e-11	8.801260906772e-11
2.290000000000e-07	1.104842779608e-10	-3.933372155994e-12	9.100092619976e-11
2.292000000000e-07	1.010956473465e-10	-3.750563106622e-13	7.133773169468e-11
2.294000000000e-07	6.870078356251e-11	3.423960410679e-12	6.807832383045e-11
2.296000000000e-07	1.285347745543e-10	2.368731748713e-11	5.970983732753e-11
2.298000000000e-07	1.152679337628e-10	6.834176216890e-12	8.213556318444e-11
2.300000000000e-07	1.181888448783e-10	1.876371254047e-11	6.331272456407e-11
2.302000000000e-07	1.013627262714e-10	7.428722155183e-12	7.810778559278e-11
2.304000000000e-07	1.206798805772e-10	1.999452758927e-11	7.906257134953e-11
2.306000000000e-07	8.348650561716e-11	-8.025602891090e-12	7.857190865741e-11
2.308000000000e-07	8.571931145578e-11	2.704127451625e-13	7.672512478212e-11
2.310000000000e-07	1.218809419037e-10	2.083945505829e-11	6.316392120371e-11
2.312000000000e-07	1.091385244101e-10	1.534807319976e-11	5.156472782653e-11
2.314000000000e-07	9.536790675233e-11	2.071052557208e-11	5.159293552059e-11
2.316000000000e-07	1.394698274070e-10	1.271120151579e-11	8.687492560557e-11
2.318000000000e-07	1.029607530484e-10	1.098763406569e-11	7.305644216334e-11
2.320000000000e-07	1.242168490257e-10	8.695265647726e-12	7.558893882616e-11
2.322000000000e-07	1.257115383407e-10	1.586081371956e-11	8.205535648536e-11
2.324000000000e-07	1.237482622861e-10	1.549663935617e-11	7.407453038524e-11
2.326000000000e-07	1.121150776602e-10	1.005303885021e-11	8.338822745032e-11
2.328000000000e-07	9.369148313189e-11	4.039516517766e-12	6.686087909641e-11
2.330000000000e-07	1.303407738315e-10	1.174476081604e-11	8.983224171460e-11
2.332000000000e-07	1.127330242539e-10	2.230215708638e-11	5.469627402455e-11
2.334000000000e-07	8.410465782578e-11	2.498968248059e-14	6.866019350378e-11
2.336000000000e-07	1.187458443594e-10	1.034149475379e-11	6.881027998764e-11
2.338000000000e-07	1.367908873260e-10	8.945046983287e-12	8.641454219082e-11
2.340000000000e-07	1.012332029759e-10	9.729918266993e-12	6.412577771274e-11
2.342000000000e-07	1.099478991800e-10	-1.188087552239e-12	8.111472226861e-11
2.344000000000e-07	1.294593140747e-10	1.820608912306e-11	6.567963493966e-11
2.346000000000e-07	7.953410542831e-11	3.336250620332e-12	7.170271656880e-11
2.348000000000e-07	1.002775628594e-10	1.330659010526e-11	6.468692379298e-11
2.350000000000e-07	9.292508155071e-11	-8.940177911461e-13	7.631188679561e-11
2.352000000000e-07	6.170339196399e-11	3.895666515972e-13	6.367820022372e-11
2.354000000000e-07	1.029921621023e-10	-7.944746536039e-12	9.471021296112e-11
2.356000000000e-07	1.011904271658e-10	1.616393978507e-11	5.365571732782e-11
2.358000000000e-07	9.245553692155e-11	1.320075514136e-11	5.961886219583e-11
2.360000000000e-07	1.169707324155e-10	2.576778108581e-11	4.889154386154e-11
2.362000000000e-07	9.609861645259e-11	-6.873719811449e-13	7.436781688041e-11
2.364000000000e-07	1.213380977410e-10	-5.676865108599e-13	8.861997266190e-11
2.366000000000e-07	1.119374170363e-10	9.890858283881e-12	6.749884206996e-11
2.368000000000e-07	1.016093253386e-10	2.519300520868e-11	4.440085376293e-11
2.370000000000e-07	1.128510656367e-10	4.642750902131e-12	8.270245650100e-11
2.372000000000e-07	1.058087948510e-10	7.581666617583e-12	7.607203218682e-11
2.374000000000e-07	1.187486170383e-10	2.650253247567e-11	5.998213684231e-11
2.376000000000e-07	7.648276065680e-11	-1.072970905952e-11	9.268927232450e-11
2.378000000000e-07	9.436334593114e-11	1.561147844557e-11	4.934146376439e-11
2.380000000000e-07	1.229329256282e-10	2.121547199361e-11	5.636425811928e-11
2.382000000000e-07	9.002582252516e-11	-6.604103286646e-12	7.747059882657e-11
2.384000000000e-07	8.474101036907e-11	2.497120462249e-11	2.765932955187e-11
2.386000000000e-07	8.372735388874e-11	3.187768257482e-12	6.827869891454e-11
2.388000000000e-07	1.172603854612e-10	6.552419491811e-12	7.744894537284e-11
2.390000000000e-07	7.464876695646e-11	1.713257561767e-11	3.640616561035e-11
2.392000000000e-07	1.123135292552e-10	1.822863402240e-11	6.013829682551e-11
2.394000000000e-07	1.323229293476e-10	1.176038144109e-11	6.005618919712e-11
2.396000000000e-07	9.657311332632e-11	1.542720225354e-12	9.057144682058e-11
2.398000000000e-07	1.129862587285e-10	1.943940863779e-11	6.428522500301e-11
2.400000000000e-07	8.029108559014e-11	1.024427398838e-11	5.266359661217e-11
2.402000000000e-07	8.807248197717e-11	2.836915875024e-11	4.100556125090e-11
2.404000000000e-07	1.190914749774e-10	1.082107817969e-11	6.823719646541e-11
2.406000000000e-07	9.963313866522e-11	2.030168416796e-11	6.214168967590e-11
2.408000000000e-07	8.955665205300e-11	5.176192431521e-12	6.495019870454e-11
2.410000000000e-07	7.874110563555e-11	2.875291105859e-12	6.440452585653e-11
2.412000000000e-07	7.474137645002e-11	-8.824420545738e-12	7.770096618266e-11
2.414000000000e-07	9.996477852019e-11	-1.688879501318e-12	7.729849443150e-11
2.416000000000e-07	1.035417257190e-10	1.655377467992e-11	5.711921553385e-11
2.418000000000e-07	8.692395048383e-11	5.290527820072e-12	5.903350653845e-11
2.420000000000e-07	8.640656882504e-11	2.601872112569e-11	3.974390573097e-11
2.422000000000e-07	1.223355649398e-10	1.544731947148e-11	6.624198840320e-11
2.424000000000e-07	7.342176379099e-11	1.718797632356e-11	4.541109941375e-11
2.426000000000e-07	1.066907868382e-10	1.449559806754e-11	4.134762940353e-11
2.428000000000e-07	1.018938828322e-10	1.651445507881e-11	6.303991585074e-11
2.430000000000e-07	8.905660429486e-11	1.828321752772e-11	4.102502648774e-11
2.432000000000e-07	9.438172299250e-11	1.170939138485e-11	5.787033011254e-11
2.434000000000e-07	6.823171657808e-11	2.608099675983e-12	6.029072209968e-11
2.436000000000e-07	7.610441880920e-11	-1.019265407216e-11	7.019493506667e-11
2.438000000000e-07	9.386413882291e-11	1.250448673640e-11	6.908665360900e-11
2.440000000000e-07	9.472103901147e-11	-4.016921479661e-12	7.574775354724e-11
2.442000000000e-07	1.229292011968e-10	2.977609514949e-11	4.157844331505e-11
2.444000000000e-07	9.065515386185e-11	1.210553401492e-12	7.007963068002e-11
2.446000000000e-07	6.626926830384e-11	-4.835491363537e-12	5.337359496741e-11
2.448000000000e-07	7.806919222213e-11	1.761073573501e-11	3.133555088319e-11
2.450000000000e-07	1.165314549420e-10	1.842758549285e-11	6.930273569715e-11
2.452000000000e-07	9.149530295223e-11	8.683219036096e-12	5.414844605892e-11
2.454000000000e-07	7.105365586223e-11	5.990869245185e-12	5.702117375972e-11
2.456000000000e-07	1.076969342046e-10	3.492547222618e-11	2.979142020897e-11
2.458000000000e-07	7.911884951272e-11	-5.433094135195e-12	7.159561753890e-11
2.460000000000e-07	6.471037643191e-11	3.156326274372e-12	6.411133217523e-11
2.462000000000e-07	9.120852725223e-11	9.311764563238e-12	5.855006627657e-11
2.464000000000e-07	1.025798461414e-10	3.458854668901e-12	6.613219211845e-11
2.466000000000e-07	8.670966485135e-11	8.902953240874e-13	7.393890706666e-11
2.468000000000e-07	1.030013085624e-10	8.563278635543e-13	7.339747955948e-11
2.470000000000e-07	5.585066982546e-11	4.061628022514e-12	5.074246628911e-11
2.472000000000e-07	7.591434220537e-11	-1.255854124332e-12	6.146988840155e-11
2.474000000000e-07	7.134070889267e-11	3.078977001911e-12	6.976743270080e-11
2.476000000000e-07	9.855637338717e-11	2.335681626409e-11	3.775541236229e-11
2.478000000000e-07	9.257131857691e-11	2.475344752015e-12	6.365986726409e-11
2.480000000000e-07	8.363379697529e-11	-1.094902374387e-13	6.292653401189e-11
2.482000000000e-07	7.658256542357e-11	-3.200435869749e-12	6.256962340153e-11
2.484000000000e-07	9.812862950236e-11	1.428869862044e-11	6.626540177788e-11
2.486000000000e-07	9.390030241134e-11	1.693672207462e-11	4.333696590174e-11
2.488000000000e-07	6.909855204475e-11	1.485924053490e-12	5.856580999657e-11
2.490000000000e-07	8.903565168041e-11	1.112289771983e-11	5.166027516763e-11
2.492000000000e-07	7.624257455019e-11	-2.648153786861e-12	5.712803863916e-11
2.494000000000e-07	7.792561192143e-11	5.167293983438e-12	6.234374715157e-11
2.496000000000e-07	8.604559248443e-11	2.192476965020e-11	2.951683205371e-11
2.498000000000e-07	7.804637140028e-11	1.055755199409e-11	5.208276021959e-11
2.500000000000e-07	9.400539930575e-11	2.998855842906e-12	6.559808664971e-11
2.502000000000e-07	1.015278336116e-10	1.143093411226e-11	4.994490499376e-11
2.504000000000e-07	8.344168950209e-11	1.182235127753e-11	4.385066885081e-11
2.506000000000e-07	8.763241170383e-11	2.229893662594e-11	3.623739651563e-11
2.508000000000e-07	7.224276811319e-11	-9.896544577800e-12	7.674793062638e-11
2.510000000000e-07	9.117886564832e-11	1.012095139254e-11	4.600632165037e-11
2.512000000000e-07	5.832921240789e-11	4.959796399235e-12	4.495398286555e-11
2.514000000000e-07	5.941173148788e-11	6.940410686963e-12	5.629615863664e-11
2.516000000000e-07	6.449331837981e-11	9.198413482821e-13	5.478100133465e-11
2.518000000000e-07	6.709597356324e-11	1.420225931065e-11	4.763634187214e-11
2.520000000000e-07	7.611898110239e-11	2.066297604866e-11	2.538627664880e-11
2.522000000000e-07	7.736556097380e-11	-4.444537470181e-12	7.017018836315e-11
2.524000000000e-07	8.188299210188e-11	-3.073077316067e-12	5.921016099395e-11
