6.742000000000e-07	0.000000000000e+00	0.000000000000e+00	0.000000000000e+00
6.744000000000e-07	0.000000000000e+00	0.000000000000e+00	0.000000000000e+00
6.746000000000e-07	0.000000000000e+00	0.000000000000e+00	0.000000000000e+00
6.748000000000e-07	0.000000000000e+00	0.000000000000e+00	0.000000000000e+00
6.750000000000e-07	0.000000000000e+00	0.000000000000e+00	0.000000000000e+00
6.752000000000e-07	0.000000000000e+00	0.000000000000e+00	0.000000000000e+00
6.754000000000e-07	0.000000000000e+00	0.000000000000e+00	0.000000000000e+00
6.756000000000e-07	0.000000000000e+00	0.000000000000e+00	0.000000000000e+00
6.758000000000e-07	0.000000000000e+00	0.000000000000e+00	0.000000000000e+00
6.760000000000e-07	0.000000000000e+00	0.000000000000e+00	0.000000000000e+00
6.762000000000e-07	0.000000000000e+00	0.000000000000e+00	0.000000000000e+00
6.764000000000e-07	0.000000000000e+00	0.000000000000e+00	0.000000000000e+00
6.766000000000e-07	0.000000000000e+00	0.000000000000e+00	0.000000000000e+00
6.768000000000e-07	0.000000000000e+00	0.000000000000e+00	0.000000000000e+00
6.770000000000e-07	0.000000000000e+00	0.000000000000e+00	0.000000000000e+00
6.772000000000e-07	0.000000000000e+00	0.000000000000e+00	0.000000000000e+00
6.774000000000e-07	0.000000000000e+00	0.000000000000e+00	0.000000000000e+00
6.776000000000e-07	0.000000000000e+00	0.000000000000e+00	0.000000000000e+00
6.778000000000e-07	0.000000000000e+00	0.000000000000e+00	0.000000000000e+00
6.780000000000e-07	0.000000000000e+00	0.000000000000e+00	0.000000000000e+00
6.782000000000e-07	0.000000000000e+00	0.000000000000e+00	0.000000000000e+00
6.784000000000e-07	0.000000000000e+00	0.000000000000e+00	0.000000000000e+00
6.786000000000e-07	0.000000000000e+00	0.000000000000e+00	0.000000000000e+00
6.788000000000e-07	0.000000000000e+00	0.000000000000e+00	0.000000000000e+00
6.790000000000e-07	0.000000000000e+00	0.000000000000e+00	0.000000000000e+00
6.792000000000e-07	0.000000000000e+00	0.000000000000e+00	0.000000000000e+00
6.794000000000e-07	0.000000000000e+00	0.000000000000e+00	0.000000000000e+00
6.796000000000e-07	0.000000000000e+00	0.000000000000e+00	0.000000000000e+00
6.798000000000e-07	0.000000000000e+00	0.000000000000e+00	0.000000000000e+00
6.800000000000e-07	0.000000000000e+00	0.000000000000e+00	0.000000000000e+00
6.802000000000e-07	0.000000000000e+00	0.000000000000e+00	0.000000000000e+00
6.804000000000e-07	0.000000000000e+00	0.000000000000e+00	0.000000000000e+00
6.806000000000e-07	0.000000000000e+00	0.000000000000e+00	0.000000000000e+00
6.808000000000e-07	0.000000000000e+00	0.000000000000e+00	0.000000000000e+00
6.810000000000e-07	0.000000000000e+00	0.000000000000e+00	0.000000000000e+00
6.812000000000e-07	0.000000000000e+00	0.000000000000e+00	0.000000000000e+00
6.814000000000e-07	0.000000000000e+00	0.000000000000e+00	0.000000000000e+00
6.816000000000e-07	0.000000000000e+00	0.000000000000e+00	0.000000000000e+00
6.818000000000e-07	0.000000000000e+00	0.000000000000e+00	0.000000000000e+00
6.820000000000e-07	0.000000000000e+00	0.000000000000e+00	0.000000000000e+00
6.822000000000e-07	0.000000000000e+00	0.000000000000e+00	0.000000000000e+00
6.824000000000e-07	0.000000000000e+00	0.000000000000e+00	0.000000000000e+00
6.826000000000e-07	0.000000000000e+00	0.000000000000e+00	0.000000000000e+00
6.828000000000e-07	0.000000000000e+00	0.000000000000e+00	0.000000000000e+00
6.830000000000e-07	0.000000000000e+00	0.000000000000e+00	0.000000000000e+00
6.832000000000e-07	0.000000000000e+00	0.000000000000e+00	0.000000000000e+00
6.834000000000e-07	0.000000000000e+00	0.000000000000e+00	0.000000000000e+00
6.836000000000e-07	0.000000000000e+00	0.000000000000e+00	0.000000000000e+00
6.838000000000e-07	0.000000000000e+00	0.000000000000e+00	0.000000000000e+00
6.840000000000e-07	0.000000000000e+00	0.000000000000e+00	0.000000000000e+00
6.842000000000e-07	0.000000000000e+00	0.000000000000e+00	0.000000000000e+00
6.844000000000e-07	0.000000000000e+00	0.000000000000e+00	0.000000000000e+00
6.846000000000e-07	0.000000000000e+00	0.000000000000e+00	0.000000000000e+00
6.848000000000e-07	0.000000000000e+00	0.000000000000e+00	0.000000000000e+00
6.850000000000e-07	0.000000000000e+00	0.000000000000e+00	0.000000000000e+00
6.852000000000e-07	0.000000000000e+00	0.000000000000e+00	0.000000000000e+00
6.854000000000e-07	0.000000000000e+00	0.000000000000e+00	0.000000000000e+00
6.856000000000e-07	0.000000000000e+00	0.000000000000e+00	0.000000000000e+00
6.858000000000e-07	3.302277121929e-15	6.914149660249e-15	-6.012200213697e-15
6.860000000000e-07	8.814935616548e-14	1.591932156275e-14	4.853030495169e-14
6.862000000000e-07	-1.225772288694e-13	-9.551712967790e-14	2.354055962706e-14
6.864000000000e-07	2.068863924467e-14	3.377528002049e-14	-2.571362979297e-14
6.866000000000e-07	7.296814071594e-15	8.480079981668e-15	-4.802994186006e-15
6.868000000000e-07	-9.813822679822e-16	-4.429221195534e-16	-2.258937275634e-16
6.870000000000e-07	1.798721812405e-12	7.485134619584e-13	4.719170796521e-13
6.872000000000e-07	-1.083290407997e-12	-2.235592016969e-13	-5.696640807090e-13
6.874000000000e-07	-4.118436153465e-13	-2.068049754734e-13	-6.252975089351e-14
6.876000000000e-07	-2.378608478518e-13	1.401320301149e-13	-3.624953780842e-13
6.878000000000e-07	2.665009904744e-13	-7.720514543593e-13	1.189218631817e-12
6.880000000000e-07	-3.512606998219e-13	-1.600583724584e-14	-2.680167936548e-13
6.882000000000e-07	3.897384419003e-13	7.506112025897e-13	-6.339055195533e-13
6.884000000000e-07	-1.936943087884e-12	2.920281909433e-13	-1.877328012383e-12
6.886000000000e-07	-3.096060921726e-12	1.420025647683e-13	-2.503825932135e-12
6.888000000000e-07	-6.156390769392e-12	-3.469889184507e-12	-3.765630668920e-13
6.890000000000e-07	-1.550384755371e-11	1.254893321348e-13	-1.204372236460e-11
6.892000000000e-07	-5.116831934508e-11	-3.916003127492e-12	-3.429308735332e-11
6.894000000000e-07	-1.703085476434e-10	-1.949638300732e-11	-1.062980648316e-10
6.896000000000e-07	-2.479956272393e-10	-3.069155821116e-11	-1.519764660214e-10
6.898000000000e-07	-5.087786430864e-10	-7.943096599740e-11	-2.909236901949e-10
6.900000000000e-07	-6.482829529219e-10	-1.227399182455e-10	-3.440515487607e-10
6.902000000000e-07	-8.084185062471e-10	-1.218987333004e-10	-4.677770024406e-10
6.904000000000e-07	-9.291380006433e-10	-1.232016400843e-10	-5.596358090221e-10
6.906000000000e-07	-1.034098910473e-09	-1.555912090752e-10	-5.988574286004e-10
6.908000000000e-07	-1.033300790990e-09	-1.604600833534e-10	-5.920284057491e-10
6.910000000000e-07	-1.174327916908e-09	-2.292619026304e-10	-6.145860557328e-10
6.912000000000e-07	-9.312735995330e-10	-9.320685480821e-11	-5.981897633498e-10
6.914000000000e-07	-8.124861569681e-10	-3.968542033815e-11	-5.742131946601e-10
6.916000000000e-07	-8.029756813477e-10	-7.074667981055e-11	-5.284500255087e-10
6.918000000000e-07	-6.339905343183e-10	-1.425371240684e-11	-4.710928197481e-10
6.920000000000e-07	-5.819658895024e-10	-1.134678134280e-10	-3.051369149231e-10
6.922000000000e-07	-4.729811672961e-10	3.698753335991e-12	-3.691503619725e-10
6.924000000000e-07	-4.633577619025e-10	-8.977757041947e-12	-3.448358916137e-10
6.926000000000e-07	-5.092711168074e-10	-6.162417107104e-11	-3.160102967978e-10
6.928000000000e-07	-5.716357145089e-10	-1.056233246261e-10	-3.063592472856e-10
6.930000000000e-07	-6.053724386236e-10	-3.386541591598e-11	-4.242231071418e-10
6.932000000000e-07	-9.144647124351e-10	-1.063899995640e-10	-5.699413670756e-10
6.934000000000e-07	-1.511083260564e-09	-1.878216673925e-10	-9.266106265861e-10
6.936000000000e-07	-2.843334275226e-09	-3.653969054160e-10	-1.727702390800e-09
6.938000000000e-07	-6.600728986469e-09	-1.005655870674e-09	-3.809165280324e-09
6.940000000000e-07	-2.202999176863e-08	-3.040126955354e-09	-1.311142164096e-08
6.942000000000e-07	-3.579614935526e-08	-4.272921191739e-09	-2.214173278050e-08
6.944000000000e-07	-1.527954130614e-08	-2.079445392494e-09	-9.141244793921e-09
6.946000000000e-07	-6.794294346086e-09	-4.428727548783e-10	-4.677247920638e-09
6.948000000000e-07	-3.399745128615e-09	-1.851575915616e-11	-2.595632739302e-09
6.950000000000e-07	-1.833679640919e-09	1.087548323171e-10	-1.557535807662e-09
6.952000000000e-07	-9.232480243076e-10	2.323451386447e-10	-1.011118714356e-09
6.954000000000e-07	-5.980564617648e-10	1.685482807833e-10	-6.767797079685e-10
6.956000000000e-07	-5.023596100922e-10	1.514474097160e-10	-5.846820101215e-10
6.958000000000e-07	-3.008256132457e-10	1.356164185812e-10	-4.105267670496e-10
6.960000000000e-07	-4.475305922010e-10	3.900221766072e-11	-3.963055735228e-10
6.962000000000e-07	2.600358740556e-11	3.395798392216e-10	-4.174263999168e-10
6.964000000000e-07	-2.573902343079e-10	5.390508763332e-11	-2.699556467743e-10
6.966000000000e-07	5.709744903070e-11	3.927943461120e-10	-4.646981178318e-10
6.968000000000e-07	6.084641734057e-11	8.544867291739e-11	-6.197494227156e-11
6.970000000000e-07	1.013729961884e-10	1.680577961001e-10	-1.387767451383e-10
6.972000000000e-07	5.501783942621e-11	1.761886458241e-10	-1.893667832315e-10
6.974000000000e-07	-2.593014130449e-11	2.143556838971e-10	-2.960794792757e-10
6.976000000000e-07	1.122048666301e-10	2.638057554039e-10	-2.550196177466e-10
6.978000000000e-07	6.515117833373e-11	1.266248328454e-11	3.291998947342e-11
6.980000000000e-07	1.567169800055e-10	1.867220593276e-10	-1.209682287414e-10
6.982000000000e-07	1.285238170951e-10	5.529640791207e-11	2.725582746408e-11
6.984000000000e-07	2.762765434127e-10	8.593262885631e-11	1.046504758668e-10
6.986000000000e-07	2.318884326663e-10	1.663592730332e-10	-9.204492530715e-12
6.988000000000e-07	1.428464157044e-10	4.044420624331e-11	5.898840585304e-11
6.990000000000e-07	3.438851111229e-10	1.175094940489e-10	1.130801364195e-10
6.992000000000e-07	1.316844338584e-10	1.236808293808e-10	-5.906916917752e-11
6.994000000000e-07	2.286287747070e-10	9.053094374492e-11	5.528917924832e-11
6.996000000000e-07	3.309674369630e-10	1.724186455375e-10	3.263861649782e-11
6.998000000000e-07	2.009701805718e-10	6.362284730818e-11	7.015146491935e-11
7.000000000000e-07	2.760971142186e-10	1.466491967838e-10	2.633366068249e-11
7.002000000000e-07	2.247003102214e-10	1.952440931159e-10	-7.690722770606e-11
7.004000000000e-07	2.348102940992e-10	5.267446611760e-11	1.107417401749e-10
7.006000000000e-07	2.637343201028e-10	3.196634859590e-11	1.663429763976e-10
7.008000000000e-07	3.262305806764e-10	1.516949100368e-10	5.323845923612e-11
7.010000000000e-07	2.595255072631e-10	8.188779102800e-11	9.317642573616e-11
7.012000000000e-07	2.223398062448e-10	1.742840227903e-11	1.535974046155e-10
7.014000000000e-07	1.292806298800e-10	2.754915236367e-11	6.371153717377e-11
7.016000000000e-07	3.981534139524e-10	1.297157291128e-10	1.414115144719e-10
7.018000000000e-07	2.373800915804e-10	1.718993400273e-11	1.635767612917e-10
7.020000000000e-07	2.796376172700e-10	3.112724106307e-11	1.765222239914e-10
7.022000000000e-07	3.416815880849e-10	7.289381488992e-11	1.725100192391e-10
7.024000000000e-07	2.604054019929e-10	3.115995232876e-11	1.591414234404e-10
7.026000000000e-07	3.381044562770e-10	1.550382530921e-10	6.256857141775e-11
7.028000000000e-07	2.979857088228e-10	2.716387134351e-11	1.939757843993e-10
7.030000000000e-07	4.264083068912e-10	1.124597785024e-10	1.855481437473e-10
7.032000000000e-07	2.063763218744e-10	8.952903349448e-11	4.259380229678e-11
7.034000000000e-07	3.561295352547e-10	1.061023431534e-10	1.454130369387e-10
7.036000000000e-07	2.840726371199e-10	-1.191568407416e-11	2.369478149735e-10
7.038000000000e-07	3.293007195771e-10	7.519504911566e-11	1.539475030080e-10
7.040000000000e-07	2.617778889120e-10	8.376212417931e-11	9.469763111342e-11
7.042000000000e-07	3.144674295281e-10	1.011469137563e-10	1.185643889785e-10
7.044000000000e-07	2.989812250991e-10	1.044881232462e-10	9.618831794083e-11
7.046000000000e-07	2.931207784341e-10	5.071800956129e-11	1.640107056529e-10
7.048000000000e-07	2.915424840768e-10	6.589058105649e-11	1.399278900850e-10
7.050000000000e-07	2.763403001946e-10	5.797662152393e-11	1.390370480737e-10
7.052000000000e-07	2.205252985650e-10	6.931216039954e-11	8.124998034871e-11
7.054000000000e-07	4.128626666269e-10	1.293874387920e-10	1.496938380957e-10
7.056000000000e-07	2.522318823006e-10	-2.660680022743e-11	2.355277517994e-10
7.058000000000e-07	2.805818700909e-10	-5.402767324523e-11	2.886850727643e-10
7.060000000000e-07	2.961388133645e-10	2.580282289130e-11	2.019432605099e-10
7.062000000000e-07	3.057213155907e-10	9.468455574000e-11	1.166106856403e-10
7.064000000000e-07	3.331854498238e-10	9.461611815925e-11	1.377516850357e-10
7.066000000000e-07	4.955764409426e-10	8.372283050589e-11	2.732341481704e-10
7.068000000000e-07	3.281170393678e-10	1.058846200361e-10	1.153230870039e-10
7.070000000000e-07	2.278113204391e-10	2.115520974540e-11	1.509865078314e-10
7.072000000000e-07	2.602287406752e-10	2.298519761026e-11	1.773045912701e-10
7.074000000000e-07	3.347525512519e-10	5.953001241781e-12	2.552115702279e-10
7.076000000000e-07	2.723988692293e-10	4.850443880154e-11	1.434693917560e-10
7.078000000000e-07	2.983322245062e-10	7.009462648713e-11	1.458499391646e-10
7.080000000000e-07	3.190599544862e-10	6.402042808194e-11	1.598364729190e-10
7.082000000000e-07	2.719197257901e-10	5.874317461804e-12	2.040682963029e-10
7.084000000000e-07	2.262010005433e-10	2.135569470307e-11	1.520285315030e-10
7.086000000000e-07	3.094197191996e-10	1.237675310476e-11	2.297132752238e-10
7.088000000000e-07	3.476310053238e-10	6.435985914093e-11	1.848512888154e-10
7.090000000000e-07	2.589129931938e-10	9.621667363177e-11	7.866732946206e-11
7.092000000000e-07	2.747619567204e-10	-5.166162224101e-12	2.224645992410e-10
7.094000000000e-07	2.778137036950e-10	4.844128433498e-11	1.499593048767e-10
7.096000000000e-07	2.574341323232e-10	4.068591647231e-11	1.540604025819e-10
7.098000000000e-07	2.641623282664e-10	2.515117859128e-11	1.748909873066e-10
7.100000000000e-07	3.359616652682e-10	3.004717268631e-11	2.243727720294e-10
7.102000000000e-07	3.117389419463e-10	1.043564889587e-11	2.383998310383e-10
7.104000000000e-07	2.562644550571e-10	-2.105421784301e-12	1.980290938536e-10
7.106000000000e-07	3.252306887670e-10	8.642124428786e-11	1.377969813518e-10
7.108000000000e-07	2.561286041799e-10	2.783752624675e-11	1.654699670341e-10
7.110000000000e-07	2.904762013080e-10	4.811987724981e-11	1.580403526555e-10
7.112000000000e-07	2.663801854920e-10	3.346751201327e-11	1.688921121723e-10
7.114000000000e-07	2.527845885190e-10	1.324641748524e-11	1.810796699946e-10
7.116000000000e-07	2.883947190218e-10	1.710701019618e-11	2.078365263234e-10
7.118000000000e-07	2.088385822410e-10	1.047640950060e-11	1.519238785885e-10
7.120000000000e-07	4.257705166915e-10	9.538153287716e-11	2.068377403923e-10
7.122000000000e-07	3.130968356377e-10	2.977278226747e-11	2.098438736757e-10
7.124000000000e-07	3.008654815234e-10	5.283256998586e-11	1.689609625548e-10
7.126000000000e-07	2.914678908779e-10	9.342606165068e-11	9.495691348828e-11
7.128000000000e-07	2.568648886639e-10	3.219313450024e-11	1.567951451874e-10
7.130000000000e-07	2.515476906005e-10	1.742150143931e-11	1.768107340873e-10
7.132000000000e-07	2.614976529019e-10	1.670597390386e-11	1.672030770557e-10
7.134000000000e-07	2.596282184622e-10	-2.164833802436e-11	2.367458767508e-10
7.136000000000e-07	2.029660976311e-10	-5.052397115058e-11	2.320173733480e-10
7.138000000000e-07	2.788807338270e-10	4.394816902550e-11	1.625271978757e-10
7.140000000000e-07	3.664908483255e-10	8.447577955226e-11	1.713684228992e-10
7.142000000000e-07	2.351951132214e-10	3.341779547917e-11	1.379049563919e-10
7.144000000000e-07	3.778074259215e-10	8.250260638459e-11	1.899403150585e-10
7.146000000000e-07	2.327814131918e-10	1.139974056344e-11	1.679759762085e-10
7.148000000000e-07	1.897628671847e-10	-2.155883067306e-11	1.753206271908e-10
7.150000000000e-07	3.112967879489e-10	1.088123670192e-10	9.764516266141e-11
7.152000000000e-07	2.704625869891e-10	2.294812768473e-11	1.810911404715e-10
7.154000000000e-07	2.433881251810e-10	-1.904603628811e-11	2.207043165003e-10
7.156000000000e-07	2.791989150274e-10	7.864157876572e-12	2.114133130291e-10
7.158000000000e-07	2.896487624013e-10	1.786087061626e-11	2.066456895226e-10
7.160000000000e-07	2.755765031822e-10	1.161317949565e-11	2.016458068530e-10
7.162000000000e-07	2.035658772015e-10	4.047429135656e-11	1.060979573195e-10
7.164000000000e-07	2.308253520647e-10	2.305188172489e-11	1.555116956560e-10
7.166000000000e-07	2.957939655667e-10	3.326277327268e-11	1.888849326230e-10
7.168000000000e-07	2.634164039224e-10	-8.639982114164e-12	2.174685076900e-10
7.170000000000e-07	2.635813388545e-10	2.308615832657e-11	1.837093417201e-10
7.172000000000e-07	2.849821627799e-10	7.000423525705e-11	1.256523313489e-10
7.174000000000e-07	2.017187723534e-10	-5.811497749588e-11	2.477535117766e-10
7.176000000000e-07	2.495801725697e-10	5.340401089103e-11	1.260484769019e-10
7.178000000000e-07	3.270283215175e-10	3.873506972546e-11	2.052489447213e-10
7.180000000000e-07	2.748913867490e-10	7.441175216218e-11	1.061177055316e-10
7.182000000000e-07	2.538702484384e-10	2.897602420569e-11	1.660779954295e-10
7.184000000000e-07	3.340687936151e-10	7.794827206679e-11	1.534477123641e-10
7.186000000000e-07	3.101153337345e-10	5.117193061339e-11	1.717682509043e-10
7.188000000000e-07	2.374079142201e-10	-6.312820598905e-12	1.985578789622e-10
7.190000000000e-07	2.392520467792e-10	5.483552126662e-12	1.790544807261e-10
7.192000000000e-07	2.519372544725e-10	2.701639667833e-11	1.628790239546e-10
7.194000000000e-07	2.673780917150e-10	2.264446115403e-11	1.714982598877e-10
7.196000000000e-07	3.041365410379e-10	3.281676787212e-11	2.004694687203e-10
7.198000000000e-07	2.410047263374e-10	4.557803735436e-11	1.280396105391e-10
7.200000000000e-07	2.593399130511e-10	2.287391322872e-11	1.759445657411e-10
7.202000000000e-07	2.687154482366e-10	-2.223944674831e-11	2.441781789853e-10
7.204000000000e-07	2.597584885989e-10	4.026260947284e-11	1.516066782941e-10
7.206000000000e-07	2.513868476182e-10	-1.907638541571e-12	2.046532932466e-10
7.208000000000e-07	2.630095651706e-10	4.710844111598e-11	1.467746718049e-10
7.210000000000e-07	2.922485794461e-10	8.320256459804e-11	1.177531010667e-10
7.212000000000e-07	2.440901939707e-10	2.458314205643e-11	1.660019500396e-10
7.214000000000e-07	2.976180354676e-10	3.912767391320e-11	1.783043378618e-10
7.216000000000e-07	2.692463506179e-10	7.012778192968e-11	1.215848838960e-10
7.218000000000e-07	2.582232129462e-10	-8.375748278806e-12	2.236338219020e-10
7.220000000000e-07	2.378276022723e-10	4.909106475158e-11	1.168716051334e-10
7.222000000000e-07	2.450646297858e-10	2.508074510491e-11	1.711270448692e-10
7.224000000000e-07	1.644172886612e-10	-1.235299062759e-11	1.412624482928e-10
7.226000000000e-07	2.632622401475e-10	-7.127379124406e-12	2.158465961052e-10
7.228000000000e-07	2.316829695130e-10	2.057147619364e-11	1.648853203583e-10
7.230000000000e-07	2.847401941053e-10	2.233468747087e-11	1.837210400612e-10
7.232000000000e-07	1.854141672397e-10	1.190878642137e-11	1.395291164887e-10
7.234000000000e-07	2.783091316373e-10	-8.694278019444e-14	2.250357572220e-10
7.236000000000e-07	2.502575667316e-10	2.779082343477e-11	1.645501845386e-10
7.238000000000e-07	1.870511958287e-10	-1.360913248671e-12	1.450107647940e-10
7.240000000000e-07	2.804627682133e-10	9.116571890298e-11	1.003502685623e-10
7.242000000000e-07	2.022438474558e-10	-7.876061112681e-12	1.746007368889e-10
7.244000000000e-07	2.523390282347e-10	2.033686387424e-11	1.737079908912e-10
7.246000000000e-07	2.567221874620e-10	3.476367099000e-11	1.515979574685e-10
7.248000000000e-07	2.505842547348e-10	1.531315497596e-11	1.850995594435e-10
7.250000000000e-07	2.238318521683e-10	7.851455249520e-12	1.690632647119e-10
7.252000000000e-07	2.446487208129e-10	4.030988046755e-11	1.367985167632e-10
7.254000000000e-07	2.510430061471e-10	2.906865428690e-11	1.706708508029e-10
7.256000000000e-07	2.493028951549e-10	4.576361016144e-11	1.263400325378e-10
7.258000000000e-07	2.455748942780e-10	1.267894873351e-11	1.801866794124e-10
7.260000000000e-07	2.958015660330e-10	3.773105045470e-11	1.798775824460e-10
7.262000000000e-07	2.223565891783e-10	2.230056310369e-11	1.505686024289e-10
7.264000000000e-07	2.776234706431e-10	4.624682990394e-11	1.542678365557e-10
7.266000000000e-07	2.338416617458e-10	2.417209956303e-11	1.619315102531e-10
7.268000000000e-07	2.214546501165e-10	2.334864114856e-11	1.395166399516e-10
7.270000000000e-07	2.716196633146e-10	1.794717322744e-12	2.275675006752e-10
7.272000000000e-07	1.606355506050e-10	1.156555382640e-11	1.256554358929e-10
7.274000000000e-07	2.824902327894e-10	8.985330111867e-11	9.931311369867e-11
7.276000000000e-07	1.994852336022e-10	-1.075324914797e-12	1.634367994773e-10
7.278000000000e-07	1.826224975139e-10	-2.066327417373e-11	1.823831599047e-10
7.280000000000e-07	2.358174410613e-10	7.006467720177e-11	8.980037814364e-11
7.282000000000e-07	2.103990513736e-10	2.477681846571e-11	1.312378719454e-10
7.284000000000e-07	2.029363424082e-10	-2.174615053014e-11	2.049603818862e-10
7.286000000000e-07	2.178596049026e-10	2.055953523427e-11	1.440216949911e-10
7.288000000000e-07	2.045261412455e-10	-1.175142224862e-11	1.758171810447e-10
7.290000000000e-07	2.395330452259e-10	2.070348120613e-11	1.736642272933e-10
7.292000000000e-07	2.381037738741e-10	3.329458335451e-11	1.496804189611e-10
7.294000000000e-07	2.270750002544e-10	2.623526770445e-12	1.828359126054e-10
7.296000000000e-07	2.376329940322e-10	1.286701434711e-11	1.703374900746e-10
7.298000000000e-07	1.925178470778e-10	2.300626995202e-11	1.314721995891e-10
7.300000000000e-07	2.266753728933e-10	9.099441398753e-12	1.718955103140e-10
7.302000000000e-07	2.380068356087e-10	4.426937990455e-11	1.259437233722e-10
7.304000000000e-07	2.170202210567e-10	5.977686886993e-12	1.608381603633e-10
7.306000000000e-07	2.327812661313e-10	3.232136614849e-11	1.411310181863e-10
7.308000000000e-07	2.024873678120e-10	3.230814930741e-11	1.106312246742e-10
7.310000000000e-07	2.180567907416e-10	5.540643862955e-11	9.355461403105e-11
7.312000000000e-07	2.009499489998e-10	-2.089981983939e-12	1.680284411345e-10
7.314000000000e-07	1.866800366929e-10	-1.284717890204e-11	1.728517440047e-10
7.316000000000e-07	2.376277327867e-10	2.889042801092e-11	1.501951522203e-10
7.318000000000e-07	2.619415684204e-10	4.083414493945e-11	1.572277179269e-10
7.320000000000e-07	2.132524191802e-10	1.323693300498e-11	1.530271921689e-10
7.322000000000e-07	1.938053350550e-10	2.698207407211e-11	1.223846003989e-10
7.324000000000e-07	1.981586017646e-10	1.457673464561e-11	1.371731619945e-10
7.326000000000e-07	2.222009930298e-10	2.556637278382e-11	1.371803948366e-10
7.328000000000e-07	2.404360952569e-10	2.214073900304e-11	1.587269226847e-10
7.330000000000e-07	1.854587684307e-10	5.698927917894e-12	1.428458596705e-10
7.332000000000e-07	2.400861697256e-10	3.767109621671e-11	1.286797593000e-10
7.334000000000e-07	2.432998432307e-10	1.897803694339e-11	1.669046409711e-10
7.336000000000e-07	2.235310219787e-10	5.486810102073e-11	9.918292528423e-11
7.338000000000e-07	1.868078296619e-10	1.242290154797e-11	1.353600807689e-10
7.340000000000e-07	1.699980301493e-10	3.113199031661e-12	1.388997501516e-10
7.342000000000e-07	1.798066024941e-10	2.920301614621e-11	1.095629199317e-10
7.344000000000e-07	2.914040028432e-10	6.518166299908e-11	1.470215283293e-10
7.346000000000e-07	2.024184011391e-10	3.183261452407e-11	1.239572417008e-10
7.348000000000e-07	1.698635265806e-10	-7.159008426262e-12	1.536457240055e-10
7.350000000000e-07	1.839164151029e-10	-5.255786689244e-12	1.545029047807e-10
7.352000000000e-07	2.120580888050e-10	4.524908955669e-11	1.137436143285e-10
7.354000000000e-07	1.930497764118e-10	3.659213563692e-11	1.032249117609e-10
7.356000000000e-07	2.174128010033e-10	3.857992829890e-11	1.206907480308e-10
7.358000000000e-07	2.138251270947e-10	3.719148453175e-11	1.281384221963e-10
7.360000000000e-07	2.090093830178e-10	9.462675488129e-12	1.614356482104e-10
7.362000000000e-07	1.941169227011e-10	2.949054099604e-11	1.093208797173e-10
7.364000000000e-07	1.898054295888e-10	7.314513240605e-12	1.387810215660e-10
7.366000000000e-07	2.218346841777e-10	2.038606085944e-11	1.528871589462e-10
7.368000000000e-07	2.362688955827e-10	3.817471940114e-11	1.296038579853e-10
7.370000000000e-07	1.725516817329e-10	-5.412470062237e-12	1.443688100136e-10
7.372000000000e-07	1.906725481444e-10	3.437969927525e-11	1.063850263372e-10
7.374000000000e-07	2.099619150135e-10	3.059251714699e-11	1.295127745350e-10
7.376000000000e-07	2.241784645309e-10	1.961656923292e-11	1.465671770377e-10
7.378000000000e-07	2.224261168707e-10	3.159722317016e-11	1.280265221095e-10
7.380000000000e-07	1.960045874639e-10	2.268138033417e-11	1.154403699618e-10
7.382000000000e-07	1.955115827578e-10	3.834115338143e-11	1.071689157268e-10
7.384000000000e-07	2.196224359820e-10	3.965556835861e-11	1.194434882609e-10
7.386000000000e-07	1.618522061814e-10	2.121704116717e-11	1.063954999285e-10
7.388000000000e-07	1.698225127298e-10	2.398286411655e-12	1.261310195934e-10
7.390000000000e-07	1.792883631157e-10	1.586661428367e-11	1.296267963680e-10
7.392000000000e-07	2.083080747871e-10	-1.299282348368e-12	1.748463820161e-10
7.394000000000e-07	1.774396179181e-10	1.095479669109e-11	1.344843281040e-10
7.396000000000e-07	1.769051579683e-10	2.627158949729e-11	1.118822666502e-10
7.398000000000e-07	2.061965811126e-10	3.128543119819e-11	1.287422855283e-10
7.400000000000e-07	1.726080616178e-10	1.196401502843e-11	1.201559756981e-10
7.402000000000e-07	2.222643527718e-10	3.337518188433e-11	1.328933656421e-10
7.404000000000e-07	2.042255687327e-10	2.754134847792e-11	1.214673485040e-10
7.406000000000e-07	1.959697151912e-10	1.871903690426e-11	1.271312156624e-10
7.408000000000e-07	1.792624939547e-10	4.039389110629e-12	1.576325803689e-10
7.410000000000e-07	1.856684668828e-10	4.119728027210e-11	6.913952108307e-11
7.412000000000e-07	2.014883864313e-10	2.720002785401e-11	1.198715976329e-10
7.414000000000e-07	1.790127546071e-10	1.358949843159e-13	1.454615588720e-10
7.416000000000e-07	1.256729898657e-10	-2.401839338462e-11	1.583152017901e-10
7.418000000000e-07	1.981982828958e-10	1.313575094973e-11	1.559176705427e-10
7.420000000000e-07	1.968580989223e-10	3.581421635686e-11	1.048452178084e-10
7.422000000000e-07	1.727857987290e-10	-1.190195522260e-11	1.542008882142e-10
7.424000000000e-07	1.815222731650e-10	2.810654936575e-11	1.107051151624e-10
7.426000000000e-07	1.727521375450e-10	1.555012201921e-11	1.236321809821e-10
7.428000000000e-07	2.047404933121e-10	4.481693725737e-11	1.007082462960e-10
7.430000000000e-07	1.802286670455e-10	-3.673765154015e-12	1.426616106492e-10
7.432000000000e-07	2.036096992737e-10	3.912729100938e-11	1.092751460153e-10
7.434000000000e-07	1.710439183395e-10	7.719561571142e-12	1.277748033408e-10
7.436000000000e-07	1.725392118267e-10	1.586717216929e-11	1.209482004120e-10
7.438000000000e-07	1.520541254264e-10	7.067437119339e-12	1.209733061799e-10
7.440000000000e-07	1.918342144188e-10	3.489397538283e-11	1.111491751853e-10
7.442000000000e-07	1.836197260920e-10	2.502611598569e-11	1.092230339773e-10
7.444000000000e-07	1.859432921838e-10	2.337463166261e-11	1.223555098291e-10
7.446000000000e-07	1.587921135691e-10	2.426504561205e-11	8.805818856381e-11
7.448000000000e-07	1.581399188665e-10	1.305495575061e-12	1.350951963264e-10
7.450000000000e-07	1.653183601692e-10	1.942080091117e-11	1.143125199255e-10
7.452000000000e-07	1.616749237185e-10	1.512160382218e-11	1.157213262694e-10
7.454000000000e-07	1.646007644224e-10	4.472716968362e-12	1.301318726243e-10
7.456000000000e-07	2.089628422741e-10	4.568678765715e-11	1.069259258608e-10
7.458000000000e-07	1.612957651881e-10	3.040130373962e-11	7.935928584734e-11
7.460000000000e-07	1.982852756496e-10	5.204611525732e-11	9.145090765047e-11
7.462000000000e-07	1.636144304664e-10	7.691373146555e-12	1.181548591412e-10
7.464000000000e-07	1.817696728731e-10	1.356588025188e-11	1.359468089717e-10
7.466000000000e-07	1.453969014907e-10	1.863312922881e-11	1.046081087049e-10
7.468000000000e-07	1.854590548937e-10	4.950448363819e-11	6.855081184420e-11
7.470000000000e-07	1.782358515123e-10	1.121910330383e-11	1.199332760275e-10
7.472000000000e-07	1.783809775522e-10	2.440979020893e-11	1.053314363050e-10
7.474000000000e-07	1.607629748375e-10	1.434996552284e-11	1.248085596711e-10
7.476000000000e-07	1.655923094894e-10	1.326102941082e-11	1.056111595648e-10
7.478000000000e-07	1.585102503100e-10	3.100471846707e-11	8.806169614942e-11
7.480000000000e-07	1.689006554875e-10	-1.879341747458e-12	1.448339685275e-10
7.482000000000e-07	1.708359466052e-10	2.327842456608e-11	1.094307002075e-10
7.484000000000e-07	1.394699906463e-10	-1.243441143676e-11	1.314723092032e-10
7.486000000000e-07	1.898258938068e-10	2.518392714997e-11	1.231261847787e-10
7.488000000000e-07	1.412335921507e-10	1.897862202678e-11	9.571088861698e-11
7.490000000000e-07	1.792581315642e-10	1.548193721383e-11	1.261227517806e-10
7.492000000000e-07	1.660976043733e-10	1.606377774115e-12	1.280614511310e-10
7.494000000000e-07	1.618443945164e-10	1.768313491641e-11	1.053378726847e-10
7.496000000000e-07	1.552761558218e-10	2.261455158629e-11	8.611741873540e-11
7.498000000000e-07	1.674877504249e-10	8.024033773380e-12	1.348774569897e-10
7.500000000000e-07	1.850932934665e-10	2.801783331110e-11	1.128526788988e-10
7.502000000000e-07	1.453336878485e-10	2.583417123152e-11	8.147301395287e-11
7.504000000000e-07	1.339639369221e-10	-2.021398064088e-12	1.096497894697e-10
7.506000000000e-07	1.573808430694e-10	2.650519398342e-11	9.688929921541e-11
7.508000000000e-07	1.595935745262e-10	2.512394691171e-11	8.686910603163e-11
7.510000000000e-07	1.720456647023e-10	4.075163310743e-11	7.627045247635e-11
7.512000000000e-07	1.686286228471e-10	-4.357500949477e-12	1.549871153561e-10
7.514000000000e-07	1.484409140473e-10	2.435265447255e-11	8.668801301241e-11
7.516000000000e-07	1.639206344981e-10	2.260820929693e-11	9.156633715050e-11
7.518000000000e-07	1.516800625854e-10	1.211471487873e-11	1.158282203059e-10
7.520000000000e-07	1.737173631279e-10	3.416965986444e-11	9.003010980178e-11
7.522000000000e-07	1.590126480106e-10	2.111804462418e-11	9.680466731265e-11
7.524000000000e-07	1.733585082606e-10	2.429051155888e-11	1.095280090215e-10
7.526000000000e-07	1.417737462552e-10	6.847918755454e-12	1.123864599262e-10
7.528000000000e-07	1.316902905113e-10	-9.787608167031e-12	1.239734624420e-10
7.530000000000e-07	1.682667442592e-10	3.114224370691e-11	1.044751853526e-10
7.532000000000e-07	1.456931819426e-10	1.105973925335e-11	1.036245204016e-10
7.534000000000e-07	1.453387939591e-10	-1.470980190323e-11	1.353363916116e-10
7.536000000000e-07	1.478544341296e-10	1.905072552640e-11	9.492705685766e-11
7.538000000000e-07	1.750203467195e-10	1.931960465286e-11	1.113456251329e-10
7.540000000000e-07	1.533514927918e-10	1.261620801895e-11	1.191919694570e-10
7.542000000000e-07	1.521574917160e-10	-1.378516208444e-13	1.250236770328e-10
7.544000000000e-07	1.457272906977e-10	2.971021486860e-11	7.500035345029e-11
7.546000000000e-07	1.468701859103e-10	1.489650400925e-11	9.656681124357e-11
7.548000000000e-07	1.455328872667e-10	4.077723471992e-12	1.163109222126e-10
7.550000000000e-07	1.364795156163e-10	4.162533854533e-14	1.088221381542e-10
7.552000000000e-07	1.733728191113e-10	1.976540495417e-11	1.044157640556e-10
7.554000000000e-07	1.431729972440e-10	1.738792184586e-11	8.838544468625e-11
7.556000000000e-07	1.432297392381e-10	1.394266519876e-11	9.179208225874e-11
7.558000000000e-07	1.469432309468e-10	3.974644255375e-11	5.530233909440e-11
7.560000000000e-07	1.686628371495e-10	3.135585480552e-11	9.844821195942e-11
7.562000000000e-07	1.663550918224e-10	4.104809641740e-11	7.089051992923e-11
7.564000000000e-07	1.456926401361e-10	1.622784557798e-11	9.353503763493e-11
7.566000000000e-07	1.485940553715e-10	3.246418955565e-12	1.127700329575e-10
7.568000000000e-07	1.441317986470e-10	1.531006071445e-11	1.107394845387e-10
7.570000000000e-07	1.702500327515e-10	1.550954645680e-11	1.227946878261e-10
7.572000000000e-07	1.215967515757e-10	1.338222727388e-11	8.756465672297e-11
7.574000000000e-07	1.573103037114e-10	2.272764290790e-11	1.010898636577e-10
7.576000000000e-07	1.140027197460e-10	8.144365239550e-12	8.287571488262e-11
7.578000000000e-07	1.363658132510e-10	-9.839529476194e-13	1.084626743094e-10
7.580000000000e-07	1.142736889408e-10	-7.282195442703e-12	1.163214278508e-10
7.582000000000e-07	1.615948415462e-10	2.956955550215e-11	9.035183554901e-11
7.584000000000e-07	1.243549280034e-10	2.423419202255e-11	7.367263878087e-11
7.586000000000e-07	1.278449491317e-10	-7.508765946451e-12	1.147399403945e-10
7.588000000000e-07	1.461672264084e-10	2.968815852391e-11	9.751388661833e-11
7.590000000000e-07	1.631615918815e-10	3.639425618563e-11	7.139557863029e-11
7.592000000000e-07	1.247180448196e-10	2.539280726113e-11	6.671378410590e-11
7.594000000000e-07	1.606259117158e-10	2.060461655168e-11	9.642517717846e-11
7.596000000000e-07	1.363404684990e-10	2.469816725037e-11	6.840221135833e-11
7.598000000000e-07	1.283465182169e-10	6.759301424378e-12	9.593402892934e-11
7.600000000000e-07	1.237731087250e-10	6.589254321866e-12	9.210262129031e-11
7.602000000000e-07	1.193278673237e-10	1.692728569266e-11	8.615472916908e-11
7.604000000000e-07	1.249245922275e-10	-1.168953204781e-13	1.130121043267e-10
7.606000000000e-07	1.335126390413e-10	2.050065980374e-11	7.312420668635e-11
7.608000000000e-07	1.495602467371e-10	1.207292931687e-11	1.039959147155e-10
7.610000000000e-07	1.342277934845e-10	3.156327524325e-13	1.114604607443e-10
7.612000000000e-07	1.329275763395e-10	1.665333737822e-11	7.469479663617e-11
7.614000000000e-07	1.138580261446e-10	-9.357559104945e-12	1.027412267906e-10
7.616000000000e-07	1.502694547457e-10	2.875122751346e-11	7.115283059769e-11
7.618000000000e-07	1.324993905214e-10	1.362972607785e-11	9.367391413670e-11
7.620000000000e-07	1.451196751718e-10	2.264465580928e-11	8.771897440739e-11
7.622000000000e-07	1.297189014200e-10	2.019404749334e-11	6.704818161729e-11
7.624000000000e-07	1.140510928019e-10	2.934266393935e-12	9.485174687322e-11
7.626000000000e-07	1.681315486420e-10	4.303833129822e-11	6.585809679958e-11
7.628000000000e-07	1.158644003255e-10	-3.004455072300e-12	1.015669392567e-10
7.630000000000e-07	1.417163158364e-10	1.794895268980e-11	8.269430562742e-11
7.632000000000e-07	1.340148146936e-10	1.716164337145e-11	8.903352736730e-11
7.634000000000e-07	1.594547999872e-10	9.311100608219e-12	1.195349710405e-10
7.636000000000e-07	1.065338388105e-10	1.556595157268e-12	8.423982511580e-11
7.638000000000e-07	1.289764530838e-10	1.821233719319e-11	6.968949969094e-11
7.640000000000e-07	1.198194202508e-10	1.771236207200e-11	9.458437354273e-11
7.642000000000e-07	1.288267517778e-10	1.895048959916e-12	1.101294807178e-10
7.644000000000e-07	1.254528014195e-10	7.068906616308e-12	9.715700969792e-11
7.646000000000e-07	1.547490740672e-10	2.417971662506e-11	8.624723390588e-11
7.648000000000e-07	1.254383690507e-10	8.964712089789e-12	9.420253515293e-11
7.650000000000e-07	9.546126897761e-11	8.021231113330e-12	7.655201379324e-11
7.652000000000e-07	1.083456358893e-10	-6.689406634742e-12	1.009097449302e-10
7.654000000000e-07	1.277594232683e-10	9.719682970538e-12	8.967643645060e-11
7.656000000000e-07	1.435027363807e-10	1.912457748409e-11	8.844679521881e-11
7.658000000000e-07	1.239101258621e-10	1.364233434475e-11	8.510144274054e-11
7.660000000000e-07	1.153368312289e-10	1.202358789989e-11	6.860111011329e-11
7.662000000000e-07	1.431254936866e-10	8.259762508291e-12	1.185037307366e-10
7.664000000000e-07	1.478350804516e-10	1.012501460970e-11	1.068174384486e-10
7.666000000000e-07	1.250136323589e-10	3.191640815537e-11	5.883797875686e-11
7.668000000000e-07	1.221472629185e-10	1.049180773471e-11	8.562520329423e-11
7.670000000000e-07	1.043583814208e-10	1.668864541398e-11	5.927602610072e-11
7.672000000000e-07	1.423732417446e-10	1.598823662941e-11	9.343993092299e-11
7.674000000000e-07	1.135218109292e-10	1.027882414407e-11	7.937063188330e-11
7.676000000000e-07	1.141903539383e-10	1.237880376032e-11	7.995488065354e-11
7.678000000000e-07	1.193155622921e-10	1.437775373711e-11	7.464044739430e-11
7.680000000000e-07	1.366854377559e-10	2.439183041518e-11	8.078819580970e-11
7.682000000000e-07	1.170114002004e-10	1.484844980280e-11	8.304724907087e-11
7.684000000000e-07	1.034375052318e-10	4.630210974191e-12	7.647927503113e-11
7.686000000000e-07	1.118502273886e-10	1.172134529110e-11	6.838498926576e-11
7.688000000000e-07	1.142874800404e-10	8.312562207051e-12	9.204186468223e-11
7.690000000000e-07	9.684765487026e-11	4.777930051552e-12	7.567257003099e-11
7.692000000000e-07	1.166710622747e-10	1.251707268088e-11	7.610802724616e-11
7.694000000000e-07	9.606066731029e-11	2.203092308248e-12	8.732561939717e-11
7.696000000000e-07	1.257299845087e-10	2.431477584365e-11	8.779164155936e-11
7.698000000000e-07	1.213802121821e-10	1.884490749857e-11	6.193411316521e-11
7.700000000000e-07	1.265896870201e-10	1.474786549700e-11	8.291665765256e-11
7.702000000000e-07	1.140956084578e-10	9.231621138645e-12	9.115716733393e-11
7.704000000000e-07	1.095921686237e-10	2.376072060006e-11	5.239077112618e-11
7.706000000000e-07	1.248138692095e-10	8.746922674520e-12	8.775842426813e-11
7.708000000000e-07	1.278121709211e-10	4.467942145494e-12	8.692214473333e-11
7.710000000000e-07	1.325812496545e-10	2.445116908177e-11	7.532110825855e-11
7.712000000000e-07	1.329855959379e-10	2.118677759616e-11	7.195850622203e-11
7.714000000000e-07	1.185738370056e-10	3.753417628781e-12	1.018260602489e-10
7.716000000000e-07	1.182632963900e-10	1.414323543817e-11	7.069447940524e-11
7.718000000000e-07	1.030507640393e-10	5.534109211799e-12	7.983725562931e-11
7.720000000000e-07	1.179647873250e-10	2.091690353318e-11	6.116506788451e-11
7.722000000000e-07	1.041453503530e-10	8.305251684976e-12	8.608580845615e-11
7.724000000000e-07	1.054952280247e-10	1.784485489725e-11	6.624353899362e-11
7.726000000000e-07	1.012679623504e-10	1.607615618781e-11	6.562742339359e-11
7.728000000000e-07	8.451063010501e-11	-1.155539229090e-11	9.672680921884e-11
7.730000000000e-07	1.158189743324e-10	1.932240939673e-11	7.053439855984e-11
7.732000000000e-07	1.236335453799e-10	1.671319515988e-11	6.943937912392e-11
7.734000000000e-07	1.003152618585e-10	8.919491248410e-12	7.989731978473e-11
7.736000000000e-07	9.962835563771e-11	9.746507127135e-12	7.542881223318e-11
7.738000000000e-07	1.249623839259e-10	2.496092368556e-11	5.768411255457e-11
7.740000000000e-07	9.751129296029e-11	-2.865452822427e-12	8.892766969019e-11
7.742000000000e-07	1.198955890845e-10	2.240005850428e-11	6.769955457101e-11
7.744000000000e-07	1.083477866936e-10	1.666668105860e-11	7.596363329571e-11
7.746000000000e-07	1.080912173079e-10	4.305564686902e-12	8.576912270118e-11
7.748000000000e-07	9.243911614982e-11	9.153830880059e-12	5.989490735968e-11
7.750000000000e-07	9.101217994955e-11	1.298905945674e-11	5.570831660820e-11
7.752000000000e-07	1.155687000566e-10	1.232160277810e-11	7.492508854941e-11
7.754000000000e-07	1.018093157174e-10	1.249594248133e-11	6.233371185627e-11
7.756000000000e-07	8.538403436137e-11	7.517965612196e-12	5.924366288457e-11
7.758000000000e-07	8.493050616243e-11	2.183078707922e-12	7.545376882651e-11
7.760000000000e-07	1.000016874742e-10	1.240406416825e-11	6.757561032481e-11
7.762000000000e-07	9.962369602480e-11	-8.613360873464e-12	9.787854917753e-11
7.764000000000e-07	9.150082838953e-11	7.234521477689e-12	5.965503005029e-11
7.766000000000e-07	1.136600551730e-10	1.704307508178e-11	7.107936522059e-11
7.768000000000e-07	9.526398560444e-11	2.804109301513e-11	3.835583443503e-11
7.770000000000e-07	1.107806220307e-10	-8.152853487753e-15	9.901914494077e-11
7.772000000000e-07	1.034092425989e-10	2.878532533780e-11	3.885385776868e-11
7.774000000000e-07	1.151746272739e-10	1.908592741283e-11	6.942768872889e-11
7.776000000000e-07	1.103827535633e-10	1.354658270104e-11	6.791312122103e-11
7.778000000000e-07	1.110390438437e-10	8.747702778111e-12	7.972690445322e-11
7.780000000000e-07	9.163460295859e-11	-1.697208176951e-12	8.787798155098e-11
7.782000000000e-07	9.205664542549e-11	7.154455775545e-12	7.602120515104e-11
7.784000000000e-07	1.009099990272e-10	8.108499707864e-12	7.056814825639e-11
7.786000000000e-07	7.848792216940e-11	-3.121266836810e-13	7.459039226034e-11
7.788000000000e-07	8.332022895454e-11	6.848909247386e-12	6.648818690764e-11
7.790000000000e-07	9.454904794116e-11	9.795803956785e-13	7.379400538505e-11
7.792000000000e-07	1.205264727032e-10	3.392957044724e-11	3.789530455414e-11
7.794000000000e-07	8.809432385778e-11	1.249301083982e-11	6.026556779214e-11
7.796000000000e-07	1.083915846837e-10	3.830594125524e-12	8.510784838907e-11
7.798000000000e-07	1.287276291815e-10	2.909897161839e-11	6.721002545360e-11
7.800000000000e-07	1.011194753684e-10	7.231974846588e-12	8.130475426919e-11
7.802000000000e-07	8.679335846356e-11	-5.167705988022e-12	8.129703349915e-11
7.804000000000e-07	9.964477769119e-11	1.571167273665e-11	5.686425905843e-11
7.806000000000e-07	1.066508612168e-10	1.524769504690e-11	6.679174164136e-11
7.808000000000e-07	7.591967770696e-11	-5.303878585017e-12	7.506288343272e-11
7.810000000000e-07	1.057340330313e-10	6.289913967900e-12	8.037272697894e-11
7.812000000000e-07	1.159342154337e-10	1.016988986421e-11	7.591675241959e-11
7.814000000000e-07	8.037914449383e-11	2.236823895545e-12	7.355791255391e-11
7.816000000000e-07	9.635816453776e-11	1.814652149419e-11	4.258663294366e-11
7.818000000000e-07	1.100903676466e-10	1.631375863218e-11	6.314901970250e-11
7.820000000000e-07	9.407894460069e-11	1.263958706364e-11	5.006878463495e-11
7.822000000000e-07	1.243265778418e-10	2.068196636097e-11	6.881503991284e-11
7.824000000000e-07	8.250889341238e-11	1.155550090922e-11	6.170109652490e-11
7.826000000000e-07	7.235422337069e-11	3.979470326041e-12	5.259856756658e-11
7.828000000000e-07	1.022706933825e-10	1.932252182067e-11	5.289905352303e-11
7.830000000000e-07	8.427639471650e-11	1.019919366348e-11	5.526809494353e-11
7.832000000000e-07	8.436402096264e-11	6.651502683684e-12	6.511587435902e-11
7.834000000000e-07	1.051500720540e-10	1.536754351198e-11	6.460582857744e-11
7.836000000000e-07	9.237835311496e-11	-1.872154745161e-12	7.558636460934e-11
7.838000000000e-07	1.087300461617e-10	1.210707336406e-11	6.992490276861e-11
7.840000000000e-07	9.935664722588e-11	1.755291129406e-11	6.079805007069e-11
7.842000000000e-07	7.493645144525e-11	4.271002027519e-13	5.553130951001e-11
7.844000000000e-07	1.084908812299e-10	1.497823941402e-11	7.101470883313e-11
7.846000000000e-07	1.032261966063e-10	2.957882666800e-12	8.986948916389e-11
7.848000000000e-07	7.627796911953e-11	7.190221402153e-12	4.985108444450e-11
7.850000000000e-07	5.339776316120e-11	5.115115772896e-12	2.534078942862e-11
7.852000000000e-07	1.010330194539e-10	1.272831577881e-11	7.211023139834e-11
7.854000000000e-07	6.417750337570e-11	2.601770926917e-12	5.898645537340e-11
7.856000000000e-07	9.227040140498e-11	1.404925005156e-11	6.803353256460e-11
7.858000000000e-07	1.025519026689e-10	1.629382845790e-11	5.753626637791e-11
7.860000000000e-07	9.668216886021e-11	2.764007254859e-12	7.890429813883e-11
7.862000000000e-07	7.778348115279e-11	6.745259925049e-12	5.392965009628e-11
7.864000000000e-07	9.338023417068e-11	7.534509951485e-12	6.053671731849e-11
7.866000000000e-07	6.985454657342e-11	1.274235720284e-11	6.706027338101e-11
7.868000000000e-07	8.392056595708e-11	1.924076614500e-11	3.215546095441e-11
7.870000000000e-07	1.012836048722e-10	1.353824591376e-11	6.017526106296e-11
7.872000000000e-07	8.521304498337e-11	1.457446130080e-12	6.261534620320e-11
7.874000000000e-07	8.442956029311e-11	1.641647827095e-11	5.214851880142e-11
7.876000000000e-07	9.327622406896e-11	1.576657777391e-11	5.399472434845e-11
7.878000000000e-07	1.051713149313e-10	1.421614494825e-11	6.777414665049e-11
7.880000000000e-07	8.695082948835e-11	7.618526676516e-12	5.961051610695e-11
7.882000000000e-07	9.145064721018e-11	7.565978492736e-12	6.696198166361e-11
7.884000000000e-07	7.534000147408e-11	1.386760454371e-11	3.508717369911e-11
7.886000000000e-07	9.076079127388e-11	9.356373248314e-12	5.830763120174e-11
7.888000000000e-07	7.849000804921e-11	9.788935853797e-12	4.349650923960e-11
7.890000000000e-07	7.558004285000e-11	1.043561402548e-11	5.273324453704e-11
7.892000000000e-07	5.365743565805e-11	-3.011239051211e-12	5.860546127217e-11
7.894000000000e-07	8.570427752035e-11	4.820655512266e-12	6.236159247043e-11
7.896000000000e-07	1.005129130391e-10	9.569689118674e-12	6.754357455375e-11
7.898000000000e-07	8.977094629882e-11	1.473011584240e-11	5.811977830856e-11
7.900000000000e-07	8.881881844342e-11	1.365175569605e-11	6.501453388819e-11
7.902000000000e-07	7.917387158685e-11	1.017551507303e-11	4.943202395566e-11
7.904000000000e-07	8.518836038775e-11	1.504921704706e-11	4.073866843000e-11
