1.158200000000e-06	0.000000000000e+00	0.000000000000e+00	0.000000000000e+00
1.158400000000e-06	0.000000000000e+00	0.000000000000e+00	0.000000000000e+00
1.158600000000e-06	0.000000000000e+00	0.000000000000e+00	0.000000000000e+00
1.158800000000e-06	0.000000000000e+00	0.000000000000e+00	0.000000000000e+00
1.159000000000e-06	0.000000000000e+00	0.000000000000e+00	0.000000000000e+00
1.159200000000e-06	0.000000000000e+00	0.000000000000e+00	0.000000000000e+00
1.159400000000e-06	0.000000000000e+00	0.000000000000e+00	0.000000000000e+00
1.159600000000e-06	0.000000000000e+00	0.000000000000e+00	0.000000000000e+00
1.159800000000e-06	0.000000000000e+00	0.000000000000e+00	0.000000000000e+00
1.160000000000e-06	0.000000000000e+00	0.000000000000e+00	0.000000000000e+00
1.160200000000e-06	0.000000000000e+00	0.000000000000e+00	0.000000000000e+00
1.160400000000e-06	0.000000000000e+00	0.000000000000e+00	0.000000000000e+00
1.160600000000e-06	0.000000000000e+00	0.000000000000e+00	0.000000000000e+00
1.160800000000e-06	0.000000000000e+00	0.000000000000e+00	0.000000000000e+00
1.161000000000e-06	0.000000000000e+00	0.000000000000e+00	0.000000000000e+00
1.161200000000e-06	0.000000000000e+00	0.000000000000e+00	0.000000000000e+00
1.161400000000e-06	0.000000000000e+00	0.000000000000e+00	0.000000000000e+00
1.161600000000e-06	0.000000000000e+00	0.000000000000e+00	0.000000000000e+00
1.161800000000e-06	0.000000000000e+00	0.000000000000e+00	0.000000000000e+00
1.162000000000e-06	0.000000000000e+00	0.000000000000e+00	0.000000000000e+00
1.162200000000e-06	0.000000000000e+00	0.000000000000e+00	0.000000000000e+00
1.162400000000e-06	0.000000000000e+00	0.000000000000e+00	0.000000000000e+00
1.162600000000e-06	0.000000000000e+00	0.000000000000e+00	0.000000000000e+00
1.162800000000e-06	0.000000000000e+00	0.000000000000e+00	0.000000000000e+00
1.163000000000e-06	0.000000000000e+00	0.000000000000e+00	0.000000000000e+00
1.163200000000e-06	0.000000000000e+00	0.000000000000e+00	0.000000000000e+00
1.163400000000e-06	0.000000000000e+00	0.000000000000e+00	0.000000000000e+00
1.163600000000e-06	0.000000000000e+00	0.000000000000e+00	0.000000000000e+00
1.163800000000e-06	0.000000000000e+00	0.000000000000e+00	0.000000000000e+00
1.164000000000e-06	0.000000000000e+00	0.000000000000e+00	0.000000000000e+00
1.164200000000e-06	0.000000000000e+00	0.000000000000e+00	0.000000000000e+00
1.164400000000e-06	0.000000000000e+00	0.000000000000e+00	0.000000000000e+00
1.164600000000e-06	0.000000000000e+00	0.000000000000e+00	0.000000000000e+00
1.164800000000e-06	0.000000000000e+00	0.000000000000e+00	0.000000000000e+00
1.165000000000e-06	0.000000000000e+00	0.000000000000e+00	0.000000000000e+00
1.165200000000e-06	0.000000000000e+00	0.000000000000e+00	0.000000000000e+00
1.165400000000e-06	0.000000000000e+00	0.000000000000e+00	0.000000000000e+00
1.165600000000e-06	0.000000000000e+00	0.000000000000e+00	0.000000000000e+00
1.165800000000e-06	0.000000000000e+00	0.000000000000e+00	0.000000000000e+00
1.166000000000e-06	0.000000000000e+00	0.000000000000e+00	0.000000000000e+00
1.166200000000e-06	0.000000000000e+00	0.000000000000e+00	0.000000000000e+00
1.166400000000e-06	0.000000000000e+00	0.000000000000e+00	0.000000000000e+00
1.166600000000e-06	0.000000000000e+00	0.000000000000e+00	0.000000000000e+00
1.166800000000e-06	0.000000000000e+00	0.000000000000e+00	0.000000000000e+00
1.167000000000e-06	0.000000000000e+00	0.000000000000e+00	0.000000000000e+00
1.167200000000e-06	0.000000000000e+00	0.000000000000e+00	0.000000000000e+00
1.167400000000e-06	0.000000000000e+00	0.000000000000e+00	0.000000000000e+00
1.167600000000e-06	0.000000000000e+00	0.000000000000e+00	0.000000000000e+00
1.167800000000e-06	0.000000000000e+00	0.000000000000e+00	0.000000000000e+00
1.168000000000e-06	0.000000000000e+00	0.000000000000e+00	0.000000000000e+00
1.168200000000e-06	0.000000000000e+00	0.000000000000e+00	0.000000000000e+00
1.168400000000e-06	0.000000000000e+00	0.000000000000e+00	0.000000000000e+00
1.168600000000e-06	0.000000000000e+00	0.000000000000e+00	0.000000000000e+00
1.168800000000e-06	0.000000000000e+00	0.000000000000e+00	0.000000000000e+00
1.169000000000e-06	0.000000000000e+00	0.000000000000e+00	0.000000000000e+00
1.169200000000e-06	0.000000000000e+00	0.000000000000e+00	0.000000000000e+00
1.169400000000e-06	0.000000000000e+00	0.000000000000e+00	0.000000000000e+00
1.169600000000e-06	0.000000000000e+00	0.000000000000e+00	0.000000000000e+00
1.169800000000e-06	0.000000000000e+00	0.000000000000e+00	0.000000000000e+00
1.170000000000e-06	0.000000000000e+00	0.000000000000e+00	0.000000000000e+00
1.170200000000e-06	0.000000000000e+00	0.000000000000e+00	0.000000000000e+00
1.170400000000e-06	0.000000000000e+00	0.000000000000e+00	0.000000000000e+00
1.170600000000e-06	0.000000000000e+00	0.000000000000e+00	0.000000000000e+00
1.170800000000e-06	0.000000000000e+00	0.000000000000e+00	0.000000000000e+00
1.171000000000e-06	0.000000000000e+00	0.000000000000e+00	0.000000000000e+00
1.171200000000e-06	0.000000000000e+00	0.000000000000e+00	0.000000000000e+00
1.171400000000e-06	0.000000000000e+00	0.000000000000e+00	0.000000000000e+00
1.171600000000e-06	0.000000000000e+00	0.000000000000e+00	0.000000000000e+00
1.171800000000e-06	0.000000000000e+00	0.000000000000e+00	0.000000000000e+00
1.172000000000e-06	0.000000000000e+00	0.000000000000e+00	0.000000000000e+00
1.172200000000e-06	0.000000000000e+00	0.000000000000e+00	0.000000000000e+00
1.172400000000e-06	0.000000000000e+00	0.000000000000e+00	0.000000000000e+00
1.172600000000e-06	0.000000000000e+00	0.000000000000e+00	0.000000000000e+00
1.172800000000e-06	0.000000000000e+00	0.000000000000e+00	0.000000000000e+00
1.173000000000e-06	0.000000000000e+00	0.000000000000e+00	0.000000000000e+00
1.173200000000e-06	0.000000000000e+00	0.000000000000e+00	0.000000000000e+00
1.173400000000e-06	0.000000000000e+00	0.000000000000e+00	0.000000000000e+00
1.173600000000e-06	0.000000000000e+00	0.000000000000e+00	0.000000000000e+00
1.173800000000e-06	0.000000000000e+00	0.000000000000e+00	0.000000000000e+00
1.174000000000e-06	-1.018368717300e-15	-1.186266294205e-15	6.496506409433e-16
1.174200000000e-06	-8.742234793243e-15	-1.189766596146e-14	7.673653475664e-15
1.174400000000e-06	7.980841989178e-15	-3.215166459146e-16	6.704069509015e-15
1.174600000000e-06	2.134301534251e-15	5.731616849470e-15	-5.344530520537e-15
1.174800000000e-06	1.549012863567e-16	-2.142783912303e-15	2.734998174686e-15
1.175000000000e-06	4.207811514648e-14	5.969388271450e-14	-3.853457411065e-14
1.175200000000e-06	-1.109097305031e-13	-3.623107057568e-15	-8.436552655301e-14
1.175400000000e-06	-1.745065304400e-13	-9.596311904271e-14	-2.174759289743e-14
1.175600000000e-06	1.570155852630e-13	-6.436318479445e-14	2.038710131442e-13
1.175800000000e-06	-3.793854167455e-13	8.224511721874e-14	-4.021032592728e-13
1.176000000000e-06	-4.024022453262e-13	-2.312904279924e-13	-3.885314403024e-14
1.176200000000e-06	-8.076407422039e-14	-1.870120741552e-13	1.604924108243e-13
1.176400000000e-06	-8.188038126294e-14	-3.980502578992e-14	-1.570979994603e-14
1.176600000000e-06	-2.586064857075e-13	2.923597588421e-13	-5.628557719398e-13
1.176800000000e-06	1.588220489271e-13	-1.155596876863e-13	2.704209595340e-13
1.177000000000e-06	-1.401628116212e-12	-2.942446819398e-13	-7.527302122883e-13
1.177200000000e-06	-5.748393546790e-13	2.478621047914e-13	-7.632930763968e-13
1.177400000000e-06	-7.886380970661e-13	2.207814451427e-14	-6.572885681399e-13
1.177600000000e-06	-3.206755946363e-13	1.146981543608e-13	-3.992125940388e-13
1.177800000000e-06	-4.381347967091e-12	-2.345038950553e-12	-6.330673447882e-13
1.178000000000e-06	-1.296363303320e-12	-6.497554694409e-13	-2.363163497214e-13
1.178200000000e-06	-1.195390669356e-12	-5.749507840052e-13	-2.582377013220e-13
1.178400000000e-06	-2.425242523267e-12	-1.950425080180e-13	-1.701419090072e-12
1.178600000000e-06	-5.719982142999e-12	-1.104894739530e-12	-3.246652107976e-12
1.178800000000e-06	-7.150260260904e-12	-6.414986680060e-14	-5.645913554904e-12
1.179000000000e-06	-5.528740670560e-12	-3.707551563429e-12	9.604012393448e-14
1.179200000000e-06	-7.131827396564e-12	3.103703297449e-13	-6.075095061494e-12
1.179400000000e-06	-1.758799566589e-11	-7.081960788231e-12	-5.494574778531e-12
1.179600000000e-06	-1.976050779775e-11	-2.307491100776e-12	-1.303759326097e-11
1.179800000000e-06	-5.528140876394e-12	3.751863839675e-13	-4.838142074434e-12
1.180000000000e-06	-2.224029111741e-11	-4.246426484814e-12	-1.269569571917e-11
1.180200000000e-06	-1.038471974794e-10	-2.523364006785e-11	-5.276949628927e-11
1.180400000000e-06	-7.680191695225e-11	-1.294678981733e-11	-4.594344865327e-11
1.180600000000e-06	-7.134505043727e-11	-1.464165756196e-11	-3.946641814466e-11
1.180800000000e-06	-4.896199878795e-11	-8.414854749632e-12	-2.898433149439e-11
1.181000000000e-06	-4.244141340957e-11	-1.079635224514e-11	-2.094513540493e-11
1.181200000000e-06	-4.304128904938e-11	-9.020115257613e-12	-2.376524507556e-11
1.181400000000e-06	-4.195097614131e-11	-9.415023352104e-12	-2.242607930011e-11
1.181600000000e-06	-4.991295409960e-11	-7.119193607470e-12	-3.157241441888e-11
1.181800000000e-06	-7.203615691985e-11	-1.156379314947e-11	-4.398739052674e-11
1.182000000000e-06	-7.860525544346e-11	-2.506089269944e-11	-3.270746714463e-11
1.182200000000e-06	-8.848101673938e-11	-1.330168235055e-11	-5.518024565971e-11
1.182400000000e-06	-1.013667977490e-10	-2.360008277623e-11	-5.299243578116e-11
1.182600000000e-06	-1.084530258038e-10	-1.955562682429e-11	-6.347176029600e-11
1.182800000000e-06	-1.199717286100e-10	-2.868126863547e-11	-6.182371393851e-11
1.183000000000e-06	-1.332710775516e-10	-3.168912657363e-11	-6.900001953454e-11
1.183200000000e-06	-1.412171637306e-10	-1.967858935291e-11	-8.999488035628e-11
1.183400000000e-06	-1.907443318784e-10	-4.242188746596e-11	-1.023563719309e-10
1.183600000000e-06	-2.130294144070e-10	-3.856013092095e-11	-1.247716414028e-10
1.183800000000e-06	-2.057140293184e-10	-5.450960475804e-11	-9.951445041991e-11
1.184000000000e-06	-2.520222463759e-10	-5.054427650856e-11	-1.420397542024e-10
1.184200000000e-06	-2.925563893448e-10	-5.805529659653e-11	-1.660082257284e-10
1.184400000000e-06	-3.098927573376e-10	-8.140403564043e-11	-1.513221641984e-10
1.184600000000e-06	-3.418599450967e-10	-6.363684098631e-11	-1.990154789857e-10
1.184800000000e-06	-3.577220507687e-10	-5.132212645096e-11	-2.273128741567e-10
1.185000000000e-06	-4.063212269245e-10	-6.955714354964e-11	-2.446800152133e-10
1.185200000000e-06	-4.434432286412e-10	-1.029519134656e-10	-2.338278850582e-10
1.185400000000e-06	-5.308571147265e-10	-1.089811181148e-10	-2.980982767816e-10
1.185600000000e-06	-5.390614139289e-10	-1.179088761509e-10	-2.936863924708e-10
1.185800000000e-06	-5.583464981097e-10	-1.087247696347e-10	-3.213504252550e-10
1.186000000000e-06	-5.757646995151e-10	-1.316990054743e-10	-3.077007696531e-10
1.186200000000e-06	-6.502550199002e-10	-1.522035613237e-10	-3.436012037375e-10
1.186400000000e-06	-6.929322901317e-10	-1.304496094250e-10	-4.058751478959e-10
1.186600000000e-06	-7.481715206140e-10	-1.497652057836e-10	-4.275128642062e-10
1.186800000000e-06	-7.720312503872e-10	-1.758876034714e-10	-4.156825820095e-10
1.187000000000e-06	-7.702565781480e-10	-1.227881890201e-10	-4.800973544672e-10
1.187200000000e-06	-7.922576671000e-10	-1.868791935660e-10	-4.195917772541e-10
1.187400000000e-06	-8.430930482263e-10	-1.789909972608e-10	-4.713920080683e-10
1.187600000000e-06	-9.388085232671e-10	-1.940299170578e-10	-5.322961869331e-10
1.187800000000e-06	-9.745712486323e-10	-2.379476659111e-10	-5.084617142249e-10
1.188000000000e-06	-9.241034259293e-10	-2.058831152599e-10	-5.076562663734e-10
1.188200000000e-06	-9.417538826176e-10	-2.348950534855e-10	-4.860142047258e-10
1.188400000000e-06	-9.924315591431e-10	-1.920554005408e-10	-5.815169570485e-10
1.188600000000e-06	-1.075171707895e-09	-2.384203723009e-10	-5.932397649479e-10
1.188800000000e-06	-9.857786495933e-10	-1.887562535475e-10	-5.814927356881e-10
1.189000000000e-06	-1.013482057125e-09	-2.511649373379e-10	-5.289210592907e-10
1.189200000000e-06	-1.110466923771e-09	-2.496868461762e-10	-6.117481093779e-10
1.189400000000e-06	-1.119443799644e-09	-2.062115011064e-10	-6.727006514564e-10
1.189600000000e-06	-1.092606948601e-09	-2.769468692845e-10	-5.638858286130e-10
1.189800000000e-06	-1.193798819271e-09	-2.502720383963e-10	-6.812354547742e-10
1.190000000000e-06	-1.181772824860e-09	-2.772596717561e-10	-6.394342258603e-10
1.190200000000e-06	-1.049971258375e-09	-1.990025052700e-10	-6.278634281508e-10
1.190400000000e-06	-1.113715591307e-09	-2.428130578558e-10	-6.273491353659e-10
1.190600000000e-06	-1.128675065074e-09	-2.604383807752e-10	-6.205677795095e-10
1.190800000000e-06	-1.217128674194e-09	-2.202777705218e-10	-7.423912055853e-10
1.191000000000e-06	-1.111477039857e-09	-2.277868386670e-10	-6.466370240428e-10
1.191200000000e-06	-1.202511626545e-09	-2.510077151754e-10	-6.952360810193e-10
1.191400000000e-06	-1.150475377651e-09	-2.676332874201e-10	-6.314852952451e-10
1.191600000000e-06	-1.140309856371e-09	-2.702301618245e-10	-6.216209285061e-10
1.191800000000e-06	-1.228184582844e-09	-2.913863204146e-10	-6.689194240316e-10
1.192000000000e-06	-1.200520019853e-09	-2.729543807763e-10	-6.691463831220e-10
1.192200000000e-06	-1.102658631458e-09	-2.462722801852e-10	-6.211893175088e-10
1.192400000000e-06	-1.142407138894e-09	-2.242249978789e-10	-6.829353319602e-10
1.192600000000e-06	-1.086831832483e-09	-2.433070994541e-10	-6.129725147166e-10
1.192800000000e-06	-1.103807981111e-09	-2.524011134845e-10	-6.168963761196e-10
1.193000000000e-06	-1.105580179277e-09	-2.360937165683e-10	-6.398491889870e-10
1.193200000000e-06	-1.030608089308e-09	-1.819051854306e-10	-6.440889306378e-10
1.193400000000e-06	-1.152702659668e-09	-1.976725875215e-10	-7.284258070954e-10
1.193600000000e-06	-1.135270304350e-09	-2.878765421564e-10	-6.023397541658e-10
1.193800000000e-06	-9.941846038319e-10	-1.553267124036e-10	-6.495761052707e-10
1.194000000000e-06	-1.011366887889e-09	-2.134755650040e-10	-5.922292946415e-10
1.194200000000e-06	-1.006953682373e-09	-2.461258049427e-10	-5.486537437711e-10
1.194400000000e-06	-1.025274280892e-09	-2.240054301714e-10	-5.931058549565e-10
1.194600000000e-06	-1.050379099755e-09	-2.889794332598e-10	-5.340395469146e-10
1.194800000000e-06	-1.027782082739e-09	-2.280707040792e-10	-5.908946884983e-10
1.195000000000e-06	-9.896102937514e-10	-2.437454048711e-10	-5.405203684013e-10
1.195200000000e-06	-9.785715283864e-10	-2.389696760276e-10	-5.282709645241e-10
1.195400000000e-06	-9.806860855839e-10	-2.378628989487e-10	-5.419206231462e-10
1.195600000000e-06	-9.289276795843e-10	-1.565784712286e-10	-5.982162292709e-10
1.195800000000e-06	-9.339117469954e-10	-2.256013509916e-10	-5.181704510945e-10
1.196000000000e-06	-8.677757737512e-10	-1.644513109170e-10	-5.390440528956e-10
1.196200000000e-06	-8.612001613834e-10	-1.592825543867e-10	-5.397834554888e-10
1.196400000000e-06	-8.271781983068e-10	-2.101066887461e-10	-4.476428604651e-10
1.196600000000e-06	-8.799267059204e-10	-1.985510372196e-10	-5.084768729375e-10
1.196800000000e-06	-8.365906496111e-10	-1.924405628995e-10	-4.801908399341e-10
1.197000000000e-06	-7.987902951274e-10	-1.793305729285e-10	-4.636075364905e-10
1.197200000000e-06	-8.340922981132e-10	-2.279199552093e-10	-4.348648133716e-10
1.197400000000e-06	-6.951827215014e-10	-7.268096860767e-11	-5.094726096514e-10
1.197600000000e-06	-8.248627260030e-10	-2.050345871412e-10	-4.566609702483e-10
1.197800000000e-06	-7.116130967508e-10	-1.418516808293e-10	-4.382657065005e-10
1.198000000000e-06	-7.329009454157e-10	-1.562130504260e-10	-4.395198237805e-10
1.198200000000e-06	-6.844368783756e-10	-1.335523135598e-10	-4.276663388993e-10
1.198400000000e-06	-7.734449708559e-10	-1.952092760859e-10	-4.323567535031e-10
1.198600000000e-06	-7.321490371579e-10	-1.632384145358e-10	-4.318658417327e-10
1.198800000000e-06	-7.257543355471e-10	-2.146490732456e-10	-3.632878042678e-10
1.199000000000e-06	-5.860975366297e-10	-1.048274461839e-10	-3.797469931650e-10
1.199200000000e-06	-7.523328223517e-10	-2.097094165916e-10	-3.939850000596e-10
1.199400000000e-06	-5.670468549876e-10	-7.331848724594e-11	-3.899615627914e-10
1.199600000000e-06	-6.756240322488e-10	-1.745819751547e-10	-3.722346410561e-10
1.199800000000e-06	-5.898766887239e-10	-1.678490057523e-10	-3.073118312156e-10
1.200000000000e-06	-6.449104516291e-10	-1.611904726847e-10	-3.475894097803e-10
1.200200000000e-06	-5.673477499048e-10	-1.209204138385e-10	-3.472955713979e-10
1.200400000000e-06	-6.159339195780e-10	-1.697543279426e-10	-3.278646640154e-10
1.200600000000e-06	-5.665069388067e-10	-9.382761940367e-11	-3.912992486118e-10
1.200800000000e-06	-5.308929750029e-10	-1.677818323756e-10	-2.578146431213e-10
1.201000000000e-06	-5.163880870200e-10	-1.016633918660e-10	-3.272054407344e-10
1.201200000000e-06	-5.188594741053e-10	-1.476485294713e-10	-2.732069168865e-10
1.201400000000e-06	-5.029913317606e-10	-9.382096519641e-11	-3.273572877745e-10
1.201600000000e-06	-4.978713039597e-10	-9.858112809557e-11	-3.173266774309e-10
1.201800000000e-06	-5.116416196818e-10	-1.288624404320e-10	-2.911629192087e-10
1.202000000000e-06	-4.889330583408e-10	-1.179629176845e-10	-2.873103983426e-10
1.202200000000e-06	-4.037593377306e-10	-3.478150690891e-11	-3.158080048710e-10
1.202400000000e-06	-3.555907451272e-10	-9.358709993601e-11	-2.032194358121e-10
1.202600000000e-06	-4.758488428099e-10	-7.520391955765e-11	-3.285128967883e-10
1.202800000000e-06	-3.322705327442e-10	-9.973189189594e-11	-1.741321813895e-10
1.203000000000e-06	-4.449289834998e-10	-8.755366309942e-11	-2.878155733698e-10
1.203200000000e-06	-4.406082164461e-10	-1.590930705998e-10	-1.950106209670e-10
1.203400000000e-06	-3.606548233225e-10	-5.564596459961e-11	-2.549164622935e-10
1.203600000000e-06	-3.523517270938e-10	-4.831483083340e-11	-2.555949221869e-10
1.203800000000e-06	-3.761439041239e-10	-7.008538126587e-11	-2.522477151166e-10
1.204000000000e-06	-2.438912266723e-10	-6.525871947283e-11	-1.408647621862e-10
1.204200000000e-06	-3.334601723578e-10	-1.355562407778e-10	-1.323272479484e-10
1.204400000000e-06	-3.710515202953e-10	-4.774532668810e-11	-2.746622372911e-10
1.204600000000e-06	-3.507451006445e-10	-7.298762233842e-11	-2.260889931453e-10
1.204800000000e-06	-2.951168344049e-10	-6.048519618245e-11	-1.925322314484e-10
1.205000000000e-06	-3.225737246961e-10	-7.792698162762e-11	-1.950504972957e-10
1.205200000000e-06	-3.142614087228e-10	-1.184637953667e-10	-1.391513240779e-10
1.205400000000e-06	-2.581669383840e-10	-5.449600889344e-11	-1.686299611276e-10
1.205600000000e-06	-2.527446128639e-10	-4.248144968692e-11	-1.782548072589e-10
1.205800000000e-06	-1.874651061292e-10	-7.737575600756e-11	-7.885181938060e-11
1.206000000000e-06	-2.819593462654e-10	1.019304287479e-11	-2.711461224618e-10
1.206200000000e-06	-2.468123019562e-10	-9.954768829905e-11	-1.027445326208e-10
1.206400000000e-06	-2.622165408689e-10	-4.925630108680e-11	-1.803551421724e-10
1.206600000000e-06	-3.380106886276e-10	-9.049385767013e-11	-1.969916548799e-10
1.206800000000e-06	-1.460221892400e-10	-3.267217880991e-12	-1.327246748640e-10
1.207000000000e-06	-2.748264561187e-10	-8.012764943676e-11	-1.545719865666e-10
1.207200000000e-06	-1.789093796273e-10	-5.875407879458e-11	-9.649495374660e-11
1.207400000000e-06	-1.462227341095e-10	-4.276069462247e-11	-8.737216476979e-11
1.207600000000e-06	-1.722011995249e-10	-4.756045265358e-11	-1.047353918237e-10
1.207800000000e-06	-1.416360161196e-10	-3.141468088645e-11	-9.861445405077e-11
1.208000000000e-06	-1.549714906830e-10	-8.193477212173e-12	-1.395467483140e-10
1.208200000000e-06	-1.099121143233e-10	3.344605183702e-12	-1.130457925026e-10
1.208400000000e-06	-1.390833793002e-10	-2.215095568608e-11	-1.091168598550e-10
1.208600000000e-06	-1.399126705333e-10	-2.263834905422e-11	-1.080959038122e-10
1.208800000000e-06	-1.907950901725e-10	-3.561666279090e-11	-1.387927887962e-10
1.209000000000e-06	-1.114940138391e-10	-1.396887946098e-11	-9.346991250855e-11
1.209200000000e-06	-1.758266567268e-10	-1.023336910749e-10	-4.016699749441e-11
1.209400000000e-06	-2.188334362656e-10	-6.747469836750e-11	-1.223720507119e-10
1.209600000000e-06	-5.666204568602e-11	-1.302758063295e-12	-5.936037180505e-11
1.209800000000e-06	-1.146239549116e-10	-8.460252125372e-11	-8.562301244230e-12
1.210000000000e-06	-1.347383527087e-10	-5.664087990209e-11	-6.161561436492e-11
1.210200000000e-06	-9.446961022937e-11	-4.078526292705e-11	-4.529604450718e-11
1.210400000000e-06	-9.941503207449e-11	-1.113931996968e-11	-8.663452299143e-11
1.210600000000e-06	-1.298433180571e-10	-5.493665722813e-11	-6.160643250938e-11
1.210800000000e-06	-1.991432473063e-11	6.111868056195e-11	-1.058470934410e-10
1.211000000000e-06	-1.213373155522e-10	-7.547780785248e-11	-2.706803817235e-11
1.211200000000e-06	-2.498462139643e-11	1.295708182065e-11	-5.234125621234e-11
1.211400000000e-06	-4.606864853602e-11	-5.689381704100e-12	-4.918864571858e-11
1.211600000000e-06	-5.210931879089e-11	-5.412276572071e-11	9.369564681533e-12
1.211800000000e-06	1.757184237535e-11	5.613494346228e-12	-4.211176207276e-12
1.212000000000e-06	-7.643790775600e-12	-1.485550610187e-11	-2.184990335090e-12
1.212200000000e-06	-7.437419608090e-11	-3.777814737197e-12	-7.592409400907e-11
1.212400000000e-06	-6.950310133289e-11	-3.960514829177e-11	-2.432895927845e-11
1.212600000000e-06	-7.243224086975e-11	-2.223597547417e-12	-7.432396365089e-11
1.212800000000e-06	-2.829757675792e-11	2.332184941392e-11	-7.071682804127e-11
1.213000000000e-06	-7.839397065145e-11	-6.101411539477e-13	-8.172573699289e-11
1.213200000000e-06	-3.261021320167e-11	-6.318581074571e-11	3.624400154014e-11
1.213400000000e-06	-1.345476078940e-12	2.474080312756e-11	-4.548288322120e-11
1.213600000000e-06	2.390178537608e-11	3.233627288531e-11	-3.003473424740e-11
1.213800000000e-06	-9.988237170101e-11	-7.707088094395e-11	-6.466567907695e-12
1.214000000000e-06	-1.256724424984e-12	1.622354439686e-11	-3.783311005265e-11
1.214200000000e-06	-1.943775803848e-11	-5.137567770676e-11	3.390570044712e-11
1.214400000000e-06	-8.455024425984e-12	-3.883259066055e-12	-1.586699693568e-11
1.214600000000e-06	3.534431785326e-11	9.649137311786e-12	5.253863122533e-12
1.214800000000e-06	-3.280543976616e-11	-2.159205275752e-11	-1.908550560856e-11
1.215000000000e-06	1.687204009720e-11	4.724407047486e-11	-5.695501066528e-11
1.215200000000e-06	1.640150105555e-11	-1.124227415732e-11	1.516346493623e-11
1.215400000000e-06	-1.699980825007e-12	9.308075276844e-12	-2.625096120611e-11
1.215600000000e-06	4.326230353943e-11	-1.793128513892e-11	4.896966572019e-11
1.215800000000e-06	1.447211420561e-11	-1.423171770702e-12	2.417160906378e-12
1.216000000000e-06	1.716003364420e-11	-2.936400046617e-11	3.693779801519e-11
1.216200000000e-06	3.706448151634e-11	1.373174986525e-11	2.277184200922e-12
1.216400000000e-06	8.141371470754e-11	5.315936430511e-11	-4.117364291745e-12
1.216600000000e-06	1.751538566181e-11	-2.813798516613e-11	3.680097869038e-11
1.216800000000e-06	5.440180422790e-11	3.637110352270e-11	-1.111534465960e-11
1.217000000000e-06	2.338372364550e-11	-2.584687333879e-12	9.791989850045e-12
1.217200000000e-06	8.434306911101e-11	3.749128251929e-11	1.479108576298e-11
1.217400000000e-06	7.433309720455e-11	3.090117553198e-11	1.440057553146e-11
1.217600000000e-06	2.850533078215e-11	1.342373518791e-11	-4.117131713293e-12
1.217800000000e-06	3.916247301016e-11	3.890109050120e-11	-2.698441088353e-11
1.218000000000e-06	1.094821897808e-10	5.076672511317e-11	2.270598018411e-11
1.218200000000e-06	5.057419171126e-11	-2.086048142462e-11	5.592877114814e-11
1.218400000000e-06	8.230307895006e-11	-2.660057868259e-11	9.200148337488e-11
1.218600000000e-06	6.874929895235e-11	9.102883763500e-12	3.802722447618e-11
1.218800000000e-06	3.666759693543e-11	2.122546357515e-11	-7.209326850015e-12
1.219000000000e-06	1.231804287897e-10	2.896639907516e-11	6.009546032081e-11
1.219200000000e-06	1.223278371904e-10	5.438181824096e-11	2.672748375748e-11
1.219400000000e-06	-8.397203730080e-12	5.729326613076e-12	-2.946479615558e-11
1.219600000000e-06	8.688860106819e-11	-1.254246858488e-11	8.064430010493e-11
1.219800000000e-06	8.770837181770e-11	4.574240590920e-11	9.604662702153e-12
1.220000000000e-06	1.070440884040e-10	3.166149765593e-11	4.182336185460e-11
1.220200000000e-06	6.532273332737e-11	9.422022455079e-12	3.434797740589e-11
1.220400000000e-06	4.097522842067e-11	2.481268747846e-11	-9.866437392079e-12
1.220600000000e-06	1.137512094955e-10	2.487133519724e-11	5.935770863018e-11
1.220800000000e-06	1.102882784119e-10	1.551221631417e-11	6.669848207018e-11
1.221000000000e-06	1.125009025409e-10	-1.219665797884e-11	1.028626304322e-10
1.221200000000e-06	8.288648382005e-11	2.247675440833e-11	3.385293218783e-11
1.221400000000e-06	1.357457372956e-10	8.204127575885e-11	4.052252142587e-12
1.221600000000e-06	4.491601650066e-11	-2.655390538064e-11	5.953950368965e-11
1.221800000000e-06	3.819278317406e-11	5.005599936748e-12	1.416741394114e-11
1.222000000000e-06	1.012740116616e-10	-6.576116569756e-12	8.887156370875e-11
1.222200000000e-06	1.242402509513e-10	7.673549908420e-11	2.778770686439e-12
1.222400000000e-06	6.151051545880e-11	5.527096624241e-12	3.311616810452e-11
1.222600000000e-06	7.711305074128e-11	9.129336678162e-12	4.328061049606e-11
1.222800000000e-06	9.964741043523e-11	8.553569731564e-12	6.413762634677e-11
1.223000000000e-06	1.244737088146e-10	3.932123377948e-11	5.002209623332e-11
1.223200000000e-06	1.406380742263e-10	1.334378387187e-11	9.802984167950e-11
1.223400000000e-06	5.709108518479e-11	2.040949867691e-11	1.157289132138e-11
1.223600000000e-06	1.227517965754e-10	1.241460235212e-11	8.128658195312e-11
1.223800000000e-06	1.143796243481e-10	1.489830466683e-11	7.262091756658e-11
1.224000000000e-06	1.110907658716e-10	3.214359328325e-11	4.590614425058e-11
1.224200000000e-06	1.298575753560e-10	4.497403788102e-11	4.640439878273e-11
1.224400000000e-06	1.396677086789e-10	2.706486240318e-11	7.928437909604e-11
1.224600000000e-06	1.007465131885e-10	6.916352390323e-12	7.085644518147e-11
1.224800000000e-06	1.091645797896e-10	6.046530591264e-11	8.769576194249e-12
1.225000000000e-06	7.813217218831e-11	-1.946280456828e-11	8.201903800753e-11
1.225200000000e-06	1.084487701609e-10	6.248224729970e-12	7.663327707795e-11
1.225400000000e-06	1.626163335818e-10	5.124999856619e-11	6.824185057940e-11
1.225600000000e-06	1.447459362728e-10	5.346495791107e-11	5.075962657809e-11
1.225800000000e-06	1.221432623892e-10	3.993212100315e-11	4.795399729028e-11
1.226000000000e-06	1.238830506709e-10	2.225039634972e-11	7.147250451578e-11
1.226200000000e-06	1.433015680024e-10	6.408742336919e-11	3.679879122429e-11
1.226400000000e-06	1.729230620061e-10	-1.017749533068e-12	1.467035086605e-10
1.226600000000e-06	1.206696101469e-10	2.585102466388e-11	6.468811975018e-11
1.226800000000e-06	1.126969381397e-10	1.295502239459e-11	7.311732474012e-11
1.227000000000e-06	1.428953564985e-10	3.122209205596e-11	7.876536055794e-11
1.227200000000e-06	1.294869466573e-10	2.394633261062e-11	7.361099855829e-11
1.227400000000e-06	1.002236299721e-10	3.111509299859e-11	3.670493184950e-11
1.227600000000e-06	1.678633761963e-10	3.802366776239e-11	9.309145854039e-11
1.227800000000e-06	1.004972705727e-10	1.645933599446e-11	5.604423966816e-11
1.228000000000e-06	2.046026461905e-10	6.266235388443e-11	9.582664435301e-11
1.228200000000e-06	1.276083243245e-10	5.292611573303e-11	3.624631018271e-11
1.228400000000e-06	7.422676270979e-11	6.443072094878e-12	4.548173961875e-11
1.228600000000e-06	1.357692297238e-10	-1.236610204063e-11	1.278676951267e-10
1.228800000000e-06	1.714649205551e-10	6.908991806171e-11	5.525179280886e-11
1.229000000000e-06	9.120461681972e-11	1.665530175149e-11	4.723969074945e-11
1.229200000000e-06	1.171275182560e-10	2.076696002764e-11	6.604685555123e-11
1.229400000000e-06	1.444873723999e-10	2.337268719016e-11	8.883575142772e-11
1.229600000000e-06	1.286533199178e-10	-1.081550647401e-11	1.169190708510e-10
1.229800000000e-06	1.324285029271e-10	3.466520292717e-11	6.352353136494e-11
1.230000000000e-06	1.532639264964e-10	5.922703032757e-11	5.176952619443e-11
1.230200000000e-06	1.761571684631e-10	1.391235910932e-11	1.341160962740e-10
1.230400000000e-06	1.170716407978e-10	3.318744491667e-11	5.105204858693e-11
1.230600000000e-06	1.491354070431e-10	5.396435297030e-11	5.502761098359e-11
1.230800000000e-06	1.502482930819e-10	3.618612351696e-11	8.028316004952e-11
1.231000000000e-06	1.027293649491e-10	1.891383361645e-11	5.706485081216e-11
1.231200000000e-06	1.494673091326e-10	2.320087198695e-11	9.729753602602e-11
1.231400000000e-06	1.556526319736e-10	3.201991767922e-11	8.752338678002e-11
1.231600000000e-06	1.622562678340e-10	4.126329317952e-11	8.334583295369e-11
1.231800000000e-06	1.608851415294e-10	5.222476706578e-11	6.944366312259e-11
1.232000000000e-06	1.216870355269e-10	2.751827155395e-11	6.455236114375e-11
1.232200000000e-06	1.378192935986e-10	4.014110062286e-11	6.194974467456e-11
1.232400000000e-06	1.360012030313e-10	6.700427761744e-12	1.025685568391e-10
1.232600000000e-06	1.965563849407e-10	4.922076884161e-11	1.079953485836e-10
1.232800000000e-06	1.347653908014e-10	3.384012204206e-11	6.675128020208e-11
1.233000000000e-06	1.749234162769e-10	2.471098601840e-11	1.183979627940e-10
1.233200000000e-06	1.112008596047e-10	2.160980734136e-11	5.966239645993e-11
1.233400000000e-06	1.314556373730e-10	4.237187199862e-11	5.285657278367e-11
1.233600000000e-06	1.342045547746e-10	5.841703639192e-11	3.679939645348e-11
1.233800000000e-06	1.090841207090e-10	8.266196466089e-13	8.484967244906e-11
1.234000000000e-06	1.822055283077e-10	7.045001950642e-11	6.515010951132e-11
1.234200000000e-06	1.763926956415e-10	2.433602000977e-11	1.187765143666e-10
1.234400000000e-06	1.484769809425e-10	1.200599876378e-11	1.097489441887e-10
1.234600000000e-06	1.585896578088e-10	5.326480046332e-11	6.328339645563e-11
1.234800000000e-06	1.455964010774e-10	5.290565098717e-11	5.246960145264e-11
1.235000000000e-06	1.905637928524e-10	5.550888091804e-11	9.297261572384e-11
1.235200000000e-06	1.421879497490e-10	3.725299140245e-11	7.329105896114e-11
1.235400000000e-06	1.731835599552e-10	3.573588678718e-11	1.027557738569e-10
1.235600000000e-06	1.221154659154e-10	3.721656534551e-11	5.397865094899e-11
1.235800000000e-06	1.415947907246e-10	1.455512647262e-11	9.884527711926e-11
1.236000000000e-06	1.978849221989e-10	3.841452399771e-11	1.248006192508e-10
1.236200000000e-06	1.259187922406e-10	1.833989525721e-11	8.068426278775e-11
1.236400000000e-06	1.164017628617e-10	4.048118116142e-11	4.233353028674e-11
1.236600000000e-06	1.798119998867e-10	2.325075529616e-11	1.263071298346e-10
1.236800000000e-06	1.523025840998e-10	2.401028853507e-11	9.696744235787e-11
1.237000000000e-06	1.550464598898e-10	3.319474930489e-11	8.440997860612e-11
1.237200000000e-06	1.500152103200e-10	7.926563987758e-12	1.172516636177e-10
1.237400000000e-06	2.072422745761e-10	7.901128419853e-11	8.018417436912e-11
1.237600000000e-06	1.522061396741e-10	3.852207964895e-11	7.887028192116e-11
1.237800000000e-06	1.489543623723e-10	4.350463732615e-11	7.124919314678e-11
1.238000000000e-06	1.261341599995e-10	1.772365894719e-11	8.391794908194e-11
1.238200000000e-06	1.741255867685e-10	3.185317434024e-11	1.078441901837e-10
1.238400000000e-06	1.370339054295e-10	4.308214907808e-11	5.800731534598e-11
1.238600000000e-06	1.741178684293e-10	5.009416363862e-11	8.738830007440e-11
1.238800000000e-06	1.299741934162e-10	1.037576262771e-11	9.130366349644e-11
1.239000000000e-06	1.637706232593e-10	6.131196405384e-11	6.400505843271e-11
1.239200000000e-06	1.238907021777e-10	3.509434479828e-11	5.603483974414e-11
1.239400000000e-06	1.714268924836e-10	4.952457881560e-11	8.487729517885e-11
1.239600000000e-06	1.672962207575e-10	6.387664826009e-12	1.382378199649e-10
1.239800000000e-06	1.786042306577e-10	7.391947746961e-11	6.326478126584e-11
1.240000000000e-06	1.696329580237e-10	5.840448730341e-11	7.117093476605e-11
1.240200000000e-06	1.524653949853e-10	1.455452276686e-11	1.094138529962e-10
1.240400000000e-06	1.270758265334e-10	3.141424026784e-11	6.711257768088e-11
1.240600000000e-06	1.499146847888e-10	2.252187917658e-11	1.024604160000e-10
1.240800000000e-06	1.598627573516e-10	4.049820691632e-11	8.340149914870e-11
1.241000000000e-06	1.716854448262e-10	2.378743703670e-11	1.187054971530e-10
1.241200000000e-06	1.654904024655e-10	6.472415451984e-11	5.959220445880e-11
1.241400000000e-06	1.831268170083e-10	4.041443933772e-11	1.085186718764e-10
1.241600000000e-06	1.323935201198e-10	4.465521254208e-11	5.553203913004e-11
1.241800000000e-06	1.416144481848e-10	1.582951115113e-11	9.920451239519e-11
1.242000000000e-06	1.501144275835e-10	6.195867695641e-11	4.691550898909e-11
1.242200000000e-06	1.646060386422e-10	5.097020328364e-11	7.804633867362e-11
1.242400000000e-06	1.602430753265e-10	3.938523880717e-11	8.594542430093e-11
1.242600000000e-06	1.385639353139e-10	2.028020553770e-11	9.396650529916e-11
1.242800000000e-06	1.693575994793e-10	2.364114611404e-11	1.151208066580e-10
1.243000000000e-06	1.853399118717e-10	4.137460808897e-11	1.106544493110e-10
1.243200000000e-06	9.506586384565e-11	-2.609460662685e-13	7.227779167766e-11
1.243400000000e-06	1.713844842004e-10	5.285157570044e-11	8.399536978574e-11
1.243600000000e-06	1.908518962290e-10	2.180459099424e-11	1.368214317611e-10
1.243800000000e-06	1.669513224963e-10	4.436165329556e-11	8.995239095789e-11
1.244000000000e-06	1.271935870114e-10	1.809811045810e-11	8.419098439600e-11
1.244200000000e-06	1.719964583555e-10	3.779331960013e-11	1.004402414906e-10
1.244400000000e-06	1.774167855208e-10	5.170926380214e-11	9.039023193550e-11
1.244600000000e-06	1.618537470843e-10	4.346663369891e-12	1.330945633445e-10
1.244800000000e-06	1.288522507316e-10	4.469255837272e-11	4.786503263044e-11
1.245000000000e-06	1.647718150668e-10	5.057346193907e-11	7.403468303941e-11
1.245200000000e-06	1.425040345234e-10	2.164894287296e-11	9.478973535978e-11
1.245400000000e-06	1.474063466632e-10	1.545133494099e-11	1.046365855235e-10
1.245600000000e-06	1.842910641973e-10	3.038166951581e-11	1.221919275802e-10
1.245800000000e-06	1.851815627114e-10	6.253418729455e-11	8.617515614899e-11
1.246000000000e-06	1.473062474425e-10	4.369782015030e-11	7.139749182799e-11
1.246200000000e-06	1.872512098018e-10	6.675028932397e-11	8.286147186136e-11
1.246400000000e-06	1.394628417809e-10	4.783866468212e-11	5.560072545880e-11
1.246600000000e-06	1.446375116437e-10	2.692411541417e-11	9.050855735900e-11
1.246800000000e-06	1.525554116646e-10	2.798049413006e-11	9.420082414635e-11
1.247000000000e-06	1.717416647534e-10	3.064046285997e-11	1.114779576975e-10
1.247200000000e-06	1.192868434591e-10	1.290290780013e-11	8.114422468870e-11
1.247400000000e-06	1.428841534140e-10	2.662123980847e-11	9.092546797813e-11
1.247600000000e-06	1.744908544072e-10	3.105962297407e-11	1.157737136954e-10
1.247800000000e-06	1.398789257411e-10	3.864905984860e-11	7.160966575244e-11
1.248000000000e-06	1.495447423491e-10	5.155727817818e-11	6.323791544447e-11
1.248200000000e-06	2.093550704046e-10	4.621483495800e-11	1.291140570305e-10
1.248400000000e-06	1.346528405320e-10	2.294372569135e-11	8.521614912436e-11
1.248600000000e-06	1.764436854728e-10	3.980541749816e-11	1.074400748719e-10
1.248800000000e-06	1.801998479436e-10	6.487888098257e-11	7.593118596696e-11
1.249000000000e-06	1.703136686110e-10	6.208763329897e-11	7.030749855337e-11
1.249200000000e-06	1.476219557281e-10	4.349328287082e-11	7.241529713282e-11
1.249400000000e-06	1.341640195671e-10	3.552908758807e-11	7.075174803847e-11
1.249600000000e-06	1.624225476981e-10	2.901700247880e-11	1.037220047440e-10
1.249800000000e-06	1.374727923986e-10	1.757564703513e-11	9.576382260276e-11
1.250000000000e-06	1.600567098876e-10	4.249187800946e-11	8.545455460467e-11
1.250200000000e-06	1.357732611243e-10	3.516440426743e-11	6.855719830754e-11
1.250400000000e-06	1.800501936898e-10	5.806048457449e-11	8.638477339199e-11
1.250600000000e-06	1.269079179143e-10	3.893886488919e-12	1.038004052057e-10
1.250800000000e-06	1.500303693346e-10	4.785843239987e-11	6.657444496265e-11
1.251000000000e-06	1.756566165327e-10	4.000914365990e-11	1.040477748677e-10
1.251200000000e-06	1.530005678998e-10	3.028237403961e-11	9.297821537082e-11
1.251400000000e-06	1.535797199753e-10	4.481525656634e-11	7.611286748159e-11
1.251600000000e-06	1.456498451172e-10	2.700275956355e-11	9.190636493166e-11
1.251800000000e-06	1.482318249662e-10	3.337014237917e-11	8.884105229175e-11
1.252000000000e-06	1.683507515608e-10	3.520091118269e-11	1.060616358379e-10
1.252200000000e-06	1.903815556002e-10	5.000189675189e-11	1.072173479975e-10
1.252400000000e-06	1.320176558043e-10	1.294197075230e-11	9.631849091496e-11
1.252600000000e-06	1.329589835961e-10	2.697367489389e-11	7.859580325117e-11
1.252800000000e-06	1.557207203367e-10	2.362659402664e-11	1.087196404883e-10
1.253000000000e-06	1.573794231527e-10	2.451149295654e-11	1.062692711114e-10
1.253200000000e-06	1.695672077595e-10	4.913744942793e-11	8.846381282498e-11
1.253400000000e-06	1.522903261466e-10	2.964754611117e-11	9.594602119528e-11
1.253600000000e-06	1.296499522748e-10	2.310797051383e-11	8.028410767098e-11
1.253800000000e-06	1.468448846527e-10	5.131058588371e-11	6.300294619521e-11
1.254000000000e-06	1.601154454951e-10	3.776167549041e-11	9.078628878952e-11
1.254200000000e-06	1.351947130703e-10	4.313768104857e-11	6.103950310605e-11
1.254400000000e-06	1.926193409547e-10	7.369700059600e-11	7.871012734306e-11
1.254600000000e-06	1.250240192782e-10	1.765617674731e-11	8.236378152685e-11
1.254800000000e-06	1.492504678530e-10	3.470755879732e-11	8.576673906693e-11
1.255000000000e-06	1.601458463769e-10	6.102628315047e-11	6.326906426320e-11
1.255200000000e-06	1.775001675510e-10	5.654229503316e-11	8.752895986558e-11
1.255400000000e-06	1.377017452928e-10	2.100620840324e-11	9.392483622459e-11
1.255600000000e-06	1.469460749610e-10	3.806004443822e-11	8.224484860786e-11
1.255800000000e-06	1.483668041166e-10	3.275011414421e-11	8.582974314034e-11
1.256000000000e-06	1.732504813291e-10	1.736043419524e-11	1.356719671854e-10
1.256200000000e-06	1.498442302837e-10	4.066078791771e-11	8.100629379956e-11
1.256400000000e-06	1.520299661717e-10	2.133099159048e-11	1.056258728605e-10
1.256600000000e-06	1.482898303092e-10	5.187481462605e-11	6.559144056706e-11
1.256800000000e-06	1.365508726045e-10	3.644600851887e-11	7.380882768129e-11
1.257000000000e-06	1.162912118726e-10	2.375783384938e-11	6.849371650137e-11
1.257200000000e-06	1.333056768786e-10	1.635157338940e-11	9.686545426427e-11
1.257400000000e-06	1.641995281412e-10	3.799379604336e-11	9.760209218485e-11
1.257600000000e-06	1.439612611857e-10	3.700098139077e-11	7.796372704630e-11
1.257800000000e-06	1.519411876864e-10	4.968639513652e-11	6.853719175125e-11
1.258000000000e-06	1.523429100977e-10	4.390769321250e-11	8.058415560649e-11
1.258200000000e-06	1.376098765503e-10	2.394373124471e-11	8.843431006847e-11
1.258400000000e-06	1.486863509893e-10	1.527158804672e-11	1.113378801932e-10
1.258600000000e-06	1.397820191953e-10	3.528961118236e-11	7.902631772546e-11
1.258800000000e-06	1.629989355970e-10	5.222661482931e-11	7.786874368021e-11
1.259000000000e-06	1.261175942844e-10	4.956542845367e-11	4.680121197192e-11
1.259200000000e-06	1.276429583486e-10	1.282527973717e-11	9.281755904064e-11
1.259400000000e-06	1.327863336253e-10	1.503047653888e-11	9.542194935147e-11
1.259600000000e-06	1.433112182160e-10	5.156269289163e-11	5.942577897220e-11
1.259800000000e-06	1.116338294669e-10	3.025428386588e-11	5.394100368045e-11
1.260000000000e-06	1.560951798099e-10	4.061352469265e-11	8.949164071779e-11
1.260200000000e-06	1.495068755301e-10	4.905024039706e-11	7.048688387741e-11
1.260400000000e-06	1.413404988342e-10	3.005211130909e-11	8.960367059037e-11
1.260600000000e-06	1.453645200015e-10	4.098357614589e-11	7.845191873475e-11
1.260800000000e-06	1.331389530188e-10	1.607346049475e-11	9.530152161499e-11
1.261000000000e-06	1.497744416875e-10	2.238248638011e-11	1.051811424012e-10
1.261200000000e-06	1.455222137485e-10	1.561795517268e-11	1.087096965527e-10
1.261400000000e-06	1.577313745801e-10	5.647271324875e-11	7.238262416067e-11
1.261600000000e-06	1.492907572180e-10	4.357142674277e-11	7.657886270780e-11
1.261800000000e-06	1.594633108124e-10	3.763158284145e-11	9.400155442496e-11
1.262000000000e-06	1.127554943721e-10	1.870687569928e-11	7.021856372601e-11
1.262200000000e-06	1.651785771253e-10	5.693254813371e-11	7.818527389460e-11
1.262400000000e-06	1.484374080403e-10	4.582161000666e-11	7.255197012898e-11
1.262600000000e-06	1.162134596153e-10	1.764496702389e-11	7.627667361126e-11
1.262800000000e-06	1.238023722760e-10	1.212701603618e-11	9.047911681511e-11
1.263000000000e-06	1.483810881857e-10	6.283813582805e-11	5.026430790499e-11
1.263200000000e-06	1.109869807721e-10	1.354993090186e-11	7.903135632435e-11
1.263400000000e-06	1.294721209300e-10	4.649006478588e-11	5.315394554798e-11
1.263600000000e-06	1.464287987648e-10	2.875299619884e-11	9.599283991420e-11
1.263800000000e-06	1.625766569697e-10	4.626835457191e-11	8.656997068266e-11
1.264000000000e-06	1.558627998950e-10	3.666622324031e-11	9.281261257296e-11
1.264200000000e-06	1.228535297287e-10	2.092877625765e-11	7.775523472186e-11
1.264400000000e-06	1.706822958714e-10	6.616537966740e-11	7.062310540323e-11
1.264600000000e-06	1.242225979411e-10	8.743236369040e-12	9.886646660817e-11
1.264800000000e-06	1.376019826910e-10	2.901055577062e-11	8.702325130688e-11
1.265000000000e-06	1.232128357600e-10	4.371498648419e-11	5.091790324056e-11
1.265200000000e-06	1.176055896527e-10	2.549414592532e-11	6.919000807764e-11
1.265400000000e-06	1.575920971656e-10	2.867128372821e-11	1.087074054136e-10
1.265600000000e-06	1.275687338353e-10	3.586202704239e-11	6.772385487035e-11
1.265800000000e-06	1.223026055205e-10	1.347233896354e-11	8.933415703181e-11
1.266000000000e-06	1.548135733460e-10	3.709527573801e-11	9.272147842202e-11
1.266200000000e-06	1.368303185340e-10	2.367473058722e-11	9.085288791989e-11
1.266400000000e-06	1.637605290359e-10	4.635451621794e-11	9.236144569099e-11
1.266600000000e-06	1.498334859905e-10	3.779306618415e-11	8.789642424015e-11
1.266800000000e-06	1.321059984715e-10	1.368515900526e-11	9.944316574952e-11
1.267000000000e-06	1.438091696362e-10	5.642607466751e-11	5.967531268111e-11
1.267200000000e-06	1.060114527773e-10	3.166125804806e-11	4.914508967996e-11
1.267400000000e-06	1.506465414166e-10	4.402384290331e-11	8.162188550515e-11
1.267600000000e-06	1.174633027692e-10	6.028386606690e-12	9.527676773675e-11
1.267800000000e-06	1.153074858617e-10	2.150970327007e-11	7.570744439411e-11
1.268000000000e-06	1.237316897091e-10	4.139109867330e-11	5.544659218834e-11
1.268200000000e-06	1.148180439289e-10	1.428784662079e-11	8.215843881731e-11
1.268400000000e-06	1.249734333367e-10	2.588222419227e-11	7.529309184548e-11
1.268600000000e-06	1.557059710574e-10	4.742766150493e-11	8.320078185473e-11
1.268800000000e-06	1.559812165900e-10	5.559862559835e-11	7.157073229533e-11
1.269000000000e-06	1.274947913318e-10	1.357751974626e-11	9.746078789181e-11
1.269200000000e-06	1.299212974487e-10	3.553900420958e-11	6.889994151931e-11
1.269400000000e-06	1.396153170716e-10	3.550781120747e-11	8.144438770053e-11
1.269600000000e-06	1.161688025445e-10	3.133684110544e-11	6.242444692830e-11
1.269800000000e-06	1.444946862891e-10	2.774201525670e-11	9.718830384235e-11
1.270000000000e-06	1.246965900318e-10	1.951165332123e-11	8.425181905829e-11
1.270200000000e-06	1.209446881021e-10	4.537684169464e-11	5.023103468798e-11
1.270400000000e-06	1.239162312737e-10	2.887872906450e-11	7.390173174308e-11
1.270600000000e-06	1.228081306159e-10	1.836869614182e-11	8.603305090009e-11
1.270800000000e-06	1.150493918197e-10	4.452808474252e-11	4.170786226257e-11
1.271000000000e-06	1.421588218931e-10	4.025353230226e-11	7.886587249092e-11
1.271200000000e-06	1.724028156836e-10	3.691710947919e-11	1.140444511377e-10
1.271400000000e-06	1.141041970971e-10	4.625653216279e-11	3.818468439619e-11
1.271600000000e-06	1.282696903713e-10	2.802022455632e-11	8.152499530201e-11
1.271800000000e-06	1.361159863953e-10	2.636417870060e-11	8.786835924519e-11
1.272000000000e-06	1.256771844530e-10	4.099528620336e-11	6.154966749541e-11
1.272200000000e-06	1.124480645282e-10	4.680383328021e-12	9.240410957029e-11
1.272400000000e-06	1.582662428308e-10	3.547285906506e-11	1.012546434567e-10
1.272600000000e-06	1.293686878182e-10	3.420243007582e-11	7.009809072701e-11
1.272800000000e-06	1.247264175180e-10	2.710001952519e-11	7.469496306965e-11
1.273000000000e-06	1.337698202421e-10	2.843011878622e-11	8.597719525319e-11
1.273200000000e-06	1.123628015498e-10	3.187563905219e-11	5.719097289836e-11
1.273400000000e-06	1.146047158154e-10	3.018873826475e-11	6.789765444749e-11
1.273600000000e-06	1.108595637823e-10	2.062852569976e-11	7.096164100702e-11
1.273800000000e-06	1.221266315723e-10	1.377890101351e-11	9.071210260823e-11
1.274000000000e-06	1.101977297624e-10	1.868013487436e-11	7.195840759271e-11
1.274200000000e-06	1.289931704554e-10	3.435489576127e-11	7.497176624897e-11
1.274400000000e-06	1.029777374963e-10	1.703946312659e-11	6.659369527072e-11
