2.828000000000e-07	0.000000000000e+00	0.000000000000e+00	0.000000000000e+00
2.830000000000e-07	0.000000000000e+00	0.000000000000e+00	0.000000000000e+00
2.832000000000e-07	0.000000000000e+00	0.000000000000e+00	0.000000000000e+00
2.834000000000e-07	0.000000000000e+00	0.000000000000e+00	0.000000000000e+00
2.836000000000e-07	0.000000000000e+00	0.000000000000e+00	0.000000000000e+00
2.838000000000e-07	0.000000000000e+00	0.000000000000e+00	0.000000000000e+00
2.840000000000e-07	0.000000000000e+00	0.000000000000e+00	0.000000000000e+00
2.842000000000e-07	0.000000000000e+00	0.000000000000e+00	0.000000000000e+00
2.844000000000e-07	0.000000000000e+00	0.000000000000e+00	0.000000000000e+00
2.846000000000e-07	0.000000000000e+00	0.000000000000e+00	0.000000000000e+00
2.848000000000e-07	0.000000000000e+00	0.000000000000e+00	0.000000000000e+00
2.850000000000e-07	0.000000000000e+00	0.000000000000e+00	0.000000000000e+00
2.852000000000e-07	0.000000000000e+00	0.000000000000e+00	0.000000000000e+00
2.854000000000e-07	0.000000000000e+00	0.000000000000e+00	0.000000000000e+00
2.856000000000e-07	0.000000000000e+00	0.000000000000e+00	0.000000000000e+00
2.858000000000e-07	0.000000000000e+00	0.000000000000e+00	0.000000000000e+00
2.860000000000e-07	0.000000000000e+00	0.000000000000e+00	0.000000000000e+00
2.862000000000e-07	0.000000000000e+00	0.000000000000e+00	0.000000000000e+00
2.864000000000e-07	0.000000000000e+00	0.000000000000e+00	0.000000000000e+00
2.866000000000e-07	0.000000000000e+00	0.000000000000e+00	0.000000000000e+00
2.868000000000e-07	0.000000000000e+00	0.000000000000e+00	0.000000000000e+00
2.870000000000e-07	0.000000000000e+00	0.000000000000e+00	0.000000000000e+00
2.872000000000e-07	0.000000000000e+00	0.000000000000e+00	0.000000000000e+00
2.874000000000e-07	0.000000000000e+00	0.000000000000e+00	0.000000000000e+00
2.876000000000e-07	0.000000000000e+00	0.000000000000e+00	0.000000000000e+00
2.878000000000e-07	0.000000000000e+00	0.000000000000e+00	0.000000000000e+00
2.880000000000e-07	0.000000000000e+00	0.000000000000e+00	0.000000000000e+00
2.882000000000e-07	0.000000000000e+00	0.000000000000e+00	0.000000000000e+00
2.884000000000e-07	0.000000000000e+00	0.000000000000e+00	0.000000000000e+00
2.886000000000e-07	0.000000000000e+00	0.000000000000e+00	0.000000000000e+00
2.888000000000e-07	0.000000000000e+00	0.000000000000e+00	0.000000000000e+00
2.890000000000e-07	0.000000000000e+00	0.000000000000e+00	0.000000000000e+00
2.892000000000e-07	0.000000000000e+00	0.000000000000e+00	0.000000000000e+00
2.894000000000e-07	0.000000000000e+00	0.000000000000e+00	0.000000000000e+00
2.896000000000e-07	0.000000000000e+00	0.000000000000e+00	0.000000000000e+00
2.898000000000e-07	0.000000000000e+00	0.000000000000e+00	0.000000000000e+00
2.900000000000e-07	0.000000000000e+00	0.000000000000e+00	0.000000000000e+00
2.902000000000e-07	0.000000000000e+00	0.000000000000e+00	0.000000000000e+00
2.904000000000e-07	0.000000000000e+00	0.000000000000e+00	0.000000000000e+00
2.906000000000e-07	0.000000000000e+00	0.000000000000e+00	0.000000000000e+00
2.908000000000e-07	0.000000000000e+00	0.000000000000e+00	0.000000000000e+00
2.910000000000e-07	0.000000000000e+00	0.000000000000e+00	0.000000000000e+00
2.912000000000e-07	0.000000000000e+00	0.000000000000e+00	0.000000000000e+00
2.914000000000e-07	0.000000000000e+00	0.000000000000e+00	0.000000000000e+00
2.916000000000e-07	0.000000000000e+00	0.000000000000e+00	0.000000000000e+00
2.918000000000e-07	0.000000000000e+00	0.000000000000e+00	0.000000000000e+00
2.920000000000e-07	0.000000000000e+00	0.000000000000e+00	0.000000000000e+00
2.922000000000e-07	0.000000000000e+00	0.000000000000e+00	0.000000000000e+00
2.924000000000e-07	0.000000000000e+00	0.000000000000e+00	0.000000000000e+00
2.926000000000e-07	0.000000000000e+00	0.000000000000e+00	0.000000000000e+00
2.928000000000e-07	0.000000000000e+00	0.000000000000e+00	0.000000000000e+00
2.930000000000e-07	0.000000000000e+00	0.000000000000e+00	0.000000000000e+00
2.932000000000e-07	0.000000000000e+00	0.000000000000e+00	0.000000000000e+00
2.934000000000e-07	0.000000000000e+00	0.000000000000e+00	0.000000000000e+00
2.936000000000e-07	0.000000000000e+00	0.000000000000e+00	0.000000000000e+00
2.938000000000e-07	-1.136555257576e-15	9.972610685292e-14	-1.238975084394e-13
2.940000000000e-07	3.776781416807e-13	-6.650171369544e-14	3.513044527957e-13
2.942000000000e-07	1.063535325242e-12	7.224706573723e-14	5.936599216139e-13
2.944000000000e-07	1.662119325584e-12	3.416055401493e-13	6.559783877729e-13
2.946000000000e-07	1.791792277800e-12	4.857373011775e-13	7.134015690914e-13
2.948000000000e-07	-4.399516184584e-12	-2.073283880620e-12	-7.859561238660e-13
2.950000000000e-07	-5.375789860467e-12	5.961429834659e-13	-4.865839408046e-12
2.952000000000e-07	-9.727471353255e-12	-2.257196192942e-12	-4.957071096194e-12
2.954000000000e-07	-3.961566455933e-10	-5.048940521764e-11	-2.407463470051e-10
2.956000000000e-07	-5.786704886578e-10	-1.012216540892e-10	-3.208673111185e-10
2.958000000000e-07	-2.576046692833e-10	-4.407298919699e-11	-1.427999797139e-10
2.960000000000e-07	-1.746915743230e-10	6.104693160103e-12	-1.423004094304e-10
2.962000000000e-07	-1.481810179285e-10	-3.002892050028e-11	-7.763110731766e-11
2.964000000000e-07	-2.846489256965e-10	-4.225561080830e-11	-1.644226655601e-10
2.966000000000e-07	-6.223995294347e-10	-7.295166559704e-11	-3.876435843809e-10
2.968000000000e-07	-2.372890655660e-09	-3.028582315288e-10	-1.440450469784e-09
2.970000000000e-07	-6.639627734650e-09	-9.875865405876e-10	-3.860286394203e-09
2.972000000000e-07	-6.985765807264e-09	-1.133709232229e-09	-3.941444354029e-09
2.974000000000e-07	-9.717847282927e-10	-1.021184833295e-10	-6.234185938453e-10
2.976000000000e-07	-1.832363932353e-09	-4.790042334088e-11	-1.353093192602e-09
2.978000000000e-07	-4.494592371129e-09	-4.233422608720e-10	-2.927503889897e-09
2.980000000000e-07	-7.177190699392e-09	-8.419116931120e-10	-4.465527996178e-09
2.982000000000e-07	-6.415188447166e-09	-5.677850290101e-10	-4.230982615468e-09
2.984000000000e-07	-6.608828772784e-09	-6.508518519746e-10	-4.262437834797e-09
2.986000000000e-07	-6.828380218544e-09	-9.825093958501e-10	-4.013008838187e-09
2.988000000000e-07	-7.099089291217e-09	-8.702322169641e-10	-4.363547071750e-09
2.990000000000e-07	-7.067031936185e-09	-5.527445314641e-10	-4.741217240194e-09
2.992000000000e-07	-7.605576745660e-09	-1.188336041431e-09	-4.357021736670e-09
2.994000000000e-07	-8.129334461607e-09	-1.255471983074e-09	-4.679948544612e-09
2.996000000000e-07	-7.987066801420e-09	-1.164236248386e-09	-4.679509879878e-09
2.998000000000e-07	-7.404406756530e-09	-1.025851065873e-09	-4.404523414817e-09
3.000000000000e-07	-7.152066097991e-09	-8.643007386277e-10	-4.421240066975e-09
3.002000000000e-07	-6.675623422463e-09	-1.029757664085e-09	-3.821884822670e-09
3.004000000000e-07	-6.239093884416e-09	-9.261335634568e-10	-3.628415289485e-09
3.006000000000e-07	-5.220744158012e-09	-7.161855837850e-10	-3.119488068434e-09
3.008000000000e-07	-4.212243147284e-09	-6.598888842245e-10	-2.399781635782e-09
3.010000000000e-07	-3.611188873842e-09	-6.353975878398e-10	-1.989092086276e-09
3.012000000000e-07	-2.516163726080e-09	-4.006973229052e-10	-1.438826014243e-09
3.014000000000e-07	-1.629415004803e-09	-1.863072680002e-10	-1.031636976384e-09
3.016000000000e-07	-1.075591161424e-09	-7.622513386915e-11	-7.179171983865e-10
3.018000000000e-07	-6.492202226611e-10	3.593919705102e-11	-5.564576680764e-10
3.020000000000e-07	-1.334501066561e-11	8.539207473512e-11	-1.087917668054e-10
3.022000000000e-07	4.455678939083e-10	2.057210804825e-10	9.692099481199e-11
3.024000000000e-07	6.524295490163e-10	1.453821788317e-10	3.162476547396e-10
3.026000000000e-07	7.431347296944e-10	2.360012542052e-10	2.696939508229e-10
3.028000000000e-07	9.819679495490e-10	2.970802817119e-10	3.758284036257e-10
3.030000000000e-07	1.023898484688e-09	1.557455940706e-10	5.990640189864e-10
3.032000000000e-07	1.058552506514e-09	2.250172807068e-10	5.320529734705e-10
3.034000000000e-07	8.380034355771e-10	2.039782185463e-10	3.811772778850e-10
3.036000000000e-07	9.078164976995e-10	2.712823008742e-10	3.411066391495e-10
3.038000000000e-07	6.962514988322e-10	6.146317943160e-11	4.720960339727e-10
3.040000000000e-07	7.475104412873e-10	7.641662344224e-11	5.026635945056e-10
3.042000000000e-07	7.549887333493e-10	1.646511105552e-10	3.683243339917e-10
3.044000000000e-07	6.907132664924e-10	4.015766249087e-11	4.691894255532e-10
3.046000000000e-07	7.246074967006e-10	8.451768505590e-11	4.498487362693e-10
3.048000000000e-07	5.766859385834e-10	1.250738719662e-10	2.691982910770e-10
3.050000000000e-07	7.216873230573e-10	2.778891478219e-10	1.923522468359e-10
3.052000000000e-07	6.021200097556e-10	9.535337731799e-11	3.522849702938e-10
3.054000000000e-07	6.472387461932e-10	1.672332761431e-10	2.917689717473e-10
3.056000000000e-07	5.420369771400e-10	1.427434283799e-10	2.495084991856e-10
3.058000000000e-07	5.109764644870e-10	1.613757120713e-10	1.749012258198e-10
3.060000000000e-07	4.383685088322e-10	5.597759020198e-11	2.682726783839e-10
3.062000000000e-07	5.647732407727e-10	1.097175773665e-10	3.063613716410e-10
3.064000000000e-07	4.600884754423e-10	5.289114968517e-11	3.156724186659e-10
3.066000000000e-07	6.269896774141e-10	1.271082933019e-10	2.595360059554e-10
3.068000000000e-07	6.465570864573e-10	2.010533716001e-10	2.353944445377e-10
3.070000000000e-07	5.701011484387e-10	1.245150778517e-10	3.038839519887e-10
3.072000000000e-07	4.820041320363e-10	1.095855929177e-10	2.433796478601e-10
3.074000000000e-07	3.878448283753e-10	8.674991459552e-11	1.733425417940e-10
3.076000000000e-07	5.166719604921e-10	6.608830886196e-11	3.927131598075e-10
3.078000000000e-07	4.409059664556e-10	9.515669168702e-11	2.156003505371e-10
3.080000000000e-07	4.968012786464e-10	1.372163020973e-10	1.978512593249e-10
3.082000000000e-07	4.401996458887e-10	4.944480103605e-11	2.986809463506e-10
3.084000000000e-07	5.909334509239e-10	8.728575176860e-11	3.391935654205e-10
3.086000000000e-07	4.503079549089e-10	1.523206678185e-11	3.536114608017e-10
3.088000000000e-07	5.375465494482e-10	1.323370541334e-10	2.495298819336e-10
3.090000000000e-07	4.960615139061e-10	1.419350311211e-10	1.835313387907e-10
3.092000000000e-07	3.830733750626e-10	-2.774474550439e-11	3.426370490776e-10
3.094000000000e-07	4.104169371971e-10	1.826724472979e-10	8.487366125841e-11
3.096000000000e-07	5.066899183105e-10	1.073407044941e-10	2.600054745007e-10
3.098000000000e-07	4.449774847302e-10	1.524145062915e-10	1.380346428420e-10
3.100000000000e-07	4.945439735669e-10	1.369800024990e-10	2.238667715693e-10
3.102000000000e-07	4.544732339506e-10	1.657035056254e-11	3.483891467084e-10
3.104000000000e-07	3.659973467559e-10	3.374155432487e-11	2.246939646784e-10
3.106000000000e-07	4.251896413464e-10	1.132743589787e-10	1.815261267659e-10
3.108000000000e-07	4.790113721566e-10	1.174282529404e-10	2.104355215024e-10
3.110000000000e-07	2.903022529544e-10	-1.465129858179e-11	2.611866994408e-10
3.112000000000e-07	4.063069924785e-10	1.101278924435e-10	1.448170442112e-10
3.114000000000e-07	3.575551230406e-10	9.119020733540e-11	2.051182052302e-10
3.116000000000e-07	4.997417074749e-10	8.766438304278e-11	2.670720567977e-10
3.118000000000e-07	4.128024976027e-10	6.553212092709e-11	2.299632384725e-10
3.120000000000e-07	4.520771042372e-10	6.551891592525e-11	2.507455602523e-10
3.122000000000e-07	3.141101157891e-10	4.072998877059e-11	1.732314690397e-10
3.124000000000e-07	3.635352683848e-10	-1.697212434948e-11	3.131308093262e-10
3.126000000000e-07	4.679985070153e-10	1.557481958248e-10	1.672185783679e-10
3.128000000000e-07	4.197803672117e-10	9.404089995800e-11	2.125238970893e-10
3.130000000000e-07	5.000649241216e-10	7.336523565557e-11	2.818272492771e-10
3.132000000000e-07	3.548322729967e-10	-1.806051616627e-11	2.829416897276e-10
3.134000000000e-07	3.377886120158e-10	4.662066535306e-11	2.162984353997e-10
3.136000000000e-07	3.631957940436e-10	6.696602034918e-11	2.307081520252e-10
3.138000000000e-07	4.163309950401e-10	1.096916185432e-10	1.951519498445e-10
3.140000000000e-07	4.077198059211e-10	4.710750195423e-11	2.696958661279e-10
3.142000000000e-07	3.404755544963e-10	5.611662592731e-11	2.069185606498e-10
3.144000000000e-07	4.045318494379e-10	1.104778408744e-10	1.647700094280e-10
3.146000000000e-07	3.200589847041e-10	4.806069356242e-11	1.694757730636e-10
3.148000000000e-07	3.483271257580e-10	1.984449436423e-11	2.449607053622e-10
3.150000000000e-07	3.369686330427e-10	6.222220966067e-11	2.054824279583e-10
3.152000000000e-07	3.458620592409e-10	5.891216497327e-11	1.829650516063e-10
3.154000000000e-07	2.961098796655e-10	-7.048600610627e-12	2.361131659675e-10
3.156000000000e-07	4.089973880252e-10	8.328574076897e-11	2.092032207619e-10
3.158000000000e-07	3.914499404927e-10	9.956098701650e-11	1.957338445325e-10
3.160000000000e-07	3.983064927393e-10	4.677840391436e-11	2.564685636658e-10
3.162000000000e-07	4.128546390273e-10	5.563749135869e-11	2.200823833526e-10
3.164000000000e-07	3.354552093662e-10	6.292303770872e-11	1.644933386612e-10
3.166000000000e-07	3.587807216576e-10	5.348752034945e-11	2.264502894567e-10
3.168000000000e-07	3.632096908939e-10	2.948800113663e-11	2.446226359557e-10
3.170000000000e-07	3.667884858611e-10	7.028713244814e-11	1.983215086759e-10
3.172000000000e-07	4.051880908970e-10	7.580566108700e-11	2.163440821533e-10
3.174000000000e-07	3.108038718084e-10	4.252991727823e-11	1.902721892529e-10
3.176000000000e-07	3.286483125332e-10	3.278475681945e-11	2.006857801985e-10
3.178000000000e-07	4.284784319742e-10	1.215329957380e-10	1.874907600801e-10
3.180000000000e-07	3.948222596053e-10	5.248775893080e-11	2.109623023098e-10
3.182000000000e-07	3.381173200046e-10	4.085713722720e-11	1.979747509622e-10
3.184000000000e-07	3.649901488801e-10	4.192489628173e-11	2.380153636877e-10
3.186000000000e-07	2.885428330074e-10	2.800194653661e-11	1.946371200227e-10
3.188000000000e-07	4.428744682633e-10	8.333055053661e-11	2.250723079942e-10
3.190000000000e-07	3.241852536569e-10	4.561781216536e-11	1.934639677997e-10
3.192000000000e-07	3.466055446917e-10	8.274394833145e-11	1.873260890931e-10
3.194000000000e-07	2.640906436330e-10	3.111168592591e-11	1.829922720961e-10
3.196000000000e-07	3.739175739659e-10	1.136248211853e-10	1.347307755591e-10
3.198000000000e-07	3.428294657039e-10	1.652047053916e-11	2.604314269097e-10
3.200000000000e-07	3.411945001324e-10	9.926305694014e-11	1.360530144940e-10
3.202000000000e-07	2.916578465852e-10	8.085385251838e-11	1.454174365333e-10
3.204000000000e-07	3.451389684426e-10	3.319648089676e-11	2.230955248954e-10
3.206000000000e-07	3.282038960302e-10	5.319359110288e-11	1.959343278874e-10
3.208000000000e-07	3.306633482589e-10	2.887656705035e-11	1.964945038308e-10
3.210000000000e-07	2.905935801614e-10	1.910694337959e-11	2.189269758801e-10
3.212000000000e-07	2.738410491370e-10	2.176663189837e-11	1.955219605580e-10
3.214000000000e-07	3.206340646893e-10	6.670518445231e-11	1.679536077476e-10
3.216000000000e-07	3.358478195645e-10	4.929225446664e-11	2.198275673721e-10
3.218000000000e-07	3.411669763976e-10	4.659720167593e-11	1.939367829515e-10
3.220000000000e-07	3.381762927968e-10	1.038265743086e-10	1.388994943830e-10
3.222000000000e-07	3.034528685416e-10	2.101278100020e-11	2.015820377080e-10
3.224000000000e-07	3.617846544948e-10	9.765133150458e-11	1.689125044954e-10
3.226000000000e-07	3.328281597265e-10	4.495174957895e-11	2.086421073530e-10
3.228000000000e-07	3.132087536787e-10	3.120469568294e-11	1.866571600799e-10
3.230000000000e-07	3.223437094203e-10	6.063792444078e-11	1.715024410995e-10
3.232000000000e-07	2.807995133196e-10	3.904006437548e-11	1.648877092854e-10
3.234000000000e-07	3.005840383152e-10	2.664614399899e-11	2.017489502289e-10
3.236000000000e-07	3.774703805364e-10	6.939940581923e-11	1.816336079472e-10
3.238000000000e-07	2.739482199785e-10	1.207949806925e-11	1.979820147373e-10
3.240000000000e-07	2.568198215011e-10	1.139539776784e-11	2.139934137398e-10
3.242000000000e-07	3.558319493085e-10	7.299129370621e-11	1.857790308130e-10
3.244000000000e-07	2.882586328043e-10	2.208053884940e-11	2.150105489635e-10
3.246000000000e-07	2.975747427403e-10	4.495584634837e-11	1.677562868451e-10
3.248000000000e-07	3.121000630611e-10	2.317971771139e-11	2.072424815463e-10
3.250000000000e-07	2.644227759440e-10	3.684995004800e-11	1.942713838800e-10
3.252000000000e-07	2.448155615959e-10	1.668260401702e-11	1.843790069577e-10
3.254000000000e-07	3.644727931785e-10	7.353804558739e-11	1.911632197922e-10
3.256000000000e-07	3.261006617028e-10	6.914583698609e-11	1.842933932971e-10
3.258000000000e-07	2.737776896849e-10	7.417026040443e-11	1.178509710280e-10
3.260000000000e-07	2.184176642619e-10	2.738388239465e-13	1.738161790313e-10
3.262000000000e-07	2.721159295907e-10	6.147574321580e-11	1.360237807374e-10
3.264000000000e-07	2.682741062494e-10	5.517348316624e-11	1.423292864207e-10
3.266000000000e-07	1.993552812741e-10	-1.079227126931e-12	1.684616411497e-10
3.268000000000e-07	1.757098950068e-10	1.727030624117e-11	1.143763153886e-10
3.270000000000e-07	3.286970190335e-10	8.049898378756e-11	1.684243250637e-10
3.272000000000e-07	3.275924774374e-10	5.776422971134e-11	1.857041838521e-10
3.274000000000e-07	2.745990337458e-10	5.542747607245e-11	1.295441303388e-10
3.276000000000e-07	2.835855449927e-10	4.821992701371e-11	1.779925643115e-10
3.278000000000e-07	3.023560010281e-10	6.289587486144e-11	1.825949380641e-10
3.280000000000e-07	2.811651030471e-10	8.767317610754e-11	1.000821497670e-10
3.282000000000e-07	3.484581945223e-10	4.183117217310e-11	2.076497878307e-10
3.284000000000e-07	2.566424849598e-10	3.469820603861e-11	1.457888314205e-10
3.286000000000e-07	2.466232439784e-10	2.126676547645e-12	2.185028125958e-10
3.288000000000e-07	2.575221360865e-10	3.316570537709e-11	1.487039259413e-10
3.290000000000e-07	2.956255880780e-10	1.211501572883e-11	1.954054888942e-10
3.292000000000e-07	3.016067449699e-10	6.920812021844e-11	1.435400216534e-10
3.294000000000e-07	2.831883914804e-10	3.371601162679e-11	2.066647527967e-10
3.296000000000e-07	2.848951582670e-10	4.367138072748e-11	1.640988860595e-10
3.298000000000e-07	2.247313653670e-10	3.672382789570e-11	1.459658908504e-10
3.300000000000e-07	2.291757188793e-10	6.095482743291e-11	1.212053891371e-10
3.302000000000e-07	2.594238073133e-10	7.089505820971e-13	1.573247503430e-10
3.304000000000e-07	2.832655193237e-10	8.105220634032e-11	1.336706687433e-10
3.306000000000e-07	2.627746764652e-10	1.814988753929e-11	1.703056840991e-10
3.308000000000e-07	2.386652647529e-10	1.807341836389e-11	1.936482650263e-10
3.310000000000e-07	3.108361136578e-10	3.205009396296e-11	2.002861279336e-10
3.312000000000e-07	2.655563928425e-10	2.464185474192e-11	1.567406876245e-10
3.314000000000e-07	2.222012538078e-10	1.355533321021e-11	1.674757569559e-10
3.316000000000e-07	2.993503524537e-10	5.988567578768e-11	1.627921145967e-10
3.318000000000e-07	2.844232178297e-10	3.167689584416e-11	1.674376279522e-10
3.320000000000e-07	2.842414243813e-10	3.119353459923e-11	1.767706431995e-10
3.322000000000e-07	2.510202717721e-10	2.164418597611e-11	1.266977994285e-10
3.324000000000e-07	2.166742921524e-10	2.672685758081e-11	1.287846993928e-10
3.326000000000e-07	2.917633964195e-10	3.795331051698e-11	1.822517170357e-10
3.328000000000e-07	2.591896818045e-10	4.359585807017e-11	1.602144995194e-10
3.330000000000e-07	3.144135620666e-10	7.969680790476e-11	1.171577722534e-10
3.332000000000e-07	2.670394565717e-10	5.987692626067e-11	1.360208688425e-10
3.334000000000e-07	2.494654347184e-10	2.184029042990e-11	1.623854750170e-10
3.336000000000e-07	3.070288599464e-10	6.741132699932e-11	1.504072241801e-10
3.338000000000e-07	2.775073020107e-10	3.981725559442e-11	1.793030488724e-10
3.340000000000e-07	2.238315242538e-10	4.444236159640e-11	1.152993928753e-10
3.342000000000e-07	2.336542473084e-10	5.919814286763e-11	1.074352774541e-10
3.344000000000e-07	2.239625059499e-10	2.284665681417e-11	1.701050717924e-10
3.346000000000e-07	2.453453376566e-10	2.139649973696e-11	1.968758779707e-10
3.348000000000e-07	2.414637897811e-10	6.441912563840e-11	1.118053324560e-10
3.350000000000e-07	2.314929834218e-10	-4.276426765242e-12	1.625491556038e-10
3.352000000000e-07	2.068838247411e-10	3.599300763415e-11	1.308432920606e-10
3.354000000000e-07	2.709665973611e-10	7.909650891852e-11	1.255210079290e-10
3.356000000000e-07	2.387889806175e-10	5.138541371587e-11	1.431564368119e-10
3.358000000000e-07	2.528019840598e-10	5.216938633625e-11	1.343663530533e-10
3.360000000000e-07	2.483109111268e-10	3.828581989646e-11	1.502681765857e-10
3.362000000000e-07	2.451280444269e-10	2.533672585516e-11	1.900403987386e-10
3.364000000000e-07	2.796450521447e-10	5.862360587281e-11	1.506906645986e-10
3.366000000000e-07	1.770249353175e-10	4.951893749498e-11	1.198615556733e-10
3.368000000000e-07	2.983945838772e-10	6.042641108519e-11	1.675116057303e-10
3.370000000000e-07	2.604025621641e-10	3.490964817205e-11	1.498987517902e-10
3.372000000000e-07	1.866960427062e-10	2.027084195607e-11	1.233565379077e-10
3.374000000000e-07	2.204829044092e-10	4.526843409767e-11	1.045396420818e-10
3.376000000000e-07	2.302181151918e-10	4.463959481279e-11	1.371187329133e-10
3.378000000000e-07	1.964397075869e-10	1.656224452108e-11	1.318340502447e-10
3.380000000000e-07	2.148452428919e-10	4.963220006914e-11	8.931400927859e-11
3.382000000000e-07	2.501373719705e-10	3.530481046324e-11	1.628418522304e-10
3.384000000000e-07	2.010818434126e-10	3.010206944760e-11	1.586998182434e-10
3.386000000000e-07	2.287680030323e-10	1.071836248462e-11	1.536747764505e-10
3.388000000000e-07	2.519291196175e-10	3.764306088345e-11	1.900435439015e-10
3.390000000000e-07	2.571961895956e-10	5.872301942882e-11	1.377664996694e-10
3.392000000000e-07	2.011007009387e-10	1.838721074149e-11	1.370277968787e-10
3.394000000000e-07	1.885190640044e-10	6.209533299368e-12	1.572375638015e-10
3.396000000000e-07	2.502581782787e-10	6.092559015389e-11	1.061005078389e-10
3.398000000000e-07	2.167042992353e-10	2.415922035179e-11	1.464654645174e-10
3.400000000000e-07	2.660162558646e-10	6.828537551393e-11	1.005465375717e-10
3.402000000000e-07	2.686666291234e-10	4.855912062573e-11	1.520430501601e-10
3.404000000000e-07	2.125484953819e-10	1.961456388774e-11	1.345034446059e-10
3.406000000000e-07	1.952479508465e-10	2.513607005252e-11	1.321451589244e-10
3.408000000000e-07	2.472386306386e-10	1.260027298705e-11	1.566912454976e-10
3.410000000000e-07	2.388149527221e-10	3.335979065832e-11	1.279229324369e-10
3.412000000000e-07	2.014575699271e-10	9.758856491531e-13	1.448825843695e-10
3.414000000000e-07	2.257262693921e-10	3.892237649942e-11	1.150105526651e-10
3.416000000000e-07	2.280275773097e-10	3.998569420155e-11	1.132876529581e-10
3.418000000000e-07	1.975440548653e-10	1.263978306841e-11	1.617652654170e-10
3.420000000000e-07	2.181664250826e-10	6.548032859514e-11	9.147750377513e-11
3.422000000000e-07	2.162318784659e-10	2.241733495044e-13	1.722183144154e-10
3.424000000000e-07	2.343014787192e-10	5.874565181880e-11	1.009528856532e-10
3.426000000000e-07	2.180987207673e-10	2.820538318938e-11	1.516685424986e-10
3.428000000000e-07	1.881183420308e-10	1.359007395988e-11	1.435343284809e-10
3.430000000000e-07	2.286844714884e-10	1.117858866675e-11	1.481726550292e-10
3.432000000000e-07	2.080784680187e-10	3.902044190050e-11	1.234969432693e-10
3.434000000000e-07	2.355113244846e-10	5.185014250057e-11	1.345115855701e-10
3.436000000000e-07	1.942292488181e-10	1.533537323492e-11	1.066868764271e-10
3.438000000000e-07	1.482734553855e-10	1.807508935069e-11	1.311307869237e-10
3.440000000000e-07	2.081015453733e-10	1.457284084531e-11	1.172957099835e-10
3.442000000000e-07	2.265717408757e-10	4.573475630363e-11	1.512934397244e-10
3.444000000000e-07	2.195647292895e-10	5.096924548167e-11	6.230032100887e-11
3.446000000000e-07	1.690752148173e-10	2.617210628424e-11	1.036734060449e-10
3.448000000000e-07	2.628112053343e-10	5.171535694393e-11	1.443093620763e-10
3.450000000000e-07	1.752068054370e-10	2.377616366485e-11	1.292005341804e-10
3.452000000000e-07	2.185906631757e-10	5.267511312445e-11	1.227337945540e-10
3.454000000000e-07	1.678489536198e-10	2.467076735514e-11	1.173548595117e-10
3.456000000000e-07	1.792506152340e-10	3.301883936136e-11	1.523369865558e-10
3.458000000000e-07	2.051513902864e-10	4.885301956654e-11	1.130717255061e-10
3.460000000000e-07	2.011208827574e-10	3.582896524688e-11	1.088734410703e-10
3.462000000000e-07	2.273343332197e-10	4.179272988908e-11	1.288373171701e-10
3.464000000000e-07	1.870217736363e-10	4.455147731567e-11	9.895542760113e-11
3.466000000000e-07	1.924463088327e-10	2.947813122508e-11	1.064763722752e-10
3.468000000000e-07	1.801212993571e-10	3.685591086273e-11	1.173955510123e-10
3.470000000000e-07	2.030291175403e-10	3.786439895270e-11	1.210738511727e-10
3.472000000000e-07	1.982252950426e-10	2.928326027691e-11	1.387076965864e-10
3.474000000000e-07	2.128637601309e-10	5.331458997215e-11	9.513071669818e-11
3.476000000000e-07	2.010505350098e-10	2.370468614782e-11	1.368905721094e-10
3.478000000000e-07	1.963027116523e-10	3.352982607217e-11	1.130931476162e-10
3.480000000000e-07	1.874704607000e-10	3.157085179118e-11	1.186699429104e-10
3.482000000000e-07	1.865782123039e-10	1.644321672607e-11	1.664613650243e-10
3.484000000000e-07	2.089075915774e-10	3.666087916109e-11	1.128460246665e-10
3.486000000000e-07	2.105698488125e-10	3.984666774623e-11	9.277465103209e-11
3.488000000000e-07	1.809480084841e-10	1.659373707081e-11	1.572041179974e-10
3.490000000000e-07	1.986849051137e-10	1.629935679838e-11	1.267077862273e-10
3.492000000000e-07	2.135069910251e-10	3.271869986456e-11	1.237293272529e-10
3.494000000000e-07	2.317943399562e-10	4.551330414208e-11	1.338865943795e-10
3.496000000000e-07	2.320394749286e-10	3.520221697405e-11	1.290330104926e-10
3.498000000000e-07	2.061496807425e-10	2.230249403926e-11	1.231343967642e-10
3.500000000000e-07	1.963616589498e-10	2.322962250640e-11	1.526111322689e-10
3.502000000000e-07	1.876120908757e-10	2.055183605399e-11	1.016373193982e-10
3.504000000000e-07	1.892615109927e-10	4.466631390296e-11	9.277034022591e-11
3.506000000000e-07	1.369206650593e-10	2.056323708611e-11	1.439352515558e-10
3.508000000000e-07	1.609694539735e-10	2.449111696288e-11	1.290368114585e-10
3.510000000000e-07	1.895146528698e-10	2.574791135746e-11	1.056114271248e-10
3.512000000000e-07	1.817030166897e-10	3.697259671846e-11	9.818597789786e-11
3.514000000000e-07	1.914552051247e-10	3.053394691894e-11	1.288789010671e-10
3.516000000000e-07	1.616424228130e-10	2.297637050623e-11	1.243199313380e-10
3.518000000000e-07	1.336495845928e-10	1.687984348193e-11	6.918967348870e-11
3.520000000000e-07	2.025673066710e-10	1.356239414711e-11	1.433813821494e-10
3.522000000000e-07	1.249447959344e-10	9.219732998407e-12	1.095148620451e-10
3.524000000000e-07	1.827860729011e-10	3.097094308113e-11	1.117060631893e-10
3.526000000000e-07	1.412501714155e-10	3.471823805345e-12	9.883008938355e-11
3.528000000000e-07	1.637915581865e-10	3.333988710372e-11	1.237699941463e-10
3.530000000000e-07	1.803222979221e-10	2.033561734897e-11	1.281818111974e-10
3.532000000000e-07	1.915713449127e-10	4.282083695314e-11	1.078612517179e-10
3.534000000000e-07	1.977540794640e-10	3.411531190819e-11	1.195952370986e-10
3.536000000000e-07	1.378767461813e-10	-1.748129796718e-13	1.248911805120e-10
3.538000000000e-07	1.629224987529e-10	1.721865626656e-11	1.086636321839e-10
3.540000000000e-07	1.554881867626e-10	2.970325089340e-11	1.018093137123e-10
3.542000000000e-07	2.220552737525e-10	3.068439159135e-11	1.325556837917e-10
3.544000000000e-07	1.624788159454e-10	2.501516571637e-11	9.464257608957e-11
3.546000000000e-07	1.756519510226e-10	3.363228249311e-11	1.064100152786e-10
3.548000000000e-07	1.708120547321e-10	3.135869779468e-11	1.010732626589e-10
3.550000000000e-07	1.628068463040e-10	3.244548241190e-11	9.623093557369e-11
3.552000000000e-07	1.403980678255e-10	1.329054073412e-11	1.110188844089e-10
3.554000000000e-07	2.072442279927e-10	1.848924169445e-11	1.335838392805e-10
3.556000000000e-07	1.733160329032e-10	1.002701535068e-11	1.216960384245e-10
3.558000000000e-07	1.505510056052e-10	2.646580269040e-11	1.020393345556e-10
3.560000000000e-07	1.869777301354e-10	2.664906020081e-11	8.950516228929e-11
3.562000000000e-07	1.886990457491e-10	3.654333151950e-11	1.209434846522e-10
3.564000000000e-07	1.712942174907e-10	1.838055496624e-11	1.255819329649e-10
3.566000000000e-07	1.679629515811e-10	3.740618018175e-11	1.003564332823e-10
3.568000000000e-07	1.604285804585e-10	3.817525277645e-11	6.969043237159e-11
3.570000000000e-07	1.834374089364e-10	1.769686792068e-11	1.147957911121e-10
3.572000000000e-07	1.776409246378e-10	3.807429052844e-11	1.178170094983e-10
3.574000000000e-07	1.482817354605e-10	1.672428978422e-11	1.234476140783e-10
3.576000000000e-07	2.232225916146e-10	6.459196331846e-11	8.819420068192e-11
3.578000000000e-07	1.604075767504e-10	2.052346532011e-11	1.015331410609e-10
3.580000000000e-07	1.566409469940e-10	1.125164721848e-11	1.320162948460e-10
3.582000000000e-07	1.783895379430e-10	2.735844658589e-12	1.468917659091e-10
3.584000000000e-07	1.652822367922e-10	4.942135793717e-11	7.418822458990e-11
3.586000000000e-07	1.508863349995e-10	1.963172311331e-11	8.696053921868e-11
3.588000000000e-07	1.212609318221e-10	1.946332543932e-11	7.249952465982e-11
3.590000000000e-07	1.565556513896e-10	1.373100812099e-11	1.059960610649e-10
3.592000000000e-07	1.304762243089e-10	9.460737489885e-12	1.155977582212e-10
3.594000000000e-07	1.256165311760e-10	2.012872872988e-11	1.111262938177e-10
3.596000000000e-07	1.800485297766e-10	1.557845187330e-11	1.187840972362e-10
3.598000000000e-07	1.419576943629e-10	2.188515760212e-11	1.136121588772e-10
3.600000000000e-07	1.103865973614e-10	1.117029990663e-11	9.671658022324e-11
3.602000000000e-07	1.646291070028e-10	1.856603634232e-11	1.144182305850e-10
3.604000000000e-07	1.217879175082e-10	2.930254513600e-12	1.122654176131e-10
3.606000000000e-07	1.729205817413e-10	4.018090937047e-11	1.048854412794e-10
3.608000000000e-07	1.528150000800e-10	1.780089077954e-11	8.683654548292e-11
3.610000000000e-07	1.698052200944e-10	3.362413734868e-11	1.170839817824e-10
3.612000000000e-07	1.362992687418e-10	1.305245060791e-11	1.301582414089e-10
3.614000000000e-07	1.488391601373e-10	2.011447166436e-11	1.255652507516e-10
3.616000000000e-07	1.595183626829e-10	3.473776428624e-11	1.216930300285e-10
3.618000000000e-07	1.137130868077e-10	5.464133866524e-12	1.017300930005e-10
3.620000000000e-07	1.634438331154e-10	2.021844441714e-11	7.260403536201e-11
3.622000000000e-07	1.387294107883e-10	2.555785557550e-11	8.796934844938e-11
3.624000000000e-07	1.367470868487e-10	1.600995318876e-11	9.971718390819e-11
3.626000000000e-07	1.952895421343e-10	4.320634930939e-11	1.036681250368e-10
3.628000000000e-07	1.405538602799e-10	1.874280194866e-11	1.135625553701e-10
3.630000000000e-07	1.557320911812e-10	2.487430299735e-11	9.502114497929e-11
3.632000000000e-07	1.240823613298e-10	2.012014469998e-11	8.544017777891e-11
3.634000000000e-07	1.470930933591e-10	2.612259200170e-11	1.033992592649e-10
3.636000000000e-07	1.496725097037e-10	8.435887833114e-12	1.179824175878e-10
3.638000000000e-07	1.520276745451e-10	2.675348368299e-11	8.902088288138e-11
3.640000000000e-07	1.457316046902e-10	3.277365195796e-11	7.680658567262e-11
3.642000000000e-07	1.493429529555e-10	2.561243484467e-11	6.599163508552e-11
3.644000000000e-07	1.323441661576e-10	1.549419447191e-11	1.062666623375e-10
3.646000000000e-07	1.403995489457e-10	1.468312307067e-11	1.078733175678e-10
3.648000000000e-07	1.453523350887e-10	3.353650663865e-11	7.776726545646e-11
3.650000000000e-07	1.303399790692e-10	3.436567694200e-11	8.831475548473e-11
3.652000000000e-07	1.518108879494e-10	3.289356220004e-11	8.897079735965e-11
3.654000000000e-07	1.250675525150e-10	7.333607552984e-12	8.648968149258e-11
3.656000000000e-07	1.442061463630e-10	4.086205194989e-12	1.371406428806e-10
3.658000000000e-07	1.287324386383e-10	1.137829987304e-11	1.037552687276e-10
3.660000000000e-07	1.454173206581e-10	7.126738928633e-12	1.342506658574e-10
3.662000000000e-07	1.281241024126e-10	1.123615061500e-11	9.884173215692e-11
3.664000000000e-07	1.652125578276e-10	1.835704007773e-11	1.326560230909e-10
3.666000000000e-07	1.118480237349e-10	2.596585832192e-11	6.190326572237e-11
3.668000000000e-07	1.386502920161e-10	1.464679175105e-11	8.027777945987e-11
3.670000000000e-07	1.409821036774e-10	1.605630618685e-11	1.052363198901e-10
3.672000000000e-07	1.368276909924e-10	1.229369547054e-11	1.069770185154e-10
3.674000000000e-07	1.455955051905e-10	2.480698451846e-11	1.093005418688e-10
3.676000000000e-07	1.356034451505e-10	2.117662011772e-11	1.064102883467e-10
3.678000000000e-07	1.462780288423e-10	3.580819121204e-11	7.214819506698e-11
3.680000000000e-07	1.360377654113e-10	6.553867171984e-12	9.925042820168e-11
3.682000000000e-07	1.467298092934e-10	2.825929197951e-11	7.382806571434e-11
3.684000000000e-07	1.144287863984e-10	1.599976161062e-11	8.648750654830e-11
3.686000000000e-07	1.114041200253e-10	8.920180615369e-12	8.813582380958e-11
3.688000000000e-07	1.087283900329e-10	1.718388048617e-11	6.704106186666e-11
3.690000000000e-07	1.263214323429e-10	2.443750477389e-11	9.950206871850e-11
3.692000000000e-07	1.297593805979e-10	2.213712478311e-11	8.896846060878e-11
3.694000000000e-07	1.395479074503e-10	3.244229952001e-11	6.633270974368e-11
3.696000000000e-07	1.171878693543e-10	4.274850355964e-11	5.603115878454e-11
3.698000000000e-07	1.213987634808e-10	1.200562317525e-11	1.078687095506e-10
3.700000000000e-07	1.570938722152e-10	2.647766337278e-11	1.009870526603e-10
3.702000000000e-07	1.369001059560e-10	1.885988730326e-11	9.010927213544e-11
3.704000000000e-07	1.140940750717e-10	1.480927488340e-11	8.457108601064e-11
3.706000000000e-07	9.611772849660e-11	2.043164134127e-11	1.116148768223e-10
3.708000000000e-07	1.241338389891e-10	9.281408180583e-12	9.316232730861e-11
3.710000000000e-07	1.241685163271e-10	6.427238221594e-12	8.595848661290e-11
3.712000000000e-07	1.342463872066e-10	3.431366434670e-11	8.817287072253e-11
3.714000000000e-07	9.919673399353e-11	2.652829063075e-11	6.409081515070e-11
3.716000000000e-07	1.661166544695e-10	1.366989824357e-11	1.308625784979e-10
3.718000000000e-07	1.534589474550e-10	5.617373482625e-12	9.787409826802e-11
3.720000000000e-07	1.449356906172e-10	2.311753463751e-11	9.674553700368e-11
3.722000000000e-07	1.026398530831e-10	1.004460956342e-11	9.682457305350e-11
3.724000000000e-07	1.302481996639e-10	1.644469535596e-11	8.694680054617e-11
3.726000000000e-07	1.284716880924e-10	2.424840976900e-11	8.921277279042e-11
3.728000000000e-07	1.031251260047e-10	2.366291178829e-11	7.327496970337e-11
3.730000000000e-07	1.255729595952e-10	2.817689698258e-11	7.280940427742e-11
3.732000000000e-07	1.300269919685e-10	2.126659611037e-11	8.580624255165e-11
3.734000000000e-07	1.287103205077e-10	3.171024177220e-11	7.088845997753e-11
3.736000000000e-07	1.260124754357e-10	1.470142608286e-11	9.017549280659e-11
3.738000000000e-07	1.251038822259e-10	1.658888349378e-11	7.092020455696e-11
3.740000000000e-07	1.286199678413e-10	5.275158236427e-12	6.183883060519e-11
3.742000000000e-07	9.798180221972e-11	3.047204336025e-11	3.574239985823e-11
3.744000000000e-07	1.125553435560e-10	1.881264180944e-11	8.419528059526e-11
3.746000000000e-07	1.142094919711e-10	1.279099934847e-11	9.666316829214e-11
3.748000000000e-07	1.323341262812e-10	3.074112759002e-11	9.646710644923e-11
3.750000000000e-07	1.347888831221e-10	2.844148938985e-11	7.609273433867e-11
3.752000000000e-07	1.158391996137e-10	2.237989420877e-12	1.033545159125e-10
3.754000000000e-07	9.531933828899e-11	2.680788653577e-11	7.635780277803e-11
3.756000000000e-07	1.300547767010e-10	2.572748649116e-11	8.233970090873e-11
3.758000000000e-07	1.190148142234e-10	1.756836184915e-11	9.895472247502e-11
3.760000000000e-07	1.010789134798e-10	1.839430404956e-11	7.197820727153e-11
3.762000000000e-07	1.468188919556e-10	2.015597735511e-11	1.107862925287e-10
3.764000000000e-07	1.016344631135e-10	7.193240652117e-12	1.032796805938e-10
3.766000000000e-07	1.318095565863e-10	3.300649916582e-11	8.636149654548e-11
3.768000000000e-07	1.332881152130e-10	1.640727256026e-11	9.270312225382e-11
3.770000000000e-07	9.527359862130e-11	6.106348193069e-12	1.025721570691e-10
3.772000000000e-07	9.824228252416e-11	2.636207517393e-11	6.356808099197e-11
3.774000000000e-07	1.133622544780e-10	1.297018347245e-11	1.022525106998e-10
3.776000000000e-07	1.029576289719e-10	1.729715682254e-11	6.723496352900e-11
3.778000000000e-07	1.478527837685e-10	4.663154045710e-12	8.205194666847e-11
3.780000000000e-07	1.088284373100e-10	1.302371318715e-11	9.519438725285e-11
3.782000000000e-07	1.369868345172e-10	3.728135727181e-11	7.497084307861e-11
3.784000000000e-07	1.331930618972e-10	2.365415520051e-11	8.501778826214e-11
3.786000000000e-07	1.034487898844e-10	1.535817864966e-11	9.499963249371e-11
3.788000000000e-07	1.008123803407e-10	6.224082271501e-12	5.501685075851e-11
3.790000000000e-07	9.137092334708e-11	1.129700756790e-11	8.643109765984e-11
3.792000000000e-07	1.101521577306e-10	9.822344760100e-12	7.856988721743e-11
3.794000000000e-07	1.132139838833e-10	6.656342719324e-12	1.097313372446e-10
3.796000000000e-07	1.063270048959e-10	2.152606162801e-11	7.875417895547e-11
3.798000000000e-07	1.068966558999e-10	2.050575529471e-11	7.925131513935e-11
3.800000000000e-07	1.303144055115e-10	3.593638943184e-11	6.752687077565e-11
3.802000000000e-07	1.009874919137e-10	6.343656781833e-13	9.412695258050e-11
3.804000000000e-07	8.629463879575e-11	1.287302564207e-11	8.815119915308e-11
3.806000000000e-07	1.042858429830e-10	1.176294052788e-11	9.586189974802e-11
3.808000000000e-07	9.918249488557e-11	1.190391905710e-11	8.997564966875e-11
3.810000000000e-07	8.773166870740e-11	1.769658169203e-11	9.611029401538e-11
3.812000000000e-07	1.331311404797e-10	2.414495849656e-11	1.010398478002e-10
3.814000000000e-07	8.889166897143e-11	1.283918347028e-11	7.733193431589e-11
3.816000000000e-07	1.211058691484e-10	-1.084287753870e-12	6.851706807859e-11
3.818000000000e-07	1.186546025423e-10	2.206106986394e-11	9.748089128145e-11
3.820000000000e-07	1.098167346062e-10	2.257365438967e-11	9.506144152243e-11
3.822000000000e-07	9.839181723333e-11	2.718218734724e-11	6.933214033476e-11
3.824000000000e-07	1.076064645273e-10	9.523137017917e-12	7.756669904100e-11
3.826000000000e-07	1.024366090328e-10	6.556170312820e-12	8.170576645619e-11
3.828000000000e-07	7.974026465025e-11	1.015141266821e-11	9.331878809915e-11
3.830000000000e-07	8.591429825029e-11	1.202903863991e-11	9.196568793952e-11
3.832000000000e-07	9.997643027384e-11	2.184059644084e-11	6.443379059439e-11
3.834000000000e-07	6.628862513104e-11	6.860913976466e-12	7.707724077469e-11
3.836000000000e-07	9.337075372729e-11	3.156716338883e-11	6.314812400181e-11
3.838000000000e-07	8.129122535154e-11	1.860971671481e-11	7.453801163575e-11
3.840000000000e-07	1.093175159260e-10	1.807368599094e-11	6.848669116836e-11
3.842000000000e-07	7.992570560610e-11	7.889633390389e-12	9.150772141431e-11
3.844000000000e-07	9.396540736153e-11	2.138412813513e-11	6.994552771884e-11
3.846000000000e-07	9.328398097440e-11	8.317996848203e-12	8.980355661310e-11
3.848000000000e-07	6.211392081301e-11	1.547918565399e-11	6.530747370293e-11
3.850000000000e-07	8.094514147380e-11	1.648810137027e-11	8.169864814835e-11
3.852000000000e-07	1.053789927348e-10	1.492363199441e-11	7.693455852199e-11
3.854000000000e-07	8.935681381839e-11	1.614987185760e-11	5.696023657965e-11
3.856000000000e-07	9.790494128403e-11	7.901264179816e-12	9.636105576264e-11
3.858000000000e-07	7.850496910807e-11	1.620410113328e-11	9.761451965340e-11
3.860000000000e-07	1.260123906238e-10	2.245054839597e-11	7.059844508744e-11
3.862000000000e-07	1.123325474305e-10	2.426228238386e-11	4.551807911832e-11
3.864000000000e-07	8.564889113793e-11	1.252565228350e-11	6.645246836697e-11
3.866000000000e-07	9.834426145058e-11	9.809960706626e-12	9.984227725695e-11
3.868000000000e-07	1.094918272190e-10	1.265549526961e-11	7.450237037641e-11
3.870000000000e-07	8.984036571065e-11	1.429214713102e-11	6.172965296538e-11
3.872000000000e-07	8.436846510007e-11	1.057652632693e-11	9.796383928604e-11
3.874000000000e-07	7.669586677633e-11	1.894628351453e-11	7.125357685232e-11
3.876000000000e-07	1.017509998385e-10	1.291856660071e-11	9.585400790537e-11
3.878000000000e-07	9.735746273519e-11	3.472079968105e-11	6.317128305218e-11
3.880000000000e-07	1.082573937348e-10	1.998895851929e-11	7.077985873458e-11
3.882000000000e-07	8.846024272424e-11	1.673758308699e-11	5.611184778179e-11
3.884000000000e-07	1.142839028334e-10	2.553889997578e-11	7.322835926009e-11
3.886000000000e-07	9.574310075148e-11	6.886446718032e-12	7.703884057331e-11
3.888000000000e-07	8.258851469790e-11	1.870845392305e-11	6.270120544907e-11
3.890000000000e-07	7.371390927202e-11	-8.452291928015e-12	1.045174058931e-10
3.892000000000e-07	9.701136909627e-11	2.537898604657e-11	7.274857238700e-11
3.894000000000e-07	8.785000200702e-11	2.107884817565e-11	6.348917315931e-11
3.896000000000e-07	7.608752401340e-11	9.392517567778e-13	7.473461404241e-11
3.898000000000e-07	9.447153564569e-11	1.850825313947e-11	7.275997472334e-11
3.900000000000e-07	9.915507851393e-11	9.787432237554e-12	8.004804543949e-11
3.902000000000e-07	8.782809475905e-11	1.117687469509e-11	9.330252389385e-11
3.904000000000e-07	8.423764633587e-11	1.827577933689e-11	7.497654952005e-11
3.906000000000e-07	9.530290499862e-11	2.747545160844e-11	5.634100319636e-11
3.908000000000e-07	8.704797982471e-11	2.182653099360e-11	6.807358710794e-11
3.910000000000e-07	7.616727449974e-11	1.057396467148e-11	7.101969326205e-11
3.912000000000e-07	8.610607000152e-11	9.087479133707e-12	8.542004617113e-11
3.914000000000e-07	1.030748051992e-10	2.089176589801e-11	5.959704302354e-11
3.916000000000e-07	9.011699173970e-11	1.499081332704e-11	7.058570412601e-11
3.918000000000e-07	9.523299423003e-11	4.846521483230e-12	9.719053341263e-11
3.920000000000e-07	1.003137683871e-10	2.058972007482e-11	5.851727801035e-11
3.922000000000e-07	7.702935221223e-11	4.872586911679e-12	6.512526041868e-11
3.924000000000e-07	7.018792986914e-11	2.246711927174e-11	4.216281760413e-11
3.926000000000e-07	7.247180642344e-11	1.088532488465e-11	6.296062066844e-11
3.928000000000e-07	8.134759010418e-11	2.203767762701e-11	6.117335566937e-11
3.930000000000e-07	9.124028164686e-11	8.472309545186e-12	6.954414651899e-11
3.932000000000e-07	8.541661384673e-11	1.335563825716e-11	6.308369212683e-11
3.934000000000e-07	5.763447458289e-11	6.155182793674e-12	6.470440062408e-11
3.936000000000e-07	8.832191195417e-11	1.948276067572e-11	7.673488370906e-11
3.938000000000e-07	8.489490560882e-11	4.484567395918e-12	9.922852930738e-11
3.940000000000e-07	7.003718560530e-11	4.508137219849e-12	6.735622680981e-11
3.942000000000e-07	9.844447092272e-11	2.292674806664e-11	5.989314322748e-11
3.944000000000e-07	5.415717901652e-11	8.390346740708e-12	5.974268233388e-11
3.946000000000e-07	6.458829298071e-11	4.033526441283e-12	8.422909701287e-11
3.948000000000e-07	9.378076298441e-11	1.761008880718e-11	7.892209980003e-11
3.950000000000e-07	8.025750445557e-11	1.659073773158e-11	7.582948849563e-11
3.952000000000e-07	7.644981424827e-11	-2.560471512176e-12	9.157588896938e-11
3.954000000000e-07	7.588694577496e-11	1.510433514851e-11	8.910356257465e-11
3.956000000000e-07	8.199143446662e-11	1.574854884362e-12	6.098284829149e-11
3.958000000000e-07	7.067022292841e-11	1.944605194102e-11	5.268825611276e-11
3.960000000000e-07	8.263016132969e-11	1.721427603429e-11	9.122489450848e-11
3.962000000000e-07	6.885007455378e-11	1.536064670249e-11	4.096061220653e-11
3.964000000000e-07	8.180031694143e-11	3.131681770362e-11	5.874182043894e-11
3.966000000000e-07	8.219902328049e-11	3.052773627670e-12	6.356936672295e-11
3.968000000000e-07	7.077694070758e-11	1.721660082006e-11	5.500247391476e-11
3.970000000000e-07	9.602079845165e-11	1.589250637878e-11	5.996305194363e-11
3.972000000000e-07	7.982432789867e-11	2.319937729236e-11	5.052852702292e-11
3.974000000000e-07	8.999939790041e-11	2.362012480810e-11	6.150488286851e-11
3.976000000000e-07	7.821630973322e-11	1.012305920300e-11	8.475072613820e-11
3.978000000000e-07	6.552842947763e-11	9.018041813280e-12	6.319371066935e-11
3.980000000000e-07	7.973068761273e-11	2.297172334836e-12	8.083108701050e-11
3.982000000000e-07	7.934139719989e-11	3.350925471933e-11	2.964926528308e-11
3.984000000000e-07	8.147745512021e-11	2.309721312598e-11	5.647929965758e-11
3.986000000000e-07	7.925667964923e-11	1.992826083573e-11	4.654584232569e-11
3.988000000000e-07	8.641839061102e-11	1.633648377010e-12	7.037951641903e-11
3.990000000000e-07	9.156632175361e-11	1.344369583952e-11	7.040916376472e-11
