1.361200000000e-06	0.000000000000e+00	0.000000000000e+00	0.000000000000e+00
1.361400000000e-06	0.000000000000e+00	0.000000000000e+00	0.000000000000e+00
1.361600000000e-06	0.000000000000e+00	0.000000000000e+00	0.000000000000e+00
1.361800000000e-06	0.000000000000e+00	0.000000000000e+00	0.000000000000e+00
1.362000000000e-06	0.000000000000e+00	0.000000000000e+00	0.000000000000e+00
1.362200000000e-06	0.000000000000e+00	0.000000000000e+00	0.000000000000e+00
1.362400000000e-06	0.000000000000e+00	0.000000000000e+00	0.000000000000e+00
1.362600000000e-06	0.000000000000e+00	0.000000000000e+00	0.000000000000e+00
1.362800000000e-06	0.000000000000e+00	0.000000000000e+00	0.000000000000e+00
1.363000000000e-06	0.000000000000e+00	0.000000000000e+00	0.000000000000e+00
1.363200000000e-06	0.000000000000e+00	0.000000000000e+00	0.000000000000e+00
1.363400000000e-06	0.000000000000e+00	0.000000000000e+00	0.000000000000e+00
1.363600000000e-06	0.000000000000e+00	0.000000000000e+00	0.000000000000e+00
1.363800000000e-06	0.000000000000e+00	0.000000000000e+00	0.000000000000e+00
1.364000000000e-06	0.000000000000e+00	0.000000000000e+00	0.000000000000e+00
1.364200000000e-06	0.000000000000e+00	0.000000000000e+00	0.000000000000e+00
1.364400000000e-06	0.000000000000e+00	0.000000000000e+00	0.000000000000e+00
1.364600000000e-06	0.000000000000e+00	0.000000000000e+00	0.000000000000e+00
1.364800000000e-06	0.000000000000e+00	0.000000000000e+00	0.000000000000e+00
1.365000000000e-06	0.000000000000e+00	0.000000000000e+00	0.000000000000e+00
1.365200000000e-06	0.000000000000e+00	0.000000000000e+00	0.000000000000e+00
1.365400000000e-06	0.000000000000e+00	0.000000000000e+00	0.000000000000e+00
1.365600000000e-06	0.000000000000e+00	0.000000000000e+00	0.000000000000e+00
1.365800000000e-06	0.000000000000e+00	0.000000000000e+00	0.000000000000e+00
1.366000000000e-06	0.000000000000e+00	0.000000000000e+00	0.000000000000e+00
1.366200000000e-06	0.000000000000e+00	0.000000000000e+00	0.000000000000e+00
1.366400000000e-06	0.000000000000e+00	0.000000000000e+00	0.000000000000e+00
1.366600000000e-06	0.000000000000e+00	0.000000000000e+00	0.000000000000e+00
1.366800000000e-06	0.000000000000e+00	0.000000000000e+00	0.000000000000e+00
1.367000000000e-06	0.000000000000e+00	0.000000000000e+00	0.000000000000e+00
1.367200000000e-06	0.000000000000e+00	0.000000000000e+00	0.000000000000e+00
1.367400000000e-06	0.000000000000e+00	0.000000000000e+00	0.000000000000e+00
1.367600000000e-06	0.000000000000e+00	0.000000000000e+00	0.000000000000e+00
1.367800000000e-06	0.000000000000e+00	0.000000000000e+00	0.000000000000e+00
1.368000000000e-06	0.000000000000e+00	0.000000000000e+00	0.000000000000e+00
1.368200000000e-06	0.000000000000e+00	0.000000000000e+00	0.000000000000e+00
1.368400000000e-06	0.000000000000e+00	0.000000000000e+00	0.000000000000e+00
1.368600000000e-06	0.000000000000e+00	0.000000000000e+00	0.000000000000e+00
1.368800000000e-06	0.000000000000e+00	0.000000000000e+00	0.000000000000e+00
1.369000000000e-06	0.000000000000e+00	0.000000000000e+00	0.000000000000e+00
1.369200000000e-06	0.000000000000e+00	0.000000000000e+00	0.000000000000e+00
1.369400000000e-06	0.000000000000e+00	0.000000000000e+00	0.000000000000e+00
1.369600000000e-06	0.000000000000e+00	0.000000000000e+00	0.000000000000e+00
1.369800000000e-06	0.000000000000e+00	0.000000000000e+00	0.000000000000e+00
1.370000000000e-06	0.000000000000e+00	0.000000000000e+00	0.000000000000e+00
1.370200000000e-06	0.000000000000e+00	0.000000000000e+00	0.000000000000e+00
1.370400000000e-06	0.000000000000e+00	0.000000000000e+00	0.000000000000e+00
1.370600000000e-06	0.000000000000e+00	0.000000000000e+00	0.000000000000e+00
1.370800000000e-06	0.000000000000e+00	0.000000000000e+00	0.000000000000e+00
1.371000000000e-06	0.000000000000e+00	0.000000000000e+00	0.000000000000e+00
1.371200000000e-06	0.000000000000e+00	0.000000000000e+00	0.000000000000e+00
1.371400000000e-06	0.000000000000e+00	0.000000000000e+00	0.000000000000e+00
1.371600000000e-06	0.000000000000e+00	0.000000000000e+00	0.000000000000e+00
1.371800000000e-06	0.000000000000e+00	0.000000000000e+00	0.000000000000e+00
1.372000000000e-06	0.000000000000e+00	0.000000000000e+00	0.000000000000e+00
1.372200000000e-06	0.000000000000e+00	0.000000000000e+00	0.000000000000e+00
1.372400000000e-06	0.000000000000e+00	0.000000000000e+00	0.000000000000e+00
1.372600000000e-06	0.000000000000e+00	0.000000000000e+00	0.000000000000e+00
1.372800000000e-06	0.000000000000e+00	0.000000000000e+00	0.000000000000e+00
1.373000000000e-06	0.000000000000e+00	0.000000000000e+00	0.000000000000e+00
1.373200000000e-06	0.000000000000e+00	0.000000000000e+00	0.000000000000e+00
1.373400000000e-06	0.000000000000e+00	0.000000000000e+00	0.000000000000e+00
1.373600000000e-06	0.000000000000e+00	0.000000000000e+00	0.000000000000e+00
1.373800000000e-06	0.000000000000e+00	0.000000000000e+00	0.000000000000e+00
1.374000000000e-06	0.000000000000e+00	0.000000000000e+00	0.000000000000e+00
1.374200000000e-06	0.000000000000e+00	0.000000000000e+00	0.000000000000e+00
1.374400000000e-06	0.000000000000e+00	0.000000000000e+00	0.000000000000e+00
1.374600000000e-06	0.000000000000e+00	0.000000000000e+00	0.000000000000e+00
1.374800000000e-06	0.000000000000e+00	0.000000000000e+00	0.000000000000e+00
1.375000000000e-06	0.000000000000e+00	0.000000000000e+00	0.000000000000e+00
1.375200000000e-06	0.000000000000e+00	0.000000000000e+00	0.000000000000e+00
1.375400000000e-06	0.000000000000e+00	0.000000000000e+00	0.000000000000e+00
1.375600000000e-06	-6.361793234332e-17	1.553395493998e-19	-4.934457502981e-17
1.375800000000e-06	6.078238293261e-16	2.908292989176e-16	1.075649146693e-16
1.376000000000e-06	0.000000000000e+00	0.000000000000e+00	0.000000000000e+00
1.376200000000e-06	-5.866121864250e-15	-4.067997560004e-15	5.515914241298e-16
1.376400000000e-06	5.631847834398e-15	-2.086721458684e-15	6.882291493871e-15
1.376600000000e-06	1.071059085948e-15	1.073193034217e-14	-1.245714614210e-14
1.376800000000e-06	-2.941684524717e-15	2.853722667766e-16	-2.614699155136e-15
1.377000000000e-06	1.001706718208e-14	4.685801611890e-15	1.851713057057e-15
1.377200000000e-06	1.908028424421e-15	7.509398068901e-16	5.325243733346e-16
1.377400000000e-06	-5.391094507735e-14	-3.232887468112e-14	-9.576790890253e-16
1.377600000000e-06	-8.979301420845e-14	-1.012421020266e-13	5.741880785503e-14
1.377800000000e-06	-5.296946937586e-14	2.141433064944e-14	-6.701382693063e-14
1.378000000000e-06	-9.498597439127e-14	-9.233678390382e-14	4.302402826660e-14
1.378200000000e-06	-3.564460200388e-13	-2.354668133344e-14	-2.444660894779e-13
1.378400000000e-06	-2.208059488267e-13	-9.420067897498e-14	-5.251822579457e-14
1.378600000000e-06	-2.261545141691e-13	1.340260948510e-13	-3.401581183717e-13
1.378800000000e-06	-1.100906186372e-12	-4.810483006145e-13	-2.419647838397e-13
1.379000000000e-06	-1.100217985565e-12	-4.606365386125e-14	-7.850910295227e-13
1.379200000000e-06	-9.893215046419e-13	-9.110645326054e-14	-6.461448844912e-13
1.379400000000e-06	-1.148056077041e-12	-2.423274815974e-13	-5.787767064944e-13
1.379600000000e-06	-3.538406672593e-12	-5.325623055599e-13	-2.044865524881e-12
1.379800000000e-06	-7.239670723719e-12	-1.365909158014e-12	-3.847736730258e-12
1.380000000000e-06	-6.128737896451e-12	3.459663068938e-13	-5.149190805101e-12
1.380200000000e-06	-1.534079743642e-11	-4.010168778431e-12	-6.739520625993e-12
1.380400000000e-06	-2.491511491428e-11	6.549092794726e-13	-1.997212446850e-11
1.380600000000e-06	-7.884503927479e-11	-1.371737891820e-11	-4.334637035841e-11
1.380800000000e-06	-8.495421320842e-11	-9.600133536463e-12	-5.325550764097e-11
1.381000000000e-06	-7.472009323911e-11	-1.397284470787e-11	-3.989373542542e-11
1.381200000000e-06	-8.398297120182e-11	-7.032227475333e-12	-5.576271582601e-11
1.381400000000e-06	-8.456819344655e-11	-9.960046317145e-12	-5.248590262981e-11
1.381600000000e-06	-6.871709998376e-11	-4.395331874523e-12	-4.736466228682e-11
1.381800000000e-06	-8.246394837206e-11	-2.096677428664e-11	-3.705603746139e-11
1.382000000000e-06	-9.226993092125e-11	-2.488372158204e-11	-3.957403576547e-11
1.382200000000e-06	-1.015922053572e-10	-2.897364160946e-11	-4.165174968605e-11
1.382400000000e-06	-1.011520684929e-10	-1.752560068956e-11	-5.563682636715e-11
1.382600000000e-06	-1.036478843734e-10	-5.403971696772e-12	-7.312987428610e-11
1.382800000000e-06	-1.272866637875e-10	-1.277699470442e-11	-8.181867553806e-11
1.383000000000e-06	-1.364217202166e-10	-1.183945336574e-11	-8.994247664858e-11
1.383200000000e-06	-1.594644442733e-10	-1.842718074378e-11	-9.972680573007e-11
1.383400000000e-06	-1.602351336233e-10	-3.665113048912e-12	-1.186944344221e-10
1.383600000000e-06	-1.925947037009e-10	-2.951880423840e-11	-1.112118417830e-10
1.383800000000e-06	-2.322324752138e-10	-3.332731560777e-11	-1.367230550720e-10
1.384000000000e-06	-2.513361938190e-10	-3.978627917592e-11	-1.431483462763e-10
1.384200000000e-06	-2.748612765021e-10	-3.355779512546e-11	-1.692596778674e-10
1.384400000000e-06	-3.541875915116e-10	-3.229524025338e-11	-2.320226977451e-10
1.384600000000e-06	-3.857001572512e-10	-5.513849511555e-11	-2.276209022516e-10
1.384800000000e-06	-4.429608983759e-10	-4.737462724237e-11	-2.811694216306e-10
1.385000000000e-06	-5.166057986488e-10	-6.023098013279e-11	-3.224338444500e-10
1.385200000000e-06	-6.486967943800e-10	-9.792604272379e-11	-3.758840706937e-10
1.385400000000e-06	-7.149642041038e-10	-6.267604602205e-11	-4.715577840091e-10
1.385600000000e-06	-8.736666546903e-10	-1.819171860071e-10	-4.428379773242e-10
1.385800000000e-06	-9.837540988867e-10	-1.383841427821e-10	-5.827146680682e-10
1.386000000000e-06	-1.075943780934e-09	-1.214387692284e-10	-6.755832991720e-10
1.386200000000e-06	-1.101245333897e-09	-8.756949912329e-11	-7.375257699802e-10
1.386400000000e-06	-1.342821433802e-09	-1.472464975587e-10	-8.487912860361e-10
1.386600000000e-06	-1.407740534044e-09	-1.783281211893e-10	-8.591735455755e-10
1.386800000000e-06	-1.488790666929e-09	-1.978606314328e-10	-8.967585309125e-10
1.387000000000e-06	-1.500976933309e-09	-1.067870038528e-10	-1.022325294755e-09
1.387200000000e-06	-1.673045618540e-09	-2.244933183618e-10	-1.005191260221e-09
1.387400000000e-06	-1.680783215803e-09	-1.618134658254e-10	-1.091738738394e-09
1.387600000000e-06	-1.677736149400e-09	-1.556147574536e-10	-1.097633538747e-09
1.387800000000e-06	-1.817599152193e-09	-1.972436571087e-10	-1.152044405643e-09
1.388000000000e-06	-1.733220632777e-09	-1.826522783971e-10	-1.104820820665e-09
1.388200000000e-06	-1.845610131052e-09	-1.274154461108e-10	-1.263941264401e-09
1.388400000000e-06	-1.859389529401e-09	-1.540721437099e-10	-1.239064575760e-09
1.388600000000e-06	-1.782504384335e-09	-1.560239009138e-10	-1.179212212384e-09
1.388800000000e-06	-1.806786997950e-09	-1.414620259771e-10	-1.215966843755e-09
1.389000000000e-06	-1.852604583964e-09	-2.099315101160e-10	-1.163570856359e-09
1.389200000000e-06	-1.687635249248e-09	-1.359609155291e-10	-1.131185299304e-09
1.389400000000e-06	-1.675498944519e-09	-3.708808581496e-11	-1.249886030077e-09
1.389600000000e-06	-1.739870132527e-09	-1.513377490640e-10	-1.152330973102e-09
1.389800000000e-06	-1.605145141070e-09	-1.146452476654e-10	-1.095490590806e-09
1.390000000000e-06	-1.591141957700e-09	-8.394924316337e-11	-1.124020634203e-09
1.390200000000e-06	-1.570913575952e-09	-7.124760889537e-11	-1.124251946267e-09
1.390400000000e-06	-1.545920342866e-09	-5.802533558111e-11	-1.123629948694e-09
1.390600000000e-06	-1.498508451408e-09	-1.025185896246e-11	-1.147802051740e-09
1.390800000000e-06	-1.496307568782e-09	-8.882721296718e-11	-1.046470205641e-09
1.391000000000e-06	-1.453774904736e-09	-1.392737949216e-10	-9.488256818990e-10
1.391200000000e-06	-1.318847402806e-09	1.682206618105e-12	-1.026179383594e-09
1.391400000000e-06	-1.380455386943e-09	-3.103560242537e-11	-1.029791922234e-09
1.391600000000e-06	-1.347938075895e-09	-9.264570692522e-11	-9.263161100313e-10
1.391800000000e-06	-1.227883269144e-09	3.356076019480e-11	-9.966275382145e-10
1.392000000000e-06	-1.169756604942e-09	-3.195450439996e-11	-8.672053364011e-10
1.392200000000e-06	-1.171444738450e-09	3.880703311480e-11	-9.602702740329e-10
1.392400000000e-06	-1.072682141845e-09	4.332691304482e-11	-8.902688329847e-10
1.392600000000e-06	-1.096462373057e-09	-4.001425034118e-11	-7.997822208797e-10
1.392800000000e-06	-9.130870771738e-10	2.097966482787e-11	-7.368040320121e-10
1.393000000000e-06	-1.023373299962e-09	-6.188918030060e-11	-7.158427990695e-10
1.393200000000e-06	-1.004311959146e-09	-4.477775441593e-11	-7.226120818232e-10
1.393400000000e-06	-8.231522322180e-10	8.139798792784e-11	-7.489432717838e-10
1.393600000000e-06	-9.242469176400e-10	3.569790443491e-11	-7.650344598075e-10
1.393800000000e-06	-8.768035157408e-10	1.579949468235e-11	-7.038502979585e-10
1.394000000000e-06	-7.421858787313e-10	4.233298120254e-11	-6.337375268424e-10
1.394200000000e-06	-7.827602445133e-10	1.951350793058e-11	-6.353646557828e-10
1.394400000000e-06	-7.300903541303e-10	5.129458070312e-11	-6.350741560432e-10
1.394600000000e-06	-7.138119182901e-10	3.913201860829e-11	-6.084448584317e-10
1.394800000000e-06	-7.042185115638e-10	9.840348122184e-11	-6.771415975160e-10
1.395000000000e-06	-5.786811941619e-10	5.543979352791e-12	-4.593726692817e-10
1.395200000000e-06	-6.720893555461e-10	6.980384196096e-11	-6.153534052400e-10
1.395400000000e-06	-6.569769006057e-10	7.914362929025e-11	-6.174123273863e-10
1.395600000000e-06	-5.385928044583e-10	1.971976766468e-11	-4.459977632812e-10
1.395800000000e-06	-4.793841657739e-10	4.990668722006e-11	-4.402364634493e-10
1.396000000000e-06	-4.524845126343e-10	8.847987523910e-11	-4.696220928042e-10
1.396200000000e-06	-5.667495272864e-10	-4.892115775367e-12	-4.520368349280e-10
1.396400000000e-06	-5.705281496791e-10	5.927748443417e-11	-5.235976715119e-10
1.396600000000e-06	-4.156895958362e-10	1.965511527917e-11	-3.493118793672e-10
1.396800000000e-06	-4.176090626869e-10	7.921886264234e-11	-4.326927333596e-10
1.397000000000e-06	-3.961994498032e-10	5.501859563115e-11	-3.828172987060e-10
1.397200000000e-06	-3.974148814182e-10	-1.597785243423e-11	-2.892290552285e-10
1.397400000000e-06	-3.211539599147e-10	1.223302805766e-10	-4.131443525277e-10
1.397600000000e-06	-3.093502814046e-10	5.701794353861e-11	-3.171013284925e-10
1.397800000000e-06	-3.769253182480e-10	3.965587196201e-11	-3.458053203836e-10
1.398000000000e-06	-3.306820643952e-10	3.921498551960e-11	-3.122618524072e-10
1.398200000000e-06	-2.866655653908e-10	-5.476299649622e-13	-2.230402416842e-10
1.398400000000e-06	-3.303775231177e-10	2.938525821691e-11	-2.972729777436e-10
1.398600000000e-06	-2.708922808932e-10	1.452833531306e-10	-4.050622339294e-10
1.398800000000e-06	-2.192326662153e-10	7.634835115775e-11	-2.740155739559e-10
1.399000000000e-06	-2.232680824467e-10	5.758529120778e-11	-2.517440342528e-10
1.399200000000e-06	-3.126652047772e-10	4.041858947253e-11	-2.989921281690e-10
1.399400000000e-06	-2.156729163203e-10	1.609898941959e-11	-1.904320526552e-10
1.399600000000e-06	-9.587638006229e-11	1.343054048645e-10	-2.534565399820e-10
1.399800000000e-06	-2.267945366240e-10	-1.420585410006e-11	-1.588168154951e-10
1.400000000000e-06	-2.318437741886e-10	3.014866131727e-11	-2.227470397116e-10
1.400200000000e-06	-1.393925862716e-10	1.403326182680e-10	-2.969082037962e-10
1.400400000000e-06	-2.390960845665e-10	-1.541087689594e-11	-1.673850918090e-10
1.400600000000e-06	-1.525748385526e-10	-2.285289067271e-11	-8.923638013532e-11
1.400800000000e-06	-8.970559683621e-11	1.039793319008e-10	-2.107698922501e-10
1.401000000000e-06	-1.160048384155e-10	2.631922206711e-11	-1.256900695761e-10
1.401200000000e-06	-1.809577093610e-10	1.023366688264e-10	-2.784104909563e-10
1.401400000000e-06	-5.993162631467e-11	4.038685251005e-11	-1.014193461473e-10
1.401600000000e-06	-1.681656588802e-10	4.979168815805e-11	-2.007649849316e-10
1.401800000000e-06	-7.362217483177e-11	7.240437979078e-11	-1.540539663921e-10
1.402000000000e-06	1.360755444262e-11	1.017009445627e-10	-1.264813586326e-10
1.402200000000e-06	-4.316870456333e-11	9.275969933465e-11	-1.573624396579e-10
1.402400000000e-06	-1.071355032880e-10	3.229983125077e-11	-1.276276779441e-10
1.402600000000e-06	-1.861287306063e-10	-7.427924057938e-11	-4.592461425598e-11
1.402800000000e-06	9.011379762910e-12	5.763315088090e-11	-7.053784940731e-11
1.403000000000e-06	-8.061193450429e-11	7.425092611143e-11	-1.634555852345e-10
1.403200000000e-06	-4.217301018909e-11	1.589828976017e-11	-5.649127457288e-11
1.403400000000e-06	-3.709370503940e-11	2.943065663502e-11	-6.879490446813e-11
1.403600000000e-06	1.089461742347e-11	2.980993921153e-11	-3.308291320603e-11
1.403800000000e-06	-6.917572446407e-12	1.918464284413e-11	-3.371515396592e-11
1.404000000000e-06	4.023184717744e-11	9.610472543738e-11	-9.704471604648e-11
1.404200000000e-06	-1.332360225472e-10	-1.152613910052e-11	-8.883586110972e-11
1.404400000000e-06	-2.907502555857e-11	3.578612166363e-12	-2.797671534467e-11
1.404600000000e-06	-2.405473273060e-11	6.157158510906e-11	-1.016877194231e-10
1.404800000000e-06	8.814150356397e-11	6.166525516094e-11	-1.544313860190e-11
1.405000000000e-06	-1.000495286035e-11	4.352722871406e-11	-6.467885041050e-11
1.405200000000e-06	3.823951449482e-11	6.857658177655e-11	-6.375414752839e-11
1.405400000000e-06	7.808543263414e-11	5.219135065545e-11	-1.193610525167e-11
1.405600000000e-06	4.400787497679e-12	5.324411475699e-11	-7.015348158824e-11
1.405800000000e-06	6.641031099920e-11	4.588593072123e-11	-1.023846741523e-11
1.406000000000e-06	8.662323757974e-11	1.860323774495e-11	4.262015518288e-11
1.406200000000e-06	-5.532428504801e-11	1.604468005638e-11	-6.567522065245e-11
1.406400000000e-06	8.899180174496e-11	1.320781170272e-11	5.111276154959e-11
1.406600000000e-06	6.511721935911e-11	3.360130506523e-11	5.171017632595e-12
1.406800000000e-06	8.893057904023e-11	-1.260998339137e-11	8.716655708670e-11
1.407000000000e-06	3.864327621957e-11	7.954070798374e-11	-7.983473104850e-11
1.407200000000e-06	3.176526722035e-11	3.027465078933e-11	-1.648988789409e-11
1.407400000000e-06	1.016305491024e-11	1.850587576959e-12	4.994441240200e-12
1.407600000000e-06	1.325543893942e-10	2.319653471589e-11	7.159117751333e-11
1.407800000000e-06	2.179982086366e-11	1.361789342719e-11	3.421728851941e-14
1.408000000000e-06	1.149009436826e-10	6.743083272974e-11	-1.225701858960e-12
1.408200000000e-06	3.997592931897e-11	-2.052590619709e-11	5.982382988868e-11
1.408400000000e-06	1.200629226324e-10	6.806185812109e-11	2.795508226457e-12
1.408600000000e-06	-3.610956355940e-12	3.335527326137e-11	-5.041925782588e-11
1.408800000000e-06	7.015765970683e-11	3.151684686022e-11	1.124136444814e-11
1.409000000000e-06	1.111495284077e-10	1.772290271652e-11	6.346279028731e-11
1.409200000000e-06	1.140519101429e-10	-1.001701215937e-11	1.042512550406e-10
1.409400000000e-06	8.526606447896e-11	6.248236004475e-11	-2.009915583267e-11
1.409600000000e-06	9.805776555703e-11	-1.388968828139e-11	9.652473496890e-11
1.409800000000e-06	2.041228253915e-10	9.594712919024e-11	2.974749194583e-11
1.410000000000e-06	6.583366277332e-11	6.436404831731e-12	4.175012505743e-11
1.410200000000e-06	8.431202093887e-11	3.559680211581e-11	1.457455706724e-11
1.410400000000e-06	1.000685167788e-10	3.785882937990e-11	2.739271527007e-11
1.410600000000e-06	1.627633017835e-10	3.197042449917e-11	8.504671016395e-11
1.410800000000e-06	9.121012344317e-11	-6.827757167091e-11	1.663353730947e-10
1.411000000000e-06	1.232633337480e-10	3.387497867406e-11	4.911000904169e-11
1.411200000000e-06	8.949431769750e-11	2.442940501961e-11	3.636387844786e-11
1.411400000000e-06	1.032400719345e-10	6.138675488871e-11	-4.568794234487e-12
1.411600000000e-06	1.173389236638e-10	2.377785305270e-11	5.911413546781e-11
1.411800000000e-06	1.025810776745e-10	2.343658054794e-11	5.051515164352e-11
1.412000000000e-06	1.345951969496e-10	2.436828975957e-11	7.450906772331e-11
1.412200000000e-06	1.496194542477e-10	3.046475505756e-12	1.125988212220e-10
1.412400000000e-06	1.473846239103e-10	5.127332741300e-11	4.838992917134e-11
1.412600000000e-06	1.153733555488e-10	1.567905189473e-11	6.755325818341e-11
1.412800000000e-06	9.198539687500e-11	-2.801832705816e-11	1.101058451197e-10
1.413000000000e-06	1.045149191448e-10	3.985187554008e-12	7.852587779392e-11
1.413200000000e-06	1.582324599811e-10	9.276567824790e-11	-2.187121335845e-12
1.413400000000e-06	1.344410359356e-10	5.567982858013e-11	2.789720200149e-11
1.413600000000e-06	1.062724014234e-10	-9.273237439338e-12	9.715707086358e-11
1.413800000000e-06	1.182080449384e-10	-2.366742217489e-11	1.266430899433e-10
1.414000000000e-06	1.149411339003e-10	2.695731737133e-11	5.372537232981e-11
1.414200000000e-06	1.621952117512e-10	4.079604444524e-11	7.337854746573e-11
1.414400000000e-06	1.713563231676e-10	4.149653864105e-11	7.823714993162e-11
1.414600000000e-06	1.220421598479e-10	1.984153872670e-11	6.923627581173e-11
1.414800000000e-06	1.683292552071e-10	2.773846974954e-11	9.373352117671e-11
1.415000000000e-06	1.113479522805e-10	1.450965965918e-11	6.759739820927e-11
1.415200000000e-06	1.089742136355e-10	8.200007843302e-12	7.343362840888e-11
1.415400000000e-06	2.334869935327e-10	3.155893331228e-11	1.404987825294e-10
1.415600000000e-06	1.307079158421e-10	-3.251473029225e-13	1.010372453247e-10
1.415800000000e-06	1.795495847521e-10	5.824471304148e-11	5.938107402816e-11
1.416000000000e-06	9.720940042849e-11	-3.150176571379e-11	1.216587122924e-10
1.416200000000e-06	1.348232730609e-10	9.397035902437e-12	9.344037989919e-11
1.416400000000e-06	1.138089841280e-10	1.080976583753e-11	7.542646888395e-11
1.416600000000e-06	1.177049219348e-10	2.642227226073e-11	5.752907448884e-11
1.416800000000e-06	1.376374520371e-10	9.613184429482e-12	9.427149207571e-11
1.417000000000e-06	1.161937184492e-10	1.764491771315e-11	6.634955374116e-11
1.417200000000e-06	1.378173309905e-10	7.328272041807e-12	9.737438061520e-11
1.417400000000e-06	1.787114969234e-10	-1.531814939192e-11	1.654732149010e-10
1.417600000000e-06	1.688870642169e-10	3.722616832013e-11	8.051713571492e-11
1.417800000000e-06	1.586180736718e-10	2.172062226819e-11	1.001378262377e-10
1.418000000000e-06	1.693883492895e-10	-3.161433752429e-11	1.880824761330e-10
1.418200000000e-06	1.288221360525e-10	7.799890203891e-12	9.140481830271e-11
1.418400000000e-06	1.823979913009e-10	2.969677540889e-11	1.008792520971e-10
1.418600000000e-06	1.462260729214e-10	1.489425575221e-11	9.587345927739e-11
1.418800000000e-06	1.938436120607e-10	1.492319717656e-11	1.316060420909e-10
1.419000000000e-06	1.651003054548e-10	2.119145682579e-11	1.010747845814e-10
1.419200000000e-06	1.792966060040e-10	1.769866040470e-11	1.208796892157e-10
1.419400000000e-06	1.500899859652e-10	1.171821693185e-11	1.040899974255e-10
1.419600000000e-06	1.392963248806e-10	2.120730653718e-11	7.906997889283e-11
1.419800000000e-06	1.310601651996e-10	1.474764010103e-11	8.196405622456e-11
1.420000000000e-06	1.818771829869e-10	2.430046526931e-12	1.442333021760e-10
1.420200000000e-06	6.508916054312e-11	-3.371765006394e-11	9.792423099521e-11
1.420400000000e-06	1.962349301158e-10	4.595159792839e-11	8.739962726769e-11
1.420600000000e-06	1.528290133722e-10	4.434029067236e-12	1.189372315612e-10
1.420800000000e-06	1.790962464351e-10	3.372618327141e-11	9.363697422335e-11
1.421000000000e-06	1.357416195714e-10	-1.321026809349e-11	1.264180154579e-10
1.421200000000e-06	1.312780553586e-10	5.605811528611e-12	9.652835423164e-11
1.421400000000e-06	2.095368733603e-10	5.159744244461e-11	9.362854623543e-11
1.421600000000e-06	1.602632908409e-10	-2.707313373825e-11	1.664867834497e-10
1.421800000000e-06	1.635666330185e-10	1.162261381144e-11	1.157505939318e-10
1.422000000000e-06	1.292101890481e-10	-5.704630472832e-12	1.118691040715e-10
1.422200000000e-06	1.568920590114e-10	2.510163794616e-11	8.362482169217e-11
1.422400000000e-06	2.195069668312e-10	5.656449984168e-11	9.384781184249e-11
1.422600000000e-06	1.460575969936e-10	5.935180539591e-12	1.087566027843e-10
1.422800000000e-06	1.772501089696e-10	-1.336838360046e-11	1.619334059370e-10
1.423000000000e-06	1.649893658845e-10	1.334154791038e-11	1.112433907240e-10
1.423200000000e-06	1.860546744589e-10	3.017931491141e-11	1.091776191839e-10
1.423400000000e-06	1.489989504284e-10	1.917605653655e-11	9.370765736883e-11
1.423600000000e-06	1.717651432598e-10	1.482210030208e-11	1.162027718630e-10
1.423800000000e-06	1.986278396146e-10	4.383912725446e-11	9.714708170740e-11
1.424000000000e-06	1.791824708606e-10	-4.251235834385e-12	1.491863496309e-10
1.424200000000e-06	1.909575702295e-10	3.740387569577e-11	1.005142497895e-10
1.424400000000e-06	9.947569924819e-11	-1.417450845137e-11	1.008634626715e-10
1.424600000000e-06	1.620488335629e-10	3.023946418828e-11	8.451224881567e-11
1.424800000000e-06	1.378721717278e-10	-9.543683849580e-12	1.255489829272e-10
1.425000000000e-06	1.834560801220e-10	1.565478182277e-11	1.236114420654e-10
1.425200000000e-06	2.105692813387e-10	2.849381959511e-11	1.278886289165e-10
1.425400000000e-06	1.515775993461e-10	1.208652722201e-11	1.024012782247e-10
1.425600000000e-06	1.445859960926e-10	-3.378835306696e-11	1.645708050153e-10
1.425800000000e-06	1.504717789273e-10	8.694112645611e-12	1.089304825861e-10
1.426000000000e-06	1.401543638904e-10	1.926577936864e-11	8.792286309504e-11
1.426200000000e-06	2.197309948784e-10	4.693936334594e-11	1.087627208469e-10
1.426400000000e-06	2.058874464226e-10	3.993329569612e-11	1.073055666766e-10
1.426600000000e-06	2.059767709464e-10	5.038004312424e-11	9.060827249710e-11
1.426800000000e-06	1.380917675997e-10	-3.719741000459e-11	1.630930556606e-10
1.427000000000e-06	1.587704460429e-10	1.587441056872e-11	1.065913708809e-10
1.427200000000e-06	1.385684181296e-10	1.869667423978e-11	8.323914262517e-11
1.427400000000e-06	1.931286979437e-10	3.839232807568e-11	1.003234135966e-10
1.427600000000e-06	1.586914243406e-10	4.616083653802e-12	1.203862926504e-10
1.427800000000e-06	1.380872180795e-10	5.176399756516e-12	1.030983675523e-10
1.428000000000e-06	1.521387477652e-10	1.679725247872e-11	9.937152768904e-11
1.428200000000e-06	1.764682314975e-10	3.390350306712e-12	1.361687943211e-10
1.428400000000e-06	1.573865732918e-10	-3.645291204217e-12	1.332219041222e-10
1.428600000000e-06	1.899849514475e-10	1.024162509446e-11	1.376989785023e-10
1.428800000000e-06	1.567255914451e-10	1.422580278991e-11	1.037026548960e-10
1.429000000000e-06	1.365414997303e-10	-7.101484213446e-12	1.204037376340e-10
1.429200000000e-06	1.593441355642e-10	9.578205329891e-13	1.244354191275e-10
1.429400000000e-06	1.780783822614e-10	-3.872888262148e-12	1.494019766477e-10
1.429600000000e-06	1.289765797925e-10	6.620130370294e-12	9.462898527470e-11
1.429800000000e-06	1.852161150604e-10	5.341886989522e-12	1.411121052324e-10
1.430000000000e-06	2.036835949484e-10	4.079422030370e-11	1.040903904809e-10
1.430200000000e-06	1.718434224051e-10	1.462563796432e-11	1.161976042090e-10
1.430400000000e-06	1.196997541411e-10	-1.584335113769e-11	1.198996146551e-10
1.430600000000e-06	1.421502040566e-10	1.740565812874e-11	8.889325778856e-11
1.430800000000e-06	1.208522071892e-10	-8.189076606152e-12	1.073030500386e-10
1.431000000000e-06	1.605475487416e-10	-3.133984493326e-12	1.362313029840e-10
1.431200000000e-06	1.752876122788e-10	2.920535649007e-11	9.712326652069e-11
1.431400000000e-06	1.841716719611e-10	5.537832054372e-12	1.410139284848e-10
1.431600000000e-06	1.625878568926e-10	1.831377063122e-11	1.056972847574e-10
1.431800000000e-06	1.799311293283e-10	1.374867156459e-11	1.232066385782e-10
1.432000000000e-06	1.413418406682e-10	2.403853142619e-11	7.924113746555e-11
1.432200000000e-06	1.359769882003e-10	-1.604565588717e-11	1.303835096446e-10
1.432400000000e-06	1.464780072395e-10	-3.506737751194e-12	1.235464374061e-10
1.432600000000e-06	1.985595388417e-10	2.410491015521e-11	1.248499844903e-10
1.432800000000e-06	1.302110429842e-10	-6.810427735269e-12	1.134794215723e-10
1.433000000000e-06	1.352837972189e-10	-1.296315186890e-11	1.300707406407e-10
1.433200000000e-06	1.974669543128e-10	1.163297358298e-11	1.442081602083e-10
1.433400000000e-06	1.654491575374e-10	2.567677598502e-11	9.435822894813e-11
1.433600000000e-06	1.656275759674e-10	3.043386331685e-11	8.995361395677e-11
1.433800000000e-06	1.493790635416e-10	1.676269195297e-11	9.481767604401e-11
1.434000000000e-06	1.631049228942e-10	-2.360353463516e-11	1.652690875128e-10
1.434200000000e-06	1.495185474939e-10	1.577626038353e-12	1.203656212099e-10
1.434400000000e-06	2.177301385323e-10	3.110249246443e-11	1.279536836094e-10
1.434600000000e-06	8.210701278039e-11	-4.262793294928e-11	1.303906010120e-10
1.434800000000e-06	1.452582565404e-10	3.233322034930e-11	7.064119440816e-11
1.435000000000e-06	1.664662055443e-10	2.016360731030e-11	1.029427041795e-10
1.435200000000e-06	1.791862980137e-10	-1.089562632144e-11	1.592462350828e-10
1.435400000000e-06	1.639179181644e-10	4.103025216179e-11	7.085869444217e-11
1.435600000000e-06	1.601773129517e-10	1.383513360674e-11	1.078891704521e-10
1.435800000000e-06	1.398805063922e-10	8.044335160585e-12	1.006695296266e-10
1.436000000000e-06	1.414637372882e-10	2.409788176758e-11	7.728235030491e-11
1.436200000000e-06	1.698371585630e-10	1.836548117454e-11	1.096237978521e-10
1.436400000000e-06	1.586310360194e-10	-5.984263428245e-12	1.384754842325e-10
1.436600000000e-06	1.447424106689e-10	-2.975139874748e-12	1.221055153854e-10
1.436800000000e-06	1.847802706140e-10	1.281263929248e-11	1.341599932972e-10
1.437000000000e-06	1.396448542235e-10	-1.422958336324e-11	1.340377507836e-10
1.437200000000e-06	1.834212267315e-10	1.522828213292e-11	1.272057422735e-10
1.437400000000e-06	1.272634850381e-10	6.231363356269e-12	9.349282012011e-11
1.437600000000e-06	1.757067559175e-10	1.927686612380e-11	1.138258795238e-10
1.437800000000e-06	1.264655853930e-10	5.361545597056e-12	9.331571497272e-11
1.438000000000e-06	1.633594219865e-10	-1.200425551536e-11	1.506680042613e-10
1.438200000000e-06	1.494447812830e-10	1.682788235284e-13	1.215896777270e-10
1.438400000000e-06	1.364036082556e-10	-6.602682713149e-12	1.185170081736e-10
1.438600000000e-06	1.561928246376e-10	2.945428261448e-11	8.074201898675e-11
1.438800000000e-06	2.111361617230e-10	3.404632782897e-11	1.181895208359e-10
1.439000000000e-06	1.554241176871e-10	1.235871756041e-11	1.111160152362e-10
1.439200000000e-06	1.054203799385e-10	-2.982733063101e-11	1.313973914963e-10
1.439400000000e-06	1.732807382446e-10	3.461965726949e-11	8.741485888254e-11
1.439600000000e-06	1.225286547841e-10	-8.602706516386e-12	1.123800654877e-10
1.439800000000e-06	1.568465795477e-10	1.822365000693e-11	9.921741454775e-11
1.440000000000e-06	1.543350096138e-10	1.278833831293e-11	1.071012449589e-10
1.440200000000e-06	1.470859230261e-10	1.073249096637e-11	1.048068427624e-10
1.440400000000e-06	1.555741939791e-10	-2.360983416607e-12	1.270745828306e-10
1.440600000000e-06	1.599928892208e-10	5.449662721932e-12	1.240533684799e-10
1.440800000000e-06	1.381319708962e-10	-1.575736102232e-11	1.385928993520e-10
1.441000000000e-06	1.376854302384e-10	-1.626042205902e-11	1.347465792716e-10
1.441200000000e-06	1.544273223570e-10	1.421102775820e-12	1.243588721083e-10
1.441400000000e-06	1.518941732964e-10	2.866487366406e-11	7.663369021428e-11
1.441600000000e-06	1.335990764879e-10	1.133627042748e-11	9.330559907247e-11
1.441800000000e-06	1.977624503951e-10	3.060822574164e-11	1.138081649702e-10
1.442000000000e-06	1.465705144840e-10	2.297095424413e-12	1.158696454967e-10
1.442200000000e-06	1.397649905884e-10	-7.753074447510e-13	1.135840342461e-10
1.442400000000e-06	1.599532148430e-10	4.226316081392e-12	1.251346626087e-10
1.442600000000e-06	1.575630349133e-10	3.196956218437e-11	7.885599497361e-11
1.442800000000e-06	1.444440561001e-10	8.868281557710e-13	1.224666270239e-10
1.443000000000e-06	1.661848308853e-10	1.529499177149e-11	1.095461633818e-10
1.443200000000e-06	1.431784839906e-10	1.424371515656e-11	9.118736440223e-11
1.443400000000e-06	1.260021873896e-10	-1.221232169634e-11	1.259364625884e-10
1.443600000000e-06	1.624430851575e-10	1.475598464617e-11	1.115825837188e-10
1.443800000000e-06	1.114714918315e-10	6.521671230587e-12	8.116772402588e-11
1.444000000000e-06	1.489977019654e-10	2.663337005405e-11	7.759438377622e-11
1.444200000000e-06	1.709739965168e-10	1.949473540971e-12	1.338693200460e-10
1.444400000000e-06	1.531007279697e-10	6.321391657306e-12	1.167556165915e-10
1.444600000000e-06	1.367758925278e-10	1.455215219259e-11	9.079930028516e-11
1.444800000000e-06	1.590630320104e-10	1.813811368656e-12	1.241658334545e-10
1.445000000000e-06	1.451005527564e-10	1.997754881512e-11	9.020477212497e-11
1.445200000000e-06	1.252714802558e-10	1.550664929286e-12	1.013175053113e-10
1.445400000000e-06	1.612262352413e-10	-9.815683426522e-12	1.460437274923e-10
1.445600000000e-06	1.558096533692e-10	2.014619138207e-11	9.426058959128e-11
1.445800000000e-06	1.253937087887e-10	-2.455454293236e-11	1.429145170098e-10
1.446000000000e-06	1.159614923802e-10	-1.187228711871e-11	1.127867999958e-10
1.446200000000e-06	1.208910434859e-10	-2.728335625866e-12	1.033578628443e-10
1.446400000000e-06	1.809270034113e-10	2.142623424693e-11	1.128464115835e-10
1.446600000000e-06	1.413476812040e-10	2.177087786896e-11	8.301859167477e-11
1.446800000000e-06	1.499300497525e-10	1.205856810350e-11	1.059684320091e-10
1.447000000000e-06	1.459939159039e-10	4.487394836790e-12	1.129302993188e-10
1.447200000000e-06	1.389779974095e-10	-5.231807649624e-12	1.238770241206e-10
1.447400000000e-06	1.500385330404e-10	3.652986704966e-11	6.476472996291e-11
1.447600000000e-06	1.186352346183e-10	1.158881430107e-11	8.075417326990e-11
1.447800000000e-06	1.638302125279e-10	3.124314320728e-12	1.293920934788e-10
1.448000000000e-06	1.270202445283e-10	1.250292951685e-11	8.130951898102e-11
1.448200000000e-06	9.896764265314e-11	-1.375396049331e-11	1.022909445466e-10
1.448400000000e-06	1.468779204248e-10	-3.207426898987e-12	1.201440693920e-10
1.448600000000e-06	1.382465637240e-10	9.164526282419e-12	9.956714040386e-11
1.448800000000e-06	1.501997203669e-10	1.686583538940e-11	9.652116191310e-11
1.449000000000e-06	1.581986316971e-10	-7.913267037159e-13	1.318818194077e-10
1.449200000000e-06	1.370419708474e-10	3.201928812124e-12	1.056571849741e-10
1.449400000000e-06	1.290819856150e-10	1.905407657334e-11	7.682490804948e-11
1.449600000000e-06	1.220297917161e-10	-3.587773152936e-12	1.023043097220e-10
1.449800000000e-06	1.366274162404e-10	2.397723968303e-11	7.634908949846e-11
1.450000000000e-06	1.414625978663e-10	7.481950691839e-12	1.075995369182e-10
1.450200000000e-06	1.147713930000e-10	-1.804526642116e-12	9.402630044039e-11
1.450400000000e-06	1.440196194008e-10	8.946533236442e-12	1.029544353866e-10
1.450600000000e-06	1.420524655916e-10	1.834591836264e-11	9.255223832920e-11
1.450800000000e-06	1.573462884932e-10	-1.231807993940e-11	1.479468876125e-10
1.451000000000e-06	8.962631215175e-11	-4.776955023146e-12	8.263544972514e-11
1.451200000000e-06	1.546659924856e-10	7.105900666285e-12	1.149870516346e-10
1.451400000000e-06	1.327434630243e-10	1.901915686166e-12	1.043794297032e-10
1.451600000000e-06	1.333924151078e-10	-3.984978387608e-12	1.171201545983e-10
1.451800000000e-06	1.366204189266e-10	2.189521349693e-11	8.019215035031e-11
1.452000000000e-06	1.737384241569e-10	9.831720378311e-12	1.246066787015e-10
1.452200000000e-06	1.095703255591e-10	3.969380789467e-12	8.645422312479e-11
1.452400000000e-06	1.628400079380e-10	1.158582781020e-11	1.168049139181e-10
1.452600000000e-06	1.400199110888e-10	4.781194930184e-11	3.950856692539e-11
1.452800000000e-06	1.194876604915e-10	-1.189058600388e-11	1.168642298295e-10
1.453000000000e-06	1.503444683787e-10	8.125163902704e-12	1.095772180746e-10
1.453200000000e-06	1.342916067354e-10	8.937239210919e-12	9.483260256906e-11
1.453400000000e-06	1.488345302485e-10	5.561943375175e-12	1.114182096165e-10
1.453600000000e-06	1.078262122924e-10	-3.068988408782e-12	9.749984824261e-11
1.453800000000e-06	1.113246796806e-10	-5.722509321842e-12	9.898188358948e-11
1.454000000000e-06	1.573242824580e-10	4.965894450185e-12	1.246675988426e-10
1.454200000000e-06	1.479325321147e-10	2.444788612521e-11	8.476530556565e-11
1.454400000000e-06	1.374179801191e-10	-8.027585895182e-12	1.177241866057e-10
1.454600000000e-06	1.495606556936e-10	1.308454014938e-11	1.033045781672e-10
1.454800000000e-06	1.096245853499e-10	-2.355379251964e-11	1.279700096402e-10
1.455000000000e-06	1.148744901636e-10	9.635791134206e-12	8.102470378312e-11
1.455200000000e-06	1.201450865108e-10	5.623292211670e-12	9.104961080859e-11
1.455400000000e-06	1.296405093572e-10	5.574401611218e-12	9.845510672191e-11
1.455600000000e-06	1.352501085829e-10	7.678775028104e-12	9.681987669197e-11
1.455800000000e-06	1.187302499410e-10	-3.631435791219e-12	1.026061539598e-10
1.456000000000e-06	9.631649620724e-11	-1.445977073538e-11	1.047386988097e-10
1.456200000000e-06	1.432688651991e-10	2.059557890454e-11	8.314534145724e-11
1.456400000000e-06	1.139055398147e-10	1.152700289998e-11	7.562459582723e-11
1.456600000000e-06	1.399012929986e-10	4.480041074369e-12	1.099567526886e-10
1.456800000000e-06	1.308468541734e-10	1.122031522553e-11	8.536487336246e-11
1.457000000000e-06	1.531277562989e-10	1.302632012107e-11	1.056452161886e-10
1.457200000000e-06	1.265147238773e-10	1.874225594816e-11	7.312296300327e-11
1.457400000000e-06	8.329963646325e-11	-1.629889633859e-11	9.182279466099e-11
1.457600000000e-06	1.254451465818e-10	1.762063275632e-11	8.014940140232e-11
1.457800000000e-06	1.190296833063e-10	1.173875809781e-11	7.900735521159e-11
1.458000000000e-06	1.269549497283e-10	5.610094844917e-12	9.595671162286e-11
1.458200000000e-06	1.380250091558e-10	5.365037680109e-12	1.035058081737e-10
1.458400000000e-06	1.445011578730e-10	2.014363575865e-11	8.728348584624e-11
1.458600000000e-06	9.502006452421e-11	1.155312347791e-11	5.789535195532e-11
1.458800000000e-06	1.566618557521e-10	2.197720568084e-11	9.149731332745e-11
1.459000000000e-06	1.011290847464e-10	7.179833079508e-13	7.982965943230e-11
1.459200000000e-06	1.163079784269e-10	-2.003987894940e-11	1.297280834105e-10
1.459400000000e-06	1.147970517714e-10	3.792816961959e-12	8.834330651592e-11
1.459600000000e-06	1.331544328323e-10	1.127698241474e-11	9.192829908324e-11
1.459800000000e-06	1.209182804554e-10	5.748631103046e-12	9.311598383072e-11
1.460000000000e-06	1.319723621612e-10	1.620828713437e-11	8.413804426750e-11
1.460200000000e-06	1.260727406737e-10	-9.216114822612e-12	1.179891857769e-10
1.460400000000e-06	1.265829784331e-10	1.446867068104e-11	8.063468543907e-11
1.460600000000e-06	1.273694632943e-10	5.849267928688e-12	9.452688569817e-11
1.460800000000e-06	1.329437043348e-10	-4.030323796908e-12	1.182925941783e-10
1.461000000000e-06	8.840139279658e-11	-4.579205008809e-12	7.908715038360e-11
1.461200000000e-06	1.199993567876e-10	1.519432261621e-11	7.385297811752e-11
1.461400000000e-06	1.037136794166e-10	-1.126952982073e-12	8.787964536319e-11
1.461600000000e-06	1.083405540226e-10	-6.207971976614e-12	1.012724812629e-10
1.461800000000e-06	1.085600438300e-10	1.622847269941e-11	6.105763293180e-11
1.462000000000e-06	1.339117472527e-10	8.594136181015e-12	9.990162297071e-11
1.462200000000e-06	1.078615503810e-10	7.524452470406e-13	8.640108322404e-11
1.462400000000e-06	1.380854601164e-10	1.925425264354e-11	8.339678254994e-11
1.462600000000e-06	1.331711087187e-10	8.179661034317e-12	1.013747584773e-10
1.462800000000e-06	9.887849019011e-11	-1.091848643776e-11	1.017933668364e-10
1.463000000000e-06	1.329064115260e-10	1.970403627918e-11	8.014651935240e-11
1.463200000000e-06	1.075312758620e-10	2.231292105805e-12	8.457443978527e-11
1.463400000000e-06	1.142727433925e-10	1.501370771861e-11	7.297417858390e-11
1.463600000000e-06	7.675735316795e-11	-2.083133645106e-11	9.446724108228e-11
1.463800000000e-06	1.109435304979e-10	-1.548540307645e-11	1.174643566784e-10
1.464000000000e-06	1.186094583862e-10	5.191529018305e-12	9.028593741622e-11
1.464200000000e-06	1.249078615558e-10	1.495031976799e-12	9.659877957074e-11
1.464400000000e-06	1.100918626802e-10	1.186223326613e-11	7.054340260448e-11
1.464600000000e-06	9.580579542177e-11	1.004620625616e-11	6.443349453918e-11
1.464800000000e-06	1.366224047813e-10	1.183511200300e-11	9.833912983291e-11
1.465000000000e-06	1.274205138197e-10	1.520803395081e-11	7.740495168910e-11
1.465200000000e-06	1.038558478160e-10	1.083886507890e-11	6.662855184913e-11
1.465400000000e-06	9.729619773283e-11	1.111030871081e-11	6.252279386463e-11
1.465600000000e-06	1.240463206284e-10	1.033812028524e-11	8.993654931771e-11
1.465800000000e-06	1.273856941011e-10	-4.040304061956e-12	1.053450891203e-10
1.466000000000e-06	1.083296202103e-10	-1.353661930800e-12	9.385960239637e-11
1.466200000000e-06	9.717779866594e-11	1.313481599167e-11	5.680986608618e-11
1.466400000000e-06	8.525848119219e-11	3.627357598282e-12	6.338726622278e-11
1.466600000000e-06	1.319015806180e-10	9.503260255858e-12	9.304045444145e-11
1.466800000000e-06	1.054004424977e-10	3.425295637373e-12	8.147450807019e-11
1.467000000000e-06	1.010412111858e-10	4.715192136269e-13	8.363839817346e-11
1.467200000000e-06	9.922125180321e-11	5.443491236801e-12	7.213466683640e-11
1.467400000000e-06	1.057019340528e-10	3.488054823491e-13	8.463353282563e-11
1.467600000000e-06	1.213400344503e-10	1.291735705942e-11	7.654007938153e-11
1.467800000000e-06	1.275394873231e-10	-2.022747475141e-12	1.085101111642e-10
1.468000000000e-06	9.884574758258e-11	2.018631450099e-11	5.001368901032e-11
1.468200000000e-06	1.183885631807e-10	2.361819260093e-13	9.716319844880e-11
1.468400000000e-06	1.047110392333e-10	1.532528395407e-13	9.075333778410e-11
1.468600000000e-06	1.042083541759e-10	5.824922575714e-12	7.330091874904e-11
1.468800000000e-06	1.344825391567e-10	1.359824641159e-11	8.733292351419e-11
1.469000000000e-06	1.066125905556e-10	1.795179364574e-12	9.078936055169e-11
1.469200000000e-06	1.195260078648e-10	2.862166055105e-12	9.601558688898e-11
1.469400000000e-06	9.536597171604e-11	9.907249334519e-12	6.294246289283e-11
1.469600000000e-06	1.022451665247e-10	1.080308997246e-12	8.653852314645e-11
1.469800000000e-06	1.115113732223e-10	-4.221482710609e-13	9.012989092605e-11
1.470000000000e-06	1.150673386914e-10	4.853392725509e-12	9.105442582843e-11
1.470200000000e-06	1.140863293152e-10	9.812809437789e-12	8.108324090778e-11
1.470400000000e-06	9.199084098881e-11	1.416331868546e-12	7.510050958247e-11
1.470600000000e-06	9.353505347716e-11	-3.976443161439e-12	8.547596907742e-11
1.470800000000e-06	8.883953534123e-11	-4.246216576259e-12	8.142049853589e-11
1.471000000000e-06	1.138935852067e-10	-9.325966404261e-12	1.057220836187e-10
1.471200000000e-06	7.492192406254e-11	-4.255483772181e-12	6.682562483329e-11
1.471400000000e-06	1.005916675131e-10	1.354273775704e-11	5.936687523802e-11
1.471600000000e-06	9.912606040728e-11	1.879544733315e-11	4.536464853093e-11
1.471800000000e-06	1.295642967215e-10	1.722477205715e-11	7.805371199789e-11
1.472000000000e-06	1.119032701862e-10	1.960814214753e-11	6.690130696890e-11
1.472200000000e-06	9.437828078016e-11	-5.515152752637e-12	8.964164904179e-11
1.472400000000e-06	8.876435798201e-11	-9.976231896004e-12	8.969076598000e-11
1.472600000000e-06	1.230042902674e-10	1.388086589211e-11	7.902883383357e-11
1.472800000000e-06	1.011435820133e-10	9.402398215207e-12	7.091645301641e-11
1.473000000000e-06	9.513338891103e-11	-7.009880830548e-12	9.077461078545e-11
1.473200000000e-06	9.815609204893e-11	-1.139440085237e-11	9.954493898157e-11
1.473400000000e-06	8.939698810410e-11	-5.215029628460e-13	8.373270494863e-11
1.473600000000e-06	1.003298586786e-10	-9.447395598416e-13	8.480962132780e-11
1.473800000000e-06	1.128380004175e-10	1.052827741196e-11	7.437614119014e-11
1.474000000000e-06	8.367944879487e-11	-7.753062415409e-13	7.249924224105e-11
1.474200000000e-06	1.004564458030e-10	-1.541474189896e-12	8.446275588461e-11
1.474400000000e-06	1.234050991862e-10	2.517445722433e-11	6.195472933769e-11
1.474600000000e-06	9.459963038582e-11	-3.041545764448e-12	8.141174055951e-11
1.474800000000e-06	1.062484034487e-10	6.859496421543e-12	7.308429481161e-11
1.475000000000e-06	1.130576707630e-10	1.623341368378e-11	6.793721109438e-11
1.475200000000e-06	1.038632487259e-10	9.235033773735e-12	6.707727100994e-11
1.475400000000e-06	9.728425183582e-11	7.581919928616e-12	6.744397535958e-11
1.475600000000e-06	8.317737394287e-11	-5.904662956276e-12	7.736567773097e-11
1.475800000000e-06	1.019972411609e-10	2.974470563674e-11	3.802977658166e-11
1.476000000000e-06	9.441285374056e-11	-2.566689162814e-12	9.139514142938e-11
1.476200000000e-06	1.122022559614e-10	1.131636290258e-11	7.198388175462e-11
1.476400000000e-06	9.856692000841e-11	1.340281513632e-11	5.858305907573e-11
1.476600000000e-06	8.907032197258e-11	7.234753439740e-12	6.353210111068e-11
1.476800000000e-06	7.108231437925e-11	2.344852760448e-12	5.709581803321e-11
1.477000000000e-06	1.052246333414e-10	1.896406627606e-11	5.693876319439e-11
1.477200000000e-06	8.436936164336e-11	-1.654048341864e-11	9.506994217506e-11
1.477400000000e-06	1.033926312593e-10	1.462451657374e-11	6.751227017956e-11
