1.558000000000e-06	0.000000000000e+00	0.000000000000e+00	0.000000000000e+00
1.558200000000e-06	0.000000000000e+00	0.000000000000e+00	0.000000000000e+00
1.558400000000e-06	0.000000000000e+00	0.000000000000e+00	0.000000000000e+00
1.558600000000e-06	0.000000000000e+00	0.000000000000e+00	0.000000000000e+00
1.558800000000e-06	0.000000000000e+00	0.000000000000e+00	0.000000000000e+00
1.559000000000e-06	0.000000000000e+00	0.000000000000e+00	0.000000000000e+00
1.559200000000e-06	0.000000000000e+00	0.000000000000e+00	0.000000000000e+00
1.559400000000e-06	0.000000000000e+00	0.000000000000e+00	0.000000000000e+00
1.559600000000e-06	0.000000000000e+00	0.000000000000e+00	0.000000000000e+00
1.559800000000e-06	0.000000000000e+00	0.000000000000e+00	0.000000000000e+00
1.560000000000e-06	0.000000000000e+00	0.000000000000e+00	0.000000000000e+00
1.560200000000e-06	0.000000000000e+00	0.000000000000e+00	0.000000000000e+00
1.560400000000e-06	0.000000000000e+00	0.000000000000e+00	0.000000000000e+00
1.560600000000e-06	0.000000000000e+00	0.000000000000e+00	0.000000000000e+00
1.560800000000e-06	0.000000000000e+00	0.000000000000e+00	0.000000000000e+00
1.561000000000e-06	0.000000000000e+00	0.000000000000e+00	0.000000000000e+00
1.561200000000e-06	0.000000000000e+00	0.000000000000e+00	0.000000000000e+00
1.561400000000e-06	0.000000000000e+00	0.000000000000e+00	0.000000000000e+00
1.561600000000e-06	0.000000000000e+00	0.000000000000e+00	0.000000000000e+00
1.561800000000e-06	0.000000000000e+00	0.000000000000e+00	0.000000000000e+00
1.562000000000e-06	0.000000000000e+00	0.000000000000e+00	0.000000000000e+00
1.562200000000e-06	0.000000000000e+00	0.000000000000e+00	0.000000000000e+00
1.562400000000e-06	0.000000000000e+00	0.000000000000e+00	0.000000000000e+00
1.562600000000e-06	0.000000000000e+00	0.000000000000e+00	0.000000000000e+00
1.562800000000e-06	0.000000000000e+00	0.000000000000e+00	0.000000000000e+00
1.563000000000e-06	0.000000000000e+00	0.000000000000e+00	0.000000000000e+00
1.563200000000e-06	0.000000000000e+00	0.000000000000e+00	0.000000000000e+00
1.563400000000e-06	0.000000000000e+00	0.000000000000e+00	0.000000000000e+00
1.563600000000e-06	0.000000000000e+00	0.000000000000e+00	0.000000000000e+00
1.563800000000e-06	0.000000000000e+00	0.000000000000e+00	0.000000000000e+00
1.564000000000e-06	0.000000000000e+00	0.000000000000e+00	0.000000000000e+00
1.564200000000e-06	0.000000000000e+00	0.000000000000e+00	0.000000000000e+00
1.564400000000e-06	0.000000000000e+00	0.000000000000e+00	0.000000000000e+00
1.564600000000e-06	0.000000000000e+00	0.000000000000e+00	0.000000000000e+00
1.564800000000e-06	0.000000000000e+00	0.000000000000e+00	0.000000000000e+00
1.565000000000e-06	0.000000000000e+00	0.000000000000e+00	0.000000000000e+00
1.565200000000e-06	0.000000000000e+00	0.000000000000e+00	0.000000000000e+00
1.565400000000e-06	0.000000000000e+00	0.000000000000e+00	0.000000000000e+00
1.565600000000e-06	0.000000000000e+00	0.000000000000e+00	0.000000000000e+00
1.565800000000e-06	0.000000000000e+00	0.000000000000e+00	0.000000000000e+00
1.566000000000e-06	0.000000000000e+00	0.000000000000e+00	0.000000000000e+00
1.566200000000e-06	0.000000000000e+00	0.000000000000e+00	0.000000000000e+00
1.566400000000e-06	0.000000000000e+00	0.000000000000e+00	0.000000000000e+00
1.566600000000e-06	0.000000000000e+00	0.000000000000e+00	0.000000000000e+00
1.566800000000e-06	0.000000000000e+00	0.000000000000e+00	0.000000000000e+00
1.567000000000e-06	0.000000000000e+00	0.000000000000e+00	0.000000000000e+00
1.567200000000e-06	0.000000000000e+00	0.000000000000e+00	0.000000000000e+00
1.567400000000e-06	0.000000000000e+00	0.000000000000e+00	0.000000000000e+00
1.567600000000e-06	0.000000000000e+00	0.000000000000e+00	0.000000000000e+00
1.567800000000e-06	0.000000000000e+00	0.000000000000e+00	0.000000000000e+00
1.568000000000e-06	0.000000000000e+00	0.000000000000e+00	0.000000000000e+00
1.568200000000e-06	0.000000000000e+00	0.000000000000e+00	0.000000000000e+00
1.568400000000e-06	0.000000000000e+00	0.000000000000e+00	0.000000000000e+00
1.568600000000e-06	0.000000000000e+00	0.000000000000e+00	0.000000000000e+00
1.568800000000e-06	0.000000000000e+00	0.000000000000e+00	0.000000000000e+00
1.569000000000e-06	0.000000000000e+00	0.000000000000e+00	0.000000000000e+00
1.569200000000e-06	0.000000000000e+00	0.000000000000e+00	0.000000000000e+00
1.569400000000e-06	0.000000000000e+00	0.000000000000e+00	0.000000000000e+00
1.569600000000e-06	0.000000000000e+00	0.000000000000e+00	0.000000000000e+00
1.569800000000e-06	0.000000000000e+00	0.000000000000e+00	0.000000000000e+00
1.570000000000e-06	0.000000000000e+00	0.000000000000e+00	0.000000000000e+00
1.570200000000e-06	0.000000000000e+00	0.000000000000e+00	0.000000000000e+00
1.570400000000e-06	0.000000000000e+00	0.000000000000e+00	0.000000000000e+00
1.570600000000e-06	0.000000000000e+00	0.000000000000e+00	0.000000000000e+00
1.570800000000e-06	0.000000000000e+00	0.000000000000e+00	0.000000000000e+00
1.571000000000e-06	0.000000000000e+00	0.000000000000e+00	0.000000000000e+00
1.571200000000e-06	0.000000000000e+00	0.000000000000e+00	0.000000000000e+00
1.571400000000e-06	0.000000000000e+00	0.000000000000e+00	0.000000000000e+00
1.571600000000e-06	0.000000000000e+00	0.000000000000e+00	0.000000000000e+00
1.571800000000e-06	0.000000000000e+00	0.000000000000e+00	0.000000000000e+00
1.572000000000e-06	0.000000000000e+00	0.000000000000e+00	0.000000000000e+00
1.572200000000e-06	0.000000000000e+00	0.000000000000e+00	0.000000000000e+00
1.572400000000e-06	0.000000000000e+00	0.000000000000e+00	0.000000000000e+00
1.572600000000e-06	0.000000000000e+00	0.000000000000e+00	0.000000000000e+00
1.572800000000e-06	0.000000000000e+00	0.000000000000e+00	0.000000000000e+00
1.573000000000e-06	0.000000000000e+00	0.000000000000e+00	0.000000000000e+00
1.573200000000e-06	-9.677498328513e-16	2.922428360889e-16	-1.103734260588e-15
1.573400000000e-06	-3.327385489156e-15	-6.922045251041e-15	6.065685774048e-15
1.573600000000e-06	8.232943173494e-15	3.243439211246e-16	5.933539617540e-15
1.573800000000e-06	-6.973850019914e-15	7.459040124766e-15	-1.475055591128e-14
1.574000000000e-06	-4.413608838238e-16	1.115898941329e-15	-1.665393789626e-15
1.574200000000e-06	1.182069674071e-14	5.499594993080e-15	2.203971110291e-15
1.574400000000e-06	-2.357464048518e-15	-1.543966282671e-14	1.732401873834e-14
1.574600000000e-06	-4.472286474085e-14	-2.514062368155e-14	-2.787004127538e-15
1.574800000000e-06	-1.062664061819e-13	5.363865560519e-15	-8.783469327702e-14
1.575000000000e-06	4.697807064803e-14	-1.329056548761e-14	5.242880251431e-14
1.575200000000e-06	-8.474447283115e-14	4.400746107784e-15	-7.022599374592e-14
1.575400000000e-06	-3.099120241268e-14	-6.855082771049e-14	6.213693689044e-14
1.575600000000e-06	3.431178139137e-14	3.453610581993e-14	-1.649696779033e-14
1.575800000000e-06	-2.940835253403e-14	-7.455283472217e-14	7.108266245243e-14
1.576000000000e-06	-6.643128880718e-13	-1.779913979279e-13	-2.863862933906e-13
1.576200000000e-06	-4.571844384808e-14	2.020883517597e-13	-2.882529595179e-13
1.576400000000e-06	-1.862824169976e-13	2.479009931023e-13	-4.524974740137e-13
1.576600000000e-06	-1.130505933419e-12	-4.864698833557e-13	-2.570908735566e-13
1.576800000000e-06	-2.607148402028e-13	-8.921392290485e-14	-9.276776560544e-14
1.577000000000e-06	-8.109785334649e-13	6.086460851248e-14	-6.992698319508e-13
1.577200000000e-06	-1.492330101179e-12	-2.978026636623e-13	-7.726317456984e-13
1.577400000000e-06	-2.318516464027e-12	-2.378315367840e-13	-1.475075969866e-12
1.577600000000e-06	-2.876609780581e-12	-5.281863192395e-13	-1.544861594524e-12
1.577800000000e-06	-1.780788608447e-12	-3.107708015817e-13	-9.713865802370e-13
1.578000000000e-06	-5.471703980988e-12	-1.428818201098e-12	-2.415141203889e-12
1.578200000000e-06	-8.993836803623e-12	-5.217420784050e-13	-6.270977629027e-12
1.578400000000e-06	-9.041379799625e-12	-2.143053908386e-12	-4.245879539750e-12
1.578600000000e-06	-2.024752447348e-11	-1.029807232422e-12	-1.426071403729e-11
1.578800000000e-06	-5.052553817967e-11	-4.916802812877e-13	-3.828321468890e-11
1.579000000000e-06	-8.788417676580e-11	-1.535270395867e-11	-4.824602789612e-11
1.579200000000e-06	-7.134605808105e-11	-1.853696611109e-11	-3.150498459506e-11
1.579400000000e-06	-5.736266740013e-11	-3.408645968056e-12	-3.985566767115e-11
1.579600000000e-06	-6.148528953216e-11	-1.871765077116e-11	-2.378054752458e-11
1.579800000000e-06	-4.775197060498e-11	-3.380080519605e-12	-3.249163779195e-11
1.580000000000e-06	-5.321556990659e-11	2.102392565476e-13	-4.129593378309e-11
1.580200000000e-06	-6.754518472601e-11	-1.092515197496e-11	-3.828080489397e-11
1.580400000000e-06	-4.784538588691e-11	4.784872138956e-12	-4.291411399439e-11
1.580600000000e-06	-5.996757636302e-11	-1.338943826375e-11	-2.919380398042e-11
1.580800000000e-06	-7.270778885107e-11	-1.426681834304e-11	-3.787125552703e-11
1.581000000000e-06	-9.044186517602e-11	-2.339357985456e-11	-4.006151813916e-11
1.581200000000e-06	-8.325603269091e-11	-2.295247634349e-11	-3.497249646174e-11
1.581400000000e-06	-9.858984864679e-11	-2.791296167895e-12	-7.256737982710e-11
1.581600000000e-06	-1.251821245705e-10	-1.355526822744e-11	-7.936067096358e-11
1.581800000000e-06	-1.383184878691e-10	-1.061747726128e-11	-9.303762043076e-11
1.582000000000e-06	-1.585015993646e-10	-1.343744726046e-11	-1.051227207358e-10
1.582200000000e-06	-1.868141922477e-10	-4.432977961634e-11	-8.772850625485e-11
1.582400000000e-06	-1.972092996613e-10	-1.760089234985e-11	-1.297015849712e-10
1.582600000000e-06	-2.500344211821e-10	-2.766257808648e-11	-1.576930573051e-10
1.582800000000e-06	-2.734869702261e-10	-1.430706658561e-11	-1.928536364391e-10
1.583000000000e-06	-3.278923450894e-10	-5.945915397422e-11	-1.772613588655e-10
1.583200000000e-06	-3.512257169819e-10	-6.870623525532e-11	-1.838043585554e-10
1.583400000000e-06	-3.993431518622e-10	-4.096710404068e-11	-2.559409072405e-10
1.583600000000e-06	-4.603557350958e-10	-7.471303429762e-11	-2.601066236757e-10
1.583800000000e-06	-4.983937223238e-10	-4.851734967918e-11	-3.228894863708e-10
1.584000000000e-06	-5.468329564163e-10	-7.718165732577e-11	-3.240658831913e-10
1.584200000000e-06	-6.165316325298e-10	-1.012169993479e-10	-3.467345034220e-10
1.584400000000e-06	-6.294858022355e-10	-5.454796195382e-11	-4.163118945046e-10
1.584600000000e-06	-7.172596254676e-10	-8.973043898892e-11	-4.391386580888e-10
1.584800000000e-06	-7.186942152740e-10	-4.677454887651e-11	-4.951770761930e-10
1.585000000000e-06	-8.228956797468e-10	-1.090009963477e-10	-4.975708893922e-10
1.585200000000e-06	-8.570800933240e-10	-7.971297659007e-11	-5.603978790119e-10
1.585400000000e-06	-9.053847674617e-10	-1.477612229839e-10	-5.108324848716e-10
1.585600000000e-06	-9.546376803608e-10	-4.268200574190e-11	-6.829401697640e-10
1.585800000000e-06	-9.667834562219e-10	-1.593472910893e-10	-5.434672687069e-10
1.586000000000e-06	-9.809931524780e-10	-6.206111957630e-11	-6.781822500333e-10
1.586200000000e-06	-1.065173092235e-09	-9.251622037458e-11	-7.051000665045e-10
1.586400000000e-06	-1.089140886130e-09	-8.533809080766e-11	-7.329619566509e-10
1.586600000000e-06	-9.877294405051e-10	-5.815861922393e-11	-6.897541703622e-10
1.586800000000e-06	-1.144754044249e-09	-1.271252097829e-10	-7.224692242529e-10
1.587000000000e-06	-1.191820339768e-09	-1.335669609055e-10	-7.509409695299e-10
1.587200000000e-06	-1.214162518860e-09	-1.593550321652e-10	-7.347477488899e-10
1.587400000000e-06	-1.152049259782e-09	-8.919229589229e-11	-7.774388523261e-10
1.587600000000e-06	-1.145407287790e-09	-3.789596683221e-11	-8.378787832926e-10
1.587800000000e-06	-1.243447621641e-09	-1.194267548648e-10	-8.094231272246e-10
1.588000000000e-06	-1.244047342696e-09	-2.943398446021e-11	-9.260835531217e-10
1.588200000000e-06	-1.157453528216e-09	-3.530843722791e-12	-8.925304554609e-10
1.588400000000e-06	-1.280134658172e-09	-1.462779528792e-10	-8.030771830865e-10
1.588600000000e-06	-1.250674560067e-09	-9.265601285199e-11	-8.503369780556e-10
1.588800000000e-06	-1.185155802744e-09	-1.347497615357e-10	-7.450347451811e-10
1.589000000000e-06	-1.241704963985e-09	-8.632222139500e-11	-8.509922020750e-10
1.589200000000e-06	-1.138674000136e-09	-2.685804766172e-11	-8.483682220480e-10
1.589400000000e-06	-1.105097237830e-09	-5.621040426174e-11	-7.843618549049e-10
1.589600000000e-06	-1.197366080734e-09	-9.680140706655e-11	-8.039493581190e-10
1.589800000000e-06	-1.167738180138e-09	-1.155730794662e-11	-8.903245138640e-10
1.590000000000e-06	-1.081146391126e-09	-2.447349199656e-11	-8.080746577094e-10
1.590200000000e-06	-1.166557585752e-09	-7.582408573374e-11	-8.081825045812e-10
1.590400000000e-06	-1.125356457985e-09	-5.095720220440e-11	-8.070049192974e-10
1.590600000000e-06	-1.128695776712e-09	-8.947239862722e-12	-8.652642272097e-10
1.590800000000e-06	-1.003233495017e-09	-3.610028574793e-11	-7.327968780112e-10
1.591000000000e-06	-1.034718208114e-09	-3.821221732626e-11	-7.544667155950e-10
1.591200000000e-06	-1.122762302907e-09	-8.423618268683e-11	-7.625382941231e-10
1.591400000000e-06	-1.008730525406e-09	7.141770703498e-11	-8.778386396950e-10
1.591600000000e-06	-1.033602157581e-09	-3.420536866635e-11	-7.591674208115e-10
1.591800000000e-06	-8.717845517084e-10	2.302808490572e-11	-7.085802682838e-10
1.592000000000e-06	-1.047632200157e-09	-5.867819499671e-11	-7.393337299216e-10
1.592200000000e-06	-9.358166923860e-10	-6.478438507865e-11	-6.433293917639e-10
1.592400000000e-06	-8.556262115052e-10	7.932035712021e-11	-7.700282233378e-10
1.592600000000e-06	-8.042455051586e-10	4.629023139764e-11	-6.879834255361e-10
1.592800000000e-06	-8.589738368673e-10	-1.028605554131e-11	-6.545608210782e-10
1.593000000000e-06	-8.622803746743e-10	-1.227977525260e-11	-6.560234109730e-10
1.593200000000e-06	-7.897355929357e-10	1.029386735806e-11	-6.288465236697e-10
1.593400000000e-06	-8.787431331767e-10	3.997260763472e-11	-7.370978475152e-10
1.593600000000e-06	-7.011017324397e-10	4.416268183025e-11	-6.055615530149e-10
1.593800000000e-06	-7.510689092794e-10	-1.989109254877e-11	-5.588417876696e-10
1.594000000000e-06	-7.171970353906e-10	-1.947867687642e-11	-5.329335887065e-10
1.594200000000e-06	-7.094214764449e-10	7.435261279828e-12	-5.636540800698e-10
1.594400000000e-06	-7.836662879466e-10	-4.777636679784e-11	-5.483158346214e-10
1.594600000000e-06	-6.811281748800e-10	2.429106665384e-11	-5.639872721743e-10
1.594800000000e-06	-6.599513826476e-10	8.736584829540e-11	-6.301773737610e-10
1.595000000000e-06	-6.883999381348e-10	-2.600458034788e-11	-5.019913965049e-10
1.595200000000e-06	-5.905715074169e-10	5.463595431875e-11	-5.345639441231e-10
1.595400000000e-06	-5.845359825303e-10	5.694187774080e-11	-5.302366922043e-10
1.595600000000e-06	-5.734515190216e-10	3.097413687922e-11	-4.895782524106e-10
1.595800000000e-06	-5.668684835220e-10	2.658771059061e-11	-4.788035639458e-10
1.596000000000e-06	-5.104503773290e-10	2.479289011518e-11	-4.308629549660e-10
1.596200000000e-06	-5.806797235483e-10	4.646483482733e-11	-5.154560422316e-10
1.596400000000e-06	-4.324627188337e-10	6.712400577895e-11	-4.283836669119e-10
1.596600000000e-06	-4.695645166431e-10	1.073370975222e-10	-5.090845071645e-10
1.596800000000e-06	-5.320472700049e-10	6.494856022806e-11	-5.019985954661e-10
1.597000000000e-06	-4.774008994636e-10	6.257402204091e-12	-3.814555391543e-10
1.597200000000e-06	-4.052647331472e-10	2.424555278786e-11	-3.493990005912e-10
1.597400000000e-06	-3.162226271827e-10	7.070400540590e-11	-3.416246051292e-10
1.597600000000e-06	-4.944399156980e-10	-4.145243194162e-12	-3.810793097988e-10
1.597800000000e-06	-3.156445493299e-10	9.931699111409e-11	-3.791625612791e-10
1.598000000000e-06	-4.716079522127e-10	4.133554569472e-11	-4.246621673216e-10
1.598200000000e-06	-2.725043169515e-10	7.990710873843e-11	-3.223605774420e-10
1.598400000000e-06	-4.328551863689e-10	-1.276110271303e-11	-3.230792647495e-10
1.598600000000e-06	-2.961447882146e-10	1.221943471152e-10	-3.934413611243e-10
1.598800000000e-06	-3.404969034602e-10	4.484371609127e-11	-3.259527069144e-10
1.599000000000e-06	-3.263326876694e-10	9.383125740675e-12	-2.680685049007e-10
1.599200000000e-06	-3.352195634555e-10	5.231979776134e-11	-3.335049327466e-10
1.599400000000e-06	-3.327719760655e-10	1.132887652055e-11	-2.748114571508e-10
1.599600000000e-06	-2.344404126236e-10	5.026350819586e-11	-2.516253556995e-10
1.599800000000e-06	-3.898879428668e-10	6.488633048981e-11	-3.921386610333e-10
1.600000000000e-06	-1.747183174573e-10	-8.838791777740e-12	-1.244275080204e-10
1.600200000000e-06	-2.808641550576e-10	4.103147475940e-11	-2.745438204552e-10
1.600400000000e-06	-2.608285060409e-10	8.493756169502e-11	-3.196600758833e-10
1.600600000000e-06	-1.045381038036e-10	1.173744477045e-10	-2.392181006700e-10
1.600800000000e-06	-2.187707738134e-10	6.304923234829e-11	-2.574429630358e-10
1.601000000000e-06	-2.282311202605e-10	-3.637823172206e-11	-1.300024884789e-10
1.601200000000e-06	-2.739735797596e-10	2.284934310971e-11	-2.480847585365e-10
1.601400000000e-06	-1.431772381684e-10	9.161220497506e-12	-1.234220422590e-10
1.601600000000e-06	-1.600275833382e-10	5.087488593838e-11	-1.951421129428e-10
1.601800000000e-06	-1.965687813060e-10	5.180277275371e-11	-2.245205987163e-10
1.602000000000e-06	-1.625528185768e-10	1.628053909383e-11	-1.509472086410e-10
1.602200000000e-06	-2.657263427320e-10	3.825184577291e-11	-2.610790124657e-10
1.602400000000e-06	-2.056352825545e-10	2.264044081450e-12	-1.648985034372e-10
1.602600000000e-06	-1.292252763425e-10	9.511321876815e-11	-2.328594481161e-10
1.602800000000e-06	-1.445217458332e-10	5.872546264277e-11	-1.917208647046e-10
1.603000000000e-06	-1.240129065428e-10	9.599762307077e-11	-2.272513063029e-10
1.603200000000e-06	-1.565172100034e-10	4.511757906378e-11	-1.838931720195e-10
1.603400000000e-06	-8.726703953906e-11	6.116448879427e-11	-1.491238938708e-10
1.603600000000e-06	-7.969465097271e-11	2.644897927106e-11	-9.931907001878e-11
1.603800000000e-06	-1.601132429564e-11	5.104584090055e-11	-8.295127289612e-11
1.604000000000e-06	-1.934152024634e-10	-7.764881146884e-12	-1.412761431164e-10
1.604200000000e-06	-2.228330057248e-11	7.681393591701e-11	-1.219469785513e-10
1.604400000000e-06	-1.548356509614e-10	5.015842609838e-11	-1.909848062861e-10
1.604600000000e-06	-2.459531992487e-11	-3.266689821837e-11	2.456909686710e-11
1.604800000000e-06	-3.650418500090e-11	5.743620100780e-11	-1.092326825638e-10
1.605000000000e-06	-2.761452820411e-11	9.729535638741e-11	-1.531073386974e-10
1.605200000000e-06	-1.097621101423e-10	2.633662071124e-11	-1.196428685383e-10
1.605400000000e-06	-1.058140647083e-10	3.144608934022e-11	-1.271873686921e-10
1.605600000000e-06	2.156065974184e-12	3.491690444534e-11	-4.639139752738e-11
1.605800000000e-06	-9.854429554706e-12	8.440853991737e-11	-1.231984859464e-10
1.606000000000e-06	-1.386621902049e-10	2.099344752787e-12	-1.115212211404e-10
1.606200000000e-06	-5.840180005260e-11	7.277452977114e-12	-5.567766628862e-11
1.606400000000e-06	-4.518705403170e-11	6.209566343993e-11	-1.215791535137e-10
1.606600000000e-06	-5.705014685630e-12	5.311335502183e-11	-7.673468470309e-11
1.606800000000e-06	-6.455616478639e-11	-3.737066000371e-11	-7.675560439402e-13
1.607000000000e-06	2.541890888470e-11	7.193997302584e-11	-8.233856915257e-11
1.607200000000e-06	-7.556830556750e-11	-2.210822568608e-11	-2.820630482225e-11
1.607400000000e-06	-2.803151650877e-11	-1.964432789418e-11	3.900091407152e-12
1.607600000000e-06	1.781771596825e-11	1.790814771948e-11	-8.995026232277e-12
1.607800000000e-06	-2.510948606774e-11	4.654355054555e-11	-8.407804040581e-11
1.608000000000e-06	4.534056099011e-11	8.833354958212e-11	-8.661614073552e-11
1.608200000000e-06	1.257295023344e-11	2.427000362218e-11	-2.453546449944e-11
1.608400000000e-06	3.910158602611e-11	1.687102588978e-11	6.981119305211e-12
1.608600000000e-06	1.683838577692e-11	-8.967426304237e-12	2.436966766131e-11
1.608800000000e-06	-8.899925562852e-12	1.419183771941e-12	-8.350195114270e-12
1.609000000000e-06	2.682788623218e-11	2.530913531228e-11	-1.398381524335e-11
1.609200000000e-06	-3.562579169776e-11	3.025849838576e-11	-7.051559808426e-11
1.609400000000e-06	2.771581852412e-11	5.849414661597e-11	-5.943657900775e-11
1.609600000000e-06	5.870266447643e-11	3.954944390865e-11	-6.860497367939e-12
1.609800000000e-06	2.673781751718e-11	5.530592950373e-11	-5.343584531408e-11
1.610000000000e-06	5.224275969093e-11	1.290948709650e-11	2.271535004409e-11
1.610200000000e-06	4.480819773720e-11	1.922363042058e-11	1.025169476599e-11
1.610400000000e-06	8.479098956300e-11	5.766070700146e-11	-1.266409228352e-11
1.610600000000e-06	6.296107738917e-11	3.910517966785e-11	-4.952187819104e-12
1.610800000000e-06	1.249824605777e-11	-5.583889464184e-12	1.816735339234e-11
1.611000000000e-06	5.225525232505e-11	5.549996212960e-11	-3.482609626144e-11
1.611200000000e-06	8.744811078823e-11	-1.605202251855e-11	8.484550282755e-11
1.611400000000e-06	5.228489174739e-11	4.602205142457e-12	3.289650783277e-11
1.611600000000e-06	7.076011864416e-11	7.098988132663e-11	-4.317007127921e-11
1.611800000000e-06	8.205882957892e-11	1.935158311962e-11	3.691739305707e-11
1.612000000000e-06	7.910730749797e-11	1.500916096828e-11	4.011550808574e-11
1.612200000000e-06	1.371347726688e-11	-2.028617976142e-11	4.272724325906e-11
1.612400000000e-06	4.955750067040e-11	4.658954381097e-11	-2.562936963030e-11
1.612600000000e-06	1.177173408783e-10	3.860268917546e-11	3.948739331021e-11
1.612800000000e-06	1.145008220790e-10	5.438265729393e-11	1.416438757116e-11
1.613000000000e-06	-1.162182187604e-11	-3.755823308027e-11	4.233467662303e-11
1.613200000000e-06	8.403203803811e-11	2.372306480982e-11	3.110390773856e-11
1.613400000000e-06	-5.853896600818e-12	-1.001393199782e-11	9.818149835624e-12
1.613600000000e-06	8.042779440242e-11	4.061199032156e-11	7.757773137345e-12
1.613800000000e-06	1.043849410312e-10	2.895686963924e-11	4.254770488254e-11
1.614000000000e-06	8.289782780481e-11	4.725003219445e-12	5.763320887771e-11
1.614200000000e-06	1.120273418903e-10	5.571669959324e-11	1.131033786098e-11
1.614400000000e-06	1.048463943350e-10	5.086659861501e-11	1.173570685428e-11
1.614600000000e-06	6.589742323345e-11	-2.438767598530e-11	8.817729058478e-11
1.614800000000e-06	8.028372769969e-11	2.002826810882e-11	3.609315462605e-11
1.615000000000e-06	8.917698196545e-11	2.359498729442e-11	3.657403418320e-11
1.615200000000e-06	8.441617701112e-11	1.075898814652e-11	5.039258818347e-11
1.615400000000e-06	1.458171833331e-10	4.808639245062e-11	4.900213537566e-11
1.615600000000e-06	6.204221804181e-11	-1.093087580343e-11	6.244102561007e-11
1.615800000000e-06	1.419967538981e-10	5.095233148352e-11	4.156374186605e-11
1.616000000000e-06	1.219123439650e-10	5.393652833081e-11	2.009377191533e-11
1.616200000000e-06	1.555412962982e-10	3.311102274732e-11	7.783632224637e-11
1.616400000000e-06	1.080437290912e-10	3.192530992863e-11	3.976771305233e-11
1.616600000000e-06	1.050431990261e-10	2.660209131812e-11	4.602669933420e-11
1.616800000000e-06	9.616278068698e-11	8.792220150509e-13	7.428361724233e-11
1.617000000000e-06	1.373088644622e-10	5.870939838210e-12	9.915879709540e-11
1.617200000000e-06	1.364960038701e-10	4.057729303398e-11	5.142062003463e-11
1.617400000000e-06	8.382403953518e-11	-1.543859598800e-11	8.410596807918e-11
1.617600000000e-06	1.623134091507e-10	3.423811527172e-12	1.243245926543e-10
1.617800000000e-06	1.119257439606e-10	-1.059801852324e-11	1.051892273393e-10
1.618000000000e-06	1.295932258201e-10	2.614159012137e-11	6.542167798796e-11
1.618200000000e-06	8.724996128252e-11	7.708511415162e-12	5.723186176130e-11
1.618400000000e-06	1.033589980499e-10	1.698372228390e-11	5.928378228333e-11
1.618600000000e-06	1.303712694671e-10	1.545570997577e-11	8.507105259523e-11
1.618800000000e-06	6.884462622733e-11	3.338046774105e-12	5.028907914777e-11
1.619000000000e-06	1.106651014084e-10	2.559804904989e-11	5.015856818349e-11
1.619200000000e-06	6.219650244493e-11	-9.876693974204e-12	6.455385414394e-11
1.619400000000e-06	1.692485465939e-10	5.834080682640e-11	5.142401761184e-11
1.619600000000e-06	8.789279033503e-11	2.027467000390e-11	4.582357805106e-11
1.619800000000e-06	1.436738246414e-10	2.222810173730e-11	8.069651990756e-11
1.620000000000e-06	1.220023773287e-10	-2.824221396028e-11	1.394468342221e-10
1.620200000000e-06	1.118709554479e-10	2.550865998175e-11	5.019988301912e-11
1.620400000000e-06	1.508842786095e-10	2.666901987492e-11	8.425333243928e-11
1.620600000000e-06	1.036507707022e-10	-2.008793912542e-11	1.111062084917e-10
1.620800000000e-06	1.365381026468e-10	2.047347007835e-11	8.073244094852e-11
1.621000000000e-06	1.441084034689e-10	3.470767740887e-11	6.563912951133e-11
1.621200000000e-06	1.063164887672e-10	1.467250759102e-11	6.416807691675e-11
1.621400000000e-06	1.318145616190e-10	1.777211982571e-11	8.018822958019e-11
1.621600000000e-06	1.769866213038e-10	1.173947714659e-11	1.241250537657e-10
1.621800000000e-06	1.418277345030e-10	2.171533592054e-11	8.044530485762e-11
1.622000000000e-06	1.656600561203e-10	3.559962029758e-11	8.347496755619e-11
1.622200000000e-06	8.316634556924e-11	-1.149984206043e-11	8.251743162478e-11
1.622400000000e-06	1.408124425446e-10	-1.900316438898e-11	1.404111963181e-10
1.622600000000e-06	1.219657563873e-10	3.092490759004e-11	5.209869211714e-11
1.622800000000e-06	1.048666340967e-10	2.109887903646e-11	5.278907304612e-11
1.623000000000e-06	1.229823229834e-10	1.208487630068e-11	8.083314458862e-11
1.623200000000e-06	1.218271604826e-10	1.007233161660e-11	8.196942889083e-11
1.623400000000e-06	1.355753252135e-10	2.050143613933e-11	7.969896760477e-11
1.623600000000e-06	1.242899639921e-10	-9.569123052127e-13	9.854499472807e-11
1.623800000000e-06	1.137668857309e-10	2.406752245735e-11	5.552577613579e-11
1.624000000000e-06	1.019126788616e-10	-1.212111001767e-11	9.899551484355e-11
1.624200000000e-06	1.264932981458e-10	1.595117097458e-12	1.003487715243e-10
1.624400000000e-06	9.158468829561e-11	-1.797124556043e-11	1.003955513227e-10
1.624600000000e-06	1.411445296055e-10	1.071465840456e-11	9.732584486245e-11
1.624800000000e-06	1.455773121625e-10	7.122838745052e-12	1.071529999165e-10
1.625000000000e-06	1.539409810130e-10	1.226753302834e-11	1.046141065064e-10
1.625200000000e-06	1.140714805174e-10	-6.332872164496e-13	8.918264932351e-11
1.625400000000e-06	1.061057413187e-10	1.140888679265e-11	6.695898808108e-11
1.625600000000e-06	1.078479685684e-10	-2.093097677421e-11	1.186078928792e-10
1.625800000000e-06	1.575528769680e-10	3.342861851987e-11	8.005813494364e-11
1.626000000000e-06	1.497060344346e-10	3.160645201524e-11	7.413073656028e-11
1.626200000000e-06	1.353700195317e-10	-2.774153712373e-12	1.114946994725e-10
1.626400000000e-06	1.811065030211e-10	-1.259711164511e-11	1.632802559901e-10
1.626600000000e-06	1.672921149651e-10	2.546138738185e-11	9.633064094271e-11
1.626800000000e-06	1.481129686502e-10	4.687769285071e-11	5.053631596844e-11
1.627000000000e-06	1.379762403971e-10	1.182709836253e-11	9.180851972578e-11
1.627200000000e-06	1.195928718307e-10	-1.344098181539e-12	9.889543466998e-11
1.627400000000e-06	1.470620347190e-10	7.536539608194e-12	1.064819652984e-10
1.627600000000e-06	1.530906349466e-10	2.654001478553e-11	8.690349391383e-11
1.627800000000e-06	1.832397752298e-10	2.377936486102e-11	1.104082936836e-10
1.628000000000e-06	1.191687665785e-10	-2.140493738146e-11	1.327364051621e-10
1.628200000000e-06	1.076672526428e-10	-1.860471575570e-11	1.139393788541e-10
1.628400000000e-06	1.702992202016e-10	2.842337740980e-11	9.363203513566e-11
1.628600000000e-06	1.133959304000e-10	-1.416456593423e-11	1.126812490831e-10
1.628800000000e-06	1.564001704578e-10	1.398724938216e-11	1.037811115807e-10
1.629000000000e-06	1.447887702545e-10	5.129144926573e-12	1.086460994322e-10
1.629200000000e-06	1.601496051186e-10	8.610667923022e-12	1.160991253440e-10
1.629400000000e-06	1.324971394696e-10	4.020345879978e-13	1.068514003052e-10
1.629600000000e-06	1.654147855805e-10	2.627937525024e-11	9.693949865868e-11
1.629800000000e-06	1.481291565134e-10	1.029580639332e-12	1.171955679486e-10
1.630000000000e-06	1.435871994312e-10	4.270497411437e-11	5.402879410573e-11
1.630200000000e-06	1.478313698762e-10	2.402208588640e-11	8.332630653272e-11
1.630400000000e-06	1.627862254125e-10	2.097483465722e-11	1.009672794923e-10
1.630600000000e-06	1.400706047123e-10	6.648181797769e-12	1.017303007360e-10
1.630800000000e-06	8.766889082404e-11	-2.971059252407e-11	1.121212978490e-10
1.631000000000e-06	1.350009223489e-10	-2.874615551756e-12	1.124428612470e-10
1.631200000000e-06	1.285415643688e-10	-2.854301917091e-12	1.071801964201e-10
1.631400000000e-06	1.052186174497e-10	1.718395283839e-11	6.216144466280e-11
1.631600000000e-06	1.478192563767e-10	1.995564105345e-11	9.107924251360e-11
1.631800000000e-06	1.848947829085e-10	3.082112117046e-11	1.030301943994e-10
1.632000000000e-06	1.435057899608e-10	3.678110526276e-11	6.087193380095e-11
1.632200000000e-06	1.534687377857e-10	-1.789076929946e-11	1.493881285274e-10
1.632400000000e-06	1.325320161646e-10	1.302582212825e-11	8.886110015705e-11
1.632600000000e-06	1.545115522170e-10	2.168593550995e-11	9.308510141005e-11
1.632800000000e-06	1.586143977069e-10	-2.988829597768e-12	1.299974566761e-10
1.633000000000e-06	1.333589566399e-10	8.066410977651e-12	9.508168175807e-11
1.633200000000e-06	1.262149491741e-10	-2.820053536411e-11	1.423728076303e-10
1.633400000000e-06	1.480223394993e-10	3.579401684350e-11	6.452856649086e-11
1.633600000000e-06	1.703459499769e-10	1.725716156339e-12	1.353030023116e-10
1.633800000000e-06	1.090194730887e-10	-9.134871816451e-12	1.009626549620e-10
1.634000000000e-06	1.390085994913e-10	4.055128260578e-11	5.409617462423e-11
1.634200000000e-06	1.630032024358e-10	5.152728387792e-12	1.232777042325e-10
1.634400000000e-06	1.824381886016e-10	2.007277167657e-11	1.161928134355e-10
1.634600000000e-06	1.240499794248e-10	-9.902304191385e-12	1.142218371312e-10
1.634800000000e-06	1.496065058541e-10	4.441250224896e-12	1.127601516802e-10
1.635000000000e-06	1.537225409484e-10	9.217072147794e-12	1.109723328519e-10
1.635200000000e-06	1.506483065699e-10	9.716271973577e-12	1.093255988047e-10
1.635400000000e-06	1.495383039780e-10	1.809280373072e-11	9.868226894345e-11
1.635600000000e-06	1.907306631909e-10	3.476928116787e-11	1.007840851793e-10
1.635800000000e-06	1.451993514121e-10	-1.389839544616e-11	1.378320388586e-10
1.636000000000e-06	1.627232020852e-10	4.014324911701e-11	7.267556896502e-11
1.636200000000e-06	1.298371389881e-10	3.356747838224e-11	5.757509062213e-11
1.636400000000e-06	1.208067234170e-10	-1.977206461801e-11	1.239148548193e-10
1.636600000000e-06	9.701621129457e-11	-1.179087136616e-11	9.409414048996e-11
1.636800000000e-06	1.343582564693e-10	1.304042078317e-11	9.000785947677e-11
1.637000000000e-06	1.342204912356e-10	5.037828531475e-12	1.019394538983e-10
1.637200000000e-06	1.383659996143e-10	-3.857447313670e-12	1.174528213607e-10
1.637400000000e-06	1.762717123316e-10	-5.451784370377e-12	1.501412355991e-10
1.637600000000e-06	1.053727386340e-10	3.951224239831e-12	7.946542738965e-11
1.637800000000e-06	1.574499378721e-10	5.787201906148e-12	1.178706756259e-10
1.638000000000e-06	1.292137691081e-10	3.435584481144e-11	5.474746853510e-11
1.638200000000e-06	1.519517706892e-10	-6.117973408360e-12	1.314903854251e-10
1.638400000000e-06	1.506989439643e-10	1.594235985114e-11	9.806840822746e-11
1.638600000000e-06	1.115479821833e-10	-8.264641878168e-12	1.011575920980e-10
1.638800000000e-06	1.264692965291e-10	1.043112696171e-11	8.832963120465e-11
1.639000000000e-06	1.663368054061e-10	1.098820137051e-11	1.190114107160e-10
1.639200000000e-06	1.366488990282e-10	1.041168444768e-11	9.513847400234e-11
1.639400000000e-06	1.338842455733e-10	-1.130445877090e-11	1.235501639128e-10
1.639600000000e-06	1.088286209798e-10	1.724111698844e-12	8.652197410039e-11
1.639800000000e-06	1.419596905507e-10	5.741005562405e-12	1.081957283744e-10
1.640000000000e-06	1.106357280539e-10	7.080577072405e-12	8.859972791769e-11
1.640200000000e-06	1.647167949315e-10	2.448201739229e-11	9.465645481815e-11
1.640400000000e-06	1.214163787812e-10	-1.556231123409e-12	9.929197469441e-11
1.640600000000e-06	1.663109697739e-10	1.347533224029e-11	1.148695578829e-10
1.640800000000e-06	1.260821195401e-10	4.951286976696e-12	9.641456541828e-11
1.641000000000e-06	1.529609689135e-10	-1.337612529986e-11	1.427002356054e-10
1.641200000000e-06	1.147703320388e-10	-1.155444738352e-11	1.094003766980e-10
1.641400000000e-06	1.914116649171e-10	8.758870308362e-12	1.382147582051e-10
1.641600000000e-06	1.493765389629e-10	-7.487644978014e-12	1.303914388205e-10
1.641800000000e-06	1.452984815349e-10	1.461259450448e-11	9.563249021038e-11
1.642000000000e-06	1.361787827056e-10	4.298610033754e-12	1.037153136592e-10
1.642200000000e-06	9.444436050293e-11	-1.371845492898e-11	9.199788070213e-11
1.642400000000e-06	1.656459611956e-10	2.271055362366e-11	1.008762613880e-10
1.642600000000e-06	1.555485006109e-10	4.550368541315e-12	1.182956873526e-10
1.642800000000e-06	1.204432288176e-10	-7.845260633678e-12	1.070898546066e-10
1.643000000000e-06	1.135000536335e-10	1.592524540644e-11	7.011549366537e-11
1.643200000000e-06	1.313548193529e-10	3.621620406909e-12	1.041529707379e-10
1.643400000000e-06	1.316059085172e-10	2.014715733038e-12	1.051147451765e-10
1.643600000000e-06	1.492421738148e-10	1.715764806213e-11	9.743925119341e-11
1.643800000000e-06	1.315001746154e-10	1.043771320691e-11	9.168965226385e-11
1.644000000000e-06	1.743930244681e-10	2.435092519125e-11	1.020978695685e-10
1.644200000000e-06	1.460227431777e-10	-2.618072570634e-12	1.231807128877e-10
1.644400000000e-06	1.350498250391e-10	-1.841966439857e-12	1.116642742009e-10
1.644600000000e-06	1.266154623525e-10	1.381035750949e-11	8.324340427559e-11
1.644800000000e-06	1.123714048559e-10	-1.056276568279e-11	1.058877810926e-10
1.645000000000e-06	1.390952474234e-10	1.569591304165e-11	9.008833196711e-11
1.645200000000e-06	1.348850874693e-10	8.592715730281e-13	1.052225379404e-10
1.645400000000e-06	1.319023675425e-10	-6.840954243890e-12	1.169562872969e-10
1.645600000000e-06	1.294882165523e-10	-2.156744612619e-11	1.374477821453e-10
1.645800000000e-06	1.246711093690e-10	2.589103168729e-12	9.531962523541e-11
1.646000000000e-06	1.226884882400e-10	8.231687515099e-13	9.893020448239e-11
1.646200000000e-06	1.528419856940e-10	3.962946312008e-12	1.135943251267e-10
1.646400000000e-06	1.646630182080e-10	1.227587091481e-11	1.144823772702e-10
1.646600000000e-06	8.928463100345e-11	2.504075747181e-12	7.124296708544e-11
1.646800000000e-06	1.232091551747e-10	1.167314589961e-11	7.937160622105e-11
1.647000000000e-06	1.394504121632e-10	1.915045688102e-11	8.392873703524e-11
1.647200000000e-06	1.534857282577e-10	8.949025968249e-12	1.092224709551e-10
1.647400000000e-06	1.491268625650e-10	3.726228898109e-11	6.737494847203e-11
1.647600000000e-06	1.182443564343e-10	-8.999689604090e-12	1.113061929189e-10
1.647800000000e-06	1.352398053260e-10	5.918421035231e-12	1.018961003534e-10
1.648000000000e-06	1.534512662705e-10	2.629984627887e-11	8.986868483386e-11
1.648200000000e-06	1.524568178723e-10	2.163526963486e-11	9.203395148651e-11
1.648400000000e-06	1.314438254515e-10	-2.075165799785e-12	1.083603884681e-10
1.648600000000e-06	1.173810209235e-10	1.400097464416e-11	7.357419181124e-11
1.648800000000e-06	1.414319293488e-10	8.868951013276e-12	1.016611692700e-10
1.649000000000e-06	7.860193343347e-11	-1.182190048825e-11	8.135277008951e-11
1.649200000000e-06	1.612914406422e-10	3.314464945525e-12	1.251181382307e-10
1.649400000000e-06	1.045541743103e-10	-4.477778374424e-12	9.324545945892e-11
1.649600000000e-06	1.416735985315e-10	4.029566781523e-11	5.292226132005e-11
1.649800000000e-06	1.419113581411e-10	1.682132394412e-12	1.143150711308e-10
1.650000000000e-06	1.256042719260e-10	7.176324564503e-12	9.017519616972e-11
1.650200000000e-06	1.310161650913e-10	7.358259870784e-12	9.430655380327e-11
1.650400000000e-06	1.555660248848e-10	-2.255972634605e-12	1.303734700776e-10
1.650600000000e-06	1.081969294862e-10	1.328118953411e-12	8.554528804341e-11
1.650800000000e-06	1.076266997561e-10	-1.045657230520e-11	1.036248339007e-10
1.651000000000e-06	1.280541886844e-10	1.994672149744e-11	7.982631770561e-11
1.651200000000e-06	1.079158552020e-10	8.928335907958e-12	7.264405443035e-11
1.651400000000e-06	1.317822605711e-10	7.259605943717e-12	9.762428644563e-11
1.651600000000e-06	9.333990018843e-11	-2.073713624418e-11	1.045327254400e-10
1.651800000000e-06	1.323439521878e-10	1.048403159734e-11	9.442744207362e-11
1.652000000000e-06	1.588868153988e-10	1.784628320697e-11	1.018907901356e-10
1.652200000000e-06	1.602966878755e-10	1.673451804439e-11	1.041365369955e-10
1.652400000000e-06	1.350025839604e-10	2.353259072662e-11	7.530581708151e-11
1.652600000000e-06	1.350011678518e-10	9.010766796931e-12	9.935195805526e-11
1.652800000000e-06	1.340358927901e-10	-1.629639288021e-11	1.344260362002e-10
1.653000000000e-06	1.041339367346e-10	-2.945458392011e-12	9.148945591222e-11
1.653200000000e-06	1.042461898229e-10	-1.833058344767e-11	1.114829666203e-10
1.653400000000e-06	1.206270323636e-10	4.743460646585e-12	9.057657931160e-11
1.653600000000e-06	1.104471457190e-10	-1.176322812272e-11	1.075110418356e-10
1.653800000000e-06	1.300576589731e-10	1.166920863057e-11	8.879131444847e-11
1.654000000000e-06	1.366071224661e-10	1.352867199608e-12	1.095341577222e-10
1.654200000000e-06	1.056713345677e-10	1.766662828816e-12	8.340970781711e-11
1.654400000000e-06	1.192079652778e-10	1.314901721377e-11	7.567044693097e-11
1.654600000000e-06	1.377459302691e-10	1.598335658230e-11	8.818677611953e-11
1.654800000000e-06	1.010767122150e-10	-4.889014096775e-12	8.952265350434e-11
1.655000000000e-06	1.222731487476e-10	5.839673793411e-12	9.501067150102e-11
1.655200000000e-06	1.324940476457e-10	4.112895558008e-13	1.080865998928e-10
1.655400000000e-06	1.383552224070e-10	1.561211900856e-12	1.142070241003e-10
1.655600000000e-06	1.576324813468e-10	2.932697449279e-11	8.303640924094e-11
1.655800000000e-06	1.078148166014e-10	-6.615477712316e-12	9.964851430148e-11
1.656000000000e-06	1.178968255400e-10	1.087936967327e-11	7.902933877877e-11
1.656200000000e-06	1.103444133971e-10	-1.660362682224e-11	1.176749383769e-10
1.656400000000e-06	1.417743791288e-10	-6.772650453274e-12	1.263467907840e-10
1.656600000000e-06	1.405889199061e-10	2.066093647361e-11	8.348538218551e-11
1.656800000000e-06	1.027608315290e-10	-5.915965588462e-12	9.690338685614e-11
1.657000000000e-06	1.273081818508e-10	1.002858134669e-11	8.770367240571e-11
1.657200000000e-06	1.370226909039e-10	2.670806709767e-11	7.090303707660e-11
1.657400000000e-06	1.116428470841e-10	-9.403456449584e-12	1.047946497955e-10
1.657600000000e-06	1.079777726385e-10	-6.386862253946e-12	9.975309760014e-11
1.657800000000e-06	1.174386135155e-10	-3.375113655109e-12	1.011660721311e-10
1.658000000000e-06	1.175835232861e-10	3.566962487635e-12	9.096841507506e-11
1.658200000000e-06	1.277517798303e-10	1.075822430475e-11	9.047326424836e-11
1.658400000000e-06	1.175246320929e-10	-1.163977239081e-11	1.140552282326e-10
1.658600000000e-06	1.320553789273e-10	2.022835981367e-11	7.384963753507e-11
1.658800000000e-06	1.083903624623e-10	-5.383033774773e-12	9.793556609075e-11
1.659000000000e-06	1.464147424612e-10	1.546712902760e-11	9.576799808398e-11
1.659200000000e-06	1.106892134156e-10	-6.711072346643e-13	8.887599620942e-11
1.659400000000e-06	1.032453508226e-10	-1.280114845157e-11	1.055596385301e-10
1.659600000000e-06	1.262341732934e-10	1.796863267422e-11	7.522447725342e-11
1.659800000000e-06	1.133725373962e-10	2.377444033500e-11	5.547339241768e-11
1.660000000000e-06	1.268264868311e-10	1.436680316830e-11	8.423315997218e-11
1.660200000000e-06	9.823960560604e-11	1.168262160499e-11	6.037537591694e-11
1.660400000000e-06	1.180830010896e-10	1.281262971314e-11	7.808635279863e-11
1.660600000000e-06	1.206119728363e-10	1.265246843796e-11	8.145621709971e-11
1.660800000000e-06	1.085385255172e-10	-2.035472379797e-11	1.185808015715e-10
1.661000000000e-06	1.441977478135e-10	9.678950469374e-12	1.040061461562e-10
1.661200000000e-06	1.303709933857e-10	8.028455142427e-12	9.898043168771e-11
1.661400000000e-06	1.022358200369e-10	-3.016043105630e-12	8.741049014119e-11
1.661600000000e-06	1.255205218065e-10	-6.357463580929e-12	1.134512656223e-10
1.661800000000e-06	1.119021352089e-10	-1.201014236961e-11	1.075923026843e-10
1.662000000000e-06	1.085897137192e-10	3.363420988793e-12	7.980570752468e-11
1.662200000000e-06	9.812229630089e-11	1.593973582339e-12	7.479788923152e-11
1.662400000000e-06	1.475665394205e-10	1.503200557575e-11	9.667992200413e-11
1.662600000000e-06	1.459475536506e-10	2.731259404335e-11	7.851773437507e-11
1.662800000000e-06	9.715096151357e-11	-6.405789624231e-12	8.687243165812e-11
1.663000000000e-06	1.020291646974e-10	-1.567995987330e-12	8.756235186641e-11
1.663200000000e-06	1.065288496592e-10	-4.627669589386e-12	9.590187883765e-11
1.663400000000e-06	9.342215169158e-11	1.239136282106e-11	5.859007263292e-11
1.663600000000e-06	9.230001245266e-11	-6.748213129083e-12	8.526081409001e-11
1.663800000000e-06	1.048169964191e-10	-7.763846268773e-12	9.846504809079e-11
1.664000000000e-06	1.217800121095e-10	2.517122300744e-11	6.193610501697e-11
1.664200000000e-06	1.200365758089e-10	1.008406918469e-11	8.121975331551e-11
1.664400000000e-06	9.177476606969e-11	1.305759229955e-12	7.262832554448e-11
1.664600000000e-06	1.152305167468e-10	1.472350905457e-11	7.016064602458e-11
1.664800000000e-06	9.807412472783e-11	-4.083586698080e-12	8.734056125536e-11
1.665000000000e-06	1.206300891893e-10	-1.073846465402e-11	1.152337068931e-10
1.665200000000e-06	1.323938444845e-10	2.116114371420e-12	1.024654415663e-10
1.665400000000e-06	1.164655490396e-10	-6.872094543699e-13	9.788648703583e-11
1.665600000000e-06	1.149537452971e-10	3.308497414272e-13	9.496543627823e-11
1.665800000000e-06	1.111806747295e-10	1.437064148720e-12	8.874219668003e-11
1.666000000000e-06	1.002898825441e-10	-3.092208754534e-12	8.604880919387e-11
1.666200000000e-06	1.070695929738e-10	6.173292539177e-12	8.003589401309e-11
1.666400000000e-06	1.208979611908e-10	1.285604687741e-11	8.051127423430e-11
1.666600000000e-06	1.272728802458e-10	-6.679463096936e-12	1.157184586706e-10
1.666800000000e-06	8.628450671135e-11	-1.324436516694e-11	8.720234207718e-11
1.667000000000e-06	1.063720862251e-10	-1.251297202413e-11	1.054544702202e-10
1.667200000000e-06	1.133350115719e-10	9.696819701643e-12	7.766630398647e-11
1.667400000000e-06	1.161865304100e-10	1.195262710707e-11	7.583359004797e-11
1.667600000000e-06	1.025195723443e-10	9.080879879794e-12	6.866305634493e-11
1.667800000000e-06	9.693308644832e-11	1.084775748783e-11	6.088571088964e-11
1.668000000000e-06	9.462100918169e-11	6.876190808752e-12	6.849028657473e-11
1.668200000000e-06	1.185945803121e-10	-5.031299570077e-12	1.060277435314e-10
1.668400000000e-06	1.102252757160e-10	-1.084099290635e-12	9.206632047709e-11
1.668600000000e-06	7.948063364511e-11	-1.419303110119e-11	9.147624505787e-11
1.668800000000e-06	1.031844811754e-10	4.436823923157e-12	7.848455653903e-11
1.669000000000e-06	8.774655678784e-11	1.171371634705e-11	5.443706176228e-11
1.669200000000e-06	1.111343260890e-10	-1.287870557974e-11	1.142742076096e-10
1.669400000000e-06	1.060272448112e-10	1.596425653898e-11	6.345423189716e-11
1.669600000000e-06	9.393694689983e-11	-7.815355150073e-13	7.711498817520e-11
1.669800000000e-06	1.105142673726e-10	1.241218979861e-11	7.027494322039e-11
1.670000000000e-06	1.152884461515e-10	1.673221395232e-13	9.532069644331e-11
1.670200000000e-06	1.145622810717e-10	7.867038490425e-12	8.256604017561e-11
1.670400000000e-06	8.994451451228e-11	5.955820881005e-12	6.293873574034e-11
1.670600000000e-06	1.032491048314e-10	-3.944742504425e-12	9.035809857171e-11
1.670800000000e-06	1.153820486312e-10	1.842647218007e-11	6.372092475259e-11
1.671000000000e-06	1.079138962154e-10	-5.851903657834e-12	9.776273643290e-11
1.671200000000e-06	9.562575026710e-11	1.215790001602e-11	6.093784977084e-11
1.671400000000e-06	8.556375583349e-11	-5.873931605679e-12	8.054606723847e-11
1.671600000000e-06	1.120927114873e-10	1.671648485135e-11	6.403475999897e-11
1.671800000000e-06	9.034294650019e-11	-1.452799929514e-11	9.730454472435e-11
1.672000000000e-06	9.896700256424e-11	1.953425889989e-12	8.141060747525e-11
1.672200000000e-06	1.104314989827e-10	5.815951757739e-12	8.151776578761e-11
1.672400000000e-06	1.150877094698e-10	1.573770136337e-11	7.114564803200e-11
1.672600000000e-06	1.113927925462e-10	1.234162646867e-11	7.217346379683e-11
1.672800000000e-06	1.127058877282e-10	-1.841656098485e-11	1.210339966348e-10
1.673000000000e-06	1.065358004817e-10	1.516579477143e-11	6.412558923280e-11
1.673200000000e-06	9.202677474658e-11	5.456310292162e-12	7.021453087901e-11
1.673400000000e-06	9.029262304298e-11	-2.846274264733e-12	7.761511153601e-11
1.673600000000e-06	1.082063726410e-10	9.845100204708e-12	7.278017720969e-11
1.673800000000e-06	1.124092970109e-10	1.139536715295e-11	7.662881316901e-11
1.674000000000e-06	1.051970740603e-10	1.135780389500e-11	6.735716471545e-11
1.674200000000e-06	9.926608605114e-11	1.739323861951e-11	5.290888148835e-11
