6.066000000000e-07	0.000000000000e+00	0.000000000000e+00	0.000000000000e+00
6.068000000000e-07	0.000000000000e+00	0.000000000000e+00	0.000000000000e+00
6.070000000000e-07	0.000000000000e+00	0.000000000000e+00	0.000000000000e+00
6.072000000000e-07	0.000000000000e+00	0.000000000000e+00	0.000000000000e+00
6.074000000000e-07	0.000000000000e+00	0.000000000000e+00	0.000000000000e+00
6.076000000000e-07	0.000000000000e+00	0.000000000000e+00	0.000000000000e+00
6.078000000000e-07	0.000000000000e+00	0.000000000000e+00	0.000000000000e+00
6.080000000000e-07	0.000000000000e+00	0.000000000000e+00	0.000000000000e+00
6.082000000000e-07	0.000000000000e+00	0.000000000000e+00	0.000000000000e+00
6.084000000000e-07	0.000000000000e+00	0.000000000000e+00	0.000000000000e+00
6.086000000000e-07	0.000000000000e+00	0.000000000000e+00	0.000000000000e+00
6.088000000000e-07	0.000000000000e+00	0.000000000000e+00	0.000000000000e+00
6.090000000000e-07	0.000000000000e+00	0.000000000000e+00	0.000000000000e+00
6.092000000000e-07	0.000000000000e+00	0.000000000000e+00	0.000000000000e+00
6.094000000000e-07	0.000000000000e+00	0.000000000000e+00	0.000000000000e+00
6.096000000000e-07	0.000000000000e+00	0.000000000000e+00	0.000000000000e+00
6.098000000000e-07	0.000000000000e+00	0.000000000000e+00	0.000000000000e+00
6.100000000000e-07	0.000000000000e+00	0.000000000000e+00	0.000000000000e+00
6.102000000000e-07	0.000000000000e+00	0.000000000000e+00	0.000000000000e+00
6.104000000000e-07	0.000000000000e+00	0.000000000000e+00	0.000000000000e+00
6.106000000000e-07	0.000000000000e+00	0.000000000000e+00	0.000000000000e+00
6.108000000000e-07	0.000000000000e+00	0.000000000000e+00	0.000000000000e+00
6.110000000000e-07	0.000000000000e+00	0.000000000000e+00	0.000000000000e+00
6.112000000000e-07	0.000000000000e+00	0.000000000000e+00	0.000000000000e+00
6.114000000000e-07	0.000000000000e+00	0.000000000000e+00	0.000000000000e+00
6.116000000000e-07	0.000000000000e+00	0.000000000000e+00	0.000000000000e+00
6.118000000000e-07	0.000000000000e+00	0.000000000000e+00	0.000000000000e+00
6.120000000000e-07	0.000000000000e+00	0.000000000000e+00	0.000000000000e+00
6.122000000000e-07	0.000000000000e+00	0.000000000000e+00	0.000000000000e+00
6.124000000000e-07	0.000000000000e+00	0.000000000000e+00	0.000000000000e+00
6.126000000000e-07	0.000000000000e+00	0.000000000000e+00	0.000000000000e+00
6.128000000000e-07	0.000000000000e+00	0.000000000000e+00	0.000000000000e+00
6.130000000000e-07	0.000000000000e+00	0.000000000000e+00	0.000000000000e+00
6.132000000000e-07	0.000000000000e+00	0.000000000000e+00	0.000000000000e+00
6.134000000000e-07	0.000000000000e+00	0.000000000000e+00	0.000000000000e+00
6.136000000000e-07	0.000000000000e+00	0.000000000000e+00	0.000000000000e+00
6.138000000000e-07	0.000000000000e+00	0.000000000000e+00	0.000000000000e+00
6.140000000000e-07	0.000000000000e+00	0.000000000000e+00	0.000000000000e+00
6.142000000000e-07	0.000000000000e+00	0.000000000000e+00	0.000000000000e+00
6.144000000000e-07	0.000000000000e+00	0.000000000000e+00	0.000000000000e+00
6.146000000000e-07	0.000000000000e+00	0.000000000000e+00	0.000000000000e+00
6.148000000000e-07	0.000000000000e+00	0.000000000000e+00	0.000000000000e+00
6.150000000000e-07	0.000000000000e+00	0.000000000000e+00	0.000000000000e+00
6.152000000000e-07	0.000000000000e+00	0.000000000000e+00	0.000000000000e+00
6.154000000000e-07	0.000000000000e+00	0.000000000000e+00	0.000000000000e+00
6.156000000000e-07	0.000000000000e+00	0.000000000000e+00	0.000000000000e+00
6.158000000000e-07	0.000000000000e+00	0.000000000000e+00	0.000000000000e+00
6.160000000000e-07	0.000000000000e+00	0.000000000000e+00	0.000000000000e+00
6.162000000000e-07	0.000000000000e+00	0.000000000000e+00	0.000000000000e+00
6.164000000000e-07	0.000000000000e+00	0.000000000000e+00	0.000000000000e+00
6.166000000000e-07	0.000000000000e+00	0.000000000000e+00	0.000000000000e+00
6.168000000000e-07	0.000000000000e+00	0.000000000000e+00	0.000000000000e+00
6.170000000000e-07	0.000000000000e+00	0.000000000000e+00	0.000000000000e+00
6.172000000000e-07	0.000000000000e+00	0.000000000000e+00	0.000000000000e+00
6.174000000000e-07	0.000000000000e+00	0.000000000000e+00	0.000000000000e+00
6.176000000000e-07	0.000000000000e+00	0.000000000000e+00	0.000000000000e+00
6.178000000000e-07	0.000000000000e+00	0.000000000000e+00	0.000000000000e+00
6.180000000000e-07	0.000000000000e+00	0.000000000000e+00	0.000000000000e+00
6.182000000000e-07	0.000000000000e+00	0.000000000000e+00	0.000000000000e+00
6.184000000000e-07	0.000000000000e+00	0.000000000000e+00	0.000000000000e+00
6.186000000000e-07	0.000000000000e+00	0.000000000000e+00	0.000000000000e+00
6.188000000000e-07	0.000000000000e+00	0.000000000000e+00	0.000000000000e+00
6.190000000000e-07	0.000000000000e+00	0.000000000000e+00	0.000000000000e+00
6.192000000000e-07	0.000000000000e+00	0.000000000000e+00	0.000000000000e+00
6.194000000000e-07	0.000000000000e+00	0.000000000000e+00	0.000000000000e+00
6.196000000000e-07	0.000000000000e+00	0.000000000000e+00	0.000000000000e+00
6.198000000000e-07	0.000000000000e+00	0.000000000000e+00	0.000000000000e+00
6.200000000000e-07	0.000000000000e+00	0.000000000000e+00	0.000000000000e+00
6.202000000000e-07	0.000000000000e+00	0.000000000000e+00	0.000000000000e+00
6.204000000000e-07	-2.396139577896e-15	1.647919834113e-14	-2.176654730609e-14
6.206000000000e-07	2.844410089848e-13	-2.541760931505e-14	2.579230473487e-13
6.208000000000e-07	-1.507747236589e-13	-2.221200193219e-13	1.516601445154e-13
6.210000000000e-07	-1.202483683199e-13	3.379016721337e-13	-5.115072711730e-13
6.212000000000e-07	2.412813390954e-12	-7.130733530508e-13	2.648037903062e-12
6.214000000000e-07	-2.119580971862e-13	4.346079396208e-13	-7.319791459130e-13
6.216000000000e-07	1.338908722453e-12	-1.144954415369e-13	1.027391099932e-12
6.218000000000e-07	-5.408147574507e-12	7.832162136862e-13	-5.124757388806e-12
6.220000000000e-07	2.071973553315e-12	-2.483431899035e-13	1.171891154757e-12
6.222000000000e-07	-1.300730810528e-11	-5.462156132207e-12	-2.962500966529e-12
6.224000000000e-07	-1.761422233368e-11	-2.785906008489e-12	-1.075423981479e-11
6.226000000000e-07	-4.079348190301e-11	-5.875458868328e-12	-2.483473423602e-11
6.228000000000e-07	-9.374725354649e-11	-1.935270576365e-11	-5.033961753026e-11
6.230000000000e-07	-2.221627786029e-10	-4.444771375826e-11	-1.203105360419e-10
6.232000000000e-07	-2.734595398783e-10	-6.244128324192e-11	-1.391935807500e-10
6.234000000000e-07	-2.643883419830e-10	-5.462567181635e-11	-1.420194538477e-10
6.236000000000e-07	-4.144188851094e-10	-8.065785161965e-11	-2.297014527210e-10
6.238000000000e-07	-5.378025757475e-10	-1.161451963048e-10	-2.852101008309e-10
6.240000000000e-07	-5.312289949260e-10	-1.071460132785e-10	-2.911758062837e-10
6.242000000000e-07	-5.952105543875e-10	-1.396654996646e-10	-3.029461128631e-10
6.244000000000e-07	-5.797579041043e-10	-9.740964017936e-11	-3.429202021607e-10
6.246000000000e-07	-6.094777249345e-10	-1.075805152469e-10	-3.550945897520e-10
6.248000000000e-07	-6.465568549910e-10	-1.552743518431e-10	-3.266006166243e-10
6.250000000000e-07	-5.689560825690e-10	-9.903073726557e-11	-3.339406346502e-10
6.252000000000e-07	-5.160184474178e-10	-8.921970086461e-11	-3.056440563158e-10
6.254000000000e-07	-5.416511116980e-10	-7.261819695732e-11	-3.465543656598e-10
6.256000000000e-07	-5.083775421359e-10	-1.103602574145e-10	-2.748265459671e-10
6.258000000000e-07	-5.238462340065e-10	-1.043802024536e-10	-2.946445378035e-10
6.260000000000e-07	-5.573118508917e-10	-1.308996729569e-10	-2.893618860111e-10
6.262000000000e-07	-5.101674074869e-10	-1.067067994123e-10	-2.813197298713e-10
6.264000000000e-07	-5.355897667060e-10	-1.094641778944e-10	-2.987944738693e-10
6.266000000000e-07	-6.421466229165e-10	-1.215436179685e-10	-3.690710706021e-10
6.268000000000e-07	-7.278750706182e-10	-1.455165863469e-10	-4.062995457283e-10
6.270000000000e-07	-1.042309306786e-09	-2.387834280591e-10	-5.427415825512e-10
6.272000000000e-07	-1.459089181251e-09	-2.701083356839e-10	-8.343143567753e-10
6.274000000000e-07	-2.439589640272e-09	-5.359720935613e-10	-1.286655290807e-09
6.276000000000e-07	-3.587140898301e-09	-7.272616135506e-10	-1.964116996366e-09
6.278000000000e-07	-1.008271221332e-08	-2.034670842521e-09	-5.493342037339e-09
6.280000000000e-07	-1.587931302903e-08	-3.249987861429e-09	-8.647659563489e-09
6.282000000000e-07	-1.051699293254e-08	-2.051052053262e-09	-5.915900732844e-09
6.284000000000e-07	-7.993136212715e-09	-1.631333359485e-09	-4.439687024286e-09
6.286000000000e-07	-6.657860611406e-09	-1.364944509867e-09	-3.710436553817e-09
6.288000000000e-07	-5.610840044477e-09	-1.125031626147e-09	-3.174297814933e-09
6.290000000000e-07	-4.704795021077e-09	-1.055538070895e-09	-2.538078663886e-09
6.292000000000e-07	-4.159644537656e-09	-7.251462295813e-10	-2.510521231837e-09
6.294000000000e-07	-3.480575208791e-09	-6.568148209725e-10	-2.047199950249e-09
6.296000000000e-07	-3.205157179515e-09	-7.687313639877e-10	-1.693102950816e-09
6.298000000000e-07	-2.797173234336e-09	-4.987221377799e-10	-1.694494441250e-09
6.300000000000e-07	-2.554086393341e-09	-6.177660838769e-10	-1.351818284098e-09
6.302000000000e-07	-2.169933118074e-09	-3.569740376695e-10	-1.362300453978e-09
6.304000000000e-07	-1.823186685013e-09	-4.376753483266e-10	-9.812505758658e-10
6.306000000000e-07	-1.660859416457e-09	-4.434503556352e-10	-8.444388399108e-10
6.308000000000e-07	-1.719537033883e-09	-3.587068084967e-10	-9.965068927418e-10
6.310000000000e-07	-1.340322178823e-09	-2.809124010977e-10	-7.810153071397e-10
6.312000000000e-07	-1.138913308010e-09	-2.586787153809e-10	-6.480648695884e-10
6.314000000000e-07	-1.179384804778e-09	-2.258779510956e-10	-7.189441623364e-10
6.316000000000e-07	-9.789872239334e-10	-1.735670961743e-10	-6.201988914462e-10
6.318000000000e-07	-8.681870285527e-10	-2.685223312262e-10	-4.126713719651e-10
6.320000000000e-07	-9.110609048224e-10	-9.235930844876e-11	-6.660683193653e-10
6.322000000000e-07	-5.991067928853e-10	-1.430918705478e-10	-3.436244752708e-10
6.324000000000e-07	-7.876707608099e-10	-1.144645454469e-10	-5.381910441603e-10
6.326000000000e-07	-5.538405955832e-10	-1.982759947804e-10	-2.396988902230e-10
6.328000000000e-07	-6.196805331502e-10	-1.510250110548e-10	-3.497753420505e-10
6.330000000000e-07	-5.010807194100e-10	-1.663074114573e-10	-2.321356545772e-10
6.332000000000e-07	-5.090330620349e-10	-1.750055169761e-10	-2.393563703047e-10
6.334000000000e-07	-4.362952751664e-10	-1.391143577662e-10	-2.148868261759e-10
6.336000000000e-07	-1.871221119025e-10	-3.278514614779e-11	-1.376243172713e-10
6.338000000000e-07	-2.876091120538e-10	3.638106434051e-11	-3.109231057794e-10
6.340000000000e-07	-3.212621438994e-10	-1.134278618712e-10	-1.503370913340e-10
6.342000000000e-07	-3.574652302894e-10	-5.455218969386e-11	-2.511449797431e-10
6.344000000000e-07	-1.505063323253e-10	-4.328563280945e-11	-9.687908245380e-11
6.346000000000e-07	-2.252479350938e-10	-9.693022190621e-11	-9.123477968320e-11
6.348000000000e-07	-4.110100336760e-11	-3.303713903763e-11	-1.518955412644e-11
6.350000000000e-07	-2.085573113385e-10	-6.444157528655e-11	-1.165152999519e-10
6.352000000000e-07	-4.958036544073e-11	-3.168206328341e-11	-2.515607375216e-11
6.354000000000e-07	-6.520905173360e-11	4.340819578180e-11	-1.309941626333e-10
6.356000000000e-07	3.394532334719e-11	4.431225168811e-11	-4.734905370269e-11
6.358000000000e-07	-1.535257222513e-10	-2.433369575123e-11	-1.228677216584e-10
6.360000000000e-07	-7.098964438008e-11	2.811078677519e-11	-1.145730675905e-10
6.362000000000e-07	-1.913051693026e-11	-4.772576503844e-11	1.630463814558e-11
6.364000000000e-07	-8.618827940646e-11	-5.976937104999e-11	-2.116686592088e-11
6.366000000000e-07	2.609156617323e-11	-2.865948295974e-11	3.873012378482e-11
6.368000000000e-07	-4.452301697578e-11	-6.552845585510e-12	-5.354027245678e-11
6.370000000000e-07	5.989329461249e-11	2.732838296690e-11	-4.556713036613e-12
6.372000000000e-07	6.843252529021e-11	-1.032686130764e-10	1.650010826479e-10
6.374000000000e-07	1.335360648471e-10	8.463947819722e-11	-1.148010323312e-11
6.376000000000e-07	8.714678174541e-11	7.285113465588e-11	-3.826512707047e-11
6.378000000000e-07	6.513272764657e-11	3.785527983021e-11	-1.522879100701e-11
6.380000000000e-07	1.292291904487e-10	4.024218721775e-11	3.981346960297e-11
6.382000000000e-07	-1.159120609689e-11	-1.768351619988e-12	-3.209335145575e-11
6.384000000000e-07	1.287946763410e-10	4.223466916931e-11	3.829582060943e-11
6.386000000000e-07	1.185630297616e-10	5.026561583548e-11	1.803339372961e-11
6.388000000000e-07	7.715500208766e-11	-5.905528121441e-11	1.186938555869e-10
6.390000000000e-07	1.800167960127e-10	9.994536185624e-11	8.298890426849e-12
6.392000000000e-07	1.826855303897e-10	1.013313211197e-11	1.127303706578e-10
6.394000000000e-07	1.876592685155e-10	8.224978673461e-11	3.446224342062e-11
6.396000000000e-07	8.891863464025e-11	4.756820524900e-11	5.427692789309e-12
6.398000000000e-07	4.505295729670e-11	-7.060411419727e-11	1.085635740124e-10
6.400000000000e-07	2.696141637654e-10	1.202808178843e-10	5.829309842153e-11
6.402000000000e-07	1.442956062258e-10	7.875036695919e-11	2.012257694239e-11
6.404000000000e-07	1.900647298878e-10	7.944868447569e-11	4.425998790141e-11
6.406000000000e-07	2.270280884103e-10	6.340930827855e-11	9.522072019752e-11
6.408000000000e-07	1.554508177182e-10	5.014477483402e-11	4.939013009375e-11
6.410000000000e-07	2.854584806845e-10	6.091835409455e-11	1.511222664643e-10
6.412000000000e-07	1.219385843539e-10	3.630471822416e-11	3.961706625661e-11
6.414000000000e-07	2.849930129877e-10	5.363730163931e-11	1.600237658226e-10
6.416000000000e-07	1.548868420972e-10	6.528590676047e-11	3.036149537411e-11
6.418000000000e-07	1.905826438755e-10	1.016374575209e-11	1.264168538002e-10
6.420000000000e-07	2.499968367982e-10	5.946341610200e-11	1.205097217922e-10
6.422000000000e-07	2.084646401821e-10	4.769834969141e-11	9.261939018255e-11
6.424000000000e-07	2.383591177216e-10	1.277053006140e-11	1.674866999946e-10
6.426000000000e-07	1.480220697963e-10	-1.853144924239e-14	1.098740780433e-10
6.428000000000e-07	2.539207212227e-10	8.316651885651e-11	8.938699102854e-11
6.430000000000e-07	3.062522855971e-10	2.604874345191e-11	2.120730114450e-10
6.432000000000e-07	2.000825529333e-10	5.175023046453e-11	7.593609660439e-11
6.434000000000e-07	2.236301980542e-10	9.693325526206e-11	5.383615634399e-11
6.436000000000e-07	2.461467434002e-10	6.669843109558e-11	1.137101493484e-10
6.438000000000e-07	2.686907733557e-10	3.724299349700e-11	1.613459315077e-10
6.440000000000e-07	2.855161453582e-10	8.084617453326e-11	1.637102637187e-10
6.442000000000e-07	2.927309511958e-10	5.514633428498e-11	1.591543718163e-10
6.444000000000e-07	2.574002661539e-10	9.072911550675e-11	1.221703778515e-10
6.446000000000e-07	1.953241246989e-10	3.928776319119e-11	9.642892147758e-11
6.448000000000e-07	2.236575075293e-10	3.984980116091e-11	1.181793989735e-10
6.450000000000e-07	2.445430615318e-10	6.156998510000e-11	1.109739683346e-10
6.452000000000e-07	2.953307587209e-10	7.030452259817e-11	1.521228734568e-10
6.454000000000e-07	2.602966084906e-10	5.630121918561e-11	1.383105961321e-10
6.456000000000e-07	2.868499483803e-10	6.122378564461e-11	1.536076437139e-10
6.458000000000e-07	2.033810716904e-10	3.711127700592e-11	1.072952768743e-10
6.460000000000e-07	2.884885396205e-10	5.661876899622e-11	1.669622707448e-10
6.462000000000e-07	2.849695352921e-10	6.650313090159e-11	1.460388319099e-10
6.464000000000e-07	2.938956466185e-10	3.049563758327e-11	1.968169078748e-10
6.466000000000e-07	2.652630135607e-10	1.730588379475e-11	1.908276799529e-10
6.468000000000e-07	3.025949874480e-10	8.143041501443e-11	1.411194659978e-10
6.470000000000e-07	2.272099095640e-10	4.211822568906e-11	1.268553561541e-10
6.472000000000e-07	3.268350853590e-10	1.046968781087e-10	1.381773643249e-10
6.474000000000e-07	2.530551929177e-10	1.732672575239e-11	1.802018024106e-10
6.476000000000e-07	3.298953351284e-10	9.380481694787e-11	1.540693460882e-10
6.478000000000e-07	2.190213144738e-10	2.249605491236e-11	1.412060631345e-10
6.480000000000e-07	2.211561163103e-10	4.013643855910e-11	1.185539374698e-10
6.482000000000e-07	1.880524083988e-10	-2.514279406254e-11	1.751910910030e-10
6.484000000000e-07	2.580862783977e-10	5.348365653025e-11	1.427573429239e-10
6.486000000000e-07	2.563817348642e-10	6.256032009185e-11	1.242618891226e-10
6.488000000000e-07	2.892292188350e-10	6.000763635642e-11	1.578753952453e-10
6.490000000000e-07	2.819625915712e-10	9.645646276118e-11	1.104917525807e-10
6.492000000000e-07	2.106504917441e-10	6.769638095856e-11	7.718833036861e-11
6.494000000000e-07	2.480978562514e-10	5.297344093397e-11	1.278871229497e-10
6.496000000000e-07	3.150207735095e-10	7.550517841284e-11	1.623003438151e-10
6.498000000000e-07	2.603863462032e-10	6.377200136816e-11	1.300865317323e-10
6.500000000000e-07	2.279745915520e-10	1.706493116690e-11	1.586831231628e-10
6.502000000000e-07	2.929431249306e-10	1.101522406588e-10	1.005259720939e-10
6.504000000000e-07	2.878178242609e-10	5.513641640532e-11	1.622524687425e-10
6.506000000000e-07	2.369591252514e-10	1.386610766731e-11	1.684700873212e-10
6.508000000000e-07	2.801236897525e-10	6.621681659268e-11	1.450957714687e-10
6.510000000000e-07	3.160436197217e-10	1.020462068305e-10	1.289648929930e-10
6.512000000000e-07	3.286168208497e-10	1.471898054632e-10	8.864151778622e-11
6.514000000000e-07	3.158506901356e-10	5.684483645389e-11	1.897859690931e-10
6.516000000000e-07	2.330387934623e-10	-1.794720091623e-11	2.074024677352e-10
6.518000000000e-07	3.363566217941e-10	6.413293333462e-11	1.953533591615e-10
6.520000000000e-07	2.948309375361e-10	6.013406510826e-11	1.640044162332e-10
6.522000000000e-07	2.852557568323e-10	5.920539137703e-11	1.622578042476e-10
6.524000000000e-07	2.441290894074e-10	-2.667769430951e-12	1.926421700575e-10
6.526000000000e-07	2.133946882195e-10	3.592166923614e-11	1.243280547714e-10
6.528000000000e-07	2.636826049877e-10	9.206805833919e-11	9.668526824719e-11
6.530000000000e-07	2.708700475217e-10	4.579251770588e-11	1.616780494835e-10
6.532000000000e-07	2.635849246232e-10	2.823113723994e-11	1.817439671940e-10
6.534000000000e-07	3.241039188964e-10	7.383738711157e-11	1.789556565350e-10
6.536000000000e-07	3.144773399956e-10	7.570026557250e-11	1.657915298675e-10
6.538000000000e-07	2.300047087126e-10	7.620801721288e-11	8.678459372504e-11
6.540000000000e-07	2.277751352382e-10	4.085038061874e-11	1.316170430136e-10
6.542000000000e-07	2.903392571399e-10	7.031119068156e-11	1.548780389103e-10
6.544000000000e-07	2.283470484732e-10	4.117075976521e-11	1.307209388928e-10
6.546000000000e-07	2.049488044875e-10	3.788874887163e-11	1.130360549757e-10
6.548000000000e-07	3.010610453434e-10	7.916175536183e-11	1.516886818176e-10
6.550000000000e-07	2.936194667302e-10	2.331197507818e-11	2.127402710871e-10
6.552000000000e-07	2.501961644609e-10	6.113631245701e-11	1.270103721031e-10
6.554000000000e-07	2.521775506899e-10	4.156940628122e-11	1.522101159375e-10
6.556000000000e-07	2.675632894183e-10	6.497741712895e-11	1.373671441873e-10
6.558000000000e-07	2.595654532807e-10	3.402239133905e-11	1.713931024557e-10
6.560000000000e-07	2.096098266366e-10	7.946839291796e-11	7.048347114361e-11
6.562000000000e-07	2.762616181482e-10	3.612291710768e-11	1.817726934231e-10
6.564000000000e-07	3.025510315210e-10	5.943410409625e-11	1.825621986365e-10
6.566000000000e-07	2.497911681041e-10	4.958107510761e-11	1.411797486438e-10
6.568000000000e-07	2.400610614539e-10	3.217513361130e-11	1.568060569452e-10
6.570000000000e-07	2.675263575964e-10	1.337591341936e-10	5.515500168549e-11
6.572000000000e-07	3.103404299739e-10	5.966030991998e-11	1.860036752074e-10
6.574000000000e-07	2.357072988406e-10	1.621659919948e-11	1.706119839933e-10
6.576000000000e-07	2.561023529580e-10	5.758030130099e-11	1.359683739345e-10
6.578000000000e-07	2.629670951622e-10	4.793170676406e-11	1.551177231549e-10
6.580000000000e-07	2.403486460093e-10	5.245621418335e-11	1.274203976369e-10
6.582000000000e-07	1.789021999038e-10	4.702483662156e-11	7.888050865552e-11
6.584000000000e-07	2.748772608801e-10	6.933397328471e-11	1.410650164553e-10
6.586000000000e-07	2.288010685996e-10	7.652882782774e-13	1.824413303592e-10
6.588000000000e-07	3.175363474801e-10	9.887197555295e-11	1.451293424825e-10
6.590000000000e-07	2.459698607454e-10	4.097633615081e-11	1.506093929249e-10
6.592000000000e-07	2.895742982898e-10	8.408432308960e-11	1.325361731423e-10
6.594000000000e-07	2.391501896501e-10	4.341097151832e-11	1.444560195115e-10
6.596000000000e-07	2.782294477082e-10	6.728414304746e-11	1.493564797125e-10
6.598000000000e-07	2.435384249127e-10	5.485419305500e-11	1.389048239492e-10
6.600000000000e-07	2.828816308826e-10	9.033337027960e-11	1.265927378339e-10
6.602000000000e-07	2.949604588411e-10	8.595482381060e-11	1.381058055780e-10
6.604000000000e-07	2.675817468577e-10	1.200308712401e-11	1.963526380232e-10
6.606000000000e-07	2.631443407671e-10	7.078753478891e-11	1.310259615279e-10
6.608000000000e-07	2.509714217007e-10	5.822226904825e-11	1.386875529575e-10
6.610000000000e-07	2.587669842770e-10	4.980375056651e-11	1.513388402134e-10
6.612000000000e-07	2.379405523302e-10	9.193486951895e-11	7.436233635423e-11
6.614000000000e-07	2.156099343778e-10	4.020910447647e-11	1.292049777758e-10
6.616000000000e-07	2.704852439318e-10	4.276213522433e-11	1.639116496238e-10
6.618000000000e-07	2.561584669519e-10	5.973913304482e-11	1.334598496254e-10
6.620000000000e-07	2.342580976192e-10	5.198987372432e-11	1.250491522871e-10
6.622000000000e-07	2.750636750361e-10	8.750573310037e-11	1.217459643413e-10
6.624000000000e-07	2.424420371060e-10	3.419874401669e-11	1.500168137250e-10
6.626000000000e-07	2.787618978774e-10	6.377636227390e-11	1.594128412277e-10
6.628000000000e-07	2.293240831155e-10	7.996991283416e-11	9.071658271152e-11
6.630000000000e-07	2.311513441618e-10	3.823613917592e-11	1.412512448251e-10
6.632000000000e-07	2.623270166762e-10	5.969380700693e-11	1.392964547253e-10
6.634000000000e-07	2.579145650910e-10	6.964952085527e-11	1.163160705349e-10
6.636000000000e-07	2.681349802549e-10	5.598194191396e-11	1.495959443806e-10
6.638000000000e-07	2.561107796866e-10	3.895957428295e-11	1.627252149499e-10
6.640000000000e-07	2.380152308044e-10	6.581147118185e-11	1.165738112897e-10
6.642000000000e-07	2.261751895061e-10	5.126084406338e-11	1.172092592634e-10
6.644000000000e-07	2.223701820355e-10	6.993790936128e-11	9.654618583605e-11
6.646000000000e-07	2.619373600016e-10	5.995109208531e-11	1.483766576214e-10
6.648000000000e-07	2.450118721286e-10	6.434985264528e-11	1.197931019326e-10
6.650000000000e-07	2.475500448470e-10	5.056553240890e-11	1.431837250722e-10
6.652000000000e-07	1.842878007221e-10	4.093842067129e-11	9.854307513588e-11
6.654000000000e-07	2.397884719758e-10	7.081374672394e-11	1.043840954653e-10
6.656000000000e-07	2.707041927591e-10	6.389111540103e-11	1.516696043363e-10
6.658000000000e-07	2.347067428879e-10	5.352944375165e-11	1.356688328961e-10
6.660000000000e-07	2.201432600590e-10	6.046377749023e-11	1.070353806222e-10
6.662000000000e-07	2.216714913794e-10	5.031129615312e-11	1.227603426566e-10
6.664000000000e-07	2.589042972312e-10	3.147794374185e-11	1.804936998622e-10
6.666000000000e-07	2.566443504433e-10	6.366965500073e-11	1.411589418922e-10
6.668000000000e-07	1.820479771768e-10	-2.275436967482e-12	1.480805369604e-10
6.670000000000e-07	2.505763505476e-10	2.181787507544e-11	1.841708909549e-10
6.672000000000e-07	2.132644235169e-10	4.643072753326e-11	1.151529819221e-10
6.674000000000e-07	2.410266313551e-10	6.133201760621e-11	1.254552492771e-10
6.676000000000e-07	2.222777430506e-10	3.901224907014e-11	1.287282165531e-10
6.678000000000e-07	2.279741192737e-10	5.748352459974e-11	1.187879126333e-10
6.680000000000e-07	2.602551221282e-10	5.723238241710e-11	1.444128088350e-10
6.682000000000e-07	2.383029072850e-10	6.045334404750e-11	1.237312647023e-10
6.684000000000e-07	2.056085585593e-10	3.502031783345e-11	1.310992838273e-10
6.686000000000e-07	1.873492704876e-10	1.323240189488e-11	1.364835540237e-10
6.688000000000e-07	2.373954530310e-10	4.964134978392e-11	1.383728934550e-10
6.690000000000e-07	2.490306518420e-10	4.009432290022e-11	1.676362757813e-10
6.692000000000e-07	2.205126585262e-10	3.312284154610e-11	1.470776940454e-10
6.694000000000e-07	2.032147234121e-10	1.456835135133e-11	1.500460655630e-10
6.696000000000e-07	2.184680005213e-10	6.376416350883e-11	9.683287909078e-11
6.698000000000e-07	2.461322408411e-10	5.448098831764e-11	1.392259219114e-10
6.700000000000e-07	2.194445136897e-10	6.513840916813e-11	9.880891441623e-11
6.702000000000e-07	2.342897935847e-10	4.766728451906e-11	1.381723056680e-10
6.704000000000e-07	2.343509316121e-10	6.791197977806e-11	1.048901300763e-10
6.706000000000e-07	2.705657723021e-10	6.985174138425e-11	1.507314276738e-10
6.708000000000e-07	2.186128464655e-10	6.397025381157e-11	9.929863010823e-11
6.710000000000e-07	2.449208326051e-10	6.894201742242e-11	1.184187877788e-10
6.712000000000e-07	2.140127527560e-10	2.160394966557e-11	1.609698791745e-10
6.714000000000e-07	2.256303658799e-10	5.062843713987e-11	1.327634001835e-10
6.716000000000e-07	2.098608736401e-10	4.954117889650e-11	1.065172323458e-10
6.718000000000e-07	2.141423675171e-10	6.316084727472e-11	9.218982960134e-11
6.720000000000e-07	2.349883006557e-10	4.092013718956e-11	1.464720690868e-10
6.722000000000e-07	2.025324849674e-10	4.240353710393e-11	1.126367233987e-10
6.724000000000e-07	2.005306931114e-10	5.585853369578e-11	9.839489921191e-11
6.726000000000e-07	1.977591718371e-10	1.294223698954e-11	1.507667080714e-10
6.728000000000e-07	2.178955738283e-10	5.577763749334e-11	1.093068071585e-10
6.730000000000e-07	2.516562139957e-10	7.950968125317e-11	1.187977429796e-10
6.732000000000e-07	2.179903737716e-10	4.148115439089e-11	1.325383963129e-10
6.734000000000e-07	2.343283774704e-10	5.908210272821e-11	1.272126897917e-10
6.736000000000e-07	2.190216402749e-10	2.881206667578e-11	1.438392618322e-10
6.738000000000e-07	2.002957141199e-10	3.340948224697e-11	1.295474975595e-10
6.740000000000e-07	2.067965131492e-10	4.712973283149e-11	1.161025838961e-10
6.742000000000e-07	2.269343182761e-10	4.968037263304e-11	1.419841110973e-10
6.744000000000e-07	2.046656980462e-10	3.967783387753e-11	1.204011358626e-10
6.746000000000e-07	2.142275459275e-10	7.136804163981e-11	8.931217588883e-11
6.748000000000e-07	2.090999217081e-10	5.293723752855e-11	1.039482503128e-10
6.750000000000e-07	2.008370238889e-10	1.316062885741e-11	1.493636504849e-10
6.752000000000e-07	2.020198797661e-10	2.751347565623e-11	1.406255157245e-10
6.754000000000e-07	1.952887878081e-10	4.947398036042e-11	9.792004004763e-11
6.756000000000e-07	2.278585659922e-10	2.033593420201e-11	1.638099285547e-10
6.758000000000e-07	1.957578779884e-10	7.773559928852e-11	6.718856388534e-11
6.760000000000e-07	2.299190454565e-10	3.428404597018e-11	1.556518331691e-10
6.762000000000e-07	1.934766457187e-10	4.476773581201e-11	1.032368837713e-10
6.764000000000e-07	1.813581572609e-10	3.535102564548e-11	1.090766617853e-10
6.766000000000e-07	2.285390696829e-10	6.315094876261e-11	1.152182252742e-10
6.768000000000e-07	2.059155549260e-10	6.338233568768e-11	9.186579488456e-11
6.770000000000e-07	1.919569589872e-10	3.997033729178e-11	1.064019768414e-10
6.772000000000e-07	1.984343365301e-10	2.656314579142e-11	1.280266863650e-10
6.774000000000e-07	2.224296632829e-10	4.780336774436e-11	1.278269784092e-10
6.776000000000e-07	2.208471707992e-10	5.921077014787e-11	1.153991502651e-10
6.778000000000e-07	2.117652942503e-10	4.373392472476e-11	1.302929448557e-10
6.780000000000e-07	1.947149176100e-10	6.638946213736e-11	7.796702366314e-11
6.782000000000e-07	2.156991887867e-10	6.774932946697e-11	1.037722906824e-10
6.784000000000e-07	1.860638006740e-10	4.303779966966e-11	9.841264657805e-11
6.786000000000e-07	2.023357288181e-10	3.908151925026e-11	1.025446589956e-10
6.788000000000e-07	1.721955665016e-10	6.159315988132e-11	6.214968414515e-11
6.790000000000e-07	2.604749402321e-10	6.569019972054e-11	1.487705452831e-10
6.792000000000e-07	1.608173804369e-10	1.486049803368e-11	1.107808576871e-10
6.794000000000e-07	2.172336769000e-10	4.037360654272e-11	1.471923787813e-10
6.796000000000e-07	1.693579997309e-10	3.867672855637e-11	9.087066822852e-11
6.798000000000e-07	1.958061735123e-10	2.800988826681e-11	1.301985113844e-10
6.800000000000e-07	1.745526557995e-10	2.400446832646e-11	1.181341719193e-10
6.802000000000e-07	1.771580047897e-10	2.753321128054e-11	1.271712938471e-10
6.804000000000e-07	1.800930978175e-10	1.447841147506e-11	1.353408889697e-10
6.806000000000e-07	1.992085459780e-10	6.815864703635e-11	7.878718549957e-11
6.808000000000e-07	2.161646071008e-10	6.100151878910e-11	1.004631556935e-10
6.810000000000e-07	1.779524997162e-10	2.887240752993e-11	1.134352574108e-10
6.812000000000e-07	1.766030389258e-10	3.556149859909e-11	1.001652723879e-10
6.814000000000e-07	2.022375128596e-10	3.628668777243e-11	1.289578900713e-10
6.816000000000e-07	2.200243757947e-10	4.816080800442e-11	1.231781174027e-10
6.818000000000e-07	1.797798719341e-10	2.561981841103e-11	1.164388963699e-10
6.820000000000e-07	1.571293385722e-10	3.341017446806e-11	8.986222752437e-11
6.822000000000e-07	1.832712366213e-10	5.376790133319e-11	8.044206506542e-11
6.824000000000e-07	1.784839310167e-10	4.154460018254e-11	9.946154687871e-11
6.826000000000e-07	2.180684461828e-10	6.283701700353e-11	1.182905988898e-10
6.828000000000e-07	2.152148605730e-10	6.312478993195e-11	9.964296487514e-11
6.830000000000e-07	1.794487914288e-10	5.869862927604e-11	7.490201600221e-11
6.832000000000e-07	1.825945815533e-10	3.931544477474e-11	1.061044605882e-10
6.834000000000e-07	1.710378817976e-10	3.970000657341e-11	9.118618254996e-11
6.836000000000e-07	2.083372293252e-10	4.184098693763e-11	1.325964587473e-10
6.838000000000e-07	1.944633942329e-10	3.991293373076e-11	1.213867575070e-10
6.840000000000e-07	1.990149968819e-10	4.849997761122e-11	1.059644615523e-10
6.842000000000e-07	1.909494415779e-10	5.771999536819e-11	8.799940435476e-11
6.844000000000e-07	1.850696432516e-10	4.475072686553e-11	1.039220551251e-10
6.846000000000e-07	2.065613464351e-10	4.604337787916e-11	1.237205858878e-10
6.848000000000e-07	1.568288374756e-10	8.331530723731e-12	1.255548675922e-10
6.850000000000e-07	1.984210515477e-10	3.598294806240e-11	1.247092772840e-10
6.852000000000e-07	1.634744024526e-10	4.505692324627e-11	8.059152852474e-11
6.854000000000e-07	1.538441604394e-10	3.582967382100e-11	7.954876989468e-11
6.856000000000e-07	1.709236794983e-10	2.031883788753e-11	1.197422789496e-10
6.858000000000e-07	1.422887587403e-10	2.130300564529e-11	8.887906846085e-11
6.860000000000e-07	2.154967690220e-10	6.229240259384e-11	1.110013057978e-10
6.862000000000e-07	2.057307905741e-10	4.094679269656e-11	1.335277055831e-10
6.864000000000e-07	1.696304771647e-10	3.338529907248e-11	9.468818155616e-11
6.866000000000e-07	1.755334393998e-10	3.887293034575e-11	9.634858517471e-11
6.868000000000e-07	1.724058270417e-10	3.501612083300e-11	9.493661629074e-11
6.870000000000e-07	1.575914798542e-10	3.511712224249e-11	8.547246299779e-11
6.872000000000e-07	1.896207824160e-10	3.859507202752e-11	1.098098298301e-10
6.874000000000e-07	1.861999502817e-10	5.021024225810e-11	9.701637422997e-11
6.876000000000e-07	1.543455137211e-10	4.229088560073e-11	8.003545923313e-11
6.878000000000e-07	1.884484096178e-10	4.553374176083e-11	1.035889616116e-10
6.880000000000e-07	1.425751810158e-10	3.054888804749e-11	7.624083915015e-11
6.882000000000e-07	1.764495428928e-10	3.789972748713e-11	1.030095875769e-10
6.884000000000e-07	1.770612041950e-10	2.051403786199e-11	1.220888320230e-10
6.886000000000e-07	1.537758976460e-10	2.997239004678e-11	9.560772391221e-11
6.888000000000e-07	1.465181766729e-10	9.793486935715e-12	1.111845023750e-10
6.890000000000e-07	1.948591498484e-10	4.086724488743e-11	1.114217639714e-10
6.892000000000e-07	1.864996710792e-10	6.074825003120e-11	8.438057935658e-11
6.894000000000e-07	1.565751918706e-10	3.633107246274e-11	8.896424838045e-11
6.896000000000e-07	1.777245661917e-10	3.339350135627e-11	1.078484539731e-10
6.898000000000e-07	1.579700480680e-10	4.089811724560e-11	7.860033287702e-11
6.900000000000e-07	1.303648549061e-10	3.333459897687e-11	6.162412891736e-11
6.902000000000e-07	1.904319836452e-10	4.028376604805e-11	1.147461758940e-10
6.904000000000e-07	1.715699193868e-10	2.234065031067e-11	1.245677374756e-10
6.906000000000e-07	1.846470531894e-10	7.420866992041e-11	6.766929542098e-11
6.908000000000e-07	1.686155540473e-10	4.219718279653e-11	9.549558426534e-11
6.910000000000e-07	1.629669776722e-10	3.044928405423e-11	1.056327736454e-10
6.912000000000e-07	1.641852545410e-10	1.674510073498e-11	1.152594311600e-10
6.914000000000e-07	1.329213829155e-10	1.854652817737e-11	8.321873466814e-11
6.916000000000e-07	1.521767530273e-10	3.907786000893e-11	8.404095692626e-11
6.918000000000e-07	1.836275079368e-10	3.886667584867e-11	1.143001772008e-10
6.920000000000e-07	1.561598263801e-10	3.320919331537e-11	8.958700612856e-11
6.922000000000e-07	1.639558410646e-10	1.977986947565e-11	1.114625537983e-10
6.924000000000e-07	1.632217701522e-10	5.307745606287e-11	7.373704501213e-11
6.926000000000e-07	1.504523765742e-10	2.167549658486e-11	9.354253506932e-11
6.928000000000e-07	1.570591009617e-10	3.382266810670e-11	9.505940786562e-11
6.930000000000e-07	1.426898397380e-10	4.019242053639e-11	6.365435768205e-11
6.932000000000e-07	1.674755168543e-10	3.223088402640e-11	1.064724856160e-10
6.934000000000e-07	1.600198598858e-10	3.927416812953e-11	8.682426575616e-11
6.936000000000e-07	1.750229267993e-10	5.418382829284e-11	9.499138721981e-11
6.938000000000e-07	1.501301059164e-10	4.001636309287e-11	8.250972242546e-11
6.940000000000e-07	1.720694601372e-10	5.185973048528e-11	9.325350752354e-11
6.942000000000e-07	1.558008894886e-10	2.461734761228e-11	1.043058480145e-10
6.944000000000e-07	1.603294789957e-10	5.350117147407e-11	6.888876362636e-11
6.946000000000e-07	1.424958576029e-10	3.063922120528e-11	8.484120307708e-11
6.948000000000e-07	1.500222759963e-10	1.697706405702e-11	1.050123779885e-10
6.950000000000e-07	1.616309371329e-10	4.342644094436e-11	8.596246545431e-11
6.952000000000e-07	1.617440527841e-10	2.652011379082e-11	1.037942559653e-10
6.954000000000e-07	1.444051563002e-10	1.948884556025e-11	9.418188091145e-11
6.956000000000e-07	1.404239432699e-10	1.212375826762e-11	1.039549899673e-10
6.958000000000e-07	1.326499201846e-10	3.096369945894e-11	6.694671743346e-11
6.960000000000e-07	1.624858165540e-10	4.925430494329e-11	7.904486519367e-11
6.962000000000e-07	1.645617015239e-10	3.169965298195e-11	1.113761158853e-10
6.964000000000e-07	1.763921707318e-10	3.464598509137e-11	1.129838770696e-10
6.966000000000e-07	1.401719340410e-10	3.948052980396e-11	6.715597296376e-11
6.968000000000e-07	1.621026203198e-10	3.561765002987e-11	9.552138541387e-11
6.970000000000e-07	1.425618975307e-10	1.632742158367e-11	1.041324750531e-10
6.972000000000e-07	1.668207913715e-10	4.925393675793e-11	9.018210498930e-11
6.974000000000e-07	1.449931499788e-10	4.485478495714e-11	6.820406918560e-11
6.976000000000e-07	1.248553111878e-10	2.783384347782e-11	7.145274585437e-11
6.978000000000e-07	1.713811817419e-10	4.201101379335e-11	1.003954071311e-10
6.980000000000e-07	1.472509291362e-10	1.278316277604e-11	1.124002707149e-10
6.982000000000e-07	1.358433176863e-10	3.185598688977e-11	7.142853457874e-11
6.984000000000e-07	1.289341009233e-10	1.352141765741e-11	9.055626730550e-11
6.986000000000e-07	1.489523457738e-10	3.965415440804e-11	7.339207561546e-11
6.988000000000e-07	1.443110688052e-10	4.217081246455e-11	7.309804484947e-11
6.990000000000e-07	1.377141036589e-10	2.410389305729e-11	8.682211164311e-11
6.992000000000e-07	1.346928746969e-10	3.089478315068e-11	7.767142765346e-11
6.994000000000e-07	1.343034704231e-10	2.793410432656e-11	7.602879672191e-11
6.996000000000e-07	1.357068628923e-10	1.531458081618e-11	9.515992536566e-11
6.998000000000e-07	1.485300198016e-10	2.827588288330e-11	8.706136880549e-11
7.000000000000e-07	1.403178850918e-10	3.514976744269e-11	8.357099437568e-11
7.002000000000e-07	1.664790306277e-10	3.580038846819e-11	9.422367552442e-11
7.004000000000e-07	1.471166876869e-10	4.453655517054e-11	6.683957214838e-11
7.006000000000e-07	1.352362744508e-10	2.957151484347e-11	7.693876111415e-11
7.008000000000e-07	1.359638008513e-10	3.054128560386e-11	7.437963663978e-11
7.010000000000e-07	1.554614665076e-10	1.240302270932e-11	1.184739732596e-10
7.012000000000e-07	1.576796527223e-10	4.524385947450e-11	7.547822141449e-11
7.014000000000e-07	1.283248918424e-10	1.689198535605e-11	9.208575933065e-11
7.016000000000e-07	1.144738661164e-10	2.253423712018e-11	6.747319251433e-11
7.018000000000e-07	1.464896385434e-10	2.528214089166e-11	9.065124254324e-11
7.020000000000e-07	1.279612519486e-10	3.638672804320e-11	6.430496105410e-11
7.022000000000e-07	1.488912948091e-10	6.710046736764e-11	4.816270432911e-11
7.024000000000e-07	1.436499227144e-10	2.137746168989e-11	9.739749749250e-11
7.026000000000e-07	1.227794705612e-10	1.875213263978e-11	7.986897145300e-11
7.028000000000e-07	1.172552008621e-10	3.831410675079e-11	4.047939724245e-11
7.030000000000e-07	1.229500975575e-10	3.575264449637e-11	5.577601082999e-11
7.032000000000e-07	1.441599911583e-10	2.448928984220e-11	9.080800255264e-11
7.034000000000e-07	1.524424750176e-10	4.494392352850e-11	8.247963694791e-11
7.036000000000e-07	1.294009557170e-10	3.040458947812e-11	7.634920140135e-11
7.038000000000e-07	1.195974285752e-10	1.843309888497e-11	7.960488725596e-11
7.040000000000e-07	1.340455879657e-10	3.083423322048e-11	8.579462488053e-11
7.042000000000e-07	1.362685724952e-10	4.284884855474e-11	6.322271636944e-11
7.044000000000e-07	1.416513392351e-10	3.858375671462e-11	8.285721328526e-11
7.046000000000e-07	1.209736389866e-10	2.208103877483e-11	7.246518410310e-11
7.048000000000e-07	1.269979407830e-10	1.143888310988e-11	9.072391530921e-11
7.050000000000e-07	1.033272268228e-10	1.687216133743e-11	5.871941578379e-11
7.052000000000e-07	1.308926186546e-10	3.203737676159e-11	7.943905857999e-11
7.054000000000e-07	1.375085093287e-10	3.653500683110e-11	7.851560853261e-11
7.056000000000e-07	1.581917668536e-10	3.963864568173e-11	9.222627479662e-11
7.058000000000e-07	1.000361640323e-10	1.430369498421e-11	6.030019983477e-11
7.060000000000e-07	1.302330707576e-10	3.689772262311e-11	7.016340601946e-11
7.062000000000e-07	1.309228153173e-10	2.644600113555e-11	8.173955121110e-11
7.064000000000e-07	1.322823091115e-10	3.167229484100e-11	8.147885866684e-11
7.066000000000e-07	1.018251906198e-10	2.194160764293e-11	5.458194913597e-11
7.068000000000e-07	1.358429088486e-10	6.248634179937e-12	1.046825099615e-10
7.070000000000e-07	1.273381103745e-10	2.892820031699e-11	7.703123508494e-11
7.072000000000e-07	1.469718937231e-10	3.690327118619e-11	7.629833826313e-11
7.074000000000e-07	1.398704647061e-10	4.227224639275e-11	6.036794321666e-11
7.076000000000e-07	1.453712367100e-10	3.493516996890e-11	8.620211149774e-11
7.078000000000e-07	1.174746608458e-10	2.799418076935e-11	6.494571320140e-11
7.080000000000e-07	1.106879742744e-10	2.684711164540e-11	5.829961244174e-11
7.082000000000e-07	1.519424354056e-10	4.844570545272e-11	6.806787880829e-11
7.084000000000e-07	1.204159238903e-10	3.011745914404e-11	7.921612836047e-11
7.086000000000e-07	1.183249685324e-10	1.457409784533e-11	7.969643097084e-11
7.088000000000e-07	1.162269123402e-10	2.129059672194e-11	7.742759386049e-11
7.090000000000e-07	1.077610411299e-10	2.826671645326e-11	5.293123381600e-11
7.092000000000e-07	9.866921888817e-11	-5.035131696921e-12	7.860906457014e-11
7.094000000000e-07	9.494008342739e-11	1.053033738139e-11	5.758470135525e-11
7.096000000000e-07	1.542281247619e-10	5.576692740243e-11	7.200361416621e-11
7.098000000000e-07	1.224069466987e-10	3.053130705053e-11	6.063698712167e-11
7.100000000000e-07	1.339914075378e-10	2.573696980649e-11	9.333315467851e-11
7.102000000000e-07	1.312416964316e-10	4.311821355229e-11	5.722721437101e-11
7.104000000000e-07	1.155039717749e-10	3.456914218516e-11	5.218687183262e-11
7.106000000000e-07	1.129405778990e-10	3.183473196696e-11	5.663711500387e-11
7.108000000000e-07	1.308174643260e-10	3.015277098535e-11	8.655039950082e-11
7.110000000000e-07	1.166656496567e-10	3.793858093514e-11	5.499937979657e-11
7.112000000000e-07	1.311597141009e-10	2.053011529119e-11	8.600092633187e-11
7.114000000000e-07	1.189102706296e-10	2.732829202236e-11	7.122392402599e-11
7.116000000000e-07	1.024117147002e-10	1.689323689452e-12	8.505163466921e-11
7.118000000000e-07	9.605391443878e-11	2.603873774712e-11	5.108696285180e-11
7.120000000000e-07	1.017675057708e-10	3.189512951069e-11	4.482993201100e-11
7.122000000000e-07	8.279628116957e-11	6.369701573302e-12	5.844272681897e-11
7.124000000000e-07	1.226777079833e-10	3.285798312908e-11	6.445116179013e-11
7.126000000000e-07	1.266914966889e-10	1.539070665823e-11	8.287071220553e-11
7.128000000000e-07	1.181950049418e-10	3.880817698885e-11	4.621064725872e-11
7.130000000000e-07	8.952272965981e-11	5.769419835126e-12	6.951842258900e-11
7.132000000000e-07	1.173432618055e-10	3.350178124475e-11	5.499586917902e-11
7.134000000000e-07	1.073792994307e-10	2.122054966426e-11	7.276993111644e-11
7.136000000000e-07	1.124131755644e-10	1.605981765262e-11	8.664692888257e-11
7.138000000000e-07	1.210094752866e-10	1.134933653972e-11	8.658659299158e-11
7.140000000000e-07	1.243178898512e-10	2.445134096910e-11	8.158870214657e-11
7.142000000000e-07	8.928637381590e-11	-1.112980197432e-11	8.515405758310e-11
7.144000000000e-07	1.194893690132e-10	3.001781067189e-11	6.352814033208e-11
7.146000000000e-07	1.259156259336e-10	2.828567766197e-11	7.664737897767e-11
7.148000000000e-07	1.234706775265e-10	3.518926995983e-11	7.230024278268e-11
7.150000000000e-07	1.222684279862e-10	2.322066435595e-11	7.027530881496e-11
7.152000000000e-07	1.123456403505e-10	2.191786922921e-11	6.638595968548e-11
7.154000000000e-07	1.015840581111e-10	2.419351580826e-12	7.421261278483e-11
7.156000000000e-07	1.296762434963e-10	3.472370771663e-11	6.854483390160e-11
7.158000000000e-07	9.735031435461e-11	1.849983490616e-11	6.321408921244e-11
7.160000000000e-07	1.058207685652e-10	1.867251096541e-11	7.212046725616e-11
7.162000000000e-07	1.175967413925e-10	2.747418513569e-11	7.130791217121e-11
7.164000000000e-07	1.214144851658e-10	2.526232945985e-11	6.843538663396e-11
7.166000000000e-07	1.239989349556e-10	5.749225221882e-11	4.182521680800e-11
7.168000000000e-07	1.142268849727e-10	7.388456105342e-12	9.121447464775e-11
7.170000000000e-07	1.188833803465e-10	1.906391037036e-11	8.275569356649e-11
7.172000000000e-07	9.962973277660e-11	1.013048735313e-11	6.651527345443e-11
7.174000000000e-07	1.051987279333e-10	3.593247684617e-11	4.884981150902e-11
7.176000000000e-07	1.111500021414e-10	3.766054867542e-11	5.267053552290e-11
7.178000000000e-07	1.257226057728e-10	4.224932807645e-11	2.083325341715e-11
7.180000000000e-07	7.360740239708e-11	7.928163661838e-13	1.046747633250e-10
7.182000000000e-07	1.007364253957e-10	1.355684058998e-11	6.955329326163e-11
7.184000000000e-07	8.312143476198e-11	1.302276307221e-11	5.476877030287e-11
7.186000000000e-07	1.028922540962e-10	1.554914920780e-11	7.533213094614e-11
7.188000000000e-07	1.029994059182e-10	2.709721984947e-11	6.222632825159e-11
7.190000000000e-07	1.291078805137e-10	6.181316410196e-11	3.880300575496e-11
7.192000000000e-07	9.348855970262e-11	2.706036588916e-12	7.278261091293e-11
7.194000000000e-07	1.083860983292e-10	2.793203338602e-11	5.970588633384e-11
7.196000000000e-07	8.699299742991e-11	7.736655157117e-12	6.313770198278e-11
7.198000000000e-07	1.039587702412e-10	1.030879255480e-11	8.516017151162e-11
7.200000000000e-07	1.085741468531e-10	2.674991481952e-11	5.335696500489e-11
7.202000000000e-07	1.178144213394e-10	3.616327366263e-11	5.835962508096e-11
7.204000000000e-07	9.660877346648e-11	2.009272153167e-11	5.438091062897e-11
7.206000000000e-07	1.132164973330e-10	2.298810239091e-11	7.474075931840e-11
7.208000000000e-07	1.035106387317e-10	2.336898893424e-11	6.166084238062e-11
7.210000000000e-07	9.426298831057e-11	1.784713774262e-11	5.236761974296e-11
7.212000000000e-07	8.336292103069e-11	1.380723171272e-11	5.709957291582e-11
7.214000000000e-07	1.177083878374e-10	3.580945908003e-11	6.260233901252e-11
7.216000000000e-07	1.024544744551e-10	1.944450045538e-11	6.457597190157e-11
7.218000000000e-07	9.322381739868e-11	3.048488536885e-11	4.210712696730e-11
7.220000000000e-07	8.535275461606e-11	1.066567559919e-11	5.701055937313e-11
7.222000000000e-07	9.033242689827e-11	1.448983083644e-11	5.755803424046e-11
7.224000000000e-07	7.545758781477e-11	5.163952432554e-12	6.571655701703e-11
7.226000000000e-07	9.285228387968e-11	1.589557890452e-11	5.997956067522e-11
7.228000000000e-07	8.942321911987e-11	2.592757309382e-11	5.134285122740e-11
