-3.122000000000e-06	0.000000000000e+00	0.000000000000e+00	0.000000000000e+00
-3.121800000000e-06	0.000000000000e+00	0.000000000000e+00	0.000000000000e+00
-3.121600000000e-06	0.000000000000e+00	0.000000000000e+00	0.000000000000e+00
-3.121400000000e-06	0.000000000000e+00	0.000000000000e+00	0.000000000000e+00
-3.121200000000e-06	0.000000000000e+00	0.000000000000e+00	0.000000000000e+00
-3.121000000000e-06	0.000000000000e+00	0.000000000000e+00	0.000000000000e+00
-3.120800000000e-06	0.000000000000e+00	0.000000000000e+00	0.000000000000e+00
-3.120600000000e-06	0.000000000000e+00	0.000000000000e+00	0.000000000000e+00
-3.120400000000e-06	0.000000000000e+00	0.000000000000e+00	0.000000000000e+00
-3.120200000000e-06	0.000000000000e+00	0.000000000000e+00	0.000000000000e+00
-3.120000000000e-06	0.000000000000e+00	0.000000000000e+00	0.000000000000e+00
-3.119800000000e-06	0.000000000000e+00	0.000000000000e+00	0.000000000000e+00
-3.119600000000e-06	0.000000000000e+00	0.000000000000e+00	0.000000000000e+00
-3.119400000000e-06	0.000000000000e+00	0.000000000000e+00	0.000000000000e+00
-3.119200000000e-06	0.000000000000e+00	0.000000000000e+00	0.000000000000e+00
-3.119000000000e-06	0.000000000000e+00	0.000000000000e+00	0.000000000000e+00
-3.118800000000e-06	0.000000000000e+00	0.000000000000e+00	0.000000000000e+00
-3.118600000000e-06	0.000000000000e+00	0.000000000000e+00	0.000000000000e+00
-3.118400000000e-06	0.000000000000e+00	0.000000000000e+00	0.000000000000e+00
-3.118200000000e-06	0.000000000000e+00	0.000000000000e+00	0.000000000000e+00
-3.118000000000e-06	0.000000000000e+00	0.000000000000e+00	0.000000000000e+00
-3.117800000000e-06	0.000000000000e+00	0.000000000000e+00	0.000000000000e+00
-3.117600000000e-06	0.000000000000e+00	0.000000000000e+00	0.000000000000e+00
-3.117400000000e-06	0.000000000000e+00	0.000000000000e+00	0.000000000000e+00
-3.117200000000e-06	0.000000000000e+00	0.000000000000e+00	0.000000000000e+00
-3.117000000000e-06	0.000000000000e+00	0.000000000000e+00	0.000000000000e+00
-3.116800000000e-06	0.000000000000e+00	0.000000000000e+00	0.000000000000e+00
-3.116600000000e-06	0.000000000000e+00	0.000000000000e+00	0.000000000000e+00
-3.116400000000e-06	0.000000000000e+00	0.000000000000e+00	0.000000000000e+00
-3.116200000000e-06	0.000000000000e+00	0.000000000000e+00	0.000000000000e+00
-3.116000000000e-06	0.000000000000e+00	0.000000000000e+00	0.000000000000e+00
-3.115800000000e-06	0.000000000000e+00	0.000000000000e+00	0.000000000000e+00
-3.115600000000e-06	0.000000000000e+00	0.000000000000e+00	0.000000000000e+00
-3.115400000000e-06	0.000000000000e+00	0.000000000000e+00	0.000000000000e+00
-3.115200000000e-06	0.000000000000e+00	0.000000000000e+00	0.000000000000e+00
-3.115000000000e-06	0.000000000000e+00	0.000000000000e+00	0.000000000000e+00
-3.114800000000e-06	0.000000000000e+00	0.000000000000e+00	0.000000000000e+00
-3.114600000000e-06	0.000000000000e+00	0.000000000000e+00	0.000000000000e+00
-3.114400000000e-06	0.000000000000e+00	0.000000000000e+00	0.000000000000e+00
-3.114200000000e-06	0.000000000000e+00	0.000000000000e+00	0.000000000000e+00
-3.114000000000e-06	0.000000000000e+00	0.000000000000e+00	0.000000000000e+00
-3.113800000000e-06	0.000000000000e+00	0.000000000000e+00	0.000000000000e+00
-3.113600000000e-06	0.000000000000e+00	0.000000000000e+00	0.000000000000e+00
-3.113400000000e-06	0.000000000000e+00	0.000000000000e+00	0.000000000000e+00
-3.113200000000e-06	0.000000000000e+00	0.000000000000e+00	0.000000000000e+00
-3.113000000000e-06	0.000000000000e+00	0.000000000000e+00	0.000000000000e+00
-3.112800000000e-06	0.000000000000e+00	0.000000000000e+00	0.000000000000e+00
-3.112600000000e-06	0.000000000000e+00	0.000000000000e+00	0.000000000000e+00
-3.112400000000e-06	0.000000000000e+00	0.000000000000e+00	0.000000000000e+00
-3.112200000000e-06	0.000000000000e+00	0.000000000000e+00	0.000000000000e+00
-3.112000000000e-06	0.000000000000e+00	0.000000000000e+00	0.000000000000e+00
-3.111800000000e-06	0.000000000000e+00	0.000000000000e+00	0.000000000000e+00
-3.111600000000e-06	0.000000000000e+00	0.000000000000e+00	0.000000000000e+00
-3.111400000000e-06	0.000000000000e+00	0.000000000000e+00	0.000000000000e+00
-3.111200000000e-06	0.000000000000e+00	0.000000000000e+00	0.000000000000e+00
-3.111000000000e-06	0.000000000000e+00	0.000000000000e+00	0.000000000000e+00
-3.110800000000e-06	0.000000000000e+00	0.000000000000e+00	0.000000000000e+00
-3.110600000000e-06	0.000000000000e+00	0.000000000000e+00	0.000000000000e+00
-3.110400000000e-06	0.000000000000e+00	0.000000000000e+00	0.000000000000e+00
-3.110200000000e-06	0.000000000000e+00	0.000000000000e+00	0.000000000000e+00
-3.110000000000e-06	0.000000000000e+00	0.000000000000e+00	0.000000000000e+00
-3.109800000000e-06	0.000000000000e+00	0.000000000000e+00	0.000000000000e+00
-3.109600000000e-06	0.000000000000e+00	0.000000000000e+00	0.000000000000e+00
-3.109400000000e-06	0.000000000000e+00	0.000000000000e+00	0.000000000000e+00
-3.109200000000e-06	0.000000000000e+00	0.000000000000e+00	0.000000000000e+00
-3.109000000000e-06	0.000000000000e+00	0.000000000000e+00	0.000000000000e+00
-3.108800000000e-06	0.000000000000e+00	0.000000000000e+00	0.000000000000e+00
-3.108600000000e-06	0.000000000000e+00	0.000000000000e+00	0.000000000000e+00
-3.108400000000e-06	0.000000000000e+00	0.000000000000e+00	0.000000000000e+00
-3.108200000000e-06	0.000000000000e+00	0.000000000000e+00	0.000000000000e+00
-3.108000000000e-06	0.000000000000e+00	0.000000000000e+00	0.000000000000e+00
-3.107800000000e-06	0.000000000000e+00	0.000000000000e+00	0.000000000000e+00
-3.107600000000e-06	0.000000000000e+00	0.000000000000e+00	0.000000000000e+00
-3.107400000000e-06	0.000000000000e+00	0.000000000000e+00	0.000000000000e+00
-3.107200000000e-06	0.000000000000e+00	0.000000000000e+00	0.000000000000e+00
-3.107000000000e-06	0.000000000000e+00	0.000000000000e+00	0.000000000000e+00
-3.106800000000e-06	0.000000000000e+00	0.000000000000e+00	0.000000000000e+00
-3.106600000000e-06	0.000000000000e+00	0.000000000000e+00	0.000000000000e+00
-3.106400000000e-06	0.000000000000e+00	0.000000000000e+00	0.000000000000e+00
-3.106200000000e-06	0.000000000000e+00	0.000000000000e+00	0.000000000000e+00
-3.106000000000e-06	0.000000000000e+00	0.000000000000e+00	0.000000000000e+00
-3.105800000000e-06	0.000000000000e+00	0.000000000000e+00	0.000000000000e+00
-3.105600000000e-06	0.000000000000e+00	0.000000000000e+00	0.000000000000e+00
-3.105400000000e-06	0.000000000000e+00	0.000000000000e+00	0.000000000000e+00
-3.105200000000e-06	0.000000000000e+00	0.000000000000e+00	0.000000000000e+00
-3.105000000000e-06	0.000000000000e+00	0.000000000000e+00	0.000000000000e+00
-3.104800000000e-06	0.000000000000e+00	0.000000000000e+00	0.000000000000e+00
-3.104600000000e-06	0.000000000000e+00	0.000000000000e+00	0.000000000000e+00
-3.104400000000e-06	0.000000000000e+00	0.000000000000e+00	0.000000000000e+00
-3.104200000000e-06	0.000000000000e+00	0.000000000000e+00	0.000000000000e+00
-3.104000000000e-06	0.000000000000e+00	0.000000000000e+00	0.000000000000e+00
-3.103800000000e-06	0.000000000000e+00	0.000000000000e+00	0.000000000000e+00
-3.103600000000e-06	0.000000000000e+00	0.000000000000e+00	0.000000000000e+00
-3.103400000000e-06	0.000000000000e+00	0.000000000000e+00	0.000000000000e+00
-3.103200000000e-06	0.000000000000e+00	0.000000000000e+00	0.000000000000e+00
-3.103000000000e-06	0.000000000000e+00	0.000000000000e+00	0.000000000000e+00
-3.102800000000e-06	0.000000000000e+00	0.000000000000e+00	0.000000000000e+00
-3.102600000000e-06	0.000000000000e+00	0.000000000000e+00	0.000000000000e+00
-3.102400000000e-06	0.000000000000e+00	0.000000000000e+00	0.000000000000e+00
-3.102200000000e-06	0.000000000000e+00	0.000000000000e+00	0.000000000000e+00
-3.102000000000e-06	0.000000000000e+00	0.000000000000e+00	0.000000000000e+00
-3.101800000000e-06	0.000000000000e+00	0.000000000000e+00	0.000000000000e+00
-3.101600000000e-06	0.000000000000e+00	0.000000000000e+00	0.000000000000e+00
-3.101400000000e-06	0.000000000000e+00	0.000000000000e+00	0.000000000000e+00
-3.101200000000e-06	0.000000000000e+00	0.000000000000e+00	0.000000000000e+00
-3.101000000000e-06	0.000000000000e+00	0.000000000000e+00	0.000000000000e+00
-3.100800000000e-06	0.000000000000e+00	0.000000000000e+00	0.000000000000e+00
-3.100600000000e-06	0.000000000000e+00	0.000000000000e+00	0.000000000000e+00
-3.100400000000e-06	0.000000000000e+00	0.000000000000e+00	0.000000000000e+00
-3.100200000000e-06	0.000000000000e+00	0.000000000000e+00	0.000000000000e+00
-3.100000000000e-06	0.000000000000e+00	0.000000000000e+00	0.000000000000e+00
-3.099800000000e-06	0.000000000000e+00	0.000000000000e+00	0.000000000000e+00
-3.099600000000e-06	0.000000000000e+00	0.000000000000e+00	0.000000000000e+00
-3.099400000000e-06	0.000000000000e+00	0.000000000000e+00	0.000000000000e+00
-3.099200000000e-06	0.000000000000e+00	0.000000000000e+00	0.000000000000e+00
-3.099000000000e-06	0.000000000000e+00	0.000000000000e+00	0.000000000000e+00
-3.098800000000e-06	0.000000000000e+00	0.000000000000e+00	0.000000000000e+00
-3.098600000000e-06	0.000000000000e+00	0.000000000000e+00	0.000000000000e+00
-3.098400000000e-06	0.000000000000e+00	0.000000000000e+00	0.000000000000e+00
-3.098200000000e-06	0.000000000000e+00	0.000000000000e+00	0.000000000000e+00
-3.098000000000e-06	0.000000000000e+00	0.000000000000e+00	0.000000000000e+00
-3.097800000000e-06	0.000000000000e+00	0.000000000000e+00	0.000000000000e+00
-3.097600000000e-06	0.000000000000e+00	0.000000000000e+00	0.000000000000e+00
-3.097400000000e-06	0.000000000000e+00	0.000000000000e+00	0.000000000000e+00
-3.097200000000e-06	0.000000000000e+00	0.000000000000e+00	0.000000000000e+00
-3.097000000000e-06	0.000000000000e+00	0.000000000000e+00	0.000000000000e+00
-3.096800000000e-06	0.000000000000e+00	0.000000000000e+00	0.000000000000e+00
-3.096600000000e-06	0.000000000000e+00	0.000000000000e+00	0.000000000000e+00
-3.096400000000e-06	0.000000000000e+00	0.000000000000e+00	0.000000000000e+00
-3.096200000000e-06	0.000000000000e+00	0.000000000000e+00	0.000000000000e+00
-3.096000000000e-06	0.000000000000e+00	0.000000000000e+00	0.000000000000e+00
-3.095800000000e-06	0.000000000000e+00	0.000000000000e+00	0.000000000000e+00
-3.095600000000e-06	0.000000000000e+00	0.000000000000e+00	0.000000000000e+00
-3.095400000000e-06	0.000000000000e+00	0.000000000000e+00	0.000000000000e+00
-3.095200000000e-06	0.000000000000e+00	0.000000000000e+00	0.000000000000e+00
-3.095000000000e-06	0.000000000000e+00	0.000000000000e+00	0.000000000000e+00
-3.094800000000e-06	0.000000000000e+00	0.000000000000e+00	0.000000000000e+00
-3.094600000000e-06	0.000000000000e+00	0.000000000000e+00	0.000000000000e+00
-3.094400000000e-06	0.000000000000e+00	0.000000000000e+00	0.000000000000e+00
-3.094200000000e-06	-4.926212013451e-15	1.086109845344e-14	-2.696809542944e-15
-3.094000000000e-06	1.524524673403e-15	-3.349105477596e-15	8.214776299349e-16
-3.093800000000e-06	9.687761907063e-16	-2.137160472015e-15	5.323415890340e-16
-3.093600000000e-06	8.154987687611e-16	-2.164918563291e-15	9.091296252750e-16
-3.093400000000e-06	2.211417284169e-15	-4.781095715875e-15	1.087895257933e-15
-3.093200000000e-06	4.480685682112e-15	-9.013786314671e-15	1.348255230734e-15
-3.093000000000e-06	-7.827975286045e-16	1.844560290259e-15	-5.786229790748e-16
-3.092800000000e-06	1.250509952818e-15	-2.680686763651e-15	5.804295211169e-16
-3.092600000000e-06	-1.864674414577e-15	4.356207354138e-15	-1.324012910794e-15
-3.092400000000e-06	-2.492900404999e-15	4.202998872272e-15	2.775817842014e-16
-3.092200000000e-06	-3.014778365287e-16	7.333729685889e-16	-2.505611717761e-16
-3.092000000000e-06	1.483480666419e-15	-2.849455103747e-15	2.716963953863e-16
-3.091800000000e-06	-4.740760713365e-16	1.165310508696e-15	-4.087121254842e-16
-3.091600000000e-06	2.251113078765e-15	-2.711729393753e-15	-1.620249984681e-15
-3.091400000000e-06	-8.762481467358e-16	4.178009625887e-15	-3.287286921729e-15
-3.091200000000e-06	5.920472613354e-16	8.963791735402e-15	-1.259037192838e-14
-3.091000000000e-06	-3.768739284757e-14	9.148181215701e-14	-3.064149027101e-14
-3.090800000000e-06	2.331569862728e-14	1.049307338277e-14	-6.542622063534e-14
-3.090600000000e-06	-2.763070832863e-14	3.477304130254e-14	1.805129103185e-14
-3.090400000000e-06	2.932266610729e-14	-7.727288184633e-14	3.161480642902e-14
-3.090200000000e-06	8.315538260329e-17	-1.621328514322e-14	2.023377717589e-14
-3.090000000000e-06	2.799603071411e-16	-8.494126267144e-15	1.008187380662e-14
-3.089800000000e-06	-2.188694006227e-14	4.528616041573e-14	-7.954512002036e-15
-3.089600000000e-06	-3.914408159582e-14	2.864020630988e-14	5.138532224854e-14
-3.089400000000e-06	-3.605961404614e-14	-6.496195842475e-14	1.635737918229e-13
-3.089200000000e-06	-5.549922233831e-16	5.139077665900e-14	-6.385141727352e-14
-3.089000000000e-06	5.842405017470e-15	5.182549396565e-14	-7.843854963749e-14
-3.088800000000e-06	-1.304002228939e-15	6.849993568983e-14	-8.388198902853e-14
-3.088600000000e-06	-1.139607158916e-13	1.167602882599e-13	1.098474087235e-13
-3.088400000000e-06	-5.855867580762e-14	7.572188475580e-14	3.450534256861e-14
-3.088200000000e-06	-7.488445158378e-14	1.370885639362e-13	-4.873952681159e-15
-3.088000000000e-06	1.225976485826e-13	-2.057329102270e-13	-1.622656515217e-14
-3.087800000000e-06	1.518015555715e-13	-1.669374755772e-13	-1.296467723913e-13
-3.087600000000e-06	-2.090386950331e-13	1.299912969305e-12	-1.165070340463e-12
-3.087400000000e-06	1.070363131599e-14	-6.755089450970e-13	8.252958194127e-13
-3.087200000000e-06	1.164268439883e-13	-2.284529193606e-13	2.533831146634e-14
-3.087000000000e-06	4.945071475156e-14	-1.154479425641e-13	3.355974777291e-14
-3.086800000000e-06	-1.896316447553e-14	3.288778064897e-14	1.373358370740e-15
-3.086600000000e-06	2.171787105369e-13	-4.304276777427e-13	5.459546908796e-14
-3.086400000000e-06	-1.026408827864e-13	6.918427243889e-13	-6.368784882485e-13
-3.086200000000e-06	-4.140486749629e-13	7.864765657053e-13	-5.912773944366e-14
-3.086000000000e-06	-1.731546894032e-13	2.438856829385e-13	8.127554409132e-14
-3.085800000000e-06	-3.012312020056e-13	2.930244862011e-13	3.051011473226e-13
-3.085600000000e-06	-1.327957435855e-14	-3.840144424180e-14	7.933827576314e-14
-3.085400000000e-06	-2.566477566387e-13	6.998616211776e-13	-3.000763129027e-13
-3.085200000000e-06	3.098820040674e-13	-3.643500086819e-14	-6.453053016208e-13
-3.085000000000e-06	-3.739511743812e-14	1.133567815264e-12	-1.335320270326e-12
-3.084800000000e-06	-7.502076562910e-13	1.575915667360e-12	-2.837632090029e-13
-3.084600000000e-06	-4.433641997610e-13	1.380152860323e-13	8.169882585564e-13
-3.084400000000e-06	-1.623107806710e-13	2.509882660540e-13	5.252240706700e-14
-3.084200000000e-06	-1.700909958907e-13	2.601702817859e-13	5.627413063781e-14
-3.084000000000e-06	7.324233151438e-13	-1.258039576048e-12	-7.125673737044e-14
-3.083800000000e-06	-2.619803736901e-13	-1.158406076080e-12	2.029782323829e-12
-3.083600000000e-06	-1.779636417375e-12	1.911974314846e-12	1.592294003445e-12
-3.083400000000e-06	-3.102047921015e-12	7.319868175632e-12	-2.202460452702e-12
-3.083200000000e-06	1.336472634198e-12	8.798373321859e-13	-4.086610935710e-12
-3.083000000000e-06	-1.144818082434e-13	3.209487225981e-13	-1.428293084432e-13
-3.082800000000e-06	6.331291989085e-13	-1.924152103888e-12	9.838235163497e-13
-3.082600000000e-06	-1.218727269174e-12	6.557430528842e-13	1.901259466327e-12
-3.082400000000e-06	-1.263602588597e-12	3.450431432852e-12	-1.474919868838e-12
-3.082200000000e-06	2.953175797419e-13	-5.688851010463e-13	4.581678791188e-14
-3.082000000000e-06	-6.584794674384e-13	9.258007596187e-13	3.235378705908e-13
-3.081800000000e-06	-1.092673479384e-12	2.921633908517e-12	-1.204079330620e-12
-3.081600000000e-06	-4.558391387368e-13	1.575221793908e-12	-9.328437676029e-13
-3.081400000000e-06	-4.792917737948e-13	1.248368437299e-12	-4.722282582405e-13
-3.081200000000e-06	-1.353277889768e-12	1.833975737581e-12	7.633100888797e-13
-3.081000000000e-06	-7.839901752818e-13	2.077431526728e-13	1.512753712261e-12
-3.080800000000e-06	-4.153067457379e-12	7.370411572938e-12	9.890870470052e-14
-3.080600000000e-06	-1.455902119479e-12	1.643042023221e-12	1.203237501264e-12
-3.080400000000e-06	4.815190620641e-13	1.913977111281e-12	-3.454820425761e-12
-3.080200000000e-06	-5.449752373138e-13	3.191773539627e-12	-2.758916279138e-12
-3.080000000000e-06	8.980424612087e-13	-1.316550786013e-12	-3.559684795907e-13
-3.079800000000e-06	-2.850155900669e-12	6.922448604473e-12	-2.236310117671e-12
-3.079600000000e-06	1.990955237762e-12	-2.137076991145e-12	-1.822472807026e-12
-3.079400000000e-06	-1.577285901630e-12	1.703920822891e-12	1.435454275850e-12
-3.079200000000e-06	-1.495299275055e-12	2.436334202848e-12	3.095290978064e-13
-3.079000000000e-06	-1.964653991245e-12	4.481302637606e-12	-1.174190602336e-12
-3.078800000000e-06	4.893107527141e-13	3.320482787022e-12	-5.175504671726e-12
-3.078600000000e-06	2.581903172611e-12	-6.780231368960e-12	2.611167664388e-12
-3.078400000000e-06	2.673739874839e-12	-2.464578065496e-12	-2.894654988195e-12
-3.078200000000e-06	-5.990226630763e-12	1.712237396717e-11	-7.845578298948e-12
-3.078000000000e-06	-2.380487303800e-12	1.190629938537e-12	3.835818921393e-12
-3.077800000000e-06	-1.694639088175e-12	2.966511892427e-12	8.181687835722e-14
-3.077600000000e-06	-3.514599483283e-12	7.796358312672e-12	-1.792748797674e-12
-3.077400000000e-06	-4.720074030222e-12	1.415844277914e-11	-6.968093998021e-12
-3.077200000000e-06	-3.196885083014e-12	3.588844946472e-12	2.695875561215e-12
-3.077000000000e-06	1.694788569226e-12	-5.904386418527e-12	3.523402791947e-12
-3.076800000000e-06	-1.374193532139e-12	7.760815928490e-12	-6.546333595174e-12
-3.076600000000e-06	-5.263759692625e-12	9.931022970376e-12	-5.562785438841e-13
-3.076400000000e-06	-3.019501680609e-12	4.665297301675e-12	9.553808390264e-13
-3.076200000000e-06	-8.078936768841e-13	4.289857172921e-12	-3.496063061995e-12
-3.076000000000e-06	-1.723694675532e-12	1.827778038770e-12	1.564088560452e-12
-3.075800000000e-06	-7.798592646069e-12	1.072304865756e-11	4.167819742476e-12
-3.075600000000e-06	-7.763362935955e-12	2.350291806077e-11	-1.177954338099e-11
-3.075400000000e-06	-1.226034466651e-12	-5.322919528761e-12	9.347088304341e-12
-3.075200000000e-06	-5.125683864905e-12	1.214877281895e-11	-3.556923837271e-12
-3.075000000000e-06	-7.807528176682e-12	1.350084255891e-11	8.131044431090e-13
-3.074800000000e-06	3.641790667703e-12	7.112780411550e-13	-9.068353765552e-12
-3.074600000000e-06	-5.702521477534e-12	1.148324532857e-11	-1.426026127571e-12
-3.074400000000e-06	-1.297772629728e-11	2.118999907688e-11	2.814518940681e-12
-3.074200000000e-06	-5.562173250976e-13	2.912731103587e-13	8.801299949696e-13
-3.074000000000e-06	-4.062213344080e-12	1.560103910272e-11	-1.010710462380e-11
-3.073800000000e-06	-7.492091216313e-12	8.406838483170e-12	6.377722481348e-12
-3.073600000000e-06	-8.300770015591e-12	2.351769424198e-11	-1.047778258801e-11
-3.073400000000e-06	-7.712584190226e-12	1.314612418446e-11	9.295332949783e-13
-3.073200000000e-06	-4.381301309151e-12	1.698192957732e-11	-1.111345573405e-11
-3.073000000000e-06	-1.179548512247e-11	1.950164028056e-11	2.333060018010e-12
-3.072800000000e-06	4.438971552897e-12	-6.289624160189e-13	-9.156146023572e-12
-3.072600000000e-06	-2.778028742199e-12	6.001732942312e-12	-1.154323917354e-12
-3.072400000000e-06	-1.017809427006e-11	2.953710125870e-11	-1.357727115264e-11
-3.072200000000e-06	-2.114663445771e-11	3.664596693262e-11	1.965048864859e-12
-3.072000000000e-06	-1.207686530244e-11	3.796100737105e-11	-1.977974427751e-11
-3.071800000000e-06	-7.167427199618e-12	8.112590307407e-12	6.056700043629e-12
-3.071600000000e-06	-1.143896913700e-11	2.862777543452e-11	-9.670376193210e-12
-3.071400000000e-06	-2.989649107142e-11	5.754671575887e-11	-4.175704130419e-12
-3.071200000000e-06	1.872964169877e-12	-1.204621516051e-12	-2.658626700848e-12
-3.071000000000e-06	-1.879189584756e-11	3.164699129237e-11	3.183046431919e-12
-3.070800000000e-06	-2.027313469864e-11	2.986876102596e-11	8.608575906626e-12
-3.070600000000e-06	-6.333996846373e-12	1.693636357531e-11	-6.652435511888e-12
-3.070400000000e-06	-1.393724775669e-11	4.656727316030e-11	-2.615281638931e-11
-3.070200000000e-06	-1.092802104048e-11	3.091321203800e-11	-1.363075375248e-11
-3.070000000000e-06	-1.122643893565e-12	1.870518987106e-11	-2.030741097633e-11
-3.069800000000e-06	-1.295591292427e-11	3.881971818052e-11	-1.879400975359e-11
-3.069600000000e-06	-2.345617694583e-11	4.169383590310e-11	1.100348994104e-12
-3.069400000000e-06	-2.678244310079e-11	4.120720107885e-11	9.334285010066e-12
-3.069200000000e-06	-1.162091421307e-11	3.027374613368e-11	-1.131625504242e-11
-3.069000000000e-06	-7.804334034835e-12	2.521010941812e-11	-1.337868671225e-11
-3.068800000000e-06	-2.916737697768e-11	4.941266009815e-11	4.512135527207e-12
-3.068600000000e-06	-1.920428355545e-11	6.187347837955e-11	-3.288429399373e-11
-3.068400000000e-06	1.044451511358e-13	1.079512604604e-11	-1.362166740539e-11
-3.068200000000e-06	-2.561749012331e-11	6.345521326557e-11	-2.063044408936e-11
-3.068000000000e-06	-3.218734599934e-11	5.178397588990e-11	8.173706603597e-12
-3.067800000000e-06	-1.318213330388e-11	3.493501485944e-11	-1.338207442302e-11
-3.067600000000e-06	-4.551547378215e-11	8.590974347604e-11	-3.596646238068e-12
-3.067400000000e-06	-1.775345545380e-11	3.897383583607e-11	-8.114672257462e-12
-3.067200000000e-06	-1.926189005374e-11	5.092453610239e-11	-1.929509828561e-11
-3.067000000000e-06	-3.063892709537e-11	8.969592160949e-11	-4.137278460445e-11
-3.066800000000e-06	-3.444948434023e-11	8.046831685383e-11	-2.170393361158e-11
-3.066600000000e-06	-4.570040412813e-11	6.506510639894e-11	2.231644356128e-11
-3.066400000000e-06	-4.306423474959e-11	1.003609055393e-10	-2.656306500641e-11
-3.066200000000e-06	-2.750482180074e-11	6.453429289319e-11	-1.762189280737e-11
-3.066000000000e-06	-3.586875440543e-11	6.500169895639e-11	3.688584456178e-13
-3.065800000000e-06	-2.936603290566e-11	7.793259260505e-11	-2.960748692736e-11
-3.065600000000e-06	-4.396798959394e-11	6.496636282654e-11	1.910239816254e-11
-3.065400000000e-06	-1.301321170356e-11	5.240035702665e-11	-3.519669672036e-11
-3.065200000000e-06	-2.884665213049e-11	9.207095454031e-11	-4.838712493625e-11
-3.065000000000e-06	-3.797283913577e-11	8.194429783657e-11	-1.550811131916e-11
-3.064800000000e-06	-5.897826969173e-11	1.237353677161e-10	-1.943157209015e-11
-3.064600000000e-06	-5.016554242501e-11	1.296114359196e-10	-4.625383029772e-11
-3.064400000000e-06	-4.181793717465e-11	1.260895099352e-10	-6.063929840865e-11
-3.064200000000e-06	-5.092698355199e-11	1.050554000439e-10	-1.390716384893e-11
-3.064000000000e-06	-5.153182546398e-11	1.360289951137e-10	-5.095011137102e-11
-3.063800000000e-06	-6.347345159650e-11	1.344923887558e-10	-2.253537708312e-11
-3.063600000000e-06	-6.006523328261e-11	1.401082165327e-10	-3.596778201996e-11
-3.063400000000e-06	-9.562506590029e-11	1.636367005491e-10	1.753464850851e-11
-3.063200000000e-06	-6.010483791482e-11	1.068833871508e-10	2.436041125594e-12
-3.063000000000e-06	-5.764997461989e-11	1.405257491548e-10	-4.214721588880e-11
-3.062800000000e-06	-5.652319749117e-11	9.510685091557e-11	1.046001026610e-11
-3.062600000000e-06	-7.162625291039e-11	1.597531039009e-10	-3.558252614067e-11
-3.062400000000e-06	-6.742610556786e-11	1.561495120981e-10	-3.951730505108e-11
-3.062200000000e-06	-7.178333955482e-11	1.499277622408e-10	-2.197857964691e-11
-3.062000000000e-06	-1.171959143074e-11	7.015829070216e-11	-5.911939431013e-11
-3.061800000000e-06	-8.652923200583e-11	1.732223898388e-10	-1.859029010989e-11
-3.061600000000e-06	-7.152259137608e-11	1.974532930725e-10	-8.082245941496e-11
-3.061400000000e-06	-8.051294496093e-11	1.802223315483e-10	-3.977012905738e-11
-3.061200000000e-06	-8.384008147002e-11	1.827056548605e-10	-3.467080666911e-11
-3.061000000000e-06	-5.972494548378e-11	1.386459053481e-10	-3.560672643647e-11
-3.060800000000e-06	-1.361993694743e-10	2.357006261732e-10	1.730932987885e-11
-3.060600000000e-06	-8.065080224469e-11	1.782486499758e-10	-3.686499498867e-11
-3.060400000000e-06	-1.018109684333e-10	2.749920514322e-10	-1.068730092542e-10
-3.060200000000e-06	-9.792496957698e-11	2.167151032402e-10	-4.459777187457e-11
-3.060000000000e-06	-6.562938574465e-11	2.051503654282e-10	-1.029169296366e-10
-3.059800000000e-06	-9.292709726897e-11	2.519778655713e-10	-9.899637643536e-11
-3.059600000000e-06	-9.127045420705e-11	1.688478349615e-10	-1.458038494220e-12
-3.059400000000e-06	-7.882680546963e-11	2.052403020839e-10	-7.382236613156e-11
-3.059200000000e-06	-1.620257279931e-10	3.211911538335e-10	-2.821756257891e-11
-3.059000000000e-06	-1.254823025683e-10	2.867251691007e-10	-6.748160788589e-11
-3.058800000000e-06	-1.167610756870e-10	2.032132495853e-10	1.430154148423e-11
-3.058600000000e-06	-7.673860936842e-11	2.081096041696e-10	-8.155492766137e-11
-3.058400000000e-06	-1.458451847517e-10	3.384624250174e-10	-8.495371124334e-11
-3.058200000000e-06	-1.504217822478e-10	3.670753168822e-10	-1.089073687453e-10
-3.058000000000e-06	-1.126835146918e-10	2.994820154312e-10	-1.117534388555e-10
-3.057800000000e-06	-2.019644826108e-10	3.442812021315e-10	3.358570071468e-11
-3.057600000000e-06	-1.318603435464e-10	4.104522405854e-10	-2.031420970538e-10
-3.057400000000e-06	-1.781160469905e-10	3.771877076906e-10	-6.020195772928e-11
-3.057200000000e-06	-7.589089142695e-11	3.369065028530e-10	-2.382923915050e-10
-3.057000000000e-06	-1.769885033641e-10	3.721828362646e-10	-5.490122455095e-11
-3.056800000000e-06	-1.633654498565e-10	3.628477056538e-10	-7.539008352650e-11
-3.056600000000e-06	-1.433050796753e-10	3.393116908957e-10	-9.093467945552e-11
-3.056400000000e-06	-1.696396213248e-10	4.030996809837e-10	-1.089973243484e-10
-3.056200000000e-06	-2.330432683286e-10	4.563309614399e-10	-3.230948932104e-11
-3.056000000000e-06	-1.061769066319e-10	2.708567150213e-10	-9.048790864137e-11
-3.055800000000e-06	-1.373428898729e-10	3.642990224187e-10	-1.342297924048e-10
-3.055600000000e-06	-2.170962768083e-10	4.804828946176e-10	-9.621849313893e-11
-3.055400000000e-06	-2.119164625117e-10	4.315505903083e-10	-4.850885151161e-11
-3.055200000000e-06	-2.435305973973e-10	5.225656430273e-10	-8.790102380853e-11
-3.055000000000e-06	-2.365334475164e-10	5.412103022632e-10	-1.264997019065e-10
-3.054800000000e-06	-2.673555317723e-10	5.457797566235e-10	-6.281310521138e-11
-3.054600000000e-06	-2.742708912113e-10	5.876645085267e-10	-9.843435527479e-11
-3.054400000000e-06	-1.742728998776e-10	4.698498131572e-10	-1.781325897580e-10
-3.054200000000e-06	-2.495123047309e-10	4.826095347484e-10	-2.477514797128e-11
-3.054000000000e-06	-2.267548173552e-10	4.339021020977e-10	-1.896528461950e-11
-3.053800000000e-06	-2.371281747879e-10	5.461871591405e-10	-1.291162624985e-10
-3.053600000000e-06	-1.513526595399e-10	4.187853742234e-10	-1.673213867389e-10
-3.053400000000e-06	-3.040895052779e-10	7.421957477287e-10	-2.160020539643e-10
-3.053200000000e-06	-2.662585603968e-10	5.493546780522e-10	-6.873006584241e-11
-3.053000000000e-06	-3.269540297638e-10	6.544101390330e-10	-5.885224970965e-11
-3.052800000000e-06	-2.346541322559e-10	5.917674033134e-10	-1.894812898861e-10
-3.052600000000e-06	-2.362233505843e-10	5.822103660565e-10	-1.742377742054e-10
-3.052400000000e-06	-2.546399961186e-10	5.112941114478e-10	-4.743519226575e-11
-3.052200000000e-06	-2.617444861810e-10	6.689340497806e-10	-2.212315734819e-10
-3.052000000000e-06	-3.339210277295e-10	8.184142530173e-10	-2.399845612777e-10
-3.051800000000e-06	-2.529011138114e-10	5.584030670656e-10	-1.076450699569e-10
-3.051600000000e-06	-3.381676569354e-10	7.832499520369e-10	-1.876430111380e-10
-3.051400000000e-06	-3.128743475347e-10	6.852118778018e-10	-1.270287480563e-10
-3.051200000000e-06	-3.797142059375e-10	8.170849068164e-10	-1.359295696093e-10
-3.051000000000e-06	-2.515882504853e-10	7.511709520187e-10	-3.432293832349e-10
-3.050800000000e-06	-3.553979952960e-10	7.199147562537e-10	-7.117281115946e-11
-3.050600000000e-06	-2.645656263015e-10	7.009453731992e-10	-2.535094749895e-10
-3.050400000000e-06	-4.195731511223e-10	9.540061694571e-10	-2.107860004541e-10
-3.050200000000e-06	-4.803354508751e-10	1.073066939658e-09	-2.176144767294e-10
-3.050000000000e-06	-3.252060424739e-10	7.829849835834e-10	-2.146819870615e-10
-3.049800000000e-06	-4.091178919906e-10	8.904697451646e-10	-1.566042090314e-10
-3.049600000000e-06	-3.475472949093e-10	8.473100241196e-10	-2.425180510623e-10
-3.049400000000e-06	-3.680319214471e-10	7.850564558212e-10	-1.210586985131e-10
-3.049200000000e-06	-3.125800979858e-10	8.895720006438e-10	-3.701136648994e-10
-3.049000000000e-06	-5.171525717188e-10	9.572531723621e-10	4.923125033963e-12
-3.048800000000e-06	-3.931643274314e-10	9.301919831828e-10	-2.403364197977e-10
-3.048600000000e-06	-4.443641231813e-10	1.006662700020e-09	-2.155013296172e-10
-3.048400000000e-06	-5.332813284368e-10	1.220321512237e-09	-2.724932297211e-10
-3.048200000000e-06	-4.438336551871e-10	1.042681189211e-09	-2.599288832495e-10
-3.048000000000e-06	-3.085281258329e-10	8.401969595203e-10	-3.191375967926e-10
-3.047800000000e-06	-5.715047174734e-10	1.228062166282e-09	-1.980638808635e-10
-3.047600000000e-06	-4.731379068047e-10	1.059254200634e-09	-2.138207394106e-10
-3.047400000000e-06	-3.644684511048e-10	1.009269099614e-09	-3.963242949961e-10
-3.047200000000e-06	-5.999904455731e-10	1.339965978401e-09	-2.659038372329e-10
-3.047000000000e-06	-4.949773927799e-10	1.028275984920e-09	-1.275618378216e-10
-3.046800000000e-06	-5.197913717714e-10	1.145498622893e-09	-2.112951371914e-10
-3.046600000000e-06	-5.276329872174e-10	1.126567399502e-09	-1.690111171786e-10
-3.046400000000e-06	-5.071685654793e-10	1.219253685159e-09	-3.267868363694e-10
-3.046200000000e-06	-3.828916922504e-10	1.031506251058e-09	-3.806619411028e-10
-3.046000000000e-06	-5.513934118944e-10	1.311806417551e-09	-3.396262877627e-10
-3.045800000000e-06	-5.409812200876e-10	1.199212937948e-09	-2.262494219602e-10
-3.045600000000e-06	-5.759957203395e-10	1.462999828642e-09	-4.649597562654e-10
-3.045400000000e-06	-5.230807725325e-10	1.184619045138e-09	-2.492539329284e-10
-3.045200000000e-06	-4.895347061234e-10	1.110279067470e-09	-2.334694819026e-10
-3.045000000000e-06	-7.623069844292e-10	1.743193800525e-09	-3.830826037333e-10
-3.044800000000e-06	-5.226508041996e-10	1.287390723035e-09	-3.720331611997e-10
-3.044600000000e-06	-4.906850929716e-10	1.185235207270e-09	-3.190276884181e-10
-3.044400000000e-06	-5.691279269998e-10	1.416886660881e-09	-4.220208451854e-10
-3.044200000000e-06	-7.268982266314e-10	1.669684415633e-09	-3.710569537597e-10
-3.044000000000e-06	-7.280289301531e-10	1.586709230621e-09	-2.687899863348e-10
-3.043800000000e-06	-7.020013303435e-10	1.788848075204e-09	-5.687386093926e-10
-3.043600000000e-06	-5.766733520090e-10	1.364947558097e-09	-3.419551840401e-10
-3.043400000000e-06	-8.625209571527e-10	1.805495432777e-09	-2.285543164383e-10
-3.043200000000e-06	-5.521223906228e-10	1.404229153438e-09	-4.438501076452e-10
-3.043000000000e-06	-8.884409055143e-10	1.962502788454e-09	-3.587222016505e-10
-3.042800000000e-06	-6.415231442461e-10	1.615945406524e-09	-4.949251740622e-10
-3.042600000000e-06	-7.127117383334e-10	1.609325142791e-09	-3.299787895956e-10
-3.042400000000e-06	-7.120274392084e-10	1.544965326655e-09	-2.546884743312e-10
-3.042200000000e-06	-7.763817750058e-10	1.828154755243e-09	-4.429024323216e-10
-3.042000000000e-06	-7.580960832436e-10	1.839580714330e-09	-4.997108296677e-10
-3.041800000000e-06	-5.884759721939e-10	1.616199548019e-09	-6.116786150023e-10
-3.041600000000e-06	-8.387982853517e-10	2.033106871966e-09	-5.483906064429e-10
-3.041400000000e-06	-8.053873039563e-10	1.786437373187e-09	-3.289220864532e-10
-3.041200000000e-06	-8.352882179079e-10	1.901187827552e-09	-3.977090021396e-10
-3.041000000000e-06	-9.149187523542e-10	2.041732065889e-09	-3.890682617106e-10
-3.040800000000e-06	-6.631945111519e-10	1.443736748715e-09	-2.367706074867e-10
-3.040600000000e-06	-7.818914946033e-10	2.011875459111e-09	-6.487504352470e-10
-3.040400000000e-06	-1.145613804663e-09	2.401990205062e-09	-2.982068317434e-10
-3.040200000000e-06	-6.850907684957e-10	1.631640959026e-09	-4.126660394710e-10
-3.040000000000e-06	-7.826954861198e-10	2.014100596146e-09	-6.460702470059e-10
-3.039800000000e-06	-1.053162572012e-09	2.336344244514e-09	-4.256289593418e-10
-3.039600000000e-06	-6.559431954617e-10	1.697049607986e-09	-5.526649059938e-10
-3.039400000000e-06	-9.618899079537e-10	2.033804721056e-09	-2.692042188283e-10
-3.039200000000e-06	-9.883971699814e-10	2.421026587698e-09	-6.686335195359e-10
-3.039000000000e-06	-8.399749150967e-10	2.013281795027e-09	-5.169992922858e-10
-3.038800000000e-06	-1.143006291849e-09	2.563013321125e-09	-4.917539811116e-10
-3.038600000000e-06	-9.155937136001e-10	2.156624884491e-09	-5.152362711017e-10
-3.038400000000e-06	-1.265486734307e-09	2.568878436835e-09	-2.239315425201e-10
-3.038200000000e-06	-9.599223152366e-10	2.189846367286e-09	-4.556758936837e-10
-3.038000000000e-06	-1.305190718959e-09	3.019701201610e-09	-6.700262004234e-10
-3.037800000000e-06	-7.847439665113e-10	2.146520293462e-09	-7.933564478159e-10
-3.037600000000e-06	-1.108413318524e-09	2.636157286805e-09	-6.507945102772e-10
-3.037400000000e-06	-1.026752636422e-09	2.295836095992e-09	-4.300218838548e-10
-3.037200000000e-06	-1.148421436523e-09	2.532780213946e-09	-4.366159676619e-10
-3.037000000000e-06	-1.056442469928e-09	2.412770142580e-09	-5.003043951111e-10
-3.036800000000e-06	-1.043269739450e-09	2.459290353043e-09	-5.865239923035e-10
-3.036600000000e-06	-1.053235991305e-09	2.420485902403e-09	-5.175295645073e-10
-3.036400000000e-06	-8.589324417375e-10	2.079455195916e-09	-5.445597815069e-10
-3.036200000000e-06	-1.416082668720e-09	3.291839022841e-09	-7.339535826249e-10
-3.036000000000e-06	-1.237422312205e-09	2.748477203476e-09	-4.909292353311e-10
-3.035800000000e-06	-1.120613860643e-09	2.470119749614e-09	-4.243868370312e-10
-3.035600000000e-06	-1.218764805681e-09	2.973319762012e-09	-8.003525449828e-10
-3.035400000000e-06	-1.147601328599e-09	2.784699360988e-09	-7.277452363210e-10
-3.035200000000e-06	-1.055157846986e-09	2.424092638196e-09	-5.108298712653e-10
-3.035000000000e-06	-1.138526902479e-09	2.891642783629e-09	-8.818569550546e-10
-3.034800000000e-06	-1.125186721383e-09	2.774080569347e-09	-7.685617471835e-10
-3.034600000000e-06	-1.182016060601e-09	3.087342637322e-09	-1.009210714691e-09
-3.034400000000e-06	-1.391614683309e-09	3.290182118996e-09	-7.798660381817e-10
-3.034200000000e-06	-1.345553478860e-09	2.871037781405e-09	-3.890208757600e-10
-3.034000000000e-06	-1.676035475875e-09	3.915568655175e-09	-8.822177301607e-10
-3.033800000000e-06	-1.294882725316e-09	3.033474538719e-09	-6.940058130435e-10
-3.033600000000e-06	-1.408492537892e-09	3.104308794027e-09	-5.218770003522e-10
-3.033400000000e-06	-1.314409759355e-09	3.076107359823e-09	-6.946600754910e-10
-3.033200000000e-06	-1.293240789400e-09	2.972937520064e-09	-6.233908521883e-10
-3.033000000000e-06	-1.228669526750e-09	2.967697231162e-09	-7.601001563463e-10
-3.032800000000e-06	-1.387912864328e-09	3.409607383585e-09	-9.238200774106e-10
-3.032600000000e-06	-1.425382772683e-09	3.097748289944e-09	-4.715275816632e-10
-3.032400000000e-06	-1.184446634947e-09	3.186367144268e-09	-1.108969291052e-09
-3.032200000000e-06	-1.612334598081e-09	3.485805147416e-09	-5.078336326173e-10
-3.032000000000e-06	-1.190897832644e-09	2.818463037826e-09	-6.618116300648e-10
-3.031800000000e-06	-1.340882479192e-09	3.118103823050e-09	-6.751950634041e-10
-3.031600000000e-06	-1.385341643110e-09	3.227492123179e-09	-7.121268287568e-10
-3.031400000000e-06	-1.675236333948e-09	3.736909740176e-09	-6.639421205533e-10
-3.031200000000e-06	-1.569082230020e-09	3.726389813262e-09	-8.848558287228e-10
-3.031000000000e-06	-1.389039773570e-09	3.543159665522e-09	-1.068918756239e-09
-3.030800000000e-06	-1.426696794747e-09	3.381281044514e-09	-7.914997273886e-10
-3.030600000000e-06	-1.641481796934e-09	3.757077976751e-09	-7.545968224080e-10
-3.030400000000e-06	-1.336514320822e-09	3.365027978236e-09	-9.747723786159e-10
-3.030200000000e-06	-1.370524754343e-09	3.253315895260e-09	-7.669355136889e-10
-3.030000000000e-06	-1.466115812553e-09	3.603158291135e-09	-9.606248294493e-10
-3.029800000000e-06	-1.648888649014e-09	3.829568903367e-09	-8.180460564395e-10
-3.029600000000e-06	-1.208972416958e-09	3.137560604682e-09	-9.918763210743e-10
-3.029400000000e-06	-1.890553133836e-09	4.154953965792e-09	-6.616639423877e-10
-3.029200000000e-06	-1.757928302970e-09	3.931809582598e-09	-6.911309142140e-10
-3.029000000000e-06	-1.457738280860e-09	3.322792597127e-09	-6.505547890428e-10
-3.028800000000e-06	-1.167518254422e-09	3.397234448861e-09	-1.380007155035e-09
-3.028600000000e-06	-1.548282200367e-09	3.720430464484e-09	-9.114772489950e-10
-3.028400000000e-06	-1.714004975945e-09	4.060759761573e-09	-9.442562394307e-10
-3.028200000000e-06	-1.531360838190e-09	4.005723271888e-09	-1.280303933358e-09
-3.028000000000e-06	-1.904958605657e-09	4.167576786976e-09	-6.348256675335e-10
-3.027800000000e-06	-1.378123929740e-09	3.527266701709e-09	-1.056246373143e-09
-3.027600000000e-06	-1.540051708131e-09	3.693068583295e-09	-8.900543390960e-10
-3.027400000000e-06	-1.973775869552e-09	4.240811034711e-09	-5.632891124011e-10
-3.027200000000e-06	-1.320723220056e-09	3.774480449899e-09	-1.472148778218e-09
-3.027000000000e-06	-1.934733829229e-09	4.250482989667e-09	-6.589323426448e-10
-3.026800000000e-06	-1.829578406199e-09	4.050146643988e-09	-6.604192664591e-10
-3.026600000000e-06	-1.515423678311e-09	3.891248867478e-09	-1.177155510665e-09
-3.026400000000e-06	-1.800399088875e-09	3.937211409326e-09	-5.890992429274e-10
-3.026200000000e-06	-1.402004143933e-09	3.666389004677e-09	-1.160812256536e-09
-3.026000000000e-06	-1.428610214541e-09	3.649447308170e-09	-1.077658882338e-09
-3.025800000000e-06	-1.844519076716e-09	4.257708478611e-09	-8.679028652619e-10
-3.025600000000e-06	-1.852580543385e-09	4.296680256683e-09	-8.884524093132e-10
-3.025400000000e-06	-1.735955505332e-09	4.121177691583e-09	-9.436096975877e-10
-3.025200000000e-06	-1.704828010606e-09	4.184877752480e-09	-1.085093779745e-09
-3.025000000000e-06	-1.609897685158e-09	3.936667651420e-09	-1.003825869331e-09
-3.024800000000e-06	-1.850706562658e-09	4.507147860123e-09	-1.139144079733e-09
-3.024600000000e-06	-2.139773987562e-09	5.129748471113e-09	-1.218992614341e-09
-3.024400000000e-06	-1.494330155415e-09	3.614180312570e-09	-8.808041226569e-10
-3.024200000000e-06	-1.986332706522e-09	4.912287048651e-09	-1.305255926672e-09
-3.024000000000e-06	-1.911471342307e-09	4.606685199965e-09	-1.110295996668e-09
-3.023800000000e-06	-1.967866740413e-09	4.450435725570e-09	-8.024862309581e-10
-3.023600000000e-06	-2.015312043251e-09	4.770764325083e-09	-1.068158173290e-09
-3.023400000000e-06	-2.335663799843e-09	5.317164789726e-09	-9.900218783502e-10
-3.023200000000e-06	-1.900025963303e-09	4.358486607638e-09	-8.419721792483e-10
-3.023000000000e-06	-1.848859522954e-09	4.375995362497e-09	-9.735080332797e-10
-3.022800000000e-06	-1.968386371404e-09	4.739537747673e-09	-1.133807336283e-09
-3.022600000000e-06	-1.775697876022e-09	4.398210663568e-09	-1.161786253955e-09
-3.022400000000e-06	-2.190997967817e-09	4.792839658642e-09	-6.912372642483e-10
-3.022200000000e-06	-1.958857381309e-09	4.342471423935e-09	-6.859176709934e-10
-3.022000000000e-06	-1.854880451305e-09	4.358231694765e-09	-9.323240228930e-10
-3.021800000000e-06	-2.046833190929e-09	4.861288804222e-09	-1.091048421722e-09
-3.021600000000e-06	-2.207906187329e-09	5.316097170643e-09	-1.259457691273e-09
-3.021400000000e-06	-2.225067759544e-09	5.122662091938e-09	-9.916231693179e-10
-3.021200000000e-06	-2.076734467818e-09	4.876009667994e-09	-1.032622763707e-09
-3.021000000000e-06	-2.027460627370e-09	5.037510600608e-09	-1.329520973670e-09
-3.020800000000e-06	-2.101220702594e-09	4.768219914041e-09	-8.552122808899e-10
-3.020600000000e-06	-2.039130102454e-09	4.703187274036e-09	-9.180812282968e-10
-3.020400000000e-06	-2.056951765217e-09	4.715237995291e-09	-8.847372047327e-10
-3.020200000000e-06	-1.841413442481e-09	4.705316758947e-09	-1.353379950025e-09
-3.020000000000e-06	-2.401315507136e-09	5.161105745798e-09	-6.403201126507e-10
-3.019800000000e-06	-2.069527196533e-09	5.025269374127e-09	-1.215865913104e-09
-3.019600000000e-06	-2.105946918523e-09	5.355566664694e-09	-1.513867735378e-09
-3.019400000000e-06	-2.033846448213e-09	4.723745126102e-09	-9.429617848701e-10
-3.019200000000e-06	-2.128448174588e-09	5.533629290307e-09	-1.665819711935e-09
-3.019000000000e-06	-2.474761737449e-09	5.351306316486e-09	-6.813504083612e-10
-3.018800000000e-06	-1.814530127311e-09	4.801854790834e-09	-1.516048540312e-09
-3.018600000000e-06	-2.265930650757e-09	4.737209190611e-09	-4.313665276389e-10
-3.018400000000e-06	-2.064609084612e-09	4.977320909611e-09	-1.161098785876e-09
-3.018200000000e-06	-1.748223339485e-09	4.377496697282e-09	-1.169080285657e-09
-3.018000000000e-06	-2.333511718829e-09	5.527034216736e-09	-1.191434987374e-09
-3.017800000000e-06	-2.227527447450e-09	5.422341484709e-09	-1.317406648193e-09
-3.017600000000e-06	-1.744365798081e-09	4.707632609328e-09	-1.554620140970e-09
-3.017400000000e-06	-2.777217750779e-09	6.189314396738e-09	-9.685559912587e-10
-3.017200000000e-06	-2.088637506797e-09	4.827556508974e-09	-9.253308773094e-10
-3.017000000000e-06	-2.190892275617e-09	5.028963641401e-09	-9.264628971623e-10
-3.016800000000e-06	-2.041910096893e-09	5.349403092113e-09	-1.620196602886e-09
-3.016600000000e-06	-2.264890037336e-09	5.096299348342e-09	-8.383176271029e-10
-3.016400000000e-06	-2.282195406215e-09	5.599893321817e-09	-1.381598488388e-09
-3.016200000000e-06	-2.180204554630e-09	5.282767375360e-09	-1.241935527722e-09
-3.016000000000e-06	-2.011512256984e-09	5.112260222099e-09	-1.412324590258e-09
-3.015800000000e-06	-2.149106155577e-09	5.403047375291e-09	-1.442330138271e-09
-3.015600000000e-06	-2.537696222843e-09	5.537681650423e-09	-7.294001160471e-10
-3.015400000000e-06	-2.723223138152e-09	6.087550255442e-09	-9.481796418617e-10
-3.015200000000e-06	-2.146973955840e-09	5.521249855088e-09	-1.580646509176e-09
-3.015000000000e-06	-2.310097954763e-09	5.778829961687e-09	-1.518400949753e-09
-3.014800000000e-06	-2.313993481884e-09	5.048991139735e-09	-6.613036112870e-10
-3.014600000000e-06	-2.167870366282e-09	5.226357885756e-09	-1.183045206766e-09
-3.014400000000e-06	-2.133376447054e-09	6.032520362778e-09	-2.194387815626e-09
-3.014200000000e-06	-2.198316746632e-09	4.979270667521e-09	-8.286554083301e-10
-3.014000000000e-06	-1.910624280054e-09	5.134294292914e-09	-1.648410554182e-09
-3.013800000000e-06	-2.646483073960e-09	6.283542085864e-09	-1.331545214917e-09
-3.013600000000e-06	-2.107449644368e-09	5.547401948408e-09	-1.689007997922e-09
-3.013400000000e-06	-2.257172355334e-09	5.673778516212e-09	-1.497722112380e-09
-3.013200000000e-06	-2.468216243289e-09	5.481548108679e-09	-8.021074236705e-10
-3.013000000000e-06	-2.450587721391e-09	5.836745453440e-09	-1.253280236711e-09
-3.012800000000e-06	-2.194549259388e-09	5.522531513062e-09	-1.456462836065e-09
-3.012600000000e-06	-2.264404573056e-09	5.400018878158e-09	-1.156685159376e-09
-3.012400000000e-06	-1.908166891075e-09	5.221191396834e-09	-1.745815206929e-09
-3.012200000000e-06	-2.195535453413e-09	4.925166337080e-09	-7.522313092226e-10
-3.012000000000e-06	-2.840878575863e-09	5.957404977150e-09	-5.109419200990e-10
-3.011800000000e-06	-2.578641375150e-09	6.266487417584e-09	-1.449439126752e-09
-3.011600000000e-06	-1.966976569649e-09	5.977186906087e-09	-2.477541517403e-09
-3.011400000000e-06	-2.486773924878e-09	5.509905146102e-09	-7.739663373732e-10
-3.011200000000e-06	-2.400239411322e-09	6.048435764126e-09	-1.589192833115e-09
-3.011000000000e-06	-2.194594165150e-09	5.270934175566e-09	-1.157991115769e-09
-3.010800000000e-06	-2.505473620679e-09	5.432797306111e-09	-6.388369969381e-10
-3.010600000000e-06	-2.780522075066e-09	6.251746313179e-09	-9.724717598626e-10
-3.010400000000e-06	-1.991205696176e-09	5.287983517947e-09	-1.619041840277e-09
-3.010200000000e-06	-2.569120772778e-09	5.670468686984e-09	-7.696432674455e-10
-3.010000000000e-06	-2.396736279632e-09	5.737197541565e-09	-1.229237078061e-09
-3.009800000000e-06	-2.231232093261e-09	5.565769371512e-09	-1.392153950956e-09
-3.009600000000e-06	-2.300471943018e-09	5.197811348547e-09	-8.177449342068e-10
-3.009400000000e-06	-2.727514638558e-09	6.683785440578e-09	-1.573538665577e-09
-3.009200000000e-06	-2.465974291077e-09	5.689865218139e-09	-1.010461531152e-09
-3.009000000000e-06	-2.121343607911e-09	5.332017464948e-09	-1.366938466459e-09
-3.008800000000e-06	-2.650896276371e-09	6.647200432430e-09	-1.697848151792e-09
-3.008600000000e-06	-1.740992584989e-09	4.919049300461e-09	-1.728921082534e-09
-3.008400000000e-06	-2.558884895133e-09	5.953555436910e-09	-1.103167474965e-09
-3.008200000000e-06	-2.083177344212e-09	5.085982491892e-09	-1.159013189424e-09
-3.008000000000e-06	-2.510059733969e-09	5.904790317591e-09	-1.147912995898e-09
-3.007800000000e-06	-2.533552498076e-09	5.775958308441e-09	-9.441794068472e-10
-3.007600000000e-06	-2.798264020154e-09	5.829779260723e-09	-4.184123433229e-10
-3.007400000000e-06	-2.466375565403e-09	6.184697736425e-09	-1.560561406574e-09
-3.007200000000e-06	-2.143001148969e-09	5.479620412799e-09	-1.469670607406e-09
-3.007000000000e-06	-2.861293544896e-09	7.017085953083e-09	-1.633871451593e-09
-3.006800000000e-06	-2.235030258896e-09	5.632255776254e-09	-1.439065638660e-09
-3.006600000000e-06	-2.418933899171e-09	6.050927520542e-09	-1.498479619408e-09
-3.006400000000e-06	-2.784077586913e-09	6.368743358020e-09	-1.054332468607e-09
-3.006200000000e-06	-2.497915808456e-09	5.943922237351e-09	-1.200585738763e-09
-3.006000000000e-06	-2.305158242326e-09	5.717037753380e-09	-1.372846551363e-09
-3.005800000000e-06	-2.106665054540e-09	5.595733121764e-09	-1.673679265437e-09
