5.380000000000e-07	0.000000000000e+00	0.000000000000e+00	0.000000000000e+00
5.382000000000e-07	0.000000000000e+00	0.000000000000e+00	0.000000000000e+00
5.384000000000e-07	0.000000000000e+00	0.000000000000e+00	0.000000000000e+00
5.386000000000e-07	0.000000000000e+00	0.000000000000e+00	0.000000000000e+00
5.388000000000e-07	0.000000000000e+00	0.000000000000e+00	0.000000000000e+00
5.390000000000e-07	0.000000000000e+00	0.000000000000e+00	0.000000000000e+00
5.392000000000e-07	0.000000000000e+00	0.000000000000e+00	0.000000000000e+00
5.394000000000e-07	0.000000000000e+00	0.000000000000e+00	0.000000000000e+00
5.396000000000e-07	0.000000000000e+00	0.000000000000e+00	0.000000000000e+00
5.398000000000e-07	0.000000000000e+00	0.000000000000e+00	0.000000000000e+00
5.400000000000e-07	0.000000000000e+00	0.000000000000e+00	0.000000000000e+00
5.402000000000e-07	0.000000000000e+00	0.000000000000e+00	0.000000000000e+00
5.404000000000e-07	0.000000000000e+00	0.000000000000e+00	0.000000000000e+00
5.406000000000e-07	0.000000000000e+00	0.000000000000e+00	0.000000000000e+00
5.408000000000e-07	0.000000000000e+00	0.000000000000e+00	0.000000000000e+00
5.410000000000e-07	0.000000000000e+00	0.000000000000e+00	0.000000000000e+00
5.412000000000e-07	0.000000000000e+00	0.000000000000e+00	0.000000000000e+00
5.414000000000e-07	0.000000000000e+00	0.000000000000e+00	0.000000000000e+00
5.416000000000e-07	0.000000000000e+00	0.000000000000e+00	0.000000000000e+00
5.418000000000e-07	0.000000000000e+00	0.000000000000e+00	0.000000000000e+00
5.420000000000e-07	0.000000000000e+00	0.000000000000e+00	0.000000000000e+00
5.422000000000e-07	0.000000000000e+00	0.000000000000e+00	0.000000000000e+00
5.424000000000e-07	0.000000000000e+00	0.000000000000e+00	0.000000000000e+00
5.426000000000e-07	0.000000000000e+00	0.000000000000e+00	0.000000000000e+00
5.428000000000e-07	0.000000000000e+00	0.000000000000e+00	0.000000000000e+00
5.430000000000e-07	0.000000000000e+00	0.000000000000e+00	0.000000000000e+00
5.432000000000e-07	0.000000000000e+00	0.000000000000e+00	0.000000000000e+00
5.434000000000e-07	0.000000000000e+00	0.000000000000e+00	0.000000000000e+00
5.436000000000e-07	0.000000000000e+00	0.000000000000e+00	0.000000000000e+00
5.438000000000e-07	0.000000000000e+00	0.000000000000e+00	0.000000000000e+00
5.440000000000e-07	0.000000000000e+00	0.000000000000e+00	0.000000000000e+00
5.442000000000e-07	0.000000000000e+00	0.000000000000e+00	0.000000000000e+00
5.444000000000e-07	0.000000000000e+00	0.000000000000e+00	0.000000000000e+00
5.446000000000e-07	0.000000000000e+00	0.000000000000e+00	0.000000000000e+00
5.448000000000e-07	0.000000000000e+00	0.000000000000e+00	0.000000000000e+00
5.450000000000e-07	0.000000000000e+00	0.000000000000e+00	0.000000000000e+00
5.452000000000e-07	0.000000000000e+00	0.000000000000e+00	0.000000000000e+00
5.454000000000e-07	0.000000000000e+00	0.000000000000e+00	0.000000000000e+00
5.456000000000e-07	0.000000000000e+00	0.000000000000e+00	0.000000000000e+00
5.458000000000e-07	0.000000000000e+00	0.000000000000e+00	0.000000000000e+00
5.460000000000e-07	0.000000000000e+00	0.000000000000e+00	0.000000000000e+00
5.462000000000e-07	0.000000000000e+00	0.000000000000e+00	0.000000000000e+00
5.464000000000e-07	0.000000000000e+00	0.000000000000e+00	0.000000000000e+00
5.466000000000e-07	0.000000000000e+00	0.000000000000e+00	0.000000000000e+00
5.468000000000e-07	0.000000000000e+00	0.000000000000e+00	0.000000000000e+00
5.470000000000e-07	0.000000000000e+00	0.000000000000e+00	0.000000000000e+00
5.472000000000e-07	0.000000000000e+00	0.000000000000e+00	0.000000000000e+00
5.474000000000e-07	0.000000000000e+00	0.000000000000e+00	0.000000000000e+00
5.476000000000e-07	0.000000000000e+00	0.000000000000e+00	0.000000000000e+00
5.478000000000e-07	0.000000000000e+00	0.000000000000e+00	0.000000000000e+00
5.480000000000e-07	0.000000000000e+00	0.000000000000e+00	0.000000000000e+00
5.482000000000e-07	0.000000000000e+00	0.000000000000e+00	0.000000000000e+00
5.484000000000e-07	0.000000000000e+00	0.000000000000e+00	0.000000000000e+00
5.486000000000e-07	0.000000000000e+00	0.000000000000e+00	0.000000000000e+00
5.488000000000e-07	0.000000000000e+00	0.000000000000e+00	0.000000000000e+00
5.490000000000e-07	0.000000000000e+00	0.000000000000e+00	0.000000000000e+00
5.492000000000e-07	0.000000000000e+00	0.000000000000e+00	0.000000000000e+00
5.494000000000e-07	0.000000000000e+00	0.000000000000e+00	0.000000000000e+00
5.496000000000e-07	0.000000000000e+00	0.000000000000e+00	0.000000000000e+00
5.498000000000e-07	0.000000000000e+00	0.000000000000e+00	0.000000000000e+00
5.500000000000e-07	0.000000000000e+00	0.000000000000e+00	0.000000000000e+00
5.502000000000e-07	4.505860013584e-15	-6.821787942711e-15	-4.638930316458e-16
5.504000000000e-07	-1.623952218683e-14	-4.692893593790e-15	4.249442224589e-14
5.506000000000e-07	8.507119232132e-12	-7.003718026065e-12	-8.839832636433e-12
5.508000000000e-07	-6.612985468866e-12	6.120476148251e-12	5.715390613435e-12
5.510000000000e-07	-9.287574674497e-13	1.113707244395e-12	5.112501370244e-13
5.512000000000e-07	-1.035743608103e-12	1.071543060797e-12	9.137001961314e-13
5.514000000000e-07	1.624274278304e-13	-6.984409111011e-15	-3.137969123772e-13
5.516000000000e-07	-1.273142794584e-13	6.585980044690e-13	-6.275354975213e-13
5.518000000000e-07	2.642001237926e-12	-6.222738102036e-12	2.829907389671e-12
5.520000000000e-07	-1.612483279748e-12	5.090382107230e-12	-3.493095492251e-12
5.522000000000e-07	-2.129477590879e-11	2.055307307287e-11	2.094921163060e-11
5.524000000000e-07	2.917156677895e-11	-1.764452020502e-11	-4.137137621286e-11
5.526000000000e-07	-1.805705195073e-11	1.449429019419e-11	2.052561928651e-11
5.528000000000e-07	5.097050287988e-14	-1.864754079850e-11	2.491772943302e-11
5.530000000000e-07	-9.498547889873e-12	1.815834633974e-11	-3.944634412969e-12
5.532000000000e-07	4.688254634807e-12	-5.908100219160e-12	-2.366100863474e-12
5.534000000000e-07	1.347883884304e-13	-2.215112988688e-11	2.931728443544e-11
5.536000000000e-07	-8.057508936874e-12	3.115513001867e-11	-2.296894850554e-11
5.538000000000e-07	1.767026554834e-11	-3.042484503174e-11	1.829242425400e-12
5.540000000000e-07	-5.676908767908e-11	9.919875338825e-11	-9.041773894241e-12
5.542000000000e-07	-2.563924914948e-11	2.419900140648e-12	5.624980791335e-11
5.544000000000e-07	3.541759098518e-11	2.451438657985e-11	-1.187441637642e-10
5.546000000000e-07	-7.542125638917e-11	1.061328481550e-10	2.616978885320e-11
5.548000000000e-07	2.726544844907e-11	-5.579620268088e-12	-5.179710994600e-11
5.550000000000e-07	-1.447960160662e-10	3.316038156742e-10	-1.276939387847e-10
5.552000000000e-07	-1.838167634106e-10	4.038417854545e-10	-1.414625072523e-10
5.554000000000e-07	-3.639988003938e-10	7.292011040544e-10	-1.802128980394e-10
5.556000000000e-07	-6.481096111704e-10	1.493123688231e-09	-6.068724364453e-10
5.558000000000e-07	-1.369532855623e-09	3.002241771693e-09	-1.046030703962e-09
5.560000000000e-07	-2.118708162049e-09	4.154138973077e-09	-9.603984144762e-10
5.562000000000e-07	-2.797934976900e-09	5.403948379916e-09	-1.119549164622e-09
5.564000000000e-07	-4.491723508503e-09	9.190856364138e-09	-2.450690352786e-09
5.566000000000e-07	-1.005194639204e-08	2.083622054976e-08	-5.755803834378e-09
5.568000000000e-07	-2.520518665357e-08	5.172021441635e-08	-1.371527513781e-08
5.570000000000e-07	-3.020661886409e-08	6.122803799298e-08	-1.550159946466e-08
5.572000000000e-07	-3.106514164778e-08	6.347855414209e-08	-1.675231836887e-08
5.574000000000e-07	-2.916564275808e-08	5.887019433350e-08	-1.483446316864e-08
5.576000000000e-07	-2.720912282494e-08	5.533175128532e-08	-1.450632561156e-08
5.578000000000e-07	-2.328500435961e-08	4.794651836375e-08	-1.332268571288e-08
5.580000000000e-07	-1.977679118328e-08	4.019964088683e-08	-1.069019216490e-08
5.582000000000e-07	-1.657909244541e-08	3.299531801619e-08	-8.032168555708e-09
5.584000000000e-07	-1.330919241852e-08	2.701539855509e-08	-7.214829738639e-09
5.586000000000e-07	-1.022624940794e-08	2.049644260278e-08	-5.210907568977e-09
5.588000000000e-07	-8.125241710133e-09	1.695787358433e-08	-5.070622838587e-09
5.590000000000e-07	-8.779353623875e-09	1.632971895946e-08	-2.735432129565e-09
5.592000000000e-07	-7.255708963484e-09	1.354711601638e-08	-2.317865984125e-09
5.594000000000e-07	-4.366043424843e-09	1.085236495753e-08	-5.089434836623e-09
5.596000000000e-07	-4.760672607741e-09	9.734789011406e-09	-2.675392544700e-09
5.598000000000e-07	-5.669685937240e-09	1.140885552476e-08	-2.901636059085e-09
5.600000000000e-07	-4.627891392204e-09	8.599840781665e-09	-1.377188077871e-09
5.602000000000e-07	-4.880899781566e-09	9.947494388986e-09	-2.642347506009e-09
5.604000000000e-07	-2.627640124488e-09	6.078681455419e-09	-2.382887965330e-09
5.606000000000e-07	7.743342422299e-10	-2.157343060440e-09	1.133589379277e-09
5.608000000000e-07	6.938066965447e-10	-8.718890658922e-10	-4.271480852442e-10
5.610000000000e-07	4.604037699124e-10	-6.183827835702e-10	-2.403013453352e-10
5.612000000000e-07	4.260073698728e-10	-1.044719815444e-09	4.193256565217e-10
5.614000000000e-07	4.311761593656e-11	8.628166572817e-11	-2.538493389900e-10
5.616000000000e-07	-4.639253055143e-10	1.345653956117e-09	-8.315628046545e-10
5.618000000000e-07	-1.387059050614e-09	3.173645317138e-09	-1.268170130195e-09
5.620000000000e-07	-2.849898138148e-09	5.882105098272e-09	-1.736674455920e-09
5.622000000000e-07	-7.504101420505e-09	1.415748286593e-08	-2.653372262091e-09
5.624000000000e-07	-1.089890568897e-08	2.159001572209e-08	-5.212097858267e-09
5.626000000000e-07	-2.283106587841e-08	4.695757696087e-08	-1.330739819454e-08
5.628000000000e-07	-3.979135128830e-08	8.090761530003e-08	-2.179779605841e-08
5.630000000000e-07	-7.276291182257e-08	1.501035412059e-07	-4.278139799201e-08
5.632000000000e-07	-1.518672565883e-07	3.082425662626e-07	-8.252296310917e-08
5.634000000000e-07	-2.693392995212e-07	5.446107900218e-07	-1.429412620999e-07
5.636000000000e-07	-2.701173445091e-07	5.519639135215e-07	-1.492285810839e-07
5.638000000000e-07	-2.687996899418e-07	5.455869211555e-07	-1.417703937861e-07
5.640000000000e-07	-2.505685283716e-07	5.077624631677e-07	-1.299099025045e-07
5.642000000000e-07	-2.037522528102e-07	4.223492520495e-07	-1.177004505700e-07
5.644000000000e-07	-1.653276534206e-07	3.375004733185e-07	-8.774246459366e-08
5.646000000000e-07	-1.142269036209e-07	2.341834222245e-07	-6.154712320404e-08
5.648000000000e-07	-7.459279936769e-08	1.536066325205e-07	-4.085807493525e-08
5.650000000000e-07	-3.658927312862e-08	7.609530611872e-08	-2.086705542520e-08
5.652000000000e-07	-7.224892070871e-09	9.053469389642e-09	4.128158278887e-09
5.654000000000e-07	1.550923931891e-08	-3.099411124738e-08	7.315803035936e-09
5.656000000000e-07	2.091535130175e-08	-4.227117258215e-08	1.037949048814e-08
5.658000000000e-07	1.889277534616e-08	-3.882637097703e-08	1.018823556187e-08
5.660000000000e-07	1.860610737995e-08	-3.851916126420e-08	1.050716967674e-08
5.662000000000e-07	1.687178506918e-08	-3.483602032707e-08	9.456952661357e-09
5.664000000000e-07	1.539670733525e-08	-3.200622181443e-08	8.865712676705e-09
5.666000000000e-07	1.387344960660e-08	-2.787224504455e-08	6.712056434961e-09
5.668000000000e-07	1.331979998242e-08	-2.630366917394e-08	5.860364829367e-09
5.670000000000e-07	1.342239240371e-08	-2.638330330319e-08	5.769989677990e-09
5.672000000000e-07	1.013155358295e-08	-2.184541256504e-08	6.931305120112e-09
5.674000000000e-07	1.118401741408e-08	-2.303151267771e-08	6.279732569892e-09
5.676000000000e-07	1.175958874315e-08	-2.220735497220e-08	3.828848251840e-09
5.678000000000e-07	1.067522347250e-08	-2.161904106740e-08	5.449087157335e-09
5.680000000000e-07	8.254155727071e-09	-1.814984344036e-08	6.127557357613e-09
5.682000000000e-07	9.834179062919e-09	-1.994992845207e-08	5.097829860256e-09
5.684000000000e-07	8.875507415373e-09	-1.886378408285e-08	5.817451758322e-09
5.686000000000e-07	8.345751940213e-09	-1.840548055871e-08	6.388744580813e-09
5.688000000000e-07	8.791722232033e-09	-1.708945494113e-08	3.543955900006e-09
5.690000000000e-07	8.316280474818e-09	-1.735057261616e-08	4.901159204056e-09
5.692000000000e-07	8.016129995557e-09	-1.643318893160e-08	4.420002061065e-09
5.694000000000e-07	8.280613718186e-09	-1.636504713157e-08	3.787029848294e-09
5.696000000000e-07	8.308870136180e-09	-1.750825817211e-08	5.259478032769e-09
5.698000000000e-07	7.823489037040e-09	-1.514850379146e-08	3.139168365155e-09
5.700000000000e-07	7.798698032514e-09	-1.566924464365e-08	3.878475842222e-09
5.702000000000e-07	7.352279849919e-09	-1.615208393762e-08	5.615563076049e-09
5.704000000000e-07	7.346190086592e-09	-1.503765188601e-08	4.040380685790e-09
5.706000000000e-07	6.440460958684e-09	-1.376576434781e-08	4.349406574190e-09
5.708000000000e-07	6.621690917170e-09	-1.364764122158e-08	3.778297750961e-09
5.710000000000e-07	7.371657529684e-09	-1.486455813589e-08	3.787168463523e-09
5.712000000000e-07	7.261315867254e-09	-1.431378843540e-08	3.261933343074e-09
5.714000000000e-07	7.689083371216e-09	-1.468267176134e-08	2.867240663272e-09
5.716000000000e-07	5.818393037392e-09	-1.240016467577e-08	3.867126009142e-09
5.718000000000e-07	6.433359006793e-09	-1.303208144720e-08	3.343411664132e-09
5.720000000000e-07	6.679972453881e-09	-1.355600149224e-08	3.551724525249e-09
5.722000000000e-07	6.666695385956e-09	-1.284135769693e-08	2.624208724921e-09
5.724000000000e-07	5.494945336517e-09	-1.236032806995e-08	4.556102737097e-09
5.726000000000e-07	6.795238683961e-09	-1.312843047993e-08	2.704497208800e-09
5.728000000000e-07	5.361747553473e-09	-1.207055243149e-08	4.446224491119e-09
5.730000000000e-07	5.935572151656e-09	-1.159542050595e-08	2.494302199689e-09
5.732000000000e-07	5.902619726345e-09	-1.310416441313e-08	4.683281218582e-09
5.734000000000e-07	5.780706422564e-09	-1.199080713796e-08	3.446139613636e-09
5.736000000000e-07	6.383348110646e-09	-1.198795687905e-08	2.082000435650e-09
5.738000000000e-07	5.185780116439e-09	-1.120504617681e-08	3.721256228132e-09
5.740000000000e-07	5.535108421303e-09	-1.208418453110e-08	4.085061631887e-09
5.742000000000e-07	5.872172549513e-09	-1.152723835548e-08	2.578331557813e-09
5.744000000000e-07	6.466673984616e-09	-1.247526927377e-08	2.556221943010e-09
5.746000000000e-07	5.565557799319e-09	-1.209155911321e-08	4.098965965040e-09
5.748000000000e-07	5.177306532753e-09	-1.091766613105e-08	3.359436984811e-09
5.750000000000e-07	5.515795098711e-09	-1.089312897591e-08	2.544441452607e-09
5.752000000000e-07	5.181715353441e-09	-1.075530289226e-08	3.078510145449e-09
5.754000000000e-07	5.847957553643e-09	-1.204814408660e-08	3.388357900652e-09
5.756000000000e-07	5.042940404545e-09	-1.044117550821e-08	3.023081885065e-09
5.758000000000e-07	5.245770520522e-09	-1.066065370149e-08	2.798543067144e-09
5.760000000000e-07	6.055339574034e-09	-1.148377893018e-08	2.158641484454e-09
5.762000000000e-07	5.357800186818e-09	-1.073972113697e-08	2.735036343681e-09
5.764000000000e-07	5.795502746123e-09	-1.071964495507e-08	1.750182807264e-09
5.766000000000e-07	4.505493930196e-09	-9.870061154785e-09	3.404219583799e-09
5.768000000000e-07	4.684915468154e-09	-9.957083251172e-09	3.138667211724e-09
5.770000000000e-07	4.637523900661e-09	-9.231230722213e-09	2.250503411788e-09
5.772000000000e-07	5.024838926934e-09	-1.102718528967e-08	3.883661747586e-09
5.774000000000e-07	4.402226850710e-09	-9.729229850583e-09	3.467155275782e-09
5.776000000000e-07	5.109027770950e-09	-1.006399692612e-08	2.391856872810e-09
5.778000000000e-07	5.250632695140e-09	-1.052401700429e-08	2.643045439105e-09
5.780000000000e-07	4.647230642659e-09	-9.319407645617e-09	2.339880552642e-09
5.782000000000e-07	4.805201848549e-09	-9.841460972961e-09	2.716584520885e-09
5.784000000000e-07	4.831338469732e-09	-9.886755171936e-09	2.732368082427e-09
5.786000000000e-07	4.994592208959e-09	-9.081537833506e-09	1.212342199956e-09
5.788000000000e-07	4.714598594935e-09	-9.841696605177e-09	2.855111960206e-09
5.790000000000e-07	4.319420901135e-09	-8.499372462453e-09	2.004354971109e-09
5.792000000000e-07	4.853817971180e-09	-1.007204697562e-08	2.939850792461e-09
5.794000000000e-07	4.719403221294e-09	-1.007288916587e-08	3.244636839277e-09
5.796000000000e-07	4.760979324677e-09	-9.327665343163e-09	2.102686493878e-09
5.798000000000e-07	4.886816808306e-09	-9.587084910145e-09	2.209903324857e-09
5.800000000000e-07	4.748510045527e-09	-9.819040114956e-09	2.797737313666e-09
5.802000000000e-07	4.814858081608e-09	-9.756971604414e-09	2.643454633551e-09
5.804000000000e-07	4.222828593297e-09	-8.737700936503e-09	2.593930191632e-09
5.806000000000e-07	4.975115739233e-09	-9.726811432160e-09	2.182109833296e-09
5.808000000000e-07	4.515566173727e-09	-9.045857793297e-09	2.271876732603e-09
5.810000000000e-07	3.955251467616e-09	-8.531718756276e-09	2.811018450864e-09
5.812000000000e-07	4.574726222800e-09	-8.819320715091e-09	1.821080205333e-09
5.814000000000e-07	4.487679390885e-09	-9.639728443629e-09	3.139405142614e-09
5.816000000000e-07	4.722937992894e-09	-9.510329624773e-09	2.501148865706e-09
5.818000000000e-07	4.154888734189e-09	-8.342394644566e-09	2.191092637757e-09
5.820000000000e-07	4.390619006518e-09	-8.690091953113e-09	2.084300895355e-09
5.822000000000e-07	4.647001002454e-09	-9.169396092079e-09	2.161174155311e-09
5.824000000000e-07	3.884710825751e-09	-8.618412861484e-09	3.148096487305e-09
5.826000000000e-07	4.334033701003e-09	-8.357688752002e-09	1.738629699705e-09
5.828000000000e-07	4.348333362661e-09	-8.597911839754e-09	2.011595469001e-09
5.830000000000e-07	4.141170711548e-09	-9.066748785757e-09	3.169110349232e-09
5.832000000000e-07	4.169404211261e-09	-8.954626517016e-09	2.958058514195e-09
5.834000000000e-07	4.449677830994e-09	-8.890827922087e-09	2.273215729021e-09
5.836000000000e-07	4.124748815107e-09	-8.353409185065e-09	2.220780480216e-09
5.838000000000e-07	4.022476134799e-09	-8.574826459218e-09	2.745495861433e-09
5.840000000000e-07	4.267329148480e-09	-8.231611836711e-09	1.747010379827e-09
5.842000000000e-07	4.246444538979e-09	-8.649914486768e-09	2.387956862675e-09
5.844000000000e-07	4.473945118234e-09	-9.104704881339e-09	2.415827070919e-09
5.846000000000e-07	4.154210021286e-09	-8.688925837394e-09	2.645033209417e-09
5.848000000000e-07	4.014930413822e-09	-8.191231813550e-09	2.241979383989e-09
5.850000000000e-07	4.521538849052e-09	-9.177028523080e-09	2.498520645509e-09
5.852000000000e-07	3.871721751270e-09	-7.844554919079e-09	2.106380873793e-09
5.854000000000e-07	4.034359399268e-09	-8.230637458100e-09	2.233269579330e-09
5.856000000000e-07	4.325882256540e-09	-8.970039491475e-09	2.644122465492e-09
5.858000000000e-07	4.327018767365e-09	-8.437620829470e-09	1.784627677368e-09
5.860000000000e-07	4.142137853774e-09	-8.062436988864e-09	1.824667933772e-09
5.862000000000e-07	4.045017065081e-09	-8.631858048001e-09	2.800046180035e-09
5.864000000000e-07	3.782097112193e-09	-7.669521150472e-09	2.087104398205e-09
5.866000000000e-07	4.010562075624e-09	-8.538202810496e-09	2.714419379724e-09
5.868000000000e-07	4.095668173405e-09	-8.103064680921e-09	1.964141129785e-09
5.870000000000e-07	3.836295565069e-09	-8.111776318165e-09	2.565205689124e-09
5.872000000000e-07	4.290439028761e-09	-8.331770090499e-09	1.777909845944e-09
5.874000000000e-07	3.527593812034e-09	-7.096326889239e-09	1.802986327902e-09
5.876000000000e-07	4.269859201635e-09	-8.298657294688e-09	1.831890865739e-09
5.878000000000e-07	4.083484324838e-09	-7.870858937034e-09	1.700307539799e-09
5.880000000000e-07	3.901521509498e-09	-7.539410268411e-09	1.605654581635e-09
5.882000000000e-07	3.905378117351e-09	-8.059506871418e-09	2.317927366963e-09
5.884000000000e-07	3.483621523231e-09	-7.181274430827e-09	2.075308045204e-09
5.886000000000e-07	4.016165115947e-09	-7.882847312065e-09	1.823309268572e-09
5.888000000000e-07	3.319564048292e-09	-7.241424037838e-09	2.475174007493e-09
5.890000000000e-07	4.448855143378e-09	-8.452233027163e-09	1.628770414095e-09
5.892000000000e-07	3.695755673437e-09	-8.017938168203e-09	2.786218267603e-09
5.894000000000e-07	3.840489454250e-09	-7.945169826404e-09	2.337272936684e-09
5.896000000000e-07	3.896213732440e-09	-7.381448260920e-09	1.384261840691e-09
5.898000000000e-07	4.069608347496e-09	-8.329668535092e-09	2.328176544816e-09
5.900000000000e-07	3.784481985736e-09	-7.282150010381e-09	1.517388965587e-09
5.902000000000e-07	3.649721344971e-09	-7.350394735049e-09	1.909841005001e-09
5.904000000000e-07	4.033714460011e-09	-7.686819374997e-09	1.537622317707e-09
5.906000000000e-07	3.361595820149e-09	-7.203416334258e-09	2.377229411012e-09
5.908000000000e-07	3.844012490811e-09	-7.818664437158e-09	2.178179291727e-09
5.910000000000e-07	3.366610755021e-09	-7.479940160169e-09	2.783232993074e-09
5.912000000000e-07	3.898402928482e-09	-7.605830348762e-09	1.738414678993e-09
5.914000000000e-07	3.626130287320e-09	-7.067045659225e-09	1.564979773084e-09
5.916000000000e-07	3.669220284064e-09	-7.450844343654e-09	2.017698742032e-09
5.918000000000e-07	3.470521172769e-09	-7.292176095458e-09	2.234909114397e-09
5.920000000000e-07	3.760253896732e-09	-7.649078762945e-09	2.093016288729e-09
5.922000000000e-07	3.447777932630e-09	-6.759897912452e-09	1.593942676740e-09
5.924000000000e-07	3.821360196074e-09	-7.500208357350e-09	1.723863653120e-09
5.926000000000e-07	3.135737692538e-09	-6.766760382918e-09	2.231734349163e-09
5.928000000000e-07	3.564412467916e-09	-7.168484710591e-09	1.865683686918e-09
5.930000000000e-07	3.395809762645e-09	-7.051961046757e-09	2.048792772905e-09
5.932000000000e-07	3.676195157117e-09	-7.124288743751e-09	1.623801071841e-09
5.934000000000e-07	3.371759937056e-09	-7.250618000330e-09	2.336173126875e-09
5.936000000000e-07	3.790933790906e-09	-7.414642878766e-09	1.664698231492e-09
5.938000000000e-07	3.391468265243e-09	-6.796433131019e-09	1.694961426960e-09
5.940000000000e-07	3.518286145645e-09	-6.997267700219e-09	1.732772694637e-09
5.942000000000e-07	3.224103393878e-09	-6.675307418605e-09	1.903692483949e-09
5.944000000000e-07	3.702377262225e-09	-7.470035937608e-09	1.970315775178e-09
5.946000000000e-07	3.315428436946e-09	-7.231896813741e-09	2.519282304725e-09
5.948000000000e-07	3.468426618005e-09	-6.874618042674e-09	1.629572880232e-09
5.950000000000e-07	3.368803486623e-09	-7.155609128988e-09	2.290432684038e-09
5.952000000000e-07	3.320003444019e-09	-6.861267443144e-09	1.957558121575e-09
5.954000000000e-07	3.352645479218e-09	-6.762440088400e-09	1.811470589481e-09
5.956000000000e-07	3.354390106275e-09	-6.925763661967e-09	1.991065653635e-09
5.958000000000e-07	3.446990392972e-09	-7.062055581618e-09	2.009453724561e-09
5.960000000000e-07	3.797798924720e-09	-7.205810132172e-09	1.405034293512e-09
5.962000000000e-07	3.609316117531e-09	-7.187854875972e-09	1.772380880262e-09
5.964000000000e-07	3.312784837044e-09	-6.997111348112e-09	2.280536645461e-09
5.966000000000e-07	3.319659042495e-09	-6.693927303270e-09	1.756709224070e-09
5.968000000000e-07	3.577384496399e-09	-7.006131271726e-09	1.573603172725e-09
5.970000000000e-07	3.566355224034e-09	-6.875322678125e-09	1.481475873942e-09
5.972000000000e-07	3.252152724052e-09	-6.685447363958e-09	1.915512833841e-09
5.974000000000e-07	3.539922379057e-09	-6.849684075820e-09	1.533742201616e-09
5.976000000000e-07	2.931085296030e-09	-6.371087911793e-09	2.177262253783e-09
5.978000000000e-07	3.086149813949e-09	-6.437527554230e-09	1.919440694613e-09
5.980000000000e-07	3.414843694014e-09	-6.665011231362e-09	1.541426235052e-09
5.982000000000e-07	3.325600742905e-09	-6.667380318947e-09	1.749271012268e-09
5.984000000000e-07	3.383458438800e-09	-6.886576455624e-09	1.966957809412e-09
5.986000000000e-07	3.461524198463e-09	-6.370204377816e-09	9.982796845855e-10
5.988000000000e-07	3.219973196339e-09	-6.603665311169e-09	1.865722730238e-09
5.990000000000e-07	3.325107514354e-09	-6.765672073201e-09	1.874899138127e-09
5.992000000000e-07	3.001587755794e-09	-6.143396314652e-09	1.721123451199e-09
5.994000000000e-07	3.161058804123e-09	-6.534284436328e-09	1.966000805210e-09
5.996000000000e-07	3.059999516376e-09	-6.265112761723e-09	1.746042221144e-09
5.998000000000e-07	3.454495683272e-09	-6.548613463407e-09	1.319658289720e-09
6.000000000000e-07	3.437334046830e-09	-6.971459933364e-09	1.861062864900e-09
6.002000000000e-07	3.050109640320e-09	-6.446394200654e-09	2.009525172300e-09
6.004000000000e-07	3.278671417612e-09	-6.532010308723e-09	1.648091213916e-09
6.006000000000e-07	2.993335030661e-09	-6.408087074982e-09	2.199874453881e-09
6.008000000000e-07	2.824614875791e-09	-5.884762872541e-09	1.770155037836e-09
6.010000000000e-07	2.812996959952e-09	-5.883301181309e-09	1.780276524019e-09
6.012000000000e-07	3.145832788286e-09	-6.360733842184e-09	1.686030229120e-09
6.014000000000e-07	3.498597700583e-09	-6.554999828579e-09	1.237331221622e-09
6.016000000000e-07	3.155363620296e-09	-6.583488981983e-09	1.945049448023e-09
6.018000000000e-07	2.848736127560e-09	-6.022619241799e-09	1.862225198087e-09
6.020000000000e-07	2.857793402649e-09	-5.935761361432e-09	1.718333457685e-09
6.022000000000e-07	2.846485992164e-09	-6.120433377736e-09	1.975044209470e-09
6.024000000000e-07	3.328292524302e-09	-6.472062396067e-09	1.666738535966e-09
6.026000000000e-07	3.053377060963e-09	-6.143749316111e-09	1.628015406625e-09
6.028000000000e-07	3.411650328994e-09	-6.359962579769e-09	1.036866052295e-09
6.030000000000e-07	2.810762375740e-09	-5.933562255726e-09	1.834210065306e-09
6.032000000000e-07	3.003969558462e-09	-6.238758897349e-09	1.956580913217e-09
6.034000000000e-07	2.735669301366e-09	-5.972686373120e-09	2.115719612400e-09
6.036000000000e-07	2.987849053829e-09	-5.991493011370e-09	1.556802879461e-09
6.038000000000e-07	2.962524295819e-09	-5.984158266173e-09	1.545558828545e-09
6.040000000000e-07	3.122763995743e-09	-6.145052587524e-09	1.513967054232e-09
6.042000000000e-07	3.098074445943e-09	-6.150878948582e-09	1.510471036680e-09
6.044000000000e-07	3.371349599614e-09	-6.591984688327e-09	1.514516456786e-09
6.046000000000e-07	3.102979100069e-09	-6.417357438234e-09	1.832379021558e-09
6.048000000000e-07	2.934973062893e-09	-6.128543649028e-09	1.814035729709e-09
6.050000000000e-07	2.886531563740e-09	-5.811391978907e-09	1.625545673431e-09
6.052000000000e-07	3.077500997752e-09	-6.115985580964e-09	1.530997848703e-09
6.054000000000e-07	2.689454119597e-09	-5.711825198060e-09	1.848747018544e-09
6.056000000000e-07	2.634040398366e-09	-5.566387805471e-09	1.734931221362e-09
6.058000000000e-07	2.802534562383e-09	-5.748687617478e-09	1.595889605448e-09
6.060000000000e-07	2.936904288881e-09	-5.797903127058e-09	1.421979302388e-09
6.062000000000e-07	3.035344954067e-09	-6.185792997277e-09	1.733649830762e-09
6.064000000000e-07	2.834885867259e-09	-6.062669151756e-09	2.029735601540e-09
6.066000000000e-07	2.821857317290e-09	-5.716339931098e-09	1.510264062778e-09
6.068000000000e-07	2.906788994953e-09	-5.777715025392e-09	1.450072120551e-09
6.070000000000e-07	2.970258152225e-09	-6.005184728401e-09	1.583755850948e-09
6.072000000000e-07	2.893877278647e-09	-6.011034260984e-09	1.784358633074e-09
6.074000000000e-07	2.669782798332e-09	-5.621576193150e-09	1.786363870173e-09
6.076000000000e-07	2.910860505442e-09	-5.753363669879e-09	1.432842619389e-09
6.078000000000e-07	2.954684506560e-09	-6.102392133018e-09	1.811808346033e-09
6.080000000000e-07	2.858099069114e-09	-5.600711806079e-09	1.286570010458e-09
6.082000000000e-07	2.863373856431e-09	-5.705094112299e-09	1.432946824944e-09
6.084000000000e-07	3.045035476512e-09	-5.663392021338e-09	9.846360533204e-10
6.086000000000e-07	2.900652478799e-09	-5.694978016339e-09	1.355913743516e-09
6.088000000000e-07	2.845211674197e-09	-5.556123970124e-09	1.338903844108e-09
6.090000000000e-07	2.817403813778e-09	-5.425897661929e-09	1.165095372970e-09
6.092000000000e-07	2.774382161010e-09	-5.858303566376e-09	1.855262241570e-09
6.094000000000e-07	2.621226781413e-09	-5.138855552771e-09	1.204677841398e-09
6.096000000000e-07	2.785063651273e-09	-5.688237278876e-09	1.579894165103e-09
6.098000000000e-07	2.702460431016e-09	-5.578814002158e-09	1.544425540281e-09
6.100000000000e-07	2.664498515466e-09	-5.224881333772e-09	1.248001379594e-09
6.102000000000e-07	2.571698950446e-09	-5.332515869665e-09	1.566062719145e-09
6.104000000000e-07	2.663118022166e-09	-5.529635242728e-09	1.667457879684e-09
6.106000000000e-07	2.756957269224e-09	-5.479584618545e-09	1.381221593109e-09
6.108000000000e-07	2.707703736547e-09	-5.699275450799e-09	1.761584701085e-09
6.110000000000e-07	2.684671066314e-09	-5.303455013434e-09	1.240617537765e-09
6.112000000000e-07	2.710762586294e-09	-5.497027967773e-09	1.563125074301e-09
6.114000000000e-07	2.773776724473e-09	-5.391683392310e-09	1.204213451680e-09
6.116000000000e-07	2.803193672682e-09	-5.663675032970e-09	1.533250265164e-09
6.118000000000e-07	2.757453759196e-09	-5.417190765540e-09	1.321460912325e-09
6.120000000000e-07	2.422500327510e-09	-4.908336398488e-09	1.323930578581e-09
6.122000000000e-07	2.490109768896e-09	-5.318768335860e-09	1.744286876573e-09
6.124000000000e-07	2.949574534579e-09	-5.684412639644e-09	1.221889441487e-09
6.126000000000e-07	2.693573670088e-09	-5.317117588084e-09	1.304922945909e-09
6.128000000000e-07	2.624786694839e-09	-5.372756291463e-09	1.527471458472e-09
6.130000000000e-07	2.533697989347e-09	-5.186158688101e-09	1.480613765527e-09
6.132000000000e-07	2.734756000872e-09	-5.453003666212e-09	1.306241937581e-09
6.134000000000e-07	2.453429513689e-09	-5.234789375380e-09	1.697512944634e-09
6.136000000000e-07	2.615402997887e-09	-5.312746332360e-09	1.441801034266e-09
6.138000000000e-07	2.354725289335e-09	-4.982047102511e-09	1.581824112476e-09
6.140000000000e-07	2.342909963553e-09	-4.829224535427e-09	1.419772520063e-09
6.142000000000e-07	2.579175797523e-09	-5.220793645580e-09	1.441158830699e-09
6.144000000000e-07	2.724599975449e-09	-5.329222663624e-09	1.270171265493e-09
6.146000000000e-07	2.517919631802e-09	-5.268271377544e-09	1.619782096386e-09
6.148000000000e-07	2.448898633768e-09	-5.198611224099e-09	1.664957117497e-09
6.150000000000e-07	2.615001360584e-09	-5.301841370991e-09	1.457905116968e-09
6.152000000000e-07	2.408616123915e-09	-5.012595342622e-09	1.497207730886e-09
6.154000000000e-07	2.648337264207e-09	-5.039782909435e-09	1.026949688387e-09
6.156000000000e-07	2.554509379401e-09	-5.247867075074e-09	1.468442292692e-09
6.158000000000e-07	2.466666156702e-09	-5.055635141075e-09	1.457052125796e-09
6.160000000000e-07	2.500045622797e-09	-5.317770615213e-09	1.701674766366e-09
6.162000000000e-07	2.500060036000e-09	-5.041559983610e-09	1.378964952983e-09
6.164000000000e-07	2.524859073682e-09	-5.278084983705e-09	1.613840462494e-09
6.166000000000e-07	2.247750229625e-09	-4.725560184117e-09	1.460930389524e-09
6.168000000000e-07	2.411054993034e-09	-5.122150869808e-09	1.650478771432e-09
6.170000000000e-07	2.405772061979e-09	-5.006617310109e-09	1.433138387110e-09
6.172000000000e-07	2.331418346326e-09	-4.818684043725e-09	1.423840843833e-09
6.174000000000e-07	2.455888650536e-09	-4.865972751389e-09	1.188690213912e-09
6.176000000000e-07	2.623679087563e-09	-5.301624666882e-09	1.426895933338e-09
6.178000000000e-07	2.498561568777e-09	-5.008762880262e-09	1.312634828111e-09
6.180000000000e-07	2.279121199388e-09	-4.815511314327e-09	1.515753625003e-09
6.182000000000e-07	2.460872179781e-09	-4.908471026536e-09	1.240987290669e-09
6.184000000000e-07	2.376673410651e-09	-4.881613158156e-09	1.407517395131e-09
6.186000000000e-07	2.458316423788e-09	-4.899647420837e-09	1.226022485597e-09
6.188000000000e-07	2.499135909549e-09	-4.872044890599e-09	1.077034077559e-09
6.190000000000e-07	2.551824156848e-09	-5.079377963212e-09	1.298322694887e-09
6.192000000000e-07	2.487283669053e-09	-4.889539263369e-09	1.134471880592e-09
6.194000000000e-07	2.522032842993e-09	-5.079368107413e-09	1.319706781009e-09
6.196000000000e-07	2.483993637129e-09	-5.010596091664e-09	1.324840203801e-09
6.198000000000e-07	2.394994658493e-09	-4.996822853227e-09	1.507082962900e-09
6.200000000000e-07	2.520722307330e-09	-4.799948598496e-09	1.002765472869e-09
6.202000000000e-07	2.316253022339e-09	-4.730687163837e-09	1.336497142604e-09
6.204000000000e-07	2.383918193901e-09	-4.781118352831e-09	1.293885796225e-09
6.206000000000e-07	2.266553759266e-09	-4.666537966474e-09	1.349975648665e-09
6.208000000000e-07	2.443135449500e-09	-4.799087453798e-09	1.178651514527e-09
6.210000000000e-07	2.140686640332e-09	-4.590424511573e-09	1.558219941881e-09
6.212000000000e-07	2.433083764752e-09	-4.624092007448e-09	9.669275792006e-10
6.214000000000e-07	2.519998285030e-09	-4.850601064367e-09	1.060561790723e-09
6.216000000000e-07	2.306269653134e-09	-4.651575421206e-09	1.222356923018e-09
6.218000000000e-07	2.468515244148e-09	-4.844653496076e-09	1.147307637642e-09
6.220000000000e-07	2.383557219436e-09	-4.783469624100e-09	1.270988695457e-09
6.222000000000e-07	2.327214406144e-09	-4.778145390667e-09	1.399432521893e-09
6.224000000000e-07	2.325947222594e-09	-4.628039009797e-09	1.162887242539e-09
6.226000000000e-07	2.368100263099e-09	-4.743644303855e-09	1.205625726993e-09
6.228000000000e-07	2.271737077420e-09	-4.711752446235e-09	1.392899004016e-09
6.230000000000e-07	2.205114588830e-09	-4.502866492184e-09	1.238936665471e-09
6.232000000000e-07	2.331350144603e-09	-4.508874761344e-09	1.002848908751e-09
6.234000000000e-07	2.402095228551e-09	-4.838808925912e-09	1.272352656627e-09
6.236000000000e-07	2.324328028167e-09	-4.641276082750e-09	1.209887240076e-09
6.238000000000e-07	2.220181443633e-09	-4.743706953297e-09	1.566208211527e-09
6.240000000000e-07	2.351292460043e-09	-4.536371638366e-09	1.012141357723e-09
6.242000000000e-07	2.477275605263e-09	-4.633235396550e-09	8.428826679420e-10
6.244000000000e-07	2.105836026927e-09	-4.316840392821e-09	1.244866270010e-09
6.246000000000e-07	2.277221496732e-09	-4.437695111640e-09	9.757957123741e-10
6.248000000000e-07	2.248862630675e-09	-4.524958769968e-09	1.221222845631e-09
6.250000000000e-07	2.317676798654e-09	-4.695910963829e-09	1.298807508808e-09
6.252000000000e-07	2.375397553203e-09	-4.567986177638e-09	9.629738476499e-10
6.254000000000e-07	2.166203875940e-09	-4.261500650383e-09	1.017072312245e-09
6.256000000000e-07	2.340150956030e-09	-4.703017589815e-09	1.242097649698e-09
6.258000000000e-07	2.179347397269e-09	-4.456620562987e-09	1.278720866966e-09
6.260000000000e-07	2.326498431871e-09	-4.531791991494e-09	1.037995739090e-09
6.262000000000e-07	2.196285705018e-09	-4.355889882503e-09	1.072781367470e-09
6.264000000000e-07	2.306878006829e-09	-4.675166396473e-09	1.281788875273e-09
6.266000000000e-07	2.309301465121e-09	-4.513270811321e-09	1.109072323563e-09
6.268000000000e-07	2.103944566136e-09	-4.285200262797e-09	1.199480707375e-09
6.270000000000e-07	2.198203790679e-09	-4.382024736437e-09	1.087723811852e-09
6.272000000000e-07	2.096179461543e-09	-4.320658330784e-09	1.228971564472e-09
6.274000000000e-07	2.009326149073e-09	-4.247981394718e-09	1.317674635322e-09
6.276000000000e-07	2.126217313637e-09	-4.364999178896e-09	1.322058650671e-09
6.278000000000e-07	2.215241376553e-09	-4.380567045428e-09	1.094552745504e-09
6.280000000000e-07	2.178026607231e-09	-4.494876238801e-09	1.329200809142e-09
6.282000000000e-07	2.306034699973e-09	-4.470604997058e-09	1.002120449742e-09
6.284000000000e-07	2.190946979684e-09	-4.317801076595e-09	1.023110731677e-09
6.286000000000e-07	2.096726017155e-09	-4.146456772808e-09	1.006216096132e-09
6.288000000000e-07	2.047520373440e-09	-4.234926651798e-09	1.291453555754e-09
6.290000000000e-07	2.301207227598e-09	-4.616680109282e-09	1.223330564331e-09
6.292000000000e-07	2.053178440978e-09	-4.339024946856e-09	1.359090255304e-09
6.294000000000e-07	2.192376982337e-09	-4.292032209327e-09	1.012088377146e-09
6.296000000000e-07	2.018850603454e-09	-4.343904106732e-09	1.443243937512e-09
6.298000000000e-07	2.196169323186e-09	-4.264782127936e-09	9.649702775943e-10
6.300000000000e-07	2.328943660903e-09	-4.450585500880e-09	9.136315981617e-10
6.302000000000e-07	2.233479029105e-09	-4.441515049941e-09	1.153617889527e-09
6.304000000000e-07	2.011980748093e-09	-4.191030376366e-09	1.248413237029e-09
6.306000000000e-07	2.019079552747e-09	-4.119553712507e-09	1.151219270817e-09
6.308000000000e-07	2.129053747779e-09	-4.158949697096e-09	9.807198724189e-10
6.310000000000e-07	1.941810272404e-09	-3.922189261749e-09	1.050487939804e-09
6.312000000000e-07	2.078754936177e-09	-4.152485204848e-09	1.081369952943e-09
6.314000000000e-07	2.027705568569e-09	-4.161904515463e-09	1.199009367753e-09
6.316000000000e-07	2.095606675567e-09	-4.213904644797e-09	1.101387064169e-09
6.318000000000e-07	2.013240459793e-09	-4.129592376718e-09	1.155149348553e-09
6.320000000000e-07	2.059650051112e-09	-4.112556700361e-09	1.067912788552e-09
6.322000000000e-07	2.123937031280e-09	-4.401140685176e-09	1.320609512653e-09
6.324000000000e-07	1.950394969978e-09	-3.979751870682e-09	1.091526739553e-09
6.326000000000e-07	1.991275480586e-09	-4.194069917038e-09	1.331718337359e-09
6.328000000000e-07	1.858477005549e-09	-3.771495564106e-09	1.005754368632e-09
6.330000000000e-07	1.907620517553e-09	-3.845765830845e-09	1.032960090383e-09
6.332000000000e-07	1.917808567366e-09	-3.992955437536e-09	1.190724192774e-09
6.334000000000e-07	2.172902025439e-09	-4.257679609407e-09	1.023141255250e-09
6.336000000000e-07	2.045545844781e-09	-4.046759432293e-09	9.612785356301e-10
6.338000000000e-07	1.908381734797e-09	-4.048352887404e-09	1.297365904384e-09
6.340000000000e-07	2.024964167830e-09	-4.027784815421e-09	1.022052624493e-09
6.342000000000e-07	2.092644510039e-09	-4.211892035445e-09	1.146321387525e-09
6.344000000000e-07	1.955459411199e-09	-4.036083410117e-09	1.145505285365e-09
6.346000000000e-07	1.965325281648e-09	-3.925586956465e-09	1.026749759099e-09
6.348000000000e-07	2.131087555586e-09	-4.134991701574e-09	9.297279914960e-10
6.350000000000e-07	1.900748743843e-09	-3.894497650647e-09	1.108201016390e-09
6.352000000000e-07	1.963130503322e-09	-3.931111702250e-09	1.015350291546e-09
6.354000000000e-07	1.863250437989e-09	-3.979062171627e-09	1.325592010097e-09
6.356000000000e-07	1.988635071469e-09	-3.907607816869e-09	9.473402751462e-10
6.358000000000e-07	2.054551274021e-09	-4.089029429552e-09	1.035856029031e-09
6.360000000000e-07	1.922065878924e-09	-3.987228637022e-09	1.216682154717e-09
6.362000000000e-07	1.948534729749e-09	-3.992899543866e-09	1.161108740831e-09
6.364000000000e-07	1.821684943243e-09	-3.855678165319e-09	1.267403291183e-09
6.366000000000e-07	1.830651387282e-09	-3.922711835587e-09	1.265674264651e-09
6.368000000000e-07	2.097403323842e-09	-4.196799912470e-09	1.088939641417e-09
6.370000000000e-07	1.794070637432e-09	-3.746693135835e-09	1.183154165797e-09
6.372000000000e-07	2.048640715616e-09	-3.975497070588e-09	9.007878596476e-10
6.374000000000e-07	1.717828078903e-09	-3.633298862037e-09	1.156581632967e-09
6.376000000000e-07	2.091171891595e-09	-4.006050747272e-09	8.248994854008e-10
6.378000000000e-07	1.963092684481e-09	-3.826199722293e-09	8.414901175335e-10
6.380000000000e-07	1.952146669724e-09	-3.920687945376e-09	1.058020741910e-09
6.382000000000e-07	1.850982403476e-09	-3.795900894197e-09	1.061326941010e-09
6.384000000000e-07	1.690779874046e-09	-3.508390349240e-09	1.030679158555e-09
6.386000000000e-07	1.835753217480e-09	-3.759201445762e-09	1.077276138151e-09
6.388000000000e-07	1.917601152095e-09	-3.765143516243e-09	9.229258673366e-10
6.390000000000e-07	1.788291444311e-09	-3.529461401961e-09	8.535977372676e-10
6.392000000000e-07	1.982763654072e-09	-3.829578487168e-09	8.568418227368e-10
6.394000000000e-07	1.881691827428e-09	-3.756022652066e-09	9.520073997387e-10
6.396000000000e-07	1.834725720066e-09	-3.634549466549e-09	9.056775049688e-10
6.398000000000e-07	1.809659124565e-09	-3.635911353872e-09	9.917410913374e-10
6.400000000000e-07	1.862682436027e-09	-3.764851996045e-09	1.018829979988e-09
6.402000000000e-07	1.820291449020e-09	-3.649512711175e-09	9.198181622245e-10
6.404000000000e-07	1.711849655864e-09	-3.677423954232e-09	1.219844016556e-09
6.406000000000e-07	1.902351250364e-09	-3.720137754760e-09	9.216641146930e-10
6.408000000000e-07	1.851953844783e-09	-3.689188092746e-09	8.845941493374e-10
6.410000000000e-07	2.026085602519e-09	-3.875289724462e-09	8.366301970354e-10
6.412000000000e-07	2.031596326581e-09	-3.921765539123e-09	8.735531048738e-10
6.414000000000e-07	1.867576188181e-09	-3.721404789552e-09	9.551522233379e-10
6.416000000000e-07	1.780722425301e-09	-3.511236965335e-09	8.524944663512e-10
6.418000000000e-07	1.780720919521e-09	-3.628256612563e-09	1.011981458450e-09
6.420000000000e-07	1.856368407658e-09	-3.705367535547e-09	9.701031627269e-10
6.422000000000e-07	1.754194859264e-09	-3.586764089920e-09	1.002968456082e-09
6.424000000000e-07	1.729417928116e-09	-3.645529266767e-09	1.165835848613e-09
6.426000000000e-07	1.742244412279e-09	-3.522884301089e-09	9.840837764098e-10
6.428000000000e-07	1.751419947750e-09	-3.490787857946e-09	8.489174697410e-10
6.430000000000e-07	1.795147996777e-09	-3.703613568050e-09	1.083698566661e-09
6.432000000000e-07	1.930879645161e-09	-3.769057039194e-09	8.922582479639e-10
6.434000000000e-07	1.878218195674e-09	-3.539666614215e-09	6.393324063577e-10
6.436000000000e-07	1.869163644324e-09	-3.693144611986e-09	9.013048408026e-10
6.438000000000e-07	1.812472648086e-09	-3.453566712330e-09	7.089762848098e-10
6.440000000000e-07	1.707508643035e-09	-3.509248615200e-09	1.008581244880e-09
6.442000000000e-07	1.751716696957e-09	-3.499152538750e-09	9.119811177527e-10
6.444000000000e-07	1.714998252055e-09	-3.507002256451e-09	9.861705270913e-10
6.446000000000e-07	1.628193689209e-09	-3.367218436855e-09	9.894397309452e-10
6.448000000000e-07	1.896572423655e-09	-3.595154754522e-09	7.421127767743e-10
6.450000000000e-07	1.790469464516e-09	-3.572833028605e-09	9.268324422655e-10
6.452000000000e-07	1.654577209113e-09	-3.305188813155e-09	8.497249743470e-10
6.454000000000e-07	1.682400598540e-09	-3.477388667111e-09	1.060101280645e-09
6.456000000000e-07	1.859949373280e-09	-3.533307031962e-09	7.141134497803e-10
6.458000000000e-07	1.741143124799e-09	-3.414592811920e-09	7.757326291667e-10
6.460000000000e-07	1.776532811683e-09	-3.526625509990e-09	8.768836030935e-10
6.462000000000e-07	1.703103263917e-09	-3.546211519019e-09	1.121248353313e-09
6.464000000000e-07	1.729472232780e-09	-3.484588894859e-09	9.302771284036e-10
6.466000000000e-07	1.614101953530e-09	-3.269351114843e-09	8.858927948652e-10
6.468000000000e-07	1.577240970999e-09	-3.255497408844e-09	9.559336722581e-10
6.470000000000e-07	1.542887436628e-09	-3.177085491914e-09	9.014614147776e-10
6.472000000000e-07	1.775782666704e-09	-3.492453139155e-09	8.439572413930e-10
6.474000000000e-07	1.731390096115e-09	-3.462285306578e-09	9.399043304448e-10
6.476000000000e-07	1.753115039695e-09	-3.531967933491e-09	8.954950084830e-10
6.478000000000e-07	1.736150336147e-09	-3.528294063396e-09	1.009063731834e-09
6.480000000000e-07	1.789267251249e-09	-3.519641336742e-09	8.558347019802e-10
6.482000000000e-07	1.661933397697e-09	-3.225654611172e-09	7.561230957063e-10
6.484000000000e-07	1.508932270146e-09	-3.162764531507e-09	9.694637326878e-10
6.486000000000e-07	1.608257841183e-09	-3.336288352877e-09	1.015729997358e-09
6.488000000000e-07	1.665576188577e-09	-3.292716406874e-09	8.264759567579e-10
6.490000000000e-07	1.788067575425e-09	-3.654276729913e-09	1.069595054337e-09
6.492000000000e-07	1.578271880868e-09	-3.256759515522e-09	9.726058050543e-10
6.494000000000e-07	1.654655605994e-09	-3.326034386269e-09	8.848190124571e-10
6.496000000000e-07	1.506261324063e-09	-3.002526128767e-09	7.476119421732e-10
6.498000000000e-07	1.662144466963e-09	-3.303678034163e-09	8.452427910939e-10
6.500000000000e-07	1.674887237172e-09	-3.407023310813e-09	9.380390853355e-10
6.502000000000e-07	1.453230561421e-09	-3.183895378716e-09	1.115898475451e-09
6.504000000000e-07	1.653468222936e-09	-3.228566628387e-09	7.400101582108e-10
6.506000000000e-07	1.662211002303e-09	-3.312145937995e-09	8.571051306129e-10
6.508000000000e-07	1.622975584463e-09	-3.415081955480e-09	1.083436507499e-09
6.510000000000e-07	1.469468418054e-09	-3.118050342631e-09	1.000559425180e-09
6.512000000000e-07	1.700710072308e-09	-3.311465627757e-09	7.763059249035e-10
6.514000000000e-07	1.583686046130e-09	-3.289947228496e-09	9.921655813011e-10
6.516000000000e-07	1.479898307434e-09	-3.126375796243e-09	1.012884617223e-09
6.518000000000e-07	1.648220878945e-09	-3.244638120184e-09	7.681308340339e-10
6.520000000000e-07	1.480008605125e-09	-3.098898622972e-09	9.496728100825e-10
6.522000000000e-07	1.607068732143e-09	-3.214249214251e-09	8.085409525469e-10
6.524000000000e-07	1.520846170229e-09	-3.181146294887e-09	9.911473301597e-10
6.526000000000e-07	1.606006724946e-09	-3.199778855405e-09	7.825978965033e-10
6.528000000000e-07	1.709303405233e-09	-3.251539787746e-09	6.572097864868e-10
6.530000000000e-07	1.487601379851e-09	-2.982567930789e-09	7.693052061209e-10
6.532000000000e-07	1.546081865584e-09	-3.108366335189e-09	8.545300392907e-10
6.534000000000e-07	1.595208248238e-09	-3.322495879521e-09	9.961152952949e-10
6.536000000000e-07	1.538419252100e-09	-3.214388930882e-09	9.857702912136e-10
6.538000000000e-07	1.503411670451e-09	-3.040381937029e-09	9.030619214508e-10
6.540000000000e-07	1.501353705476e-09	-3.142428020170e-09	9.760478339864e-10
6.542000000000e-07	1.517249005983e-09	-3.029415864769e-09	8.097723116532e-10
