7.954000000000e-07	0.000000000000e+00	0.000000000000e+00	0.000000000000e+00
7.956000000000e-07	0.000000000000e+00	0.000000000000e+00	0.000000000000e+00
7.958000000000e-07	0.000000000000e+00	0.000000000000e+00	0.000000000000e+00
7.960000000000e-07	0.000000000000e+00	0.000000000000e+00	0.000000000000e+00
7.962000000000e-07	0.000000000000e+00	0.000000000000e+00	0.000000000000e+00
7.964000000000e-07	0.000000000000e+00	0.000000000000e+00	0.000000000000e+00
7.966000000000e-07	0.000000000000e+00	0.000000000000e+00	0.000000000000e+00
7.968000000000e-07	0.000000000000e+00	0.000000000000e+00	0.000000000000e+00
7.970000000000e-07	0.000000000000e+00	0.000000000000e+00	0.000000000000e+00
7.972000000000e-07	0.000000000000e+00	0.000000000000e+00	0.000000000000e+00
7.974000000000e-07	0.000000000000e+00	0.000000000000e+00	0.000000000000e+00
7.976000000000e-07	0.000000000000e+00	0.000000000000e+00	0.000000000000e+00
7.978000000000e-07	0.000000000000e+00	0.000000000000e+00	0.000000000000e+00
7.980000000000e-07	0.000000000000e+00	0.000000000000e+00	0.000000000000e+00
7.982000000000e-07	0.000000000000e+00	0.000000000000e+00	0.000000000000e+00
7.984000000000e-07	0.000000000000e+00	0.000000000000e+00	0.000000000000e+00
7.986000000000e-07	0.000000000000e+00	0.000000000000e+00	0.000000000000e+00
7.988000000000e-07	0.000000000000e+00	0.000000000000e+00	0.000000000000e+00
7.990000000000e-07	0.000000000000e+00	0.000000000000e+00	0.000000000000e+00
7.992000000000e-07	0.000000000000e+00	0.000000000000e+00	0.000000000000e+00
7.994000000000e-07	0.000000000000e+00	0.000000000000e+00	0.000000000000e+00
7.996000000000e-07	0.000000000000e+00	0.000000000000e+00	0.000000000000e+00
7.998000000000e-07	0.000000000000e+00	0.000000000000e+00	0.000000000000e+00
8.000000000000e-07	0.000000000000e+00	0.000000000000e+00	0.000000000000e+00
8.002000000000e-07	0.000000000000e+00	0.000000000000e+00	0.000000000000e+00
8.004000000000e-07	0.000000000000e+00	0.000000000000e+00	0.000000000000e+00
8.006000000000e-07	0.000000000000e+00	0.000000000000e+00	0.000000000000e+00
8.008000000000e-07	0.000000000000e+00	0.000000000000e+00	0.000000000000e+00
8.010000000000e-07	0.000000000000e+00	0.000000000000e+00	0.000000000000e+00
8.012000000000e-07	0.000000000000e+00	0.000000000000e+00	0.000000000000e+00
8.014000000000e-07	0.000000000000e+00	0.000000000000e+00	0.000000000000e+00
8.016000000000e-07	0.000000000000e+00	0.000000000000e+00	0.000000000000e+00
8.018000000000e-07	0.000000000000e+00	0.000000000000e+00	0.000000000000e+00
8.020000000000e-07	0.000000000000e+00	0.000000000000e+00	0.000000000000e+00
8.022000000000e-07	0.000000000000e+00	0.000000000000e+00	0.000000000000e+00
8.024000000000e-07	0.000000000000e+00	0.000000000000e+00	0.000000000000e+00
8.026000000000e-07	0.000000000000e+00	0.000000000000e+00	0.000000000000e+00
8.028000000000e-07	0.000000000000e+00	0.000000000000e+00	0.000000000000e+00
8.030000000000e-07	0.000000000000e+00	0.000000000000e+00	0.000000000000e+00
8.032000000000e-07	0.000000000000e+00	0.000000000000e+00	0.000000000000e+00
8.034000000000e-07	0.000000000000e+00	0.000000000000e+00	0.000000000000e+00
8.036000000000e-07	0.000000000000e+00	0.000000000000e+00	0.000000000000e+00
8.038000000000e-07	0.000000000000e+00	0.000000000000e+00	0.000000000000e+00
8.040000000000e-07	0.000000000000e+00	0.000000000000e+00	0.000000000000e+00
8.042000000000e-07	0.000000000000e+00	0.000000000000e+00	0.000000000000e+00
8.044000000000e-07	0.000000000000e+00	0.000000000000e+00	0.000000000000e+00
8.046000000000e-07	0.000000000000e+00	0.000000000000e+00	0.000000000000e+00
8.048000000000e-07	0.000000000000e+00	0.000000000000e+00	0.000000000000e+00
8.050000000000e-07	0.000000000000e+00	0.000000000000e+00	0.000000000000e+00
8.052000000000e-07	0.000000000000e+00	0.000000000000e+00	0.000000000000e+00
8.054000000000e-07	0.000000000000e+00	0.000000000000e+00	0.000000000000e+00
8.056000000000e-07	0.000000000000e+00	0.000000000000e+00	0.000000000000e+00
8.058000000000e-07	0.000000000000e+00	0.000000000000e+00	0.000000000000e+00
8.060000000000e-07	0.000000000000e+00	0.000000000000e+00	0.000000000000e+00
8.062000000000e-07	0.000000000000e+00	0.000000000000e+00	0.000000000000e+00
8.064000000000e-07	0.000000000000e+00	0.000000000000e+00	0.000000000000e+00
8.066000000000e-07	0.000000000000e+00	0.000000000000e+00	0.000000000000e+00
8.068000000000e-07	0.000000000000e+00	0.000000000000e+00	0.000000000000e+00
8.070000000000e-07	0.000000000000e+00	0.000000000000e+00	0.000000000000e+00
8.072000000000e-07	0.000000000000e+00	0.000000000000e+00	0.000000000000e+00
8.074000000000e-07	0.000000000000e+00	0.000000000000e+00	0.000000000000e+00
8.076000000000e-07	-2.574243321551e-13	-5.006321141708e-15	5.920009440155e-13
8.078000000000e-07	1.713899876115e-13	1.713003640039e-13	-6.143871879859e-13
8.080000000000e-07	-2.210710752013e-14	2.961093805593e-14	1.304444913477e-14
8.082000000000e-07	-2.084286227963e-14	-3.932635946000e-15	5.109925260342e-14
8.084000000000e-07	1.753153853804e-14	-5.056335231858e-14	2.664921567906e-14
8.086000000000e-07	1.048875145760e-16	-8.215102962029e-14	1.061630366995e-13
8.088000000000e-07	6.513600300037e-15	8.200442533500e-14	-1.192715877630e-13
8.090000000000e-07	2.366448532327e-14	-1.479532971626e-14	-3.254665694231e-14
8.092000000000e-07	1.340313028704e-14	2.577476381655e-14	-6.410133836336e-14
8.094000000000e-07	-6.885776002255e-14	-4.352045238119e-14	2.126842084642e-13
8.096000000000e-07	1.538445731159e-14	6.421995855479e-14	-1.224163652358e-13
8.098000000000e-07	-2.739186043230e-14	-5.612252946757e-14	1.380235249861e-13
8.100000000000e-07	-1.089829681920e-14	-7.784692154260e-13	9.964982557803e-13
8.102000000000e-07	-5.726123380399e-14	5.949403698553e-13	-6.525370828449e-13
8.104000000000e-07	-1.938953603164e-14	-8.605386854127e-14	1.329191483263e-13
8.106000000000e-07	3.662916105332e-12	-1.060651607806e-11	6.011453256950e-12
8.108000000000e-07	2.092403832974e-12	-1.535024778183e-11	1.546945260205e-11
8.110000000000e-07	2.801961620262e-12	-2.630286442079e-12	-2.764152540211e-12
8.112000000000e-07	-5.325855548889e-12	-5.309625894079e-13	1.244997722940e-11
8.114000000000e-07	-7.365722452138e-12	1.348886776211e-11	-1.642394637386e-12
8.116000000000e-07	1.022022950377e-11	-1.319254197977e-11	-4.594400164861e-12
8.118000000000e-07	-4.028980526050e-12	7.553675384762e-12	-1.770463370192e-12
8.120000000000e-07	-9.018916023501e-12	5.833001903991e-12	1.260550942113e-11
8.122000000000e-07	2.971195978473e-12	1.896258834786e-12	-9.235072673143e-12
8.124000000000e-07	3.766745551126e-12	-3.595094487220e-12	-2.515057819052e-12
8.126000000000e-07	1.560680564699e-12	7.930168854772e-12	-1.376917550242e-11
8.128000000000e-07	-5.783834329053e-12	8.403765641001e-12	1.002421148051e-12
8.130000000000e-07	8.743750883804e-12	-1.034540953720e-11	-5.050973929285e-12
8.132000000000e-07	-6.816760852405e-12	4.468795096909e-12	9.134971366266e-12
8.134000000000e-07	-1.181411725736e-11	2.476401809258e-11	-6.852471243278e-12
8.136000000000e-07	1.031938312794e-11	-1.181875478328e-11	-7.471837819961e-12
8.138000000000e-07	-7.504562722646e-12	9.602229972560e-12	3.634806019293e-12
8.140000000000e-07	-1.746612343384e-11	2.551973890612e-11	4.980865102077e-12
8.142000000000e-07	-4.703830649303e-12	2.715028266141e-11	-2.682560171959e-11
8.144000000000e-07	8.026751730075e-13	-7.396257566697e-12	5.736649124602e-12
8.146000000000e-07	-2.125448545862e-11	3.953063840261e-11	-5.656638122962e-12
8.148000000000e-07	-4.411616258565e-11	8.132314569715e-11	-1.252453723519e-11
8.150000000000e-07	-7.427805059891e-11	1.578115429366e-10	-4.797676686404e-11
8.152000000000e-07	-1.317625663362e-10	2.515860776198e-10	-4.706080992539e-11
8.154000000000e-07	-1.530739234430e-10	3.533688390401e-10	-1.389262926019e-10
8.156000000000e-07	-4.252877443057e-10	8.047638931414e-10	-1.435938234205e-10
8.158000000000e-07	-7.055957993909e-10	1.459165875314e-09	-4.104405013686e-10
8.160000000000e-07	-1.290459243533e-09	2.604691010494e-09	-6.624400158338e-10
8.162000000000e-07	-2.244620043490e-09	4.632464020216e-09	-1.298100487520e-09
8.164000000000e-07	-3.618204140766e-09	7.494231827981e-09	-2.133279399856e-09
8.166000000000e-07	-9.174766250320e-09	1.842359306537e-08	-4.637017028685e-09
8.168000000000e-07	-1.080852856747e-08	2.174652606587e-08	-5.538668371674e-09
8.170000000000e-07	-1.111152939788e-08	2.241407083328e-08	-5.802736960296e-09
8.172000000000e-07	-1.172259650005e-08	2.355906025961e-08	-6.028449024883e-09
8.174000000000e-07	-1.174665556013e-08	2.418347863685e-08	-6.850578854745e-09
8.176000000000e-07	-1.225376062543e-08	2.500546446340e-08	-6.878186816790e-09
8.178000000000e-07	-1.256249608757e-08	2.516668665095e-08	-6.438869785449e-09
8.180000000000e-07	-1.132072314061e-08	2.355296673963e-08	-7.039017814899e-09
8.182000000000e-07	-1.229971134840e-08	2.425182406150e-08	-5.830445275788e-09
8.184000000000e-07	-1.261149059149e-08	2.432892607380e-08	-5.289927597677e-09
8.186000000000e-07	-1.204113278523e-08	2.542997716445e-08	-8.132203841609e-09
8.188000000000e-07	-1.328439001388e-08	2.593111518464e-08	-6.048999552706e-09
8.190000000000e-07	-1.309634971949e-08	2.605439233978e-08	-6.655255140184e-09
8.192000000000e-07	-1.407410669226e-08	2.853070452380e-08	-7.866752789985e-09
8.194000000000e-07	-1.385638792940e-08	2.808810880457e-08	-7.753077199209e-09
8.196000000000e-07	-1.417285093945e-08	2.908709851080e-08	-8.400779603263e-09
8.198000000000e-07	-1.630918801686e-08	3.224883976325e-08	-7.930304344210e-09
8.200000000000e-07	-1.762706251977e-08	3.581120421955e-08	-9.838743665214e-09
8.202000000000e-07	-6.684252678413e-09	1.233090825747e-08	-2.144320436167e-09
8.204000000000e-07	-4.516490815834e-09	9.298504671724e-09	-2.858935179307e-09
8.206000000000e-07	-4.038516241315e-09	8.414823312733e-09	-2.720268546550e-09
8.208000000000e-07	-3.640162944775e-09	7.735422181919e-09	-2.651067467049e-09
8.210000000000e-07	-2.674966169860e-09	5.430279856461e-09	-1.647153311557e-09
8.212000000000e-07	-2.842689972988e-09	4.694940911911e-09	-2.484313461469e-10
8.214000000000e-07	-2.579972091964e-09	5.796995357293e-09	-2.336992561853e-09
8.216000000000e-07	-2.627744998072e-09	4.939994047723e-09	-1.046529608024e-09
8.218000000000e-07	-2.458981636089e-09	3.901770258035e-09	1.738989382995e-11
8.220000000000e-07	-1.198107990847e-09	2.887345884319e-09	-1.386060590697e-09
8.222000000000e-07	-2.474003828870e-09	4.852317531304e-09	-1.295800616701e-09
8.224000000000e-07	-2.384043834688e-09	4.535315215422e-09	-9.925790655532e-10
8.226000000000e-07	-3.036890609271e-09	5.695178479202e-09	-1.107300471837e-09
8.228000000000e-07	-3.355072597719e-09	7.311466340011e-09	-2.589165254635e-09
8.230000000000e-07	-5.445854227495e-09	9.836218554432e-09	-1.357942524426e-09
8.232000000000e-07	-8.065145359690e-09	1.645990914009e-08	-4.538612642166e-09
8.234000000000e-07	-1.334480287448e-08	2.793771406484e-08	-8.442137551077e-09
8.236000000000e-07	-2.285155672315e-08	4.720508883282e-08	-1.350470994937e-08
8.238000000000e-07	-4.162197386458e-08	8.454087062593e-08	-2.255026043288e-08
8.240000000000e-07	-7.197791461263e-08	1.464543359734e-07	-3.926420860827e-08
8.242000000000e-07	-1.237863588384e-07	2.501015932250e-07	-6.509700329996e-08
8.244000000000e-07	-2.235110304669e-07	4.548644762287e-07	-1.217603454627e-07
8.246000000000e-07	-3.582705993799e-07	7.255426018713e-07	-1.924465651951e-07
8.248000000000e-07	-2.770608075608e-07	5.551707986136e-07	-1.439414205657e-07
8.250000000000e-07	-1.797776509235e-07	3.637162159150e-07	-1.001052330142e-07
8.252000000000e-07	-1.275480558345e-07	2.550667075824e-07	-6.805877240613e-08
8.254000000000e-07	-8.772317303606e-08	1.777857092617e-07	-5.086236824198e-08
8.256000000000e-07	-6.298657561187e-08	1.255384703142e-07	-3.411806594960e-08
8.258000000000e-07	-4.587391519860e-08	9.235773883910e-08	-2.656006120388e-08
8.260000000000e-07	-3.457285444117e-08	6.931931311341e-08	-1.998384731344e-08
8.262000000000e-07	-2.410843586556e-08	4.743916472419e-08	-1.299883614885e-08
8.264000000000e-07	-1.852008177862e-08	3.611776544863e-08	-9.750481287208e-09
8.266000000000e-07	-1.363940143079e-08	2.610785650747e-08	-6.633702578477e-09
8.268000000000e-07	-1.240095755479e-08	2.310701649480e-08	-5.313245796066e-09
8.270000000000e-07	-7.475354081889e-09	1.278765300291e-08	-1.935292443367e-09
8.272000000000e-07	-6.126315839495e-09	9.857967505150e-09	-8.295820504948e-10
8.274000000000e-07	-2.081976120804e-09	5.352086021679e-09	-3.584808166276e-09
8.276000000000e-07	-8.717645955844e-10	1.372696831624e-09	-6.550657490073e-10
8.278000000000e-07	-9.286998861709e-10	-7.434197693670e-10	2.448346995103e-09
8.280000000000e-07	3.202623024859e-09	-4.414288139755e-09	-1.713578149619e-09
8.282000000000e-07	1.195648162411e-09	-2.938194158876e-09	7.868017542911e-10
8.284000000000e-07	2.729021833700e-09	-6.362536561268e-09	2.203421947827e-09
8.286000000000e-07	1.931596099314e-09	-4.380883723074e-09	1.194332300452e-09
8.288000000000e-07	3.748231227712e-09	-7.211028950626e-09	1.149591143537e-09
8.290000000000e-07	4.080651173211e-09	-7.546614087620e-09	8.704518267944e-10
8.292000000000e-07	3.358511845153e-09	-9.491837776448e-09	5.252873596671e-09
8.294000000000e-07	5.288488527788e-09	-9.864116122871e-09	1.451151725397e-09
8.296000000000e-07	5.481393547279e-09	-1.030608735440e-08	1.668199192508e-09
8.298000000000e-07	3.435552090210e-09	-8.669442321821e-09	3.991851663678e-09
8.300000000000e-07	4.340350991998e-09	-8.427792329400e-09	1.615196715972e-09
8.302000000000e-07	4.634705533852e-09	-1.033807112153e-08	3.688901030063e-09
8.304000000000e-07	5.516522796753e-09	-1.161345522476e-08	3.451406594862e-09
8.306000000000e-07	5.849678464284e-09	-1.097322732111e-08	1.864613220755e-09
8.308000000000e-07	4.605324466022e-09	-1.032060425881e-08	3.717235634001e-09
8.310000000000e-07	4.872551787485e-09	-1.102727358460e-08	4.166669461326e-09
8.312000000000e-07	4.360570462916e-09	-9.498594777467e-09	3.170266702059e-09
8.314000000000e-07	6.357919426916e-09	-1.117913055450e-08	1.062034116829e-09
8.316000000000e-07	4.680452094794e-09	-1.040356763465e-08	3.723762791579e-09
8.318000000000e-07	5.528280427164e-09	-1.097703189143e-08	2.646355473377e-09
8.320000000000e-07	4.206525792482e-09	-9.908623444372e-09	4.150853605940e-09
8.322000000000e-07	5.920022171061e-09	-1.105704252458e-08	1.913849283602e-09
8.324000000000e-07	6.143144377995e-09	-1.224424443938e-08	3.071430917222e-09
8.326000000000e-07	5.996480371864e-09	-1.113216669195e-08	1.870267620723e-09
8.328000000000e-07	5.440804518302e-09	-1.076927002819e-08	2.617846432603e-09
8.330000000000e-07	5.489700490312e-09	-1.057191427581e-08	2.288711465062e-09
8.332000000000e-07	5.297831214838e-09	-1.056820456970e-08	2.613494084595e-09
8.334000000000e-07	4.862654205308e-09	-1.011767461960e-08	3.006903764067e-09
8.336000000000e-07	5.454364744740e-09	-1.150187984452e-08	3.630182622831e-09
8.338000000000e-07	5.870260210509e-09	-1.052451171070e-08	1.268463228130e-09
8.340000000000e-07	5.737709117932e-09	-1.139068198701e-08	2.877245629255e-09
8.342000000000e-07	4.818055629348e-09	-1.030759679205e-08	3.415063354512e-09
8.344000000000e-07	5.195916329405e-09	-1.013612611201e-08	2.304713456490e-09
8.346000000000e-07	5.273110905294e-09	-1.027374595505e-08	2.345787641551e-09
8.348000000000e-07	4.565719873562e-09	-1.022044100170e-08	3.821134714732e-09
8.350000000000e-07	3.826862095294e-09	-8.346207200617e-09	2.925698677575e-09
8.352000000000e-07	5.097221856395e-09	-1.096736145283e-08	3.721332929406e-09
8.354000000000e-07	5.326445930703e-09	-1.093509605364e-08	3.162962265566e-09
8.356000000000e-07	5.729433328270e-09	-1.131322921976e-08	2.739073310332e-09
8.358000000000e-07	5.213738804247e-09	-1.039604967487e-08	2.725873338126e-09
8.360000000000e-07	4.487405316315e-09	-9.200649666510e-09	2.577788411836e-09
8.362000000000e-07	5.186721784122e-09	-1.040497965588e-08	2.782483226609e-09
8.364000000000e-07	5.243242508647e-09	-1.065944749595e-08	3.009217387634e-09
8.366000000000e-07	5.179519379277e-09	-1.029928900750e-08	2.613128469205e-09
8.368000000000e-07	4.446203280299e-09	-9.236487367372e-09	2.800378442751e-09
8.370000000000e-07	5.580421908829e-09	-1.089702454674e-08	2.537339624655e-09
8.372000000000e-07	4.410344098092e-09	-9.626484420210e-09	3.407086970254e-09
8.374000000000e-07	4.546828637666e-09	-9.232465998595e-09	2.522712419906e-09
8.376000000000e-07	4.268735456526e-09	-8.286733786774e-09	1.914236705432e-09
8.378000000000e-07	5.044271311100e-09	-1.075775896081e-08	3.557386601107e-09
8.380000000000e-07	5.227576560828e-09	-9.351528598541e-09	1.234751873606e-09
8.382000000000e-07	5.023520327412e-09	-1.028730538969e-08	2.994727589639e-09
8.384000000000e-07	3.616627427316e-09	-8.713923345479e-09	3.928496469642e-09
8.386000000000e-07	5.053058500670e-09	-1.056124873825e-08	3.306689846241e-09
8.388000000000e-07	4.612399054498e-09	-9.291393608010e-09	2.529269198694e-09
8.390000000000e-07	5.168406794552e-09	-9.638534794395e-09	1.746285483704e-09
8.392000000000e-07	4.750220216877e-09	-9.141027879544e-09	1.980586604093e-09
8.394000000000e-07	4.489250289438e-09	-8.943192913268e-09	2.330438233360e-09
8.396000000000e-07	4.261831933384e-09	-9.123599877516e-09	3.135884393568e-09
8.398000000000e-07	4.670279856421e-09	-9.044068930494e-09	1.999882123320e-09
8.400000000000e-07	4.487210228717e-09	-9.102433666378e-09	2.534952955898e-09
8.402000000000e-07	4.342432701590e-09	-8.909333296385e-09	2.614620483726e-09
8.404000000000e-07	4.276579434014e-09	-8.328846466491e-09	1.983951342646e-09
8.406000000000e-07	4.620641330633e-09	-9.347501033712e-09	2.614638767163e-09
8.408000000000e-07	4.539807765200e-09	-8.831574973428e-09	2.088471020357e-09
8.410000000000e-07	4.196416770944e-09	-8.524484370054e-09	2.409876614429e-09
8.412000000000e-07	4.726050519749e-09	-9.401489138077e-09	2.505921752918e-09
8.414000000000e-07	4.379456353689e-09	-8.849828236185e-09	2.456331375777e-09
8.416000000000e-07	4.749044596184e-09	-8.769125440225e-09	1.543239383566e-09
8.418000000000e-07	4.954637728201e-09	-9.769948520489e-09	2.503734232966e-09
8.420000000000e-07	3.983298396881e-09	-7.983878678145e-09	2.100108069726e-09
8.422000000000e-07	4.570884016862e-09	-9.079147510223e-09	2.369940353224e-09
8.424000000000e-07	4.317113284345e-09	-9.201263008369e-09	3.104224684413e-09
8.426000000000e-07	4.116422446461e-09	-8.678868423724e-09	2.732287054305e-09
8.428000000000e-07	4.498263442620e-09	-8.832889561106e-09	2.171020100906e-09
8.430000000000e-07	4.943494624239e-09	-9.539696177773e-09	2.154326091008e-09
8.432000000000e-07	4.387096598432e-09	-8.897455335333e-09	2.503806787767e-09
8.434000000000e-07	4.072277226278e-09	-8.945105474825e-09	3.303551366155e-09
8.436000000000e-07	4.442008503717e-09	-8.864761980091e-09	2.347051168912e-09
8.438000000000e-07	4.490208239689e-09	-8.876702764758e-09	2.281041160497e-09
8.440000000000e-07	3.658509917223e-09	-7.670565868233e-09	2.425540383085e-09
8.442000000000e-07	4.144965275857e-09	-8.835377562913e-09	2.997977643501e-09
8.444000000000e-07	4.184031273800e-09	-8.562627288015e-09	2.491056128076e-09
8.446000000000e-07	4.021059723077e-09	-8.051747831614e-09	2.178568710185e-09
8.448000000000e-07	4.647168764277e-09	-9.092971773257e-09	2.205183340710e-09
8.450000000000e-07	4.012692731042e-09	-7.709280513819e-09	1.705912935154e-09
8.452000000000e-07	4.464291119737e-09	-9.245739142610e-09	2.857958349343e-09
8.454000000000e-07	4.126125289679e-09	-8.246633125042e-09	2.238352594361e-09
8.456000000000e-07	4.169379210056e-09	-8.157615257495e-09	1.963943642653e-09
8.458000000000e-07	4.218478752432e-09	-8.347174915312e-09	2.153934828152e-09
8.460000000000e-07	4.080174191146e-09	-8.323812334786e-09	2.402541487050e-09
8.462000000000e-07	4.552182392822e-09	-8.719628042565e-09	1.755355417710e-09
8.464000000000e-07	4.547422982425e-09	-8.697287173643e-09	1.946422227554e-09
8.466000000000e-07	4.166198070946e-09	-8.023154205102e-09	1.837289665922e-09
8.468000000000e-07	4.137062459910e-09	-8.164617116965e-09	2.078610210111e-09
8.470000000000e-07	4.213862400742e-09	-7.985960397824e-09	1.649579436541e-09
8.472000000000e-07	4.532201047971e-09	-8.532825549530e-09	1.709855838488e-09
8.474000000000e-07	4.162940719763e-09	-8.371094188431e-09	2.317053124691e-09
8.476000000000e-07	3.488429573756e-09	-7.742671726353e-09	2.957343969681e-09
8.478000000000e-07	4.202803865641e-09	-8.485185655748e-09	2.389821173590e-09
8.480000000000e-07	3.962692307116e-09	-7.778050943459e-09	1.917037763472e-09
8.482000000000e-07	3.748515503582e-09	-7.572755546461e-09	2.119863156751e-09
8.484000000000e-07	4.234270047184e-09	-8.635442247829e-09	2.507596849237e-09
8.486000000000e-07	4.198176260943e-09	-7.989354302558e-09	1.724665342521e-09
8.488000000000e-07	3.772524054807e-09	-7.635351693826e-09	2.146913996392e-09
8.490000000000e-07	4.041554400621e-09	-8.149308256261e-09	2.288866317721e-09
8.492000000000e-07	3.701167288327e-09	-7.806462320035e-09	2.562922636226e-09
8.494000000000e-07	3.756465497501e-09	-7.521711614127e-09	2.072277548171e-09
8.496000000000e-07	3.944810553074e-09	-8.042776592620e-09	2.374561887417e-09
8.498000000000e-07	3.911750314148e-09	-7.875917655948e-09	2.156840446931e-09
8.500000000000e-07	3.747088390491e-09	-7.477251606734e-09	2.018123218653e-09
8.502000000000e-07	3.837025155315e-09	-7.796872416448e-09	2.246232843642e-09
8.504000000000e-07	3.533328682434e-09	-7.263496452380e-09	2.179170144243e-09
8.506000000000e-07	3.438569351798e-09	-7.472297768168e-09	2.656331743650e-09
8.508000000000e-07	4.421546721859e-09	-8.628200536969e-09	2.105929617785e-09
8.510000000000e-07	3.420296882528e-09	-6.680789264429e-09	1.594371326242e-09
8.512000000000e-07	3.841448318790e-09	-7.633646898195e-09	1.996559964140e-09
8.514000000000e-07	4.296276632163e-09	-8.116642093604e-09	1.688750220662e-09
8.516000000000e-07	3.556247268342e-09	-7.281217966756e-09	2.143853709919e-09
8.518000000000e-07	3.708506383917e-09	-7.472097490130e-09	2.142223776477e-09
8.520000000000e-07	3.828395958037e-09	-7.604799724230e-09	2.003037961660e-09
8.522000000000e-07	3.415228692151e-09	-7.102916016678e-09	2.200291783177e-09
8.524000000000e-07	3.802386385957e-09	-7.920738379661e-09	2.517850302598e-09
8.526000000000e-07	3.496017142298e-09	-7.110723482636e-09	2.045491777765e-09
8.528000000000e-07	3.505225236649e-09	-7.101428162604e-09	2.065445154172e-09
8.530000000000e-07	3.939244790722e-09	-7.466883134628e-09	1.574342081196e-09
8.532000000000e-07	3.475741062838e-09	-7.261802602460e-09	2.336573866043e-09
8.534000000000e-07	3.707496630720e-09	-7.058719062741e-09	1.498275887215e-09
8.536000000000e-07	3.736650176355e-09	-7.438668554471e-09	1.981042202106e-09
8.538000000000e-07	3.599264473925e-09	-7.099561964810e-09	1.798768408602e-09
8.540000000000e-07	3.477200505244e-09	-7.098238778764e-09	2.116702325614e-09
8.542000000000e-07	3.642882441676e-09	-6.992806443044e-09	1.549078524171e-09
8.544000000000e-07	3.437166719628e-09	-7.154065652301e-09	2.256246350437e-09
8.546000000000e-07	3.788950037936e-09	-7.114333937206e-09	1.422759217267e-09
8.548000000000e-07	3.565886405742e-09	-7.193662030014e-09	2.066685971513e-09
8.550000000000e-07	3.676516015081e-09	-7.221206505787e-09	1.803357977697e-09
8.552000000000e-07	3.393963341585e-09	-6.609713005174e-09	1.570590615983e-09
8.554000000000e-07	3.879505890890e-09	-7.335859432526e-09	1.517441671629e-09
8.556000000000e-07	3.536309975188e-09	-7.049869941650e-09	1.886098924708e-09
8.558000000000e-07	3.516739245997e-09	-7.162790721074e-09	2.103543001484e-09
8.560000000000e-07	3.530949412750e-09	-7.023849288141e-09	1.892252931292e-09
8.562000000000e-07	3.647584409963e-09	-7.267552791010e-09	1.922869777222e-09
8.564000000000e-07	3.534186182322e-09	-6.880375943070e-09	1.637984782885e-09
8.566000000000e-07	3.492425082901e-09	-6.631178430377e-09	1.393971605196e-09
8.568000000000e-07	3.462658501711e-09	-7.084201089772e-09	2.110965574551e-09
8.570000000000e-07	3.263710494536e-09	-6.961565729239e-09	2.353856591301e-09
8.572000000000e-07	3.596971466728e-09	-6.780219044256e-09	1.401013716312e-09
8.574000000000e-07	3.430130651852e-09	-6.852428819616e-09	1.877833459991e-09
8.576000000000e-07	3.188330301566e-09	-6.716182270502e-09	2.195570620111e-09
8.578000000000e-07	3.316286712817e-09	-7.191404685633e-09	2.538240060037e-09
8.580000000000e-07	3.624829991931e-09	-6.987484470418e-09	1.631986578485e-09
8.582000000000e-07	3.676337206025e-09	-7.012556553196e-09	1.547249675084e-09
8.584000000000e-07	2.969124343398e-09	-6.423941529366e-09	2.266004555068e-09
8.586000000000e-07	3.293918684919e-09	-6.691110691235e-09	1.959393915994e-09
8.588000000000e-07	3.019185043416e-09	-6.401075592644e-09	2.147981434407e-09
8.590000000000e-07	3.289454793937e-09	-6.552612095902e-09	1.747364063620e-09
8.592000000000e-07	3.290185467463e-09	-6.683965968156e-09	1.951398118057e-09
8.594000000000e-07	3.261501937841e-09	-6.540347512275e-09	1.785869589341e-09
8.596000000000e-07	3.451012553426e-09	-6.759068783281e-09	1.732229339933e-09
8.598000000000e-07	3.530917366991e-09	-6.936371539914e-09	1.722607506575e-09
8.600000000000e-07	3.290553968849e-09	-6.532402034465e-09	1.741670818717e-09
8.602000000000e-07	3.396880946158e-09	-6.652328634984e-09	1.666766760898e-09
8.604000000000e-07	3.362505349309e-09	-6.902732469555e-09	2.066848869081e-09
8.606000000000e-07	3.066987366062e-09	-6.132977593901e-09	1.666821634732e-09
8.608000000000e-07	2.841493223943e-09	-6.234686726823e-09	2.315697554912e-09
8.610000000000e-07	3.451688622695e-09	-6.660805726500e-09	1.564306698021e-09
8.612000000000e-07	3.234897385032e-09	-7.079109091174e-09	2.639082152880e-09
8.614000000000e-07	3.419395314259e-09	-6.734586044812e-09	1.737713178307e-09
8.616000000000e-07	3.374489704457e-09	-6.668064045579e-09	1.767340081772e-09
8.618000000000e-07	3.250237253462e-09	-6.617664695601e-09	1.933584452345e-09
8.620000000000e-07	3.340944317440e-09	-6.522422411139e-09	1.591660228105e-09
8.622000000000e-07	3.057272589880e-09	-6.278959923332e-09	1.862464154973e-09
8.624000000000e-07	3.139095815190e-09	-6.356676910461e-09	1.814000211222e-09
8.626000000000e-07	3.254832322579e-09	-6.452879935448e-09	1.717392232955e-09
8.628000000000e-07	2.949450289085e-09	-6.008523506726e-09	1.778321908792e-09
8.630000000000e-07	3.330573149597e-09	-6.266735903559e-09	1.300870032501e-09
8.632000000000e-07	3.162293129677e-09	-6.333085339588e-09	1.749691509882e-09
8.634000000000e-07	3.194790432697e-09	-6.695630574757e-09	2.149894481955e-09
8.636000000000e-07	3.586540537402e-09	-6.868031622720e-09	1.540392164656e-09
8.638000000000e-07	2.905087928448e-09	-6.086951998901e-09	1.941212342577e-09
8.640000000000e-07	3.219014089051e-09	-6.234893631627e-09	1.502102193917e-09
8.642000000000e-07	3.055279310631e-09	-6.169771911548e-09	1.758079346118e-09
8.644000000000e-07	3.271309036393e-09	-6.257934383015e-09	1.406859486733e-09
8.646000000000e-07	2.999162138567e-09	-5.876167964693e-09	1.450957584741e-09
8.648000000000e-07	3.141799483495e-09	-5.997328170663e-09	1.313903428792e-09
8.650000000000e-07	3.232033550762e-09	-6.262367792330e-09	1.479631614432e-09
8.652000000000e-07	3.039419387358e-09	-6.163717958053e-09	1.786769946071e-09
8.654000000000e-07	2.865865911926e-09	-5.939214750442e-09	1.861000874889e-09
8.656000000000e-07	3.030103153416e-09	-6.241089724355e-09	1.911529360643e-09
8.658000000000e-07	2.939601533657e-09	-5.930247212395e-09	1.644946057646e-09
8.660000000000e-07	2.968327860047e-09	-6.026350791256e-09	1.737003789282e-09
8.662000000000e-07	2.880582658064e-09	-5.978427302824e-09	1.925005145881e-09
8.664000000000e-07	3.075790780394e-09	-6.013199007343e-09	1.515369353457e-09
8.666000000000e-07	2.921154046476e-09	-6.030234309414e-09	1.827700093908e-09
8.668000000000e-07	3.001408072872e-09	-5.841185189070e-09	1.451314267818e-09
8.670000000000e-07	2.833459370391e-09	-5.587885690692e-09	1.445171724513e-09
8.672000000000e-07	2.879216234901e-09	-5.687692802528e-09	1.589140477719e-09
8.674000000000e-07	2.767238390791e-09	-5.972218502691e-09	2.119215726146e-09
8.676000000000e-07	3.211187518896e-09	-6.014803709637e-09	1.202993831378e-09
8.678000000000e-07	2.947533264035e-09	-5.799398190830e-09	1.489402380599e-09
8.680000000000e-07	3.006988329939e-09	-5.741736328680e-09	1.295359980843e-09
8.682000000000e-07	3.053683728991e-09	-6.054243311758e-09	1.633257168285e-09
8.684000000000e-07	2.915010301380e-09	-5.573004002016e-09	1.234180946870e-09
8.686000000000e-07	2.781212159360e-09	-5.877500192396e-09	1.984650753054e-09
8.688000000000e-07	2.892502557206e-09	-6.031755055653e-09	1.929662859836e-09
8.690000000000e-07	2.952654867519e-09	-5.757139566185e-09	1.412748282567e-09
8.692000000000e-07	2.776324078938e-09	-5.647653900209e-09	1.637251365476e-09
8.694000000000e-07	2.782372461784e-09	-5.505497673039e-09	1.424217154459e-09
8.696000000000e-07	2.913267589471e-09	-5.894762884281e-09	1.699030524582e-09
8.698000000000e-07	2.807997470025e-09	-5.543013587776e-09	1.438446043104e-09
8.700000000000e-07	2.853636342563e-09	-5.784437878536e-09	1.681725914472e-09
8.702000000000e-07	2.852602094082e-09	-5.466789569419e-09	1.229910821616e-09
8.704000000000e-07	3.188803434044e-09	-6.041489365520e-09	1.298331744531e-09
8.706000000000e-07	2.661089657841e-09	-5.600627389540e-09	1.861716700692e-09
8.708000000000e-07	2.756239443583e-09	-5.595407704212e-09	1.643068292788e-09
8.710000000000e-07	2.830425862437e-09	-5.498638517549e-09	1.309617992938e-09
8.712000000000e-07	2.920602496917e-09	-5.669076495765e-09	1.378990177498e-09
8.714000000000e-07	2.667582869981e-09	-5.454318808189e-09	1.604180688120e-09
8.716000000000e-07	2.809520476203e-09	-5.719667394885e-09	1.673275590606e-09
8.718000000000e-07	2.816597232825e-09	-5.654085493584e-09	1.574805193028e-09
8.720000000000e-07	2.727640220162e-09	-5.446468265023e-09	1.504459104101e-09
8.722000000000e-07	2.677090892253e-09	-5.533878579291e-09	1.734732858094e-09
8.724000000000e-07	2.893319009739e-09	-5.659951260813e-09	1.413112941012e-09
8.726000000000e-07	2.667961590539e-09	-5.169020028806e-09	1.239243285114e-09
8.728000000000e-07	2.795551936733e-09	-5.639477452148e-09	1.597998158204e-09
8.730000000000e-07	2.734261586251e-09	-5.523947720047e-09	1.574083334252e-09
8.732000000000e-07	2.649164662755e-09	-5.207852181430e-09	1.305537546691e-09
8.734000000000e-07	2.750910673894e-09	-5.326137481162e-09	1.267536968471e-09
8.736000000000e-07	2.629077540253e-09	-5.235080788119e-09	1.432158037178e-09
8.738000000000e-07	2.540548419727e-09	-5.114559786050e-09	1.441553136897e-09
8.740000000000e-07	2.741528975146e-09	-5.474340221398e-09	1.532510557535e-09
8.742000000000e-07	2.452725549825e-09	-5.266009759811e-09	1.830837946038e-09
8.744000000000e-07	2.741098897170e-09	-5.504317581950e-09	1.539783481879e-09
8.746000000000e-07	2.689743851338e-09	-5.540341193231e-09	1.703873560645e-09
8.748000000000e-07	2.594497293012e-09	-5.064799751148e-09	1.217831446951e-09
8.750000000000e-07	2.731784242344e-09	-5.258454079475e-09	1.199821236732e-09
8.752000000000e-07	2.689438172883e-09	-5.242190744564e-09	1.336093119110e-09
8.754000000000e-07	2.747273198891e-09	-5.449514547105e-09	1.470332896534e-09
8.756000000000e-07	2.557677108175e-09	-5.271888096495e-09	1.599109368833e-09
8.758000000000e-07	2.687353440325e-09	-5.371333168609e-09	1.503979269035e-09
8.760000000000e-07	2.462082077298e-09	-4.989339267138e-09	1.432257975675e-09
8.762000000000e-07	2.570586264691e-09	-5.138081147263e-09	1.381498340395e-09
8.764000000000e-07	2.646350558892e-09	-5.100176300490e-09	1.174816941294e-09
8.766000000000e-07	2.714161516934e-09	-5.571784088983e-09	1.699139805802e-09
8.768000000000e-07	2.294655575589e-09	-4.958923410641e-09	1.726829017857e-09
8.770000000000e-07	2.472255060764e-09	-5.065157860504e-09	1.543641006881e-09
8.772000000000e-07	2.688769068668e-09	-5.313154103929e-09	1.406256886944e-09
8.774000000000e-07	2.479207469457e-09	-4.988093988860e-09	1.405290116203e-09
8.776000000000e-07	2.724538244969e-09	-5.299162563546e-09	1.269423774249e-09
8.778000000000e-07	2.865227227199e-09	-5.268480004667e-09	9.644002686465e-10
8.780000000000e-07	2.736494111121e-09	-5.406389224327e-09	1.420119614630e-09
8.782000000000e-07	2.427747627303e-09	-4.826609264448e-09	1.272898102897e-09
8.784000000000e-07	2.407459296117e-09	-5.002791415416e-09	1.597475789109e-09
8.786000000000e-07	2.439183721061e-09	-4.972606766230e-09	1.481390918240e-09
8.788000000000e-07	2.591829381843e-09	-5.016297175084e-09	1.198861091692e-09
8.790000000000e-07	2.446533626350e-09	-4.775536359663e-09	1.228406455041e-09
8.792000000000e-07	2.471183060844e-09	-5.187732723314e-09	1.688425782373e-09
8.794000000000e-07	2.475256674502e-09	-5.119604393973e-09	1.600390544361e-09
8.796000000000e-07	2.489588145992e-09	-5.108284114591e-09	1.560791241429e-09
8.798000000000e-07	2.650921823869e-09	-5.356545091119e-09	1.566531261042e-09
8.800000000000e-07	2.565956862929e-09	-5.115700354754e-09	1.394947610508e-09
8.802000000000e-07	2.381125312570e-09	-4.679217240161e-09	1.192525420300e-09
8.804000000000e-07	2.432408908477e-09	-4.908599794716e-09	1.399813712611e-09
8.806000000000e-07	2.424669042959e-09	-4.755837258695e-09	1.258283590916e-09
8.808000000000e-07	2.189307491375e-09	-4.770229773661e-09	1.766024625222e-09
8.810000000000e-07	2.462731130646e-09	-4.908893690461e-09	1.345700431380e-09
8.812000000000e-07	2.560093342272e-09	-4.932755763997e-09	1.139789044740e-09
8.814000000000e-07	2.478217765126e-09	-5.030093751936e-09	1.493773273492e-09
8.816000000000e-07	2.376780530233e-09	-4.783553258029e-09	1.364988297977e-09
8.818000000000e-07	2.469154664185e-09	-4.800111162681e-09	1.215900230505e-09
8.820000000000e-07	2.362332599316e-09	-4.719311850031e-09	1.271283260041e-09
8.822000000000e-07	2.201460200990e-09	-4.642593647926e-09	1.570359279749e-09
8.824000000000e-07	2.416411988186e-09	-4.658851573346e-09	1.068081128593e-09
8.826000000000e-07	2.359065524742e-09	-4.802957168317e-09	1.398794760533e-09
8.828000000000e-07	1.979035910900e-09	-4.456887375149e-09	1.778187790625e-09
8.830000000000e-07	2.651996146778e-09	-4.949118533084e-09	9.536992728636e-10
8.832000000000e-07	2.190116443915e-09	-4.700191317664e-09	1.676551169109e-09
8.834000000000e-07	2.639954006858e-09	-5.057234204424e-09	1.157688439220e-09
8.836000000000e-07	2.326014063766e-09	-4.570722158679e-09	1.163431090642e-09
8.838000000000e-07	2.504720385099e-09	-4.835112576502e-09	1.148147167254e-09
8.840000000000e-07	2.500227693813e-09	-5.148568886027e-09	1.599190320169e-09
8.842000000000e-07	2.327984172587e-09	-4.612920310242e-09	1.219088973500e-09
8.844000000000e-07	2.404640209685e-09	-4.803028443475e-09	1.302083108212e-09
8.846000000000e-07	2.368139417366e-09	-4.652634496355e-09	1.196937129834e-09
8.848000000000e-07	2.317593875039e-09	-4.625423718408e-09	1.167177619749e-09
8.850000000000e-07	2.455385822541e-09	-4.531131035064e-09	8.320261865048e-10
8.852000000000e-07	2.395584435650e-09	-4.761714329377e-09	1.311332818657e-09
8.854000000000e-07	2.318627813900e-09	-4.620057983257e-09	1.254076003652e-09
8.856000000000e-07	2.450178041572e-09	-4.794133682329e-09	1.223043934251e-09
8.858000000000e-07	2.243788845467e-09	-4.445115829315e-09	1.195292441196e-09
8.860000000000e-07	2.267520140056e-09	-4.613687751864e-09	1.397823970580e-09
8.862000000000e-07	2.289453490910e-09	-4.466348264765e-09	1.106207540169e-09
8.864000000000e-07	2.213302841013e-09	-4.283115883747e-09	1.050479966066e-09
8.866000000000e-07	2.347491901802e-09	-4.589978052369e-09	1.154075517809e-09
8.868000000000e-07	2.319287503444e-09	-4.698249356232e-09	1.385351188352e-09
8.870000000000e-07	2.219034800995e-09	-4.624810602465e-09	1.494894731483e-09
8.872000000000e-07	2.325642888027e-09	-4.454968210701e-09	9.849917851218e-10
8.874000000000e-07	2.309159932435e-09	-4.534265841645e-09	1.162335730961e-09
8.876000000000e-07	2.042315176488e-09	-4.344379552825e-09	1.448940268192e-09
8.878000000000e-07	2.330249630434e-09	-4.502241582856e-09	1.096242811704e-09
8.880000000000e-07	2.202587788570e-09	-4.332348642439e-09	1.116875668865e-09
8.882000000000e-07	2.201574255695e-09	-4.481854708171e-09	1.337196545934e-09
8.884000000000e-07	2.291400468059e-09	-4.454889539403e-09	1.100646165280e-09
8.886000000000e-07	2.407650812657e-09	-4.579900876020e-09	1.017689293048e-09
8.888000000000e-07	2.467282890728e-09	-4.536387018842e-09	8.373120458091e-10
8.890000000000e-07	2.160075714015e-09	-4.404811612156e-09	1.216154098358e-09
8.892000000000e-07	2.436105566588e-09	-4.939296077690e-09	1.416503343245e-09
8.894000000000e-07	2.141439803762e-09	-4.361620650845e-09	1.319127455620e-09
8.896000000000e-07	2.135073673839e-09	-4.066645390359e-09	8.842518938219e-10
8.898000000000e-07	2.077823211746e-09	-4.160612432947e-09	1.154384645477e-09
8.900000000000e-07	2.105240095912e-09	-4.287027612177e-09	1.281038589008e-09
8.902000000000e-07	1.993242104269e-09	-4.222467475992e-09	1.427468670797e-09
8.904000000000e-07	2.256414638095e-09	-4.418289497653e-09	1.146037475957e-09
8.906000000000e-07	2.082879827287e-09	-4.137014593028e-09	1.100638863702e-09
8.908000000000e-07	2.333410001475e-09	-4.575274353735e-09	1.168544096772e-09
8.910000000000e-07	2.133770020532e-09	-4.368381000683e-09	1.311102390322e-09
8.912000000000e-07	2.360762092823e-09	-4.506794917224e-09	1.034924911200e-09
8.914000000000e-07	2.230900167943e-09	-4.293794457229e-09	1.000129345657e-09
8.916000000000e-07	2.063722365585e-09	-4.248367321722e-09	1.316142925542e-09
8.918000000000e-07	2.127052328440e-09	-4.217085711352e-09	1.116753937055e-09
8.920000000000e-07	2.299054575886e-09	-4.470299857136e-09	1.117564130078e-09
8.922000000000e-07	1.996509707578e-09	-4.234639504809e-09	1.361868992002e-09
8.924000000000e-07	2.192992916078e-09	-4.167623213479e-09	8.984929485969e-10
8.926000000000e-07	2.170975285669e-09	-4.184921611834e-09	9.903741919716e-10
8.928000000000e-07	2.053756279982e-09	-3.982694190073e-09	9.694042999263e-10
8.930000000000e-07	2.164107043658e-09	-4.351488727900e-09	1.238047106605e-09
8.932000000000e-07	2.088067206907e-09	-4.082763263832e-09	1.003559419648e-09
8.934000000000e-07	2.038780464102e-09	-4.147014141214e-09	1.221637993988e-09
8.936000000000e-07	2.196449587392e-09	-4.247023782266e-09	1.015984092995e-09
8.938000000000e-07	2.060674335976e-09	-4.142785526951e-09	1.172080072354e-09
8.940000000000e-07	2.032759825822e-09	-4.197037741538e-09	1.296076909711e-09
8.942000000000e-07	1.956997211488e-09	-3.971321155494e-09	1.155860106714e-09
8.944000000000e-07	2.069039839592e-09	-4.018383834809e-09	9.709995955914e-10
8.946000000000e-07	1.948102523668e-09	-3.922614803493e-09	1.141152854744e-09
8.948000000000e-07	2.135848247150e-09	-4.172408684457e-09	1.033254776040e-09
8.950000000000e-07	2.047033480592e-09	-4.170696438919e-09	1.254744553682e-09
8.952000000000e-07	2.107879500936e-09	-4.153554767631e-09	1.093952126225e-09
8.954000000000e-07	2.107921797308e-09	-4.147850565906e-09	1.054827729308e-09
8.956000000000e-07	2.054697463481e-09	-4.163046158537e-09	1.239102096632e-09
8.958000000000e-07	2.103968828238e-09	-4.104758134567e-09	1.055832160698e-09
8.960000000000e-07	2.065214767247e-09	-4.101568651264e-09	1.099514795214e-09
8.962000000000e-07	1.931843760336e-09	-3.806816830287e-09	9.673135982541e-10
8.964000000000e-07	2.097360929856e-09	-4.162714773164e-09	1.115061829952e-09
8.966000000000e-07	1.952745748644e-09	-3.892646908300e-09	1.059365207514e-09
8.968000000000e-07	1.960494385820e-09	-3.801773455716e-09	8.918257883733e-10
8.970000000000e-07	2.118750551224e-09	-4.124710548319e-09	1.036903538359e-09
8.972000000000e-07	2.067031145392e-09	-4.006659100146e-09	9.676682166898e-10
8.974000000000e-07	2.083845237766e-09	-3.966944190610e-09	8.690025750453e-10
8.976000000000e-07	2.011884630266e-09	-4.020568549304e-09	1.095826145029e-09
8.978000000000e-07	1.915095970158e-09	-3.888278318449e-09	1.128970621423e-09
8.980000000000e-07	1.956564428120e-09	-4.020364931339e-09	1.208501999682e-09
8.982000000000e-07	1.851220773892e-09	-3.765865646500e-09	1.061050701569e-09
8.984000000000e-07	1.965302108096e-09	-3.949846213270e-09	1.130630469188e-09
8.986000000000e-07	1.959647905561e-09	-3.930157915169e-09	1.148348464364e-09
8.988000000000e-07	1.986552511077e-09	-3.778217035579e-09	8.669044347500e-10
8.990000000000e-07	1.956932983890e-09	-3.940373371680e-09	1.148029599518e-09
8.992000000000e-07	1.752373548770e-09	-3.713384628586e-09	1.229395615937e-09
8.994000000000e-07	1.894635818571e-09	-3.850810947398e-09	1.134170391714e-09
8.996000000000e-07	2.008347343845e-09	-3.989148173841e-09	1.104654192211e-09
8.998000000000e-07	1.967801717537e-09	-3.940966015533e-09	1.097074761075e-09
9.000000000000e-07	1.954572911448e-09	-3.910512120104e-09	1.105241201372e-09
9.002000000000e-07	2.041316186532e-09	-4.007326664245e-09	1.036942935383e-09
9.004000000000e-07	1.985876740775e-09	-3.848120545000e-09	8.895811798380e-10
9.006000000000e-07	1.964209280446e-09	-3.875785593242e-09	1.029309141112e-09
9.008000000000e-07	1.854317444539e-09	-3.815829765376e-09	1.173754771607e-09
9.010000000000e-07	1.861313896440e-09	-3.871480133080e-09	1.221631798393e-09
9.012000000000e-07	1.762278362935e-09	-3.507093767949e-09	9.667915731341e-10
9.014000000000e-07	1.897466607827e-09	-3.720965102092e-09	9.315043658543e-10
9.016000000000e-07	1.967190457678e-09	-3.796283669499e-09	8.943011348988e-10
9.018000000000e-07	1.817509828470e-09	-3.390504370792e-09	6.545409070583e-10
9.020000000000e-07	1.992483326364e-09	-3.831749688307e-09	9.181716313870e-10
9.022000000000e-07	1.735458773747e-09	-3.607959874621e-09	1.151636070531e-09
9.024000000000e-07	1.886190746841e-09	-3.647803415697e-09	7.954320598627e-10
9.026000000000e-07	1.875690795124e-09	-3.676774764076e-09	9.722190195143e-10
9.028000000000e-07	1.851362690421e-09	-3.631273227082e-09	9.346017005133e-10
9.030000000000e-07	1.870374333991e-09	-3.731785178567e-09	1.034596644896e-09
9.032000000000e-07	1.977325399513e-09	-3.652316241339e-09	6.739580634026e-10
9.034000000000e-07	1.860421314269e-09	-3.739805290083e-09	1.070929879074e-09
9.036000000000e-07	1.678823064905e-09	-3.383755517290e-09	9.647985282441e-10
9.038000000000e-07	1.750906323394e-09	-3.585236041742e-09	1.062541072872e-09
9.040000000000e-07	1.851470393074e-09	-3.608293537251e-09	9.163058736234e-10
9.042000000000e-07	1.806318894601e-09	-3.707023355406e-09	1.100033760210e-09
9.044000000000e-07	1.835330916119e-09	-3.593625535181e-09	9.071808041766e-10
9.046000000000e-07	1.753650445341e-09	-3.637862842925e-09	1.164157637542e-09
9.048000000000e-07	1.827717702415e-09	-3.578244108429e-09	9.513671653164e-10
9.050000000000e-07	1.811765238638e-09	-3.577538258968e-09	9.165769025209e-10
9.052000000000e-07	1.851636751572e-09	-3.788329584535e-09	1.157113375164e-09
9.054000000000e-07	1.813380627376e-09	-3.695251090538e-09	1.125413309973e-09
9.056000000000e-07	1.742100710268e-09	-3.543467299785e-09	1.039347814205e-09
9.058000000000e-07	1.933394117048e-09	-3.700734489585e-09	8.773584503273e-10
9.060000000000e-07	1.724831157221e-09	-3.460388530802e-09	6.272077157650e-10
9.062000000000e-07	1.630947571972e-09	-3.330443712623e-09	1.011731168025e-09
9.064000000000e-07	1.774367477785e-09	-3.533207566688e-09	9.407525380907e-10
9.066000000000e-07	1.787771884227e-09	-3.552974041929e-09	9.746758682544e-10
9.068000000000e-07	1.928631066669e-09	-3.702706058993e-09	8.731748724881e-10
9.070000000000e-07	1.782641559732e-09	-3.396495848429e-09	7.333266665842e-10
9.072000000000e-07	1.720344223371e-09	-3.326176071012e-09	8.108765140226e-10
9.074000000000e-07	1.737217865663e-09	-3.438364611659e-09	9.045843636327e-10
9.076000000000e-07	1.864851703908e-09	-3.589991336573e-09	8.458926811478e-10
9.078000000000e-07	1.862425420896e-09	-3.615039871575e-09	8.953318080792e-10
9.080000000000e-07	1.762591982790e-09	-3.401159797924e-09	7.756246542921e-10
9.082000000000e-07	1.699889515970e-09	-3.425761523670e-09	9.722584934654e-10
9.084000000000e-07	1.707136791895e-09	-3.323839218929e-09	8.008011935133e-10
9.086000000000e-07	1.788756512719e-09	-3.533881828601e-09	9.477455488424e-10
9.088000000000e-07	1.632393989146e-09	-3.322169488481e-09	9.791053677341e-10
9.090000000000e-07	1.704857726652e-09	-3.545881427977e-09	1.133996132247e-09
9.092000000000e-07	1.672474813216e-09	-3.399673093268e-09	1.019865756151e-09
9.094000000000e-07	1.706428352655e-09	-3.364216795817e-09	8.709108522630e-10
9.096000000000e-07	1.712530244420e-09	-3.357745673022e-09	8.613448342108e-10
9.098000000000e-07	1.817671931077e-09	-3.502369592787e-09	8.308311204329e-10
9.100000000000e-07	1.641469630501e-09	-3.373671923506e-09	1.052160363078e-09
9.102000000000e-07	1.591117214126e-09	-3.282252867721e-09	1.031065722196e-09
9.104000000000e-07	1.687290063421e-09	-3.279492494214e-09	7.908753298263e-10
9.106000000000e-07	1.596231528418e-09	-3.355203325366e-09	1.146408791479e-09
9.108000000000e-07	1.650682884452e-09	-3.301383809169e-09	9.083177853118e-10
9.110000000000e-07	1.683551822580e-09	-3.309252885847e-09	8.571026224248e-10
9.112000000000e-07	1.763942725670e-09	-3.365078391426e-09	7.463614252877e-10
9.114000000000e-07	1.606263708327e-09	-3.332139596923e-09	1.029224331382e-09
9.116000000000e-07	1.667751354940e-09	-3.344639387322e-09	9.456877592269e-10
