-1.110600000000e-05	0.000000000000e+00	0.000000000000e+00	0.000000000000e+00
-1.110580000000e-05	0.000000000000e+00	0.000000000000e+00	0.000000000000e+00
-1.110560000000e-05	0.000000000000e+00	0.000000000000e+00	0.000000000000e+00
-1.110540000000e-05	0.000000000000e+00	0.000000000000e+00	0.000000000000e+00
-1.110520000000e-05	0.000000000000e+00	0.000000000000e+00	0.000000000000e+00
-1.110500000000e-05	0.000000000000e+00	0.000000000000e+00	0.000000000000e+00
-1.110480000000e-05	0.000000000000e+00	0.000000000000e+00	0.000000000000e+00
-1.110460000000e-05	0.000000000000e+00	0.000000000000e+00	0.000000000000e+00
-1.110440000000e-05	0.000000000000e+00	0.000000000000e+00	0.000000000000e+00
-1.110420000000e-05	0.000000000000e+00	0.000000000000e+00	0.000000000000e+00
-1.110400000000e-05	0.000000000000e+00	0.000000000000e+00	0.000000000000e+00
-1.110380000000e-05	0.000000000000e+00	0.000000000000e+00	0.000000000000e+00
-1.110360000000e-05	0.000000000000e+00	0.000000000000e+00	0.000000000000e+00
-1.110340000000e-05	0.000000000000e+00	0.000000000000e+00	0.000000000000e+00
-1.110320000000e-05	0.000000000000e+00	0.000000000000e+00	0.000000000000e+00
-1.110300000000e-05	0.000000000000e+00	0.000000000000e+00	0.000000000000e+00
-1.110280000000e-05	0.000000000000e+00	0.000000000000e+00	0.000000000000e+00
-1.110260000000e-05	0.000000000000e+00	0.000000000000e+00	0.000000000000e+00
-1.110240000000e-05	0.000000000000e+00	0.000000000000e+00	0.000000000000e+00
-1.110220000000e-05	0.000000000000e+00	0.000000000000e+00	0.000000000000e+00
-1.110200000000e-05	0.000000000000e+00	0.000000000000e+00	0.000000000000e+00
-1.110180000000e-05	0.000000000000e+00	0.000000000000e+00	0.000000000000e+00
-1.110160000000e-05	0.000000000000e+00	0.000000000000e+00	0.000000000000e+00
-1.110140000000e-05	0.000000000000e+00	0.000000000000e+00	0.000000000000e+00
-1.110120000000e-05	0.000000000000e+00	0.000000000000e+00	0.000000000000e+00
-1.110100000000e-05	0.000000000000e+00	0.000000000000e+00	0.000000000000e+00
-1.110080000000e-05	0.000000000000e+00	0.000000000000e+00	0.000000000000e+00
-1.110060000000e-05	0.000000000000e+00	0.000000000000e+00	0.000000000000e+00
-1.110040000000e-05	0.000000000000e+00	0.000000000000e+00	0.000000000000e+00
-1.110020000000e-05	0.000000000000e+00	0.000000000000e+00	0.000000000000e+00
-1.110000000000e-05	0.000000000000e+00	0.000000000000e+00	0.000000000000e+00
-1.109980000000e-05	0.000000000000e+00	0.000000000000e+00	0.000000000000e+00
-1.109960000000e-05	0.000000000000e+00	0.000000000000e+00	0.000000000000e+00
-1.109940000000e-05	0.000000000000e+00	0.000000000000e+00	0.000000000000e+00
-1.109920000000e-05	0.000000000000e+00	0.000000000000e+00	0.000000000000e+00
-1.109900000000e-05	0.000000000000e+00	0.000000000000e+00	0.000000000000e+00
-1.109880000000e-05	0.000000000000e+00	0.000000000000e+00	0.000000000000e+00
-1.109860000000e-05	0.000000000000e+00	0.000000000000e+00	0.000000000000e+00
-1.109840000000e-05	0.000000000000e+00	0.000000000000e+00	0.000000000000e+00
-1.109820000000e-05	0.000000000000e+00	0.000000000000e+00	0.000000000000e+00
-1.109800000000e-05	0.000000000000e+00	0.000000000000e+00	0.000000000000e+00
-1.109780000000e-05	0.000000000000e+00	0.000000000000e+00	0.000000000000e+00
-1.109760000000e-05	0.000000000000e+00	0.000000000000e+00	0.000000000000e+00
-1.109740000000e-05	0.000000000000e+00	0.000000000000e+00	0.000000000000e+00
-1.109720000000e-05	0.000000000000e+00	0.000000000000e+00	0.000000000000e+00
-1.109700000000e-05	0.000000000000e+00	0.000000000000e+00	0.000000000000e+00
-1.109680000000e-05	0.000000000000e+00	0.000000000000e+00	0.000000000000e+00
-1.109660000000e-05	0.000000000000e+00	0.000000000000e+00	0.000000000000e+00
-1.109640000000e-05	0.000000000000e+00	0.000000000000e+00	0.000000000000e+00
-1.109620000000e-05	0.000000000000e+00	0.000000000000e+00	0.000000000000e+00
-1.109600000000e-05	0.000000000000e+00	0.000000000000e+00	0.000000000000e+00
-1.109580000000e-05	0.000000000000e+00	0.000000000000e+00	0.000000000000e+00
-1.109560000000e-05	0.000000000000e+00	0.000000000000e+00	0.000000000000e+00
-1.109540000000e-05	0.000000000000e+00	0.000000000000e+00	0.000000000000e+00
-1.109520000000e-05	0.000000000000e+00	0.000000000000e+00	0.000000000000e+00
-1.109500000000e-05	0.000000000000e+00	0.000000000000e+00	0.000000000000e+00
-1.109480000000e-05	0.000000000000e+00	0.000000000000e+00	0.000000000000e+00
-1.109460000000e-05	0.000000000000e+00	0.000000000000e+00	0.000000000000e+00
-1.109440000000e-05	0.000000000000e+00	0.000000000000e+00	0.000000000000e+00
-1.109420000000e-05	0.000000000000e+00	0.000000000000e+00	0.000000000000e+00
-1.109400000000e-05	0.000000000000e+00	0.000000000000e+00	0.000000000000e+00
-1.109380000000e-05	0.000000000000e+00	0.000000000000e+00	0.000000000000e+00
-1.109360000000e-05	0.000000000000e+00	0.000000000000e+00	0.000000000000e+00
-1.109340000000e-05	0.000000000000e+00	0.000000000000e+00	0.000000000000e+00
-1.109320000000e-05	0.000000000000e+00	0.000000000000e+00	0.000000000000e+00
-1.109300000000e-05	0.000000000000e+00	0.000000000000e+00	0.000000000000e+00
-1.109280000000e-05	0.000000000000e+00	0.000000000000e+00	0.000000000000e+00
-1.109260000000e-05	0.000000000000e+00	0.000000000000e+00	0.000000000000e+00
-1.109240000000e-05	0.000000000000e+00	0.000000000000e+00	0.000000000000e+00
-1.109220000000e-05	0.000000000000e+00	0.000000000000e+00	0.000000000000e+00
-1.109200000000e-05	0.000000000000e+00	0.000000000000e+00	0.000000000000e+00
-1.109180000000e-05	0.000000000000e+00	0.000000000000e+00	0.000000000000e+00
-1.109160000000e-05	0.000000000000e+00	0.000000000000e+00	0.000000000000e+00
-1.109140000000e-05	0.000000000000e+00	0.000000000000e+00	0.000000000000e+00
-1.109120000000e-05	0.000000000000e+00	0.000000000000e+00	0.000000000000e+00
-1.109100000000e-05	0.000000000000e+00	0.000000000000e+00	0.000000000000e+00
-1.109080000000e-05	0.000000000000e+00	0.000000000000e+00	0.000000000000e+00
-1.109060000000e-05	0.000000000000e+00	0.000000000000e+00	0.000000000000e+00
-1.109040000000e-05	0.000000000000e+00	0.000000000000e+00	0.000000000000e+00
-1.109020000000e-05	0.000000000000e+00	0.000000000000e+00	0.000000000000e+00
-1.109000000000e-05	0.000000000000e+00	0.000000000000e+00	0.000000000000e+00
-1.108980000000e-05	0.000000000000e+00	0.000000000000e+00	0.000000000000e+00
-1.108960000000e-05	0.000000000000e+00	0.000000000000e+00	0.000000000000e+00
-1.108940000000e-05	0.000000000000e+00	0.000000000000e+00	0.000000000000e+00
-1.108920000000e-05	0.000000000000e+00	0.000000000000e+00	0.000000000000e+00
-1.108900000000e-05	0.000000000000e+00	0.000000000000e+00	0.000000000000e+00
-1.108880000000e-05	0.000000000000e+00	0.000000000000e+00	0.000000000000e+00
-1.108860000000e-05	0.000000000000e+00	0.000000000000e+00	0.000000000000e+00
-1.108840000000e-05	0.000000000000e+00	0.000000000000e+00	0.000000000000e+00
-1.108820000000e-05	0.000000000000e+00	0.000000000000e+00	0.000000000000e+00
-1.108800000000e-05	0.000000000000e+00	0.000000000000e+00	0.000000000000e+00
-1.108780000000e-05	0.000000000000e+00	0.000000000000e+00	0.000000000000e+00
-1.108760000000e-05	0.000000000000e+00	0.000000000000e+00	0.000000000000e+00
-1.108740000000e-05	0.000000000000e+00	0.000000000000e+00	0.000000000000e+00
-1.108720000000e-05	0.000000000000e+00	0.000000000000e+00	0.000000000000e+00
-1.108700000000e-05	0.000000000000e+00	0.000000000000e+00	0.000000000000e+00
-1.108680000000e-05	0.000000000000e+00	0.000000000000e+00	0.000000000000e+00
-1.108660000000e-05	0.000000000000e+00	0.000000000000e+00	0.000000000000e+00
-1.108640000000e-05	0.000000000000e+00	0.000000000000e+00	0.000000000000e+00
-1.108620000000e-05	0.000000000000e+00	0.000000000000e+00	0.000000000000e+00
-1.108600000000e-05	0.000000000000e+00	0.000000000000e+00	0.000000000000e+00
-1.108580000000e-05	0.000000000000e+00	0.000000000000e+00	0.000000000000e+00
-1.108560000000e-05	0.000000000000e+00	0.000000000000e+00	0.000000000000e+00
-1.108540000000e-05	0.000000000000e+00	0.000000000000e+00	0.000000000000e+00
-1.108520000000e-05	0.000000000000e+00	0.000000000000e+00	0.000000000000e+00
-1.108500000000e-05	0.000000000000e+00	0.000000000000e+00	0.000000000000e+00
-1.108480000000e-05	0.000000000000e+00	0.000000000000e+00	0.000000000000e+00
-1.108460000000e-05	0.000000000000e+00	0.000000000000e+00	0.000000000000e+00
-1.108440000000e-05	0.000000000000e+00	0.000000000000e+00	0.000000000000e+00
-1.108420000000e-05	0.000000000000e+00	0.000000000000e+00	0.000000000000e+00
-1.108400000000e-05	0.000000000000e+00	0.000000000000e+00	0.000000000000e+00
-1.108380000000e-05	0.000000000000e+00	0.000000000000e+00	0.000000000000e+00
-1.108360000000e-05	0.000000000000e+00	0.000000000000e+00	0.000000000000e+00
-1.108340000000e-05	0.000000000000e+00	0.000000000000e+00	0.000000000000e+00
-1.108320000000e-05	0.000000000000e+00	0.000000000000e+00	0.000000000000e+00
-1.108300000000e-05	0.000000000000e+00	0.000000000000e+00	0.000000000000e+00
-1.108280000000e-05	0.000000000000e+00	0.000000000000e+00	0.000000000000e+00
-1.108260000000e-05	0.000000000000e+00	0.000000000000e+00	0.000000000000e+00
-1.108240000000e-05	0.000000000000e+00	0.000000000000e+00	0.000000000000e+00
-1.108220000000e-05	0.000000000000e+00	0.000000000000e+00	0.000000000000e+00
-1.108200000000e-05	0.000000000000e+00	0.000000000000e+00	0.000000000000e+00
-1.108180000000e-05	0.000000000000e+00	0.000000000000e+00	0.000000000000e+00
-1.108160000000e-05	0.000000000000e+00	0.000000000000e+00	0.000000000000e+00
-1.108140000000e-05	0.000000000000e+00	0.000000000000e+00	0.000000000000e+00
-1.108120000000e-05	0.000000000000e+00	0.000000000000e+00	0.000000000000e+00
-1.108100000000e-05	0.000000000000e+00	0.000000000000e+00	0.000000000000e+00
-1.108080000000e-05	0.000000000000e+00	0.000000000000e+00	0.000000000000e+00
-1.108060000000e-05	0.000000000000e+00	0.000000000000e+00	0.000000000000e+00
-1.108040000000e-05	0.000000000000e+00	0.000000000000e+00	0.000000000000e+00
-1.108020000000e-05	0.000000000000e+00	0.000000000000e+00	0.000000000000e+00
-1.108000000000e-05	0.000000000000e+00	0.000000000000e+00	0.000000000000e+00
-1.107980000000e-05	0.000000000000e+00	0.000000000000e+00	0.000000000000e+00
-1.107960000000e-05	0.000000000000e+00	0.000000000000e+00	0.000000000000e+00
-1.107940000000e-05	0.000000000000e+00	0.000000000000e+00	0.000000000000e+00
-1.107920000000e-05	0.000000000000e+00	0.000000000000e+00	0.000000000000e+00
-1.107900000000e-05	2.453221715336e-15	-1.247909437120e-16	-5.042480088282e-15
-1.107880000000e-05	1.118845761394e-15	-5.405236793210e-17	-2.302029167617e-15
-1.107860000000e-05	1.155857210735e-15	-2.525645055245e-16	-2.124766514677e-15
-1.107840000000e-05	-3.478381103548e-15	1.879081510577e-16	7.133167992799e-15
-1.107820000000e-05	-4.763125954824e-15	8.421114998181e-16	9.019526053355e-15
-1.107800000000e-05	-5.375674174660e-15	4.992063811807e-15	5.050776757930e-15
-1.107780000000e-05	1.323760859311e-15	8.218010514581e-15	-1.323459721068e-14
-1.107760000000e-05	-4.636136059797e-15	4.934780798731e-15	3.539439394187e-15
-1.107740000000e-05	6.789353581616e-15	-3.972305342367e-15	-9.328792709437e-15
-1.107720000000e-05	-9.359398032639e-16	-2.174841974193e-15	4.732604837357e-15
-1.107700000000e-05	9.572098668054e-16	-3.581093685111e-15	2.514746652498e-15
-1.107680000000e-05	5.647107162083e-16	4.360284006256e-17	-1.258222997044e-15
-1.107660000000e-05	-6.878175109696e-15	1.687308364856e-14	-6.830951739870e-15
-1.107640000000e-05	-9.247656946310e-15	5.253480191401e-15	1.287840894950e-14
-1.107620000000e-05	-2.185399138516e-14	5.151536331617e-14	-1.914132254680e-14
-1.107600000000e-05	1.340872164386e-14	-3.714286805795e-14	1.878054903208e-14
-1.107580000000e-05	-1.715387127219e-14	-2.769324301376e-15	3.972387734291e-14
-1.107560000000e-05	-9.007289828434e-14	1.214628576156e-13	3.634660227865e-14
-1.107540000000e-05	-1.878859088627e-14	8.759306848646e-14	-7.114408062404e-14
-1.107520000000e-05	-1.298543997159e-15	3.695749935746e-15	-1.863737483764e-15
-1.107500000000e-05	-5.202026109911e-14	1.044549645675e-13	-2.259567365347e-14
-1.107480000000e-05	-1.742550029463e-13	2.123527169104e-13	9.875681460386e-14
-1.107460000000e-05	2.560667582208e-14	-1.570692044114e-14	-3.405512148670e-14
-1.107440000000e-05	1.888654853324e-14	-2.106291850579e-14	-1.313795786204e-14
-1.107420000000e-05	-1.358936822127e-13	1.268416000318e-13	1.238684694708e-13
-1.107400000000e-05	-6.106822809748e-14	9.060862042852e-14	1.504131990733e-14
-1.107380000000e-05	-8.018497530150e-14	2.017756473494e-14	1.439073045693e-13
-1.107360000000e-05	2.705592174908e-14	-5.471297203331e-14	1.122022978139e-14
-1.107340000000e-05	-3.512030595044e-13	3.319924717075e-14	6.939012822299e-13
-1.107320000000e-05	-5.747225070821e-14	4.552560421934e-13	-4.544144975827e-13
-1.107300000000e-05	2.773882835660e-13	-2.069223013516e-13	-3.197956375720e-13
-1.107280000000e-05	-2.475346684984e-13	2.106987731121e-13	2.539257996297e-13
-1.107260000000e-05	-1.065807201015e-13	2.429934708788e-13	-8.500367008993e-14
-1.107240000000e-05	-4.469667300886e-13	2.201125162527e-13	6.618856991716e-13
-1.107220000000e-05	-7.500843072275e-14	1.769146099598e-13	-6.558493747194e-14
-1.107200000000e-05	-5.654914943633e-14	2.573709465595e-13	-2.077622809251e-13
-1.107180000000e-05	-2.608083188603e-13	8.804794000814e-13	-5.617109241491e-13
-1.107160000000e-05	-1.523268964594e-13	-3.982729518811e-13	8.164906376228e-13
-1.107140000000e-05	-3.650806679541e-14	1.813087785916e-13	-1.514355688053e-13
-1.107120000000e-05	3.756232663949e-13	-5.031586695210e-13	-1.538359366887e-13
-1.107100000000e-05	-3.038483772098e-13	7.675104636301e-13	-3.266914177922e-13
-1.107080000000e-05	-4.290240286933e-13	8.034965959426e-13	-1.159883146790e-13
-1.107060000000e-05	5.168625497555e-13	2.987092388388e-13	-1.445188889314e-12
-1.107040000000e-05	-2.184289864150e-13	8.103792268619e-13	-5.613666387945e-13
-1.107020000000e-05	-1.513361809800e-12	7.856232674316e-13	2.161047280114e-12
-1.107000000000e-05	-9.117724415489e-13	1.649241228910e-13	1.699052184703e-12
-1.106980000000e-05	5.867021120446e-13	5.714806174199e-14	-1.310628560427e-12
-1.106960000000e-05	3.211134246282e-13	5.965778134389e-13	-1.410042051246e-12
-1.106940000000e-05	-2.264590385837e-12	1.638717946184e-12	2.681834636706e-12
-1.106920000000e-05	1.510446801626e-12	-2.310386447165e-14	-3.126667192723e-12
-1.106900000000e-05	-1.554535252052e-12	2.234590317498e-12	4.464599158677e-13
-1.106880000000e-05	3.817468858002e-13	5.052308044616e-12	-6.997703669049e-12
-1.106860000000e-05	-9.751616080276e-13	1.266047127050e-12	4.028271224186e-13
-1.106840000000e-05	-2.353378376556e-12	2.769678266145e-12	1.398055062119e-12
-1.106820000000e-05	-1.172479841392e-12	9.890958015846e-13	1.196826433079e-12
-1.106800000000e-05	-1.569947350246e-12	2.594160112776e-12	1.686228806885e-14
-1.106780000000e-05	-1.988437718233e-12	4.527985871424e-12	-1.597821632426e-12
-1.106760000000e-05	-1.642611559775e-12	1.023142215296e-12	2.114309910522e-12
-1.106740000000e-05	1.400219293377e-12	-2.666042615897e-12	4.266084451863e-13
-1.106720000000e-05	1.215325102002e-13	5.005610455984e-12	-6.519292719951e-12
-1.106700000000e-05	-3.319333485401e-12	4.486991351035e-13	6.328140273013e-12
-1.106680000000e-05	1.099210209747e-12	5.935482316363e-13	-3.024815863199e-12
-1.106660000000e-05	-1.739731314217e-12	3.330917536644e-12	-5.729745013212e-13
-1.106640000000e-05	-3.171800133735e-12	2.754892135643e-12	3.151702868512e-12
-1.106620000000e-05	-7.804600683838e-13	5.831755274161e-12	-5.661592729423e-12
-1.106600000000e-05	-5.664640549328e-12	4.386333601047e-12	6.272272770932e-12
-1.106580000000e-05	1.712915845064e-12	2.286747560633e-12	-6.450520896326e-12
-1.106560000000e-05	-3.323576673122e-12	3.758689657574e-12	2.246978468134e-12
-1.106540000000e-05	-2.507327408241e-12	2.135366178913e-12	2.554327590787e-12
-1.106520000000e-05	-2.878845599513e-12	3.585990334345e-12	1.457554530331e-12
-1.106500000000e-05	-1.831586954182e-12	5.282631258335e-12	-2.799605527686e-12
-1.106480000000e-05	-1.740522759779e-12	4.407743263350e-12	-1.902608941026e-12
-1.106460000000e-05	-8.580691506533e-13	4.053281137577e-12	-3.309943691566e-12
-1.106440000000e-05	-5.718828721535e-12	7.217393301662e-12	2.826973029934e-12
-1.106420000000e-05	-4.495428018349e-12	1.305251142673e-11	-6.973198042176e-12
-1.106400000000e-05	-5.468254301405e-13	3.620897257916e-12	-3.374769430645e-12
-1.106380000000e-05	-1.791021181980e-12	6.074548893226e-12	-3.849953979770e-12
-1.106360000000e-05	-5.132063389455e-12	4.863897432377e-12	4.602043435383e-12
-1.106340000000e-05	-4.357823249304e-12	1.056498399647e-11	-4.149300423922e-12
-1.106320000000e-05	-1.873418952248e-12	3.676172358894e-12	-6.926116637061e-13
-1.106300000000e-05	-6.567911222699e-12	1.760078981165e-11	-8.335691815894e-12
-1.106280000000e-05	4.159547275128e-13	4.989129021781e-12	-7.106953902818e-12
-1.106260000000e-05	-7.656623630931e-12	1.388230823099e-11	-1.477346641149e-12
-1.106240000000e-05	-1.001467473889e-11	1.202433201018e-11	5.794857130922e-12
-1.106220000000e-05	-1.248836606381e-11	1.644779918051e-11	5.298409375728e-12
-1.106200000000e-05	-1.368060553479e-11	2.259021354436e-11	1.280467814695e-13
-1.106180000000e-05	-6.615313453367e-12	1.531963296106e-11	-5.344552346798e-12
-1.106160000000e-05	-3.665449462273e-12	8.180628362084e-12	-2.620551377564e-12
-1.106140000000e-05	-2.725161264395e-12	7.011084736256e-12	-3.072628124718e-12
-1.106120000000e-05	1.470076961097e-12	8.428303954605e-12	-1.360339480195e-11
-1.106100000000e-05	-1.068225547784e-11	2.084336117818e-11	-3.859949267483e-12
-1.106080000000e-05	-1.270538309050e-11	1.814613571601e-11	3.611675129079e-12
-1.106060000000e-05	-1.182829848973e-11	2.482737917570e-11	-6.489953092933e-12
-1.106040000000e-05	-4.614316250495e-12	2.172373285976e-11	-1.750233829665e-11
-1.106020000000e-05	-1.100023482856e-11	2.338894768738e-11	-6.396530391364e-12
-1.106000000000e-05	-8.741529930213e-12	2.382969317712e-11	-1.161365501631e-11
-1.105980000000e-05	-5.817437896166e-12	2.444524104537e-11	-1.822348561801e-11
-1.105960000000e-05	-4.701734633267e-12	6.931514825368e-12	9.497452296781e-13
-1.105940000000e-05	-1.523925042788e-11	3.343324896591e-11	-1.010445865962e-11
-1.105920000000e-05	-1.341849045497e-11	2.512204993378e-11	-3.615883525605e-12
-1.105900000000e-05	-2.012000072529e-11	4.652310644594e-11	-1.636244573405e-11
-1.105880000000e-05	-2.423187710854e-11	3.896965245590e-11	1.524888513490e-12
-1.105860000000e-05	-9.687244237382e-12	2.704918198605e-11	-1.367192274540e-11
-1.105840000000e-05	-2.827169820442e-13	2.676785445702e-11	-3.253506921809e-11
-1.105820000000e-05	-4.153425913404e-11	5.777856683332e-11	1.376861161086e-11
-1.105800000000e-05	-7.727128749549e-12	3.725110120875e-11	-3.035937520081e-11
-1.105780000000e-05	-2.842283256006e-11	3.906758718845e-11	1.005959416737e-11
-1.105760000000e-05	-3.026017217023e-11	5.550348802231e-11	-6.718587904186e-12
-1.105740000000e-05	-2.547839443192e-11	5.710619426442e-11	-1.852615514806e-11
-1.105720000000e-05	-3.889656478320e-11	7.034850007421e-11	-7.307639719861e-12
-1.105700000000e-05	-3.806466267523e-11	6.609992414637e-11	-3.824226749892e-12
-1.105680000000e-05	-7.647224848299e-12	4.605785407072e-11	-4.123602939790e-11
-1.105660000000e-05	-3.003688558315e-11	4.062768581193e-11	1.120794855267e-11
-1.105640000000e-05	-4.742869664570e-11	7.090764480230e-11	9.562338915942e-12
-1.105620000000e-05	-2.125339456602e-11	6.386295778533e-11	-3.555755494244e-11
-1.105600000000e-05	-3.908671709374e-11	5.891235477100e-11	7.292363062069e-12
-1.105580000000e-05	-1.451434515907e-11	5.649857697127e-11	-4.029869410528e-11
-1.105560000000e-05	-5.619720082266e-11	8.346344037704e-11	1.202576070420e-11
-1.105540000000e-05	-4.701597792107e-11	7.840862043134e-11	-4.672255245192e-13
-1.105520000000e-05	-4.361509553818e-11	9.106005191200e-11	-2.310967313046e-11
-1.105500000000e-05	-3.772645648471e-11	7.651670140463e-11	-1.751698893842e-11
-1.105480000000e-05	-3.779800934393e-11	1.064605890782e-10	-5.423650535142e-11
-1.105460000000e-05	-5.083041966411e-11	9.602733895336e-11	-1.446789917783e-11
-1.105440000000e-05	-5.405817464760e-11	1.052139493900e-10	-1.942125141315e-11
-1.105420000000e-05	-3.345088225732e-11	9.689438352412e-11	-5.139685667344e-11
-1.105400000000e-05	-4.438789043873e-11	1.105260263004e-10	-4.584041979320e-11
-1.105380000000e-05	-7.504325979292e-11	1.346091311448e-10	-1.276189190534e-11
-1.105360000000e-05	-5.756899837078e-11	1.160756728135e-10	-2.568726253240e-11
-1.105340000000e-05	-6.401974261415e-11	1.481158827840e-10	-5.175038771664e-11
-1.105320000000e-05	-8.504121921376e-11	1.718693417709e-10	-3.835293680758e-11
-1.105300000000e-05	-8.406615943499e-11	1.552070133161e-10	-1.964813399499e-11
-1.105280000000e-05	-8.450665942216e-11	1.466309602435e-10	-8.511273303999e-12
-1.105260000000e-05	-6.562649658663e-11	1.676112939857e-10	-7.272650021785e-11
-1.105240000000e-05	-8.582881676365e-11	1.718785436139e-10	-3.671428841624e-11
-1.105220000000e-05	-7.459754606921e-11	1.390942987412e-10	-1.919347991807e-11
-1.105200000000e-05	-1.112442540695e-10	1.756773063408e-10	1.051437451327e-11
-1.105180000000e-05	-5.820348976609e-11	1.491446922459e-10	-6.506224796536e-11
-1.105160000000e-05	-1.450709190458e-10	2.301310868734e-10	1.196786973587e-11
-1.105140000000e-05	-1.137080400256e-10	1.863031910467e-10	2.299614474336e-12
-1.105120000000e-05	-1.326492867780e-10	1.918361120492e-10	3.416306529020e-11
-1.105100000000e-05	-7.905853391978e-11	1.975243538422e-10	-8.230777228338e-11
-1.105080000000e-05	-1.271683288611e-10	2.150134457683e-10	-5.483597813144e-12
-1.105060000000e-05	-8.860581238367e-11	2.828506242266e-10	-1.677227103647e-10
-1.105040000000e-05	-9.878848018990e-11	1.923691828581e-10	-3.571264297581e-11
-1.105020000000e-05	-1.272043048968e-10	2.387440634472e-10	-3.474816105647e-11
-1.105000000000e-05	-1.642504348454e-10	2.965995808412e-10	-3.078344200699e-11
-1.104980000000e-05	-8.672352962044e-11	2.001090832217e-10	-6.973332334921e-11
-1.104960000000e-05	-1.392943678968e-10	2.843231400736e-10	-6.577368158263e-11
-1.104940000000e-05	-1.467600588974e-10	3.089395259063e-10	-8.172852244149e-11
-1.104920000000e-05	-1.421164086448e-10	2.888713012002e-10	-6.642573364096e-11
-1.104900000000e-05	-1.452620167033e-10	3.457817244624e-10	-1.293421516963e-10
-1.104880000000e-05	-1.506843636558e-10	3.067858515386e-10	-7.093466125472e-11
-1.104860000000e-05	-1.654102143321e-10	3.308512749486e-10	-7.052093514972e-11
-1.104840000000e-05	-1.254105584041e-10	3.103737191838e-10	-1.267120118918e-10
-1.104820000000e-05	-2.013993660772e-10	3.626015872534e-10	-3.626610882492e-11
-1.104800000000e-05	-2.457792055508e-10	4.516363349869e-10	-5.564541496481e-11
-1.104780000000e-05	-1.449537798573e-10	2.913642644629e-10	-6.328464508361e-11
-1.104760000000e-05	-1.825974219232e-10	4.055710068644e-10	-1.274581202072e-10
-1.104740000000e-05	-2.298804199262e-10	4.240906166546e-10	-5.431760408099e-11
-1.104720000000e-05	-1.697522253594e-10	4.134919481013e-10	-1.627952906578e-10
-1.104700000000e-05	-2.001078606020e-10	4.329709355334e-10	-1.259430657646e-10
-1.104680000000e-05	-3.064067327105e-10	4.864370932840e-10	2.421696564704e-11
-1.104660000000e-05	-2.335250300300e-10	4.980677279459e-10	-1.372080941249e-10
-1.104640000000e-05	-3.101978924474e-10	5.794879336387e-10	-8.230731908197e-11
-1.104620000000e-05	-2.166990743550e-10	3.985745464481e-10	-4.924480460011e-11
-1.104600000000e-05	-2.101143268351e-10	5.085243300912e-10	-1.977492711884e-10
-1.104580000000e-05	-2.487524221318e-10	4.872791956079e-10	-9.346390349407e-11
-1.104560000000e-05	-3.346700228760e-10	6.153112099996e-10	-7.648968119260e-11
-1.104540000000e-05	-2.725663550451e-10	5.219108825916e-10	-8.718759745147e-11
-1.104520000000e-05	-3.438263427017e-10	5.848065906849e-10	-2.047918362512e-11
-1.104500000000e-05	-2.880121841447e-10	6.337224919323e-10	-1.935825574679e-10
-1.104480000000e-05	-2.742001225242e-10	6.245230454758e-10	-2.101161270836e-10
-1.104460000000e-05	-2.969882797129e-10	6.284280597251e-10	-1.688210680016e-10
-1.104440000000e-05	-3.474223032065e-10	6.292714165931e-10	-6.812084152553e-11
-1.104420000000e-05	-3.553609439006e-10	7.575586939836e-10	-2.081002285175e-10
-1.104400000000e-05	-3.382377892848e-10	6.513755038928e-10	-1.134146192602e-10
-1.104380000000e-05	-3.583266561987e-10	7.058745332905e-10	-1.391485387019e-10
-1.104360000000e-05	-4.128080709687e-10	8.789689465072e-10	-2.416536624684e-10
-1.104340000000e-05	-4.151436249438e-10	7.299194713212e-10	-5.422542204435e-11
-1.104320000000e-05	-3.927627387191e-10	7.515842962075e-10	-1.261392634890e-10
-1.104300000000e-05	-4.149219210210e-10	7.082293259894e-10	-2.845531700566e-11
-1.104280000000e-05	-3.488249280596e-10	7.978028554326e-10	-2.708750671459e-10
-1.104260000000e-05	-3.744334005641e-10	8.444923506504e-10	-2.765422271135e-10
-1.104240000000e-05	-4.650024004963e-10	8.752806251507e-10	-1.310352419857e-10
-1.104220000000e-05	-4.518378209596e-10	9.295753027422e-10	-2.245265187475e-10
-1.104200000000e-05	-4.449801865037e-10	9.697942470151e-10	-2.872727969876e-10
-1.104180000000e-05	-5.796558690189e-10	1.004523542233e-09	-5.902022267056e-11
-1.104160000000e-05	-6.112109543059e-10	9.965913079381e-10	1.531839949440e-11
-1.104140000000e-05	-4.143011048453e-10	9.675455324574e-10	-3.463671575279e-10
-1.104120000000e-05	-5.133011538248e-10	1.004034613260e-09	-1.908185961286e-10
-1.104100000000e-05	-5.546108176144e-10	1.043616702880e-09	-1.561045711961e-10
-1.104080000000e-05	-6.107398825068e-10	1.112146089535e-09	-1.278291112409e-10
-1.104060000000e-05	-5.015469767035e-10	1.109738458940e-09	-3.435085213174e-10
-1.104040000000e-05	-5.646533226661e-10	1.215522391743e-09	-3.457894949999e-10
-1.104020000000e-05	-5.507346312237e-10	1.132608634857e-09	-2.735093082764e-10
-1.104000000000e-05	-6.838355540362e-10	1.311559336270e-09	-2.237578461902e-10
-1.103980000000e-05	-5.410601036295e-10	1.293407772422e-09	-4.872127089466e-10
-1.103960000000e-05	-7.980959874196e-10	1.221829406802e-09	1.142952230129e-10
-1.103940000000e-05	-6.781039254582e-10	1.402734380922e-09	-3.471751528263e-10
-1.103920000000e-05	-6.870092008582e-10	1.419844046919e-09	-3.485303657112e-10
-1.103900000000e-05	-7.365953465484e-10	1.348551408772e-09	-1.618186993973e-10
-1.103880000000e-05	-7.579723206201e-10	1.341919055144e-09	-1.123880463828e-10
-1.103860000000e-05	-7.324251635120e-10	1.373693497304e-09	-2.026640157816e-10
-1.103840000000e-05	-7.798571888792e-10	1.475399706095e-09	-2.298978273643e-10
-1.103820000000e-05	-7.999145714100e-10	1.546322106966e-09	-2.767847929895e-10
-1.103800000000e-05	-7.027188590888e-10	1.440613500228e-09	-3.422039248437e-10
-1.103780000000e-05	-7.641277475386e-10	1.609528455498e-09	-4.244166909998e-10
-1.103760000000e-05	-8.981313348403e-10	1.620528755766e-09	-1.710802360129e-10
-1.103740000000e-05	-8.166691760929e-10	1.729085561517e-09	-4.642667433873e-10
-1.103720000000e-05	-8.873569178854e-10	1.666202554614e-09	-2.477090269186e-10
-1.103700000000e-05	-9.409099979801e-10	1.672664039109e-09	-1.503261014173e-10
-1.103680000000e-05	-8.215223597901e-10	1.680377629336e-09	-3.956166124850e-10
-1.103660000000e-05	-8.552651238182e-10	1.801096099973e-09	-4.753547190479e-10
-1.103640000000e-05	-1.083265884132e-09	1.905988975068e-09	-1.478515033626e-10
-1.103620000000e-05	-9.566987517933e-10	1.811856660754e-09	-2.846840476968e-10
-1.103600000000e-05	-9.799710549643e-10	1.853299554650e-09	-2.902804009640e-10
-1.103580000000e-05	-1.093098903265e-09	1.962586516030e-09	-1.977195365259e-10
-1.103560000000e-05	-7.867730721230e-10	1.791191341701e-09	-5.995522174051e-10
-1.103540000000e-05	-1.060529598507e-09	1.957347848836e-09	-2.549429256867e-10
-1.103520000000e-05	-1.089986272689e-09	2.169558165024e-09	-4.525994013968e-10
-1.103500000000e-05	-1.051080659623e-09	2.009705220223e-09	-3.366575847663e-10
-1.103480000000e-05	-1.012632289070e-09	2.059674113036e-09	-4.746644987153e-10
-1.103460000000e-05	-1.135230334467e-09	2.134875582278e-09	-3.214504130030e-10
-1.103440000000e-05	-9.246212760024e-10	2.024786348059e-09	-6.060963383602e-10
-1.103420000000e-05	-1.168703137145e-09	2.117780830201e-09	-2.347018317811e-10
-1.103400000000e-05	-1.295927289305e-09	2.521214100953e-09	-4.674888214774e-10
-1.103380000000e-05	-1.303761101269e-09	2.201129080764e-09	-6.697751866968e-11
-1.103360000000e-05	-1.338859065448e-09	2.573161691336e-09	-4.466125499745e-10
-1.103340000000e-05	-1.204018526099e-09	2.289400864939e-09	-3.711142659186e-10
-1.103320000000e-05	-1.469613262157e-09	2.576725193345e-09	-1.900336337251e-10
-1.103300000000e-05	-1.208781964146e-09	2.562405793948e-09	-6.930549256337e-10
-1.103280000000e-05	-1.266360477007e-09	2.601882375567e-09	-6.242658919565e-10
-1.103260000000e-05	-1.330808535804e-09	2.638211017654e-09	-5.419043882868e-10
-1.103240000000e-05	-1.492898069650e-09	2.688056793586e-09	-2.797987724318e-10
-1.103220000000e-05	-1.460381555378e-09	2.791756356475e-09	-4.702737613834e-10
-1.103200000000e-05	-1.154451821633e-09	2.546982876778e-09	-7.798384854814e-10
-1.103180000000e-05	-1.608371349022e-09	2.870826118741e-09	-2.713937825541e-10
-1.103160000000e-05	-1.490379656900e-09	2.683438602810e-09	-2.794036422627e-10
-1.103140000000e-05	-1.449478646043e-09	2.846542119122e-09	-5.576926606434e-10
-1.103120000000e-05	-1.335170884021e-09	2.853494798174e-09	-7.937929396058e-10
-1.103100000000e-05	-1.455819469498e-09	2.759453539717e-09	-4.398958340799e-10
-1.103080000000e-05	-1.590780675180e-09	2.987622123454e-09	-4.476038972120e-10
-1.103060000000e-05	-1.428223799545e-09	3.082773424046e-09	-8.838407434959e-10
-1.103040000000e-05	-1.640584173107e-09	3.131040654242e-09	-5.194043878628e-10
-1.103020000000e-05	-1.833062631961e-09	3.105888129206e-09	-1.119865070516e-10
-1.103000000000e-05	-1.769668626569e-09	3.258295102447e-09	-4.196716515166e-10
-1.102980000000e-05	-1.911850830276e-09	3.451132674156e-09	-3.729156195498e-10
-1.102960000000e-05	-1.787266031423e-09	3.322065527826e-09	-4.604448091968e-10
-1.102940000000e-05	-1.559833756956e-09	3.194948349203e-09	-7.574373632198e-10
-1.102920000000e-05	-2.028314550997e-09	3.439663965347e-09	-1.261412448700e-10
-1.102900000000e-05	-1.865021010417e-09	3.479791392176e-09	-4.974170314089e-10
-1.102880000000e-05	-1.808884622364e-09	3.452834070689e-09	-5.759403934717e-10
-1.102860000000e-05	-2.010764898432e-09	3.673404234430e-09	-4.440365322098e-10
-1.102840000000e-05	-1.895178754704e-09	3.892453610572e-09	-9.349903044774e-10
-1.102820000000e-05	-1.558786372376e-09	3.499564342921e-09	-1.126180274885e-09
-1.102800000000e-05	-1.849557233217e-09	3.725430857300e-09	-8.211230706956e-10
-1.102780000000e-05	-2.360196061465e-09	4.128268785546e-09	-3.016062924244e-10
-1.102760000000e-05	-2.054384812945e-09	3.746890575628e-09	-4.477250167056e-10
-1.102740000000e-05	-1.877961786640e-09	3.615904240582e-09	-6.372560731750e-10
-1.102720000000e-05	-2.019421986014e-09	3.990575425757e-09	-8.067000672440e-10
-1.102700000000e-05	-2.108392927446e-09	4.011366375822e-09	-6.578425908613e-10
-1.102680000000e-05	-2.075365635736e-09	4.056949296999e-09	-7.764528543767e-10
-1.102660000000e-05	-1.969866485607e-09	4.161278512996e-09	-1.111226117849e-09
-1.102640000000e-05	-2.198700430143e-09	4.087241421809e-09	-5.685187992533e-10
-1.102620000000e-05	-2.051478388993e-09	4.038891301713e-09	-8.019712004823e-10
-1.102600000000e-05	-1.965334939156e-09	3.957384084996e-09	-8.734406752865e-10
-1.102580000000e-05	-2.528149121939e-09	4.435489320348e-09	-3.399433013436e-10
-1.102560000000e-05	-2.281518734504e-09	3.969054609369e-09	-2.664686235240e-10
-1.102540000000e-05	-2.356140183761e-09	4.369166153511e-09	-6.002646125571e-10
-1.102520000000e-05	-2.037908661957e-09	4.241854521074e-09	-1.072292188149e-09
-1.102500000000e-05	-2.118583722147e-09	4.143648090851e-09	-7.946906001545e-10
-1.102480000000e-05	-2.273618689109e-09	4.240709740933e-09	-6.084976106728e-10
-1.102460000000e-05	-2.346041469671e-09	4.538929325787e-09	-8.237366655725e-10
-1.102440000000e-05	-2.221005249768e-09	4.151076169214e-09	-6.016454139500e-10
-1.102420000000e-05	-2.498821435776e-09	4.825106570619e-09	-8.643664331889e-10
-1.102400000000e-05	-2.274547724037e-09	4.249033386082e-09	-6.159486291770e-10
-1.102380000000e-05	-2.536985490865e-09	4.561505034917e-09	-4.758947329005e-10
-1.102360000000e-05	-2.251585168876e-09	4.273576666395e-09	-6.895445840689e-10
-1.102340000000e-05	-2.363038977369e-09	4.549245542880e-09	-8.019617413503e-10
-1.102320000000e-05	-2.400234316361e-09	4.551541604312e-09	-7.316555606492e-10
-1.102300000000e-05	-2.641650525202e-09	4.740574743196e-09	-4.867162423899e-10
-1.102280000000e-05	-2.686123590532e-09	5.160803762724e-09	-8.983570886661e-10
-1.102260000000e-05	-2.688515332834e-09	4.428212298316e-09	-1.907413098322e-11
-1.102240000000e-05	-2.633259267176e-09	4.918916702316e-09	-7.132994046149e-10
-1.102220000000e-05	-2.284761774176e-09	4.632037868968e-09	-1.057232388373e-09
-1.102200000000e-05	-2.772124975084e-09	5.358309930947e-09	-9.688073120565e-10
-1.102180000000e-05	-2.663163913217e-09	5.045962776122e-09	-8.096688774508e-10
-1.102160000000e-05	-2.918293164504e-09	5.286201123340e-09	-5.909045517798e-10
-1.102140000000e-05	-2.540457876072e-09	4.846997625833e-09	-8.122382202770e-10
-1.102120000000e-05	-3.385898182205e-09	5.567525262408e-09	-1.882895235964e-11
-1.102100000000e-05	-2.821448400289e-09	5.263345647345e-09	-7.576089843532e-10
-1.102080000000e-05	-2.791803981264e-09	5.234725564002e-09	-7.817853003858e-10
-1.102060000000e-05	-3.013946075582e-09	5.527260004896e-09	-6.951848112248e-10
-1.102040000000e-05	-2.553950501987e-09	5.054958471490e-09	-1.031929311850e-09
-1.102020000000e-05	-3.083437122690e-09	5.907145347425e-09	-1.013217296379e-09
-1.102000000000e-05	-2.566825877913e-09	5.077213255876e-09	-1.036629726893e-09
-1.101980000000e-05	-3.018115699688e-09	5.520129712862e-09	-6.812072953855e-10
-1.101960000000e-05	-2.951160583164e-09	5.405537689675e-09	-6.749771694994e-10
-1.101940000000e-05	-3.013989666643e-09	5.904715480146e-09	-1.148261939456e-09
-1.101920000000e-05	-2.987040850628e-09	5.570960945760e-09	-8.031291783350e-10
-1.101900000000e-05	-2.643883574485e-09	5.149975845609e-09	-9.724830849017e-10
-1.101880000000e-05	-3.275219673195e-09	5.719534636849e-09	-4.189915349997e-10
-1.101860000000e-05	-3.084040718632e-09	5.797020196741e-09	-8.859150139179e-10
-1.101840000000e-05	-3.156648032130e-09	5.913065842257e-09	-8.793501115666e-10
-1.101820000000e-05	-3.176058686792e-09	5.942793850181e-09	-8.776932645652e-10
-1.101800000000e-05	-3.418891418267e-09	5.934097159490e-09	-3.908960855252e-10
-1.101780000000e-05	-2.727548333344e-09	5.381306058599e-09	-1.085089276593e-09
-1.101760000000e-05	-3.528817093164e-09	6.418636684390e-09	-7.557486076061e-10
-1.101740000000e-05	-3.211987223054e-09	6.066233634870e-09	-9.547116703538e-10
-1.101720000000e-05	-3.082487594709e-09	5.747212770740e-09	-8.284445452294e-10
-1.101700000000e-05	-3.325453746522e-09	6.087821400625e-09	-7.600359983482e-10
-1.101680000000e-05	-3.442280237683e-09	5.988066555331e-09	-4.138251070132e-10
-1.101660000000e-05	-3.263417017061e-09	6.547159937880e-09	-1.424398282951e-09
-1.101640000000e-05	-3.337516726909e-09	6.417107284238e-09	-1.128029665094e-09
-1.101620000000e-05	-3.476848173631e-09	6.566758165520e-09	-1.038254974485e-09
-1.101600000000e-05	-3.209999190441e-09	6.339909936063e-09	-1.284819612618e-09
-1.101580000000e-05	-3.522284935530e-09	6.502735741462e-09	-8.771162692785e-10
-1.101560000000e-05	-3.419690451675e-09	6.573945762940e-09	-1.154525896499e-09
-1.101540000000e-05	-3.554032097404e-09	6.409220615104e-09	-7.019480204414e-10
-1.101520000000e-05	-3.208373281899e-09	6.419158732287e-09	-1.377947268825e-09
-1.101500000000e-05	-3.600112622485e-09	6.362238516568e-09	-5.603813824300e-10
-1.101480000000e-05	-3.084857438698e-09	6.398817220986e-09	-1.597705940175e-09
-1.101460000000e-05	-3.688545101451e-09	6.727612093143e-09	-8.163541132216e-10
-1.101440000000e-05	-3.333260969862e-09	6.010475502166e-09	-6.561340885762e-10
-1.101420000000e-05	-3.824468515565e-09	6.990315150960e-09	-8.606447636477e-10
-1.101400000000e-05	-3.603211511029e-09	6.806630201359e-09	-1.073460780831e-09
-1.101380000000e-05	-3.509658117986e-09	6.611938053608e-09	-1.028603011171e-09
-1.101360000000e-05	-3.505378666568e-09	6.774103185673e-09	-1.227788906857e-09
-1.101340000000e-05	-3.719752235914e-09	6.897544545429e-09	-9.533105040991e-10
-1.101320000000e-05	-3.902724013957e-09	6.739678604543e-09	-4.217126330527e-10
-1.101300000000e-05	-4.113637634246e-09	7.057927164839e-09	-3.864801866432e-10
-1.101280000000e-05	-3.845203628642e-09	7.414598972394e-09	-1.327026272239e-09
-1.101260000000e-05	-4.029124492228e-09	6.784160273700e-09	-2.251626997859e-10
-1.101240000000e-05	-3.825517609008e-09	7.173607076653e-09	-1.081977455837e-09
-1.101220000000e-05	-4.045368458223e-09	6.783928494377e-09	-1.944741622729e-10
-1.101200000000e-05	-3.706751671480e-09	6.575875200378e-09	-5.972124051844e-10
-1.101180000000e-05	-3.839568235847e-09	6.899914099746e-09	-7.340624186148e-10
-1.101160000000e-05	-4.044759696393e-09	7.674649807003e-09	-1.246505048702e-09
-1.101140000000e-05	-3.982287375821e-09	7.318423016502e-09	-9.502202169620e-10
-1.101120000000e-05	-3.801602339816e-09	7.371635259092e-09	-1.367503518541e-09
-1.101100000000e-05	-4.065046686477e-09	7.317500677411e-09	-7.919036761552e-10
-1.101080000000e-05	-3.924800885720e-09	7.333044680291e-09	-1.076655261845e-09
-1.101060000000e-05	-3.791484958879e-09	6.993380255308e-09	-9.372942996711e-10
-1.101040000000e-05	-4.000918649799e-09	7.316669387836e-09	-9.117716936163e-10
-1.101020000000e-05	-4.033174560511e-09	7.140159443749e-09	-6.453391203687e-10
-1.101000000000e-05	-4.030432356547e-09	7.590024109894e-09	-1.176313234114e-09
-1.100980000000e-05	-3.957794613606e-09	7.065336456623e-09	-7.079283708442e-10
-1.100960000000e-05	-3.955920877371e-09	7.392411211357e-09	-1.091910606855e-09
-1.100940000000e-05	-4.412479210536e-09	7.888649005071e-09	-7.935004308809e-10
-1.100920000000e-05	-4.367719890232e-09	7.650201685417e-09	-6.038278331622e-10
-1.100900000000e-05	-3.788519159268e-09	7.254770070007e-09	-1.251608479819e-09
-1.100880000000e-05	-4.097698750431e-09	7.247122646662e-09	-6.455652345188e-10
-1.100860000000e-05	-4.089003154677e-09	7.389314928859e-09	-8.323365304849e-10
-1.100840000000e-05	-4.311449039444e-09	7.688298621296e-09	-7.589953536990e-10
-1.100820000000e-05	-4.207255915814e-09	7.465715661972e-09	-6.921346125454e-10
-1.100800000000e-05	-4.441497369814e-09	7.688469201389e-09	-5.103466429512e-10
-1.100780000000e-05	-3.939384544274e-09	7.211513795112e-09	-9.140866608101e-10
-1.100760000000e-05	-4.273177904158e-09	7.726929683863e-09	-8.759602510906e-10
-1.100740000000e-05	-4.276017362147e-09	8.029787783029e-09	-1.226375030100e-09
-1.100720000000e-05	-4.343131252891e-09	7.579047312713e-09	-5.701914908492e-10
-1.100700000000e-05	-4.391253436422e-09	7.714768792585e-09	-6.358399708893e-10
-1.100680000000e-05	-4.197922269001e-09	7.513204743630e-09	-7.684583836411e-10
-1.100660000000e-05	-4.163189716879e-09	7.927076257452e-09	-1.324738648386e-09
-1.100640000000e-05	-4.248379517065e-09	7.615705116277e-09	-7.977785159845e-10
-1.100620000000e-05	-4.243654593414e-09	7.843703879878e-09	-1.068382707201e-09
-1.100600000000e-05	-4.289708316073e-09	7.707495673505e-09	-8.267139906418e-10
-1.100580000000e-05	-4.110278080210e-09	7.443402399704e-09	-8.590422326285e-10
-1.100560000000e-05	-4.174078255346e-09	7.373260226664e-09	-6.560324055360e-10
-1.100540000000e-05	-4.169314066795e-09	7.871913027744e-09	-1.254865890151e-09
-1.100520000000e-05	-4.383930568303e-09	7.990771008023e-09	-9.808066391690e-10
-1.100500000000e-05	-4.934507283175e-09	8.221301397407e-09	-1.947032589838e-10
-1.100480000000e-05	-4.042764095705e-09	7.391244063009e-09	-9.302719013834e-10
-1.100460000000e-05	-4.234482061436e-09	7.726652790594e-09	-9.570684318994e-10
-1.100440000000e-05	-4.404188077122e-09	7.931213249454e-09	-8.683592934887e-10
-1.100420000000e-05	-4.564989469088e-09	8.033676883045e-09	-6.861306690828e-10
-1.100400000000e-05	-4.352578046590e-09	8.050156176424e-09	-1.108013079633e-09
-1.100380000000e-05	-4.615684082113e-09	8.223258943105e-09	-8.075564463431e-10
-1.100360000000e-05	-4.854475851717e-09	7.976257624136e-09	-6.299741683183e-11
-1.100340000000e-05	-4.143266527664e-09	8.113080812392e-09	-1.577736865897e-09
-1.100320000000e-05	-4.421292250050e-09	7.786757135964e-09	-6.746130866169e-10
-1.100300000000e-05	-4.167957107342e-09	7.529663496352e-09	-8.573269163034e-10
-1.100280000000e-05	-4.271019157321e-09	7.789049771261e-09	-9.607892588126e-10
-1.100260000000e-05	-4.487203496414e-09	7.711811461950e-09	-4.513584664675e-10
-1.100240000000e-05	-4.071355629686e-09	7.586454582333e-09	-1.099513284030e-09
-1.100220000000e-05	-4.066282523263e-09	7.407620733066e-09	-9.160137982856e-10
-1.100200000000e-05	-4.449148908309e-09	8.110885283054e-09	-9.952364905283e-10
-1.100180000000e-05	-4.408629218475e-09	7.437883752131e-09	-2.905661875988e-10
-1.100160000000e-05	-5.074996566028e-09	8.016834281126e-09	3.114235795281e-10
-1.100140000000e-05	-4.346406416571e-09	8.051150605221e-09	-1.133546601067e-09
-1.100120000000e-05	-4.350959341832e-09	7.874857646908e-09	-9.135999814573e-10
-1.100100000000e-05	-4.463106635730e-09	8.100366597769e-09	-9.644444519336e-10
-1.100080000000e-05	-4.550433971946e-09	8.369778862927e-09	-1.108524648432e-09
-1.100060000000e-05	-3.960468552934e-09	7.683058757972e-09	-1.431580887433e-09
-1.100040000000e-05	-5.076728672579e-09	8.720400026831e-09	-5.168550547329e-10
-1.100020000000e-05	-4.179923078619e-09	8.083026108603e-09	-1.480620143087e-09
-1.100000000000e-05	-4.511800992194e-09	8.249806671745e-09	-1.045897831622e-09
-1.099980000000e-05	-4.489604823535e-09	7.808623822773e-09	-5.674117996484e-10
-1.099960000000e-05	-4.470605517813e-09	7.830455597629e-09	-6.331385153909e-10
-1.099940000000e-05	-4.248156664348e-09	8.203960186300e-09	-1.494554699337e-09
-1.099920000000e-05	-4.756926334855e-09	7.619085719741e-09	1.526074304053e-10
-1.099900000000e-05	-4.779757748651e-09	8.122314993951e-09	-3.897109760600e-10
-1.099880000000e-05	-4.702985561525e-09	8.242921669113e-09	-6.692529702054e-10
-1.099860000000e-05	-4.513217407723e-09	8.244322548799e-09	-1.037482272568e-09
-1.099840000000e-05	-4.437498315573e-09	7.851375372747e-09	-7.178075244138e-10
-1.099820000000e-05	-4.252557505803e-09	7.879277705331e-09	-1.106937063210e-09
-1.099800000000e-05	-4.350202791926e-09	8.060557355064e-09	-1.132539193012e-09
-1.099780000000e-05	-4.584155891928e-09	7.605461500966e-09	-1.592207824309e-10
-1.099760000000e-05	-4.410608531707e-09	8.435784279500e-09	-1.454420360857e-09
-1.099740000000e-05	-4.236585044923e-09	8.046635775205e-09	-1.341997271048e-09
-1.099720000000e-05	-3.782206089879e-09	7.133876143898e-09	-1.137641694297e-09
-1.099700000000e-05	-4.903670229492e-09	8.112588078257e-09	-1.489055040531e-10
-1.099680000000e-05	-4.472092219151e-09	7.630623612313e-09	-4.011011397968e-10
-1.099660000000e-05	-4.768298884578e-09	7.809074024702e-09	-5.147738200927e-11
-1.099640000000e-05	-4.846049035686e-09	8.305484834025e-09	-4.835352964617e-10
-1.099620000000e-05	-5.120468625725e-09	8.506312824715e-09	-1.978523510536e-10
-1.099600000000e-05	-3.878517989470e-09	7.200465273484e-09	-1.032025579075e-09
-1.099580000000e-05	-4.496308026141e-09	8.172256553567e-09	-9.891281478801e-10
-1.099560000000e-05	-4.406829604714e-09	7.841359255769e-09	-7.770803688359e-10
-1.099540000000e-05	-4.496374490154e-09	7.564724733532e-09	-2.909600960556e-10
-1.099520000000e-05	-4.517769807064e-09	8.331270133048e-09	-1.132894509244e-09
-1.099500000000e-05	-4.587800245585e-09	8.436785991896e-09	-1.117137599106e-09
-1.099480000000e-05	-4.472326656322e-09	7.723231659281e-09	-5.217719036205e-10
-1.099460000000e-05	-4.273568567434e-09	7.731169315817e-09	-9.027923111586e-10
-1.099440000000e-05	-4.060115003636e-09	7.202795724707e-09	-6.954459940658e-10
-1.099420000000e-05	-4.788813303162e-09	7.675184393087e-09	1.376163311437e-10
-1.099400000000e-05	-3.973981563853e-09	7.722920996863e-09	-1.452216124978e-09
-1.099380000000e-05	-3.927450036843e-09	7.279820776583e-09	-1.041364336421e-09
-1.099360000000e-05	-4.554488825194e-09	7.824715888488e-09	-4.772533758371e-10
-1.099340000000e-05	-4.625095762169e-09	7.915505586567e-09	-4.573217629947e-10
-1.099320000000e-05	-4.771543632417e-09	7.829677675523e-09	-7.166069585134e-11
-1.099300000000e-05	-4.092763381926e-09	7.582435337983e-09	-1.071671601290e-09
-1.099280000000e-05	-3.872169902630e-09	7.038230777776e-09	-8.560859138905e-10
-1.099260000000e-05	-4.259842414001e-09	7.535240698494e-09	-7.055541121021e-10
-1.099240000000e-05	-4.732741782629e-09	7.973230384546e-09	-3.185474013643e-10
-1.099220000000e-05	-4.435776255181e-09	8.056121333198e-09	-9.797377801814e-10
-1.099200000000e-05	-4.082905170865e-09	7.724357202455e-09	-1.257802878569e-09
-1.099180000000e-05	-4.196144059008e-09	7.121518626825e-09	-3.497484626894e-10
-1.099160000000e-05	-4.180812512156e-09	7.685017979947e-09	-1.027339258589e-09
-1.099140000000e-05	-3.766645437672e-09	6.862051325410e-09	-8.518564501976e-10
-1.099120000000e-05	-4.298718431140e-09	7.213308469578e-09	-2.455006485754e-10
-1.099100000000e-05	-4.619219877221e-09	8.025650929026e-09	-5.961004993495e-10
-1.099080000000e-05	-3.996596076724e-09	7.074114834671e-09	-6.710991537188e-10
-1.099060000000e-05	-4.819935148575e-09	7.667507039291e-09	1.944203380639e-10
-1.099040000000e-05	-4.275078234117e-09	7.474417833623e-09	-5.993400414704e-10
-1.099020000000e-05	-4.622989874798e-09	7.807352315778e-09	-3.371364793058e-10
-1.099000000000e-05	-4.279178682358e-09	7.496904558167e-09	-6.298879681199e-10
-1.098980000000e-05	-3.606486405019e-09	7.021729338716e-09	-1.341487210969e-09
